 lambda   Irr_dw            Rad_up 
 550.000  1.5536354500e+00  4.7732177730e-02 
 551.000  1.5433743400e+00  4.7259365080e-02 
 552.000  1.6092594800e+00  4.9240661620e-02 
 553.000  1.5456899600e+00  4.7111885070e-02 
 554.000  1.5956549800e+00  4.8574310300e-02 
 555.000  1.5996406300e+00  4.8474037170e-02 
 556.000  1.5550981500e+00  4.6914138790e-02 
 557.000  1.5085942300e+00  4.5462913510e-02 
 558.000  1.5655362200e+00  4.6969028470e-02 
 559.000  1.4794645500e+00  4.4254890440e-02 
 560.000  1.4857264800e+00  4.4388404850e-02 
 561.000  1.6326800100e+00  4.8546009060e-02 
 562.000  1.4988586200e+00  4.4482666020e-02 
 563.000  1.5680664700e+00  4.6324375150e-02 
 564.000  1.5460799400e+00  4.5398803710e-02 
 565.000  1.5648273200e+00  4.5875091550e-02 
 566.000  1.4428405100e+00  4.2104190830e-02 
 567.000  1.5490201800e+00  4.4880691530e-02 
 568.000  1.5495952600e+00  4.4300189970e-02 
 569.000  1.5282134000e+00  4.2504898070e-02 
 570.000  1.5347474600e+00  4.2677928920e-02 
 571.000  1.4738405100e+00  4.1545204160e-02 
 572.000  1.5646152200e+00  4.3355625150e-02 
 573.000  1.5794645700e+00  4.3850219730e-02 
 574.000  1.5704137400e+00  4.3494510650e-02 
 575.000  1.5326202800e+00  4.2251541140e-02 
 576.000  1.5050318000e+00  4.1357219700e-02 
 577.000  1.5656498600e+00  4.3027080540e-02 
 578.000  1.5172378500e+00  4.1947193150e-02 
 579.000  1.5034307800e+00  4.1550251010e-02 
 580.000  1.5532503800e+00  4.3125068660e-02 
 581.000  1.5221526100e+00  4.2384666440e-02 
 582.000  1.5430994800e+00  4.2835479740e-02 
 583.000  1.5529997000e+00  4.3158081050e-02 
 584.000  1.5473467700e+00  4.2801311490e-02 
 585.000  1.5367451900e+00  4.2348785400e-02 
 586.000  1.4703956200e+00  4.0469612120e-02 
 587.000  1.5309669700e+00  4.1572616580e-02 
 588.000  1.5290897600e+00  4.0160617830e-02 
 589.000  1.3747054100e+00  3.4474403380e-02 
 590.000  1.4365833300e+00  3.5914306640e-02 
 591.000  1.5118676300e+00  3.8774700160e-02 
 592.000  1.4904999200e+00  3.7455234530e-02 
 593.000  1.4897729600e+00  3.8566703800e-02 
 594.000  1.5070529500e+00  3.8675457000e-02 
 595.000  1.4897147900e+00  3.7246894840e-02 
 596.000  1.5099543600e+00  3.8974174500e-02 
 597.000  1.5180061500e+00  3.8691181180e-02 
 598.000  1.4801126500e+00  3.8223121640e-02 
 599.000  1.4776441600e+00  3.8312496190e-02 
 600.000  1.4717626600e+00  3.8619522090e-02 
 601.000  1.4593582600e+00  3.8645565030e-02 
 602.000  1.4419072200e+00  3.8177783970e-02 
 603.000  1.4491493500e+00  3.8483306880e-02 
 604.000  1.4937926200e+00  3.9818813320e-02 
 605.000  1.4893722400e+00  3.9545337680e-02 
 606.000  1.4718918800e+00  3.9128410340e-02 
 607.000  1.4634392200e+00  3.8798553470e-02 
 608.000  1.4579459700e+00  3.8517101290e-02 
 609.000  1.4428986200e+00  3.8088058470e-02 
 610.000  1.4196959000e+00  3.7347675320e-02 
 611.000  1.4426675200e+00  3.7898048400e-02 
 612.000  1.4238424100e+00  3.7361011510e-02 
 613.000  1.4030096600e+00  3.6699283600e-02 
 614.000  1.3518678200e+00  3.5343650820e-02 
 615.000  1.4171605600e+00  3.6889781950e-02 
 616.000  1.3474674100e+00  3.5068481450e-02 
 617.000  1.3551510600e+00  3.5217796330e-02 
 618.000  1.4191997600e+00  3.6693725590e-02 
 619.000  1.4063844300e+00  3.6385063170e-02 
 620.000  1.4273822200e+00  3.6737197880e-02 
 621.000  1.4522422200e+00  3.7334251400e-02 
 622.000  1.3759692200e+00  3.5267494200e-02 
 623.000  1.3871856500e+00  3.5335163120e-02 
 624.000  1.3891298200e+00  3.5433242800e-02 
 625.000  1.3519418600e+00  3.4449008940e-02 
 626.000  1.3598629100e+00  3.4403575900e-02 
 627.000  1.3883071400e+00  3.4591190340e-02 
 628.000  1.3948861100e+00  3.3291339870e-02 
 629.000  1.4157550600e+00  3.4343582150e-02 
 630.000  1.3649511200e+00  3.3500980380e-02 
 631.000  1.4107105500e+00  3.4715427400e-02 
 632.000  1.3162117600e+00  3.2146270750e-02 
 633.000  1.4062918700e+00  3.4712261200e-02 
 634.000  1.3617409400e+00  3.3770298000e-02 
 635.000  1.3862238400e+00  3.4394947050e-02 
 636.000  1.3360326100e+00  3.3218620300e-02 
 637.000  1.3793068800e+00  3.4345447540e-02 
 638.000  1.3980347100e+00  3.4947555540e-02 
 639.000  1.3862006900e+00  3.4478828430e-02 
 640.000  1.3412901500e+00  3.3610752110e-02 
 641.000  1.3605155900e+00  3.4031455990e-02 
 642.000  1.3431844500e+00  3.3610298160e-02 
 643.000  1.3683497600e+00  3.4050197600e-02 
 644.000  1.3525781100e+00  3.3512645720e-02 
 645.000  1.3667968700e+00  3.3696056370e-02 
 646.000  1.3246103400e+00  3.1655027390e-02 
 647.000  1.3498541100e+00  3.1573711400e-02 
 648.000  1.3554196000e+00  3.1194240570e-02 
 649.000  1.3754142800e+00  3.1959255220e-02 
 650.000  1.2622194400e+00  3.0263772960e-02 
 651.000  1.3597632700e+00  3.2567863460e-02 
 652.000  1.3452097700e+00  3.1309175490e-02 
 653.000  1.3588751100e+00  3.2605823520e-02 
 654.000  1.3426540800e+00  3.1926509860e-02 
 655.000  1.3120604700e+00  3.0786363600e-02 
 656.000  1.1126118200e+00  2.6157743450e-02 
 657.000  1.1852599400e+00  2.8025653840e-02 
 658.000  1.3158519900e+00  3.1530599590e-02 
 659.000  1.3165115300e+00  3.1677698140e-02 
 660.000  1.3257970400e+00  3.1986568450e-02 
 661.000  1.3284097100e+00  3.2350952150e-02 
 662.000  1.3460732600e+00  3.2874168400e-02 
 663.000  1.3315223100e+00  3.2390491490e-02 
 664.000  1.3098652300e+00  3.1861877440e-02 
 665.000  1.3152015900e+00  3.1965862270e-02 
 666.000  1.3304753500e+00  3.2460750580e-02 
 667.000  1.3036725200e+00  3.1697702410e-02 
 668.000  1.3105360100e+00  3.1981243130e-02 
 669.000  1.3291373300e+00  3.2478328700e-02 
 670.000  1.3131257600e+00  3.1916013720e-02 
 671.000  1.2990514800e+00  3.1591529850e-02 
 672.000  1.2947530700e+00  3.1443893430e-02 
 673.000  1.3039651000e+00  3.1605947490e-02 
 674.000  1.3064381700e+00  3.1657379150e-02 
 675.000  1.2864147100e+00  3.1090339660e-02 
 676.000  1.3106480600e+00  3.1669561390e-02 
 677.000  1.2845186200e+00  3.1038360600e-02 
 678.000  1.3057013800e+00  3.1486429210e-02 
 679.000  1.2873028300e+00  3.0941335680e-02 
 680.000  1.2778693500e+00  3.0676157000e-02 
 681.000  1.2798497600e+00  3.0623365400e-02 
 682.000  1.2774146200e+00  3.0428251270e-02 
 683.000  1.2861004000e+00  3.0504587170e-02 
 684.000  1.2639075800e+00  2.9941381450e-02 
 685.000  1.2775802300e+00  3.0196596150e-02 
 686.000  1.2244081800e+00  2.8521831510e-02 
 687.000  1.2254696000e+00  2.4680614470e-02 
 688.000  1.2263618300e+00  2.5650362010e-02 
 689.000  1.2299111300e+00  2.5512643810e-02 
 690.000  1.2358484000e+00  2.6146963120e-02 
 691.000  1.2407997900e+00  2.6925807950e-02 
 692.000  1.2333168900e+00  2.7081495290e-02 
 693.000  1.2414603100e+00  2.6301534650e-02 
 694.000  1.2550903900e+00  2.5869045260e-02 
 695.000  1.2321046600e+00  2.5774009700e-02 
 696.000  1.2459062300e+00  2.6310647960e-02 
 697.000  1.2448423900e+00  2.7927734380e-02 
 698.000  1.2225633400e+00  2.6972024920e-02 
 699.000  1.2484080200e+00  2.6163742070e-02 
 700.000  1.2334781900e+00  2.6011238100e-02 
 701.000  1.2065814200e+00  2.5093830110e-02 
 702.000  1.2003707500e+00  2.5156011580e-02 
 703.000  1.2149928500e+00  2.6488584520e-02 
 704.000  1.2185119900e+00  2.6629148480e-02 
 705.000  1.2289709500e+00  2.6356962200e-02 
 706.000  1.2158571400e+00  2.6156293870e-02 
 707.000  1.1972581500e+00  2.5918394090e-02 
 708.000  1.2316550800e+00  2.6846759800e-02 
 709.000  1.1872384700e+00  2.6216213230e-02 
 710.000  1.2154700700e+00  2.6343717580e-02 
 711.000  1.2024747600e+00  2.6432250980e-02 
 712.000  1.1850710300e+00  2.6429792400e-02 
 713.000  1.1806718300e+00  2.5984445570e-02 
 714.000  1.2009742900e+00  2.6227005000e-02 
 715.000  1.1598757100e+00  2.4804611210e-02 
 716.000  1.1910708300e+00  2.4933469770e-02 
 717.000  1.1613276900e+00  2.1829359050e-02 
 718.000  1.1551767900e+00  2.0261014940e-02 
 719.000  1.1418786900e+00  1.9415452960e-02 
 720.000  1.1502105500e+00  1.8889417650e-02 
 721.000  1.1485545200e+00  2.2099662780e-02 
 722.000  1.1646241300e+00  2.3515995030e-02 
 723.000  1.1622687300e+00  2.2715969090e-02 
 724.000  1.1693255100e+00  2.0918964390e-02 
 725.000  1.1565652700e+00  2.0955326080e-02 
 726.000  1.1544482900e+00  2.0830244060e-02 
 727.000  1.1715272100e+00  2.1331859590e-02 
 728.000  1.1514065300e+00  2.0728338240e-02 
 729.000  1.1056458800e+00  2.0538166050e-02 
 730.000  1.1465045700e+00  2.1171857830e-02 
 731.000  1.1276025800e+00  2.0758558270e-02 
 732.000  1.1487159700e+00  2.2272724150e-02 
 733.000  1.1308707100e+00  2.3202980040e-02 
 734.000  1.1540691600e+00  2.4264310840e-02 
 735.000  1.1448656500e+00  2.3783021930e-02 
 736.000  1.1238552600e+00  2.2952239990e-02 
 737.000  1.1384387700e+00  2.3490423200e-02 
 738.000  1.1349887900e+00  2.3842632290e-02 
 739.000  1.0981343800e+00  2.3289447780e-02 
 740.000  1.1081117500e+00  2.3922763820e-02 
 741.000  1.0990445100e+00  2.4075111390e-02 
 742.000  1.0808768400e+00  2.3804714200e-02 
 743.000  1.1123350800e+00  2.4788454060e-02 
 744.000  1.1227616600e+00  2.5171205520e-02 
 745.000  1.0934474100e+00  2.4642213820e-02 
 746.000  1.1085734700e+00  2.5009265900e-02 
 747.000  1.1251775500e+00  2.5347623830e-02 
 748.000  1.1049598700e+00  2.4881223680e-02 
 749.000  1.1051555900e+00  2.4899263380e-02 
 750.000  1.0890157200e+00  2.4438735960e-02 
 751.000  1.0862152600e+00  2.4361291890e-02 
 752.000  1.1026724400e+00  2.4775167470e-02 
 753.000  1.0922369000e+00  2.4541597370e-02 
 754.000  1.1093362600e+00  2.4920021060e-02 
 755.000  1.1029726700e+00  2.4762304310e-02 
 756.000  1.0813796400e+00  2.4264015200e-02 
 757.000  1.0893753800e+00  2.4426073070e-02 
 758.000  1.0882294200e+00  2.4322278980e-02 
 759.000  1.0470727600e+00  2.1462677000e-02 
 760.000  8.2383878700e-01  8.7278528210e-03 
 761.000  7.9394025300e-01  7.7405395510e-03 
 762.000  9.2603018000e-01  1.3922975540e-02 
 763.000  9.1117900600e-01  1.2051063540e-02 
 764.000  9.3455127300e-01  1.3148590090e-02 
 765.000  9.8083510400e-01  1.5948191640e-02 
 766.000  9.7252623300e-01  1.8280380250e-02 
 767.000  1.0023866450e+00  2.0032949450e-02 
 768.000  1.0512924400e+00  2.1969512940e-02 
 769.000  1.0527406600e+00  2.2732494350e-02 
 770.000  1.0500566800e+00  2.3050075530e-02 
 771.000  1.0515014000e+00  2.3292406080e-02 
 772.000  1.0476309700e+00  2.3245143890e-02 
 773.000  1.0433120700e+00  2.3155847550e-02 
 774.000  1.0543194600e+00  2.3409740450e-02 
 775.000  1.0146092900e+00  2.2527748110e-02 
 776.000  1.0563233300e+00  2.3495807650e-02 
 777.000  1.0490083600e+00  2.3302394870e-02 
 778.000  1.0434651200e+00  2.3124374390e-02 
 779.000  1.0469402200e+00  2.3132276540e-02 
 780.000  1.0340674100e+00  2.2863485340e-02 
 781.000  1.0322096800e+00  2.2807134630e-02 
 782.000  1.0447444000e+00  2.2990978240e-02 
 783.000  1.0204090770e+00  2.2543256760e-02 
 784.000  1.0263195130e+00  2.2613441470e-02 
 785.000  1.0296934640e+00  2.2473320010e-02 
 786.000  1.0128328020e+00  2.1960048680e-02 
 787.000  1.0297173680e+00  2.1840047840e-02 
 788.000  1.0152478770e+00  2.1362960820e-02 
 789.000  1.0243857320e+00  2.0902181630e-02 
 790.000  1.0143448200e+00  2.0591661450e-02 
 791.000  1.0086116320e+00  2.0601030350e-02 
 792.000  9.9215758000e-01  2.0301378250e-02 
 793.000  9.8999738700e-01  2.0484903340e-02 
 794.000  9.7734593500e-01  2.0792587280e-02 
 795.000  9.7364381600e-01  2.0241235730e-02 
 796.000  9.9435476500e-01  1.9952911380e-02 
 797.000  9.9949487400e-01  2.0301921840e-02 
 798.000  9.9747129300e-01  2.0757957460e-02 
 799.000  9.9729048600e-01  2.0568809510e-02 
 800.000  9.7313342800e-01  1.9672119140e-02 
 801.000  9.9115142100e-01  2.0071914670e-02 
 802.000  9.8938405800e-01  1.9945581440e-02 
 803.000  9.7507917300e-01  1.9724662780e-02 
 804.000  9.8306672600e-01  2.0113632200e-02 
 805.000  9.5461409500e-01  1.9894340520e-02 
 806.000  9.7954598900e-01  2.0570531850e-02 
 807.000  9.7348749500e-01  2.0484563830e-02 
 808.000  9.6834008500e-01  2.0198919300e-02 
 809.000  9.5254276900e-01  1.9692972180e-02 
 810.000  9.4890999600e-01  1.9415132520e-02 
 811.000  9.6532902700e-01  1.9421970370e-02 
 812.000  9.6357093400e-01  1.9031787870e-02 
 813.000  9.6104282300e-01  1.8453193660e-02 
 814.000  9.6168089900e-01  1.7985870360e-02 
 815.000  9.5346540600e-01  1.7242843630e-02 
 816.000  9.4738444200e-01  1.6428289410e-02 
 817.000  9.5297992700e-01  1.6539628980e-02 
 818.000  9.4697221500e-01  1.6398662570e-02 
 819.000  9.2083314500e-01  1.6233785630e-02 
 820.000  9.0120322900e-01  1.6640199660e-02 
 821.000  9.2899775800e-01  1.8063390730e-02 
 822.000  9.0438767700e-01  1.6763092040e-02 
 823.000  9.2061668800e-01  1.5324964520e-02 
 824.000  9.3118921000e-01  1.6980915070e-02 
 825.000  9.2727574100e-01  1.8184980390e-02 
 826.000  9.3357703000e-01  1.8020769120e-02 
 827.000  9.3092802300e-01  1.7774295810e-02 
 828.000  9.3080516400e-01  1.6995698930e-02 
 829.000  9.2973394000e-01  1.7190124510e-02 
 830.000  9.1426854000e-01  1.7195423130e-02 
 831.000  8.9804579800e-01  1.6943117140e-02 
 832.000  9.1633582000e-01  1.7282041550e-02 
 833.000  8.8739090900e-01  1.7007139210e-02 
 834.000  8.9986967300e-01  1.7466566090e-02 
 835.000  8.9981618200e-01  1.7762941360e-02 
 836.000  9.1094202900e-01  1.7988315580e-02 
 837.000  9.0350984000e-01  1.7779636380e-02 
 838.000  9.0573615000e-01  1.8067750930e-02 
 839.000  8.7681553800e-01  1.7586822510e-02 
 840.000  9.0002845100e-01  1.8034317020e-02 
 841.000  9.0334795600e-01  1.7926141740e-02 
 842.000  8.9686397100e-01  1.7891834260e-02 
 843.000  8.8863921500e-01  1.8160732270e-02 
 844.000  8.7295395200e-01  1.8003904340e-02 
 845.000  8.8572432200e-01  1.8336099620e-02 
 846.000  8.9307798200e-01  1.8629905700e-02 
 847.000  8.6169761100e-01  1.8126585010e-02 
 848.000  8.8819167200e-01  1.8481933590e-02 
 849.000  8.8970973100e-01  1.8620447160e-02 
 850.000  7.6973965100e-01  1.5955035210e-02 
 851.000  8.8255544700e-01  1.8147956850e-02 
 852.000  8.4904792800e-01  1.7529016490e-02 
 853.000  8.5774492400e-01  1.7750524520e-02 
 854.000  6.8966057600e-01  1.4302312850e-02 
 855.000  7.5865466900e-01  1.5841660500e-02 
 856.000  8.5953511100e-01  1.7988447190e-02 
 857.000  8.7264160500e-01  1.8416397090e-02 
 858.000  8.5835794900e-01  1.8109319690e-02 
 859.000  8.5748724200e-01  1.8143304820e-02 
 860.000  8.4944595500e-01  1.8061748500e-02 
 861.000  8.4929545400e-01  1.8035596850e-02 
 862.000  8.4628857500e-01  1.7907354350e-02 
 863.000  8.6246177100e-01  1.8353179930e-02 
 864.000  8.6058890000e-01  1.8159526820e-02 
 865.000  8.4444135000e-01  1.7954967500e-02 
 866.000  7.0830216200e-01  1.5105195050e-02 
 867.000  7.5431375300e-01  1.5869544030e-02 
 868.000  8.1809437200e-01  1.7302061080e-02 
 869.000  8.0659513600e-01  1.7046640400e-02 
 870.000  8.3992355900e-01  1.7870159150e-02 
 871.000  8.3872270400e-01  1.7771511080e-02 
 872.000  8.3525871000e-01  1.7461933140e-02 
 873.000  8.3874427100e-01  1.7665189740e-02 
 874.000  8.2044109800e-01  1.7193061830e-02 
 875.000  8.1293462200e-01  1.7185981750e-02 
 876.000  8.1989798200e-01  1.7245319370e-02 
 877.000  8.3635886400e-01  1.7434034350e-02 
 878.000  8.2259644800e-01  1.7222066880e-02 
 879.000  8.2455413700e-01  1.7320240020e-02 
 880.000  8.2030311200e-01  1.7034469600e-02 
 881.000  7.7794017300e-01  1.6198877330e-02 
 882.000  8.2119363600e-01  1.6894165040e-02 
 883.000  8.0221832600e-01  1.6694742200e-02 
 884.000  8.0894596200e-01  1.7054883960e-02 
 885.000  8.1829399100e-01  1.6764459610e-02 
 886.000  7.9280281000e-01  1.6270887370e-02 
 887.000  7.8372929200e-01  1.6071147920e-02 
 888.000  8.0729444200e-01  1.6360973360e-02 
 889.000  8.1239527100e-01  1.6758810040e-02 
 890.000  8.1057184500e-01  1.6619489670e-02 
 891.000  8.0753489800e-01  1.6320535660e-02 
 892.000  8.0688568900e-01  1.6068017960e-02 
 893.000  7.8130168400e-01  1.4683814050e-02 
 894.000  8.0971794900e-01  1.4946437840e-02 
 895.000  7.7473419200e-01  1.3623050690e-02 
 896.000  8.0548512600e-01  1.3276376720e-02 
 897.000  7.8694423000e-01  1.2460372920e-02 
 898.000  7.8829832200e-01  1.2085704800e-02 
 899.000  7.8759018300e-01  1.1156896590e-02 
 900.000  7.6792329600e-01  1.0882613180e-02 
 901.000  7.5147228000e-01  1.0465922360e-02 
 902.000  7.3764142500e-01  1.0311836240e-02 
 903.000  7.7372847100e-01  1.2156169890e-02 
 904.000  7.8809672900e-01  1.3201039310e-02 
 905.000  7.8600441900e-01  1.3420360570e-02 
 906.000  7.6518966400e-01  1.2526855470e-02 
 907.000  7.7815909800e-01  1.1714441300e-02 
 908.000  7.5912541900e-01  1.0741906170e-02 
 909.000  7.4423424500e-01  1.0534682270e-02 
 910.000  7.5303799900e-01  1.0738300320e-02 
 911.000  7.5104083500e-01  1.1284432410e-02 
 912.000  7.5266809900e-01  1.0865372660e-02 
 913.000  7.7028576800e-01  1.0342168810e-02 
 914.000  7.6532788100e-01  1.0623684880e-02 
 915.000  7.5269575100e-01  1.0974122050e-02 
 916.000  7.6105260500e-01  1.1112084390e-02 
 917.000  7.4914137600e-01  1.1092182160e-02 
 918.000  7.4533838500e-01  1.1268602370e-02 
 919.000  7.5516569000e-01  1.2609929080e-02 
 920.000  7.4796450500e-01  1.2829728130e-02 
 921.000  7.3158088500e-01  1.2391178130e-02 
 922.000  7.2504055900e-01  1.2374729160e-02 
 923.000  6.9464246800e-01  1.1319444660e-02 
 924.000  7.2404217200e-01  1.1714738850e-02 
 925.000  7.3365310500e-01  1.1760428430e-02 
 926.000  7.0746079700e-01  1.1172411920e-02 
 927.000  7.3381537900e-01  1.1385933880e-02 
 928.000  7.3833462900e-01  1.0581600190e-02 
 929.000  7.2802028400e-01  9.3339967730e-03 
 930.000  7.2619321400e-01  8.1328420640e-03 
 931.000  7.2589720900e-01  7.2394032480e-03 
 932.000  7.1878678400e-01  6.2148928640e-03 
 933.000  7.2075019000e-01  5.6790771480e-03 
 934.000  7.1444160500e-01  5.1681685450e-03 
 935.000  7.0385496200e-01  5.0437765120e-03 
 936.000  6.9878770500e-01  5.1591215130e-03 
 937.000  7.1438542200e-01  5.2355418210e-03 
 938.000  7.0688949300e-01  5.7165503500e-03 
 939.000  7.1315163400e-01  7.6226778030e-03 
 940.000  7.0951208600e-01  7.9751920700e-03 
 941.000  6.9338233400e-01  7.4814534190e-03 
 942.000  6.6684973800e-01  6.5475811960e-03 
 943.000  7.0262718200e-01  5.9784650800e-03 
 944.000  6.8331311000e-01  5.7471294400e-03 
 945.000  6.8986040000e-01  6.0861272810e-03 
 946.000  6.9921676700e-01  6.1910991670e-03 
 947.000  6.9498723500e-01  6.4529814720e-03 
 948.000  6.9919032300e-01  6.6756496430e-03 
 949.000  7.0140540800e-01  6.6827330590e-03 
 950.000  6.9678191600e-01  6.6874694820e-03 
 951.000  6.9264509400e-01  7.0891542430e-03 
 952.000  6.9257317800e-01  6.6387019160e-03 
 953.000  6.9066143800e-01  6.9542121890e-03 
 954.000  6.8398979500e-01  7.2837257390e-03 
 955.000  6.3888487800e-01  6.5288395880e-03 
 956.000  6.8154027900e-01  6.9279170040e-03 
 957.000  6.8118748100e-01  8.0174732210e-03 
 958.000  6.8643931300e-01  8.2694082260e-03 
 959.000  6.8909264900e-01  8.1004962920e-03 
 960.000  6.8258184100e-01  7.9747934340e-03 
 961.000  6.7526049700e-01  7.7937664990e-03 
 962.000  6.7862221700e-01  7.9301495550e-03 
 963.000  6.7722085300e-01  8.6631660460e-03 
 964.000  6.6947113500e-01  8.6850700380e-03 
 965.000  6.7765509700e-01  8.7173538210e-03 
 966.000  6.5809455900e-01  8.5155439380e-03 
 967.000  6.7766668200e-01  9.3987331390e-03 
 968.000  6.7019717800e-01  1.0318338390e-02 
 969.000  6.7428603900e-01  1.0831444740e-02 
 970.000  6.7611737300e-01  1.0885060310e-02 
 971.000  6.7013348500e-01  1.0770410540e-02 
 972.000  6.7488643000e-01  1.0704474450e-02 
 973.000  6.6865003200e-01  1.0306619640e-02 
 974.000  6.5840010900e-01  9.7958326340e-03 
 975.000  6.6169143700e-01  9.6061706540e-03 
 976.000  6.6970059900e-01  9.9971675870e-03 
 977.000  6.5272336900e-01  1.0174229620e-02 
 978.000  6.6887038500e-01  1.0389114380e-02 
 979.000  6.4943298400e-01  1.0201586720e-02 
 980.000  6.5859244900e-01  1.0819892880e-02 
 981.000  6.6307908600e-01  1.1009486200e-02 
 982.000  6.6164912900e-01  1.0870200160e-02 
 983.000  6.5985744100e-01  1.1114048000e-02 
 984.000  6.5543785900e-01  1.1348327640e-02 
 985.000  6.5512649200e-01  1.1532558440e-02 
 986.000  6.4978145100e-01  1.1705181120e-02 
 987.000  6.5716935800e-01  1.1959731100e-02 
 988.000  6.4906889400e-01  1.1834802630e-02 
 989.000  6.4082599600e-01  1.1695266720e-02 
 990.000  6.4629065300e-01  1.1817836760e-02 
 991.000  6.5153009400e-01  1.2016386990e-02 
 992.000  6.4550304700e-01  1.1923801420e-02 
 993.000  6.4545699700e-01  1.1920215610e-02 
 994.000  6.4869187400e-01  1.2066027640e-02 
 995.000  6.4387799300e-01  1.2045303340e-02 
 996.000  6.4376428700e-01  1.2025914190e-02 
 997.000  6.4448502200e-01  1.1969692230e-02 
 998.000  6.4212158800e-01  1.1860656740e-02 
 999.000  6.4055405400e-01  1.1795134540e-02 
1000.000  6.3544068500e-01  1.1701815610e-02 
1001.000  6.3909555500e-01  1.1645022390e-02 
1002.000  6.3844889600e-01  1.1450531960e-02 
1003.000  6.3092202700e-01  1.1344789510e-02 
1004.000  6.2549320500e-01  1.1333920480e-02 
1005.000  5.8436991900e-01  1.0621345520e-02 
1006.000  6.1483369600e-01  1.1180909160e-02 
1007.000  6.2608935800e-01  1.1342055320e-02 
1008.000  6.2898355800e-01  1.1247388840e-02 
1009.000  6.2547894600e-01  1.1004458430e-02 
1010.000  6.2767161900e-01  1.1108576770e-02 
1011.000  6.2395946100e-01  1.1220957760e-02 
1012.000  6.2399383900e-01  1.1287918090e-02 
1013.000  6.1938416500e-01  1.1256044390e-02 
1014.000  6.2328549200e-01  1.1385602000e-02 
1015.000  6.1176958400e-01  1.1216535570e-02 
1016.000  6.1563403200e-01  1.1352345470e-02 
1017.000  6.0950462900e-01  1.1282461170e-02 
1018.000  6.1756805700e-01  1.1441802980e-02 
1019.000  6.0369643500e-01  1.1148862840e-02 
1020.000  6.0234955600e-01  1.1102826120e-02 
1021.000  6.0817436500e-01  1.1176177020e-02 
1022.000  5.9933761500e-01  1.0845487590e-02 
1023.000  6.1110221500e-01  1.0905289650e-02 
1024.000  6.0816083000e-01  1.0730175020e-02 
1025.000  6.0744146500e-01  1.0754003520e-02 
1026.000  6.0790360600e-01  1.0795014380e-02 
1027.000  6.0434265400e-01  1.0758699420e-02 
1028.000  6.0567178100e-01  1.0853246690e-02 
1029.000  5.9622146600e-01  1.0784214020e-02 
1030.000  6.0197158500e-01  1.0997275350e-02 
1031.000  5.9994632600e-01  1.1041289330e-02 
1032.000  5.9773046600e-01  1.1053459170e-02 
1033.000  5.8670009800e-01  1.0821882250e-02 
1034.000  5.9282610200e-01  1.0915661810e-02 
1035.000  5.8645915800e-01  1.0769011500e-02 
1036.000  5.9414728800e-01  1.0878598210e-02 
1037.000  5.8162786800e-01  1.0619494440e-02 
1038.000  5.8734639700e-01  1.0693646430e-02 
1039.000  5.8985567900e-01  1.0700130460e-02 
1040.000  5.8296561300e-01  1.0538472180e-02 
1041.000  5.8609638800e-01  1.0560676570e-02 
1042.000  5.8786500400e-01  1.0560900690e-02 
1043.000  5.7773249500e-01  1.0349762920e-02 
1044.000  5.8354940200e-01  1.0420694350e-02 
1045.000  5.8121695200e-01  1.0417141910e-02 
1046.000  5.6442452200e-01  1.0165156360e-02 
1047.000  5.7493708100e-01  1.0403368950e-02 
1048.000  5.8082742600e-01  1.0561045650e-02 
1049.000  5.7726283800e-01  1.0548873900e-02 
1050.000  5.7400017500e-01  1.0535309790e-02 
1051.000  5.7432855600e-01  1.0505318640e-02 
1052.000  5.7182711400e-01  1.0413532260e-02 
1053.000  5.7210888400e-01  1.0399326320e-02 
1054.000  5.6651222000e-01  1.0230375290e-02 
1055.000  5.7095891500e-01  1.0257096290e-02 
1056.000  5.6967808000e-01  1.0186161990e-02 
1057.000  5.6925700200e-01  1.0132694240e-02 
1058.000  5.6429990400e-01  9.9803504940e-03 
1059.000  5.4649877100e-01  9.6886177060e-03 
1060.000  5.6569396000e-01  1.0089922900e-02 
1061.000  5.4599212600e-01  9.7457609180e-03 
1062.000  5.6175684900e-01  9.9947805400e-03 
1063.000  5.5249261800e-01  9.7985458370e-03 
1064.000  5.5991833400e-01  9.8357572560e-03 
1065.000  5.5982958000e-01  9.7273635860e-03 
1066.000  5.4262760600e-01  9.3795118330e-03 
1067.000  5.5580863700e-01  9.5378465650e-03 
1068.000  5.5446635600e-01  9.3710603710e-03 
1069.000  5.1311128700e-01  8.6095552440e-03 
1070.000  5.4342098200e-01  9.1640434270e-03 
1071.000  5.4483346100e-01  9.1722536090e-03 
1072.000  5.4719547500e-01  9.1977739330e-03 
1073.000  5.2928905800e-01  8.9234447480e-03 
1074.000  5.4776173600e-01  9.2810020450e-03 
1075.000  5.3001662900e-01  9.0854330060e-03 
1076.000  5.4215861400e-01  9.2581176760e-03 
1077.000  5.4157151700e-01  9.1979217530e-03 
1078.000  5.4369542400e-01  9.1757221220e-03 
1079.000  5.2286624800e-01  8.8278169630e-03 
1080.000  5.4026794400e-01  8.9545269010e-03 
1081.000  5.2048672700e-01  8.6133241650e-03 
1082.000  5.2632335300e-01  8.7352886200e-03 
1083.000  5.1304827900e-01  8.3789758680e-03 
1084.000  5.3366631800e-01  8.5733947750e-03 
1085.000  5.2906110500e-01  8.2500886920e-03 
1086.000  5.3540868500e-01  8.3468360900e-03 
1087.000  5.0013168500e-01  7.9817070960e-03 
1088.000  5.3034103400e-01  8.5336399080e-03 
1089.000  5.1312582900e-01  8.0445394520e-03 
1090.000  5.2485639000e-01  8.2322578430e-03 
1091.000  5.2765746200e-01  8.3810272220e-03 
1092.000  5.1690130700e-01  8.1385717390e-03 
1093.000  5.1377584500e-01  7.8670272830e-03 
1094.000  4.6876628100e-01  7.0418663020e-03 
1095.000  5.0716879100e-01  7.5914735790e-03 
1096.000  5.0790464600e-01  7.5764889720e-03 
1097.000  4.9870007500e-01  7.3398056030e-03 
1098.000  4.9774936500e-01  6.7247247700e-03 
1099.000  5.0223948500e-01  6.2374477390e-03 
1100.000  5.1065398300e-01  6.3762774470e-03 
1101.000  5.0907238400e-01  6.4249978070e-03 
1102.000  4.8816059100e-01  6.1218428610e-03 
1103.000  5.0719475900e-01  6.4014501570e-03 
1104.000  5.0394872900e-01  6.2692427640e-03 
1105.000  5.0430977200e-01  6.0581722260e-03 
1106.000  5.0119886800e-01  5.8242716790e-03 
1107.000  5.0030176900e-01  5.8495931630e-03 
1108.000  4.9846116600e-01  5.8464088440e-03 
1109.000  4.9977612600e-01  6.0079770090e-03 
1110.000  5.0233995900e-01  5.9861016270e-03 
1111.000  4.9630599500e-01  5.8061022760e-03 
1112.000  4.9189288500e-01  5.3606777190e-03 
1113.000  4.9017045500e-01  4.8717350960e-03 
1114.000  4.9547815900e-01  4.7697424890e-03 
1115.000  4.9048849600e-01  4.2739634510e-03 
1116.000  4.8428314400e-01  3.9914700980e-03 
1117.000  4.9002783200e-01  3.6055219170e-03 
1118.000  4.8489577600e-01  3.2348074910e-03 
1119.000  4.7133798400e-01  3.0039238930e-03 
1120.000  4.7228722000e-01  2.8751485350e-03 
1121.000  4.7529431400e-01  2.8670170310e-03 
1122.000  4.7309030900e-01  2.7509286400e-03 
1123.000  4.7531236000e-01  2.8157579900e-03 
1124.000  4.7622647600e-01  2.8586068150e-03 
1125.000  4.6630370600e-01  2.7787871360e-03 
1126.000  4.5738600800e-01  2.7181115150e-03 
1127.000  4.7287124200e-01  2.8192818160e-03 
1128.000  4.6422612300e-01  2.7860391140e-03 
1129.000  4.6712069400e-01  2.9233152870e-03 
1130.000  4.6803701200e-01  3.3014290330e-03 
1131.000  4.7316616300e-01  3.4648175240e-03 
1132.000  4.7416601900e-01  3.2949988840e-03 
1133.000  4.6192057800e-01  2.9444811340e-03 
1134.000  4.5652410400e-01  2.5903739930e-03 
1135.000  4.6250622700e-01  2.6428644660e-03 
1136.000  4.6442127000e-01  3.0006196500e-03 
1137.000  4.7121761800e-01  3.3391056060e-03 
1138.000  4.5515771600e-01  3.5679931640e-03 
1139.000  4.6537046100e-01  3.8043501380e-03 
1140.000  4.6659804700e-01  3.7401120660e-03 
1141.000  4.5311042200e-01  3.5037000180e-03 
1142.000  4.6537513100e-01  3.5451819900e-03 
1143.000  4.5699884500e-01  3.3273637290e-03 
1144.000  4.5372425300e-01  3.1473753450e-03 
1145.000  4.5634262100e-01  2.9653747080e-03 
1146.000  4.6102074200e-01  3.0384964940e-03 
1147.000  4.6335796200e-01  3.2173590660e-03 
1148.000  4.5895130100e-01  3.3483827110e-03 
1149.000  4.6042392600e-01  3.4332859520e-03 
1150.000  4.5846866000e-01  3.4386930470e-03 
1151.000  4.5712384500e-01  3.5583636760e-03 
1152.000  4.5626930300e-01  3.6189508440e-03 
1153.000  4.5547183600e-01  3.7102596760e-03 
1154.000  4.5895130700e-01  3.7335944180e-03 
1155.000  4.6052999300e-01  3.9530000690e-03 
1156.000  4.5428742100e-01  4.1303997040e-03 
1157.000  4.5854584800e-01  4.7246675490e-03 
1158.000  4.5861722700e-01  5.0410943030e-03 
1159.000  4.5213450000e-01  5.2793927190e-03 
1160.000  4.4639060500e-01  5.3561525340e-03 
1161.000  4.3676286700e-01  5.5691332820e-03 
1162.000  4.5257399500e-01  6.0475668910e-03 
1163.000  4.5445363400e-01  6.3898763660e-03 
1164.000  4.4522237900e-01  6.3244633670e-03 
1165.000  4.5381646600e-01  6.5014719960e-03 
1166.000  4.4204547900e-01  6.4142756460e-03 
1167.000  4.4921454200e-01  6.5708217620e-03 
1168.000  4.5314096500e-01  6.6172661780e-03 
1169.000  4.3747194100e-01  6.4384832380e-03 
1170.000  4.4923615600e-01  6.6561684610e-03 
1171.000  4.5131504300e-01  6.7890677450e-03 
1172.000  4.4990359100e-01  6.7118272780e-03 
1173.000  4.4676941900e-01  6.6129889490e-03 
1174.000  4.4699604100e-01  6.6213622090e-03 
1175.000  4.4176290400e-01  6.6952047350e-03 
1176.000  4.3109806700e-01  6.6738700870e-03 
1177.000  4.4440981100e-01  6.8111877440e-03 
1178.000  4.3690323000e-01  6.5612363820e-03 
1179.000  4.3494353600e-01  6.5333089830e-03 
1180.000  4.4104948900e-01  6.5765490530e-03 
1181.000  4.3879647500e-01  6.4205012320e-03 
1182.000  4.3935134600e-01  6.3028039930e-03 
1183.000  4.1384282200e-01  5.9445118900e-03 
1184.000  4.3249460300e-01  6.2751078610e-03 
1185.000  4.3821713200e-01  6.5233454700e-03 
1186.000  4.3560962400e-01  6.4266290660e-03 
1187.000  4.3576377600e-01  6.2497239110e-03 
1188.000  4.3352828600e-01  6.1583471300e-03 
1189.000  4.0816516600e-01  5.8686027530e-03 
1190.000  4.2823717100e-01  6.3870553970e-03 
1191.000  4.3491399000e-01  6.5298671720e-03 
1192.000  4.3254625900e-01  6.5762515070e-03 
1193.000  4.3271253200e-01  6.5104832650e-03 
1194.000  4.3190013000e-01  6.4745311740e-03 
1195.000  4.2705844600e-01  6.2933278080e-03 
1196.000  4.2678906100e-01  6.3093776700e-03 
1197.000  4.2667604900e-01  6.2578082080e-03 
1198.000  4.1234584600e-01  6.0397567750e-03 
1199.000  3.9702233800e-01  5.7569432260e-03 
1200.000  4.2205085800e-01  6.1585116390e-03 
1201.000  4.2507953200e-01  6.2226018910e-03 
1202.000  4.2589490500e-01  6.2624588010e-03 
1203.000  4.0510921100e-01  5.9354748730e-03 
1204.000  4.1182289300e-01  6.0691041950e-03 
1205.000  4.2137578100e-01  6.4067540170e-03 
1206.000  4.1881222500e-01  6.4605183600e-03 
1207.000  4.2162483700e-01  6.5431094170e-03 
1208.000  4.1548700200e-01  6.4177317620e-03 
1209.000  3.8952874400e-01  5.9698972700e-03 
1210.000  4.1680565700e-01  6.3067612650e-03 
1211.000  4.0288227500e-01  6.0910148620e-03 
1212.000  4.1549672000e-01  6.3168530460e-03 
1213.000  4.1703216300e-01  6.4347877500e-03 
1214.000  4.1524773600e-01  6.4112467770e-03 
1215.000  4.1667400500e-01  6.4798097610e-03 
1216.000  4.1544245000e-01  6.6100606920e-03 
1217.000  4.1457873400e-01  6.7182602880e-03 
1218.000  4.1312844200e-01  6.7467217450e-03 
1219.000  4.0926256100e-01  6.7111520770e-03 
1220.000  4.1201338400e-01  6.7464146610e-03 
1221.000  4.1116040900e-01  6.7331314090e-03 
1222.000  4.0888295500e-01  6.6879220010e-03 
1223.000  4.0688152400e-01  6.6844658850e-03 
1224.000  4.0982233000e-01  6.8294382100e-03 
1225.000  4.0749908200e-01  6.8250660900e-03 
1226.000  4.0882737100e-01  6.8909115790e-03 
1227.000  3.9479896600e-01  6.7145757680e-03 
1228.000  4.0689734700e-01  6.9928259850e-03 
1229.000  4.0622116700e-01  7.0309062000e-03 
1230.000  4.0459293000e-01  7.0606899260e-03 
1231.000  4.0446060700e-01  7.0934534070e-03 
1232.000  3.9986167200e-01  7.0288310050e-03 
1233.000  4.0298110400e-01  7.0950632100e-03 
1234.000  4.0151420600e-01  7.1427407260e-03 
1235.000  3.9864261600e-01  7.1140027050e-03 
1236.000  4.0090101000e-01  7.1640143390e-03 
1237.000  4.0079550900e-01  7.1848363880e-03 
1238.000  4.0051115300e-01  7.1859655380e-03 
1239.000  3.9592804800e-01  7.1054220200e-03 
1240.000  3.9415100300e-01  7.1169185640e-03 
1241.000  3.9775893300e-01  7.2221994400e-03 
1242.000  3.9554052200e-01  7.2192230220e-03 
1243.000  3.9121054300e-01  7.1783814430e-03 
1244.000  3.8786213200e-01  7.1442360880e-03 
1245.000  3.9464159900e-01  7.2893786430e-03 
1246.000  3.9170799000e-01  7.1882500650e-03 
1247.000  3.8992083500e-01  7.1070380210e-03 
1248.000  3.9308843000e-01  7.1157989500e-03 
1249.000  3.9175789800e-01  7.0522103310e-03 
1250.000  3.9036360800e-01  6.9802355770e-03 
1251.000  3.8783245900e-01  6.9004206660e-03 
1252.000  3.8683549200e-01  6.8457641600e-03 
1253.000  3.8381193900e-01  6.7536087040e-03 
1254.000  3.8513842300e-01  6.7105751040e-03 
1255.000  3.8472719900e-01  6.6564888950e-03 
1256.000  3.8413314860e-01  6.6064753530e-03 
1257.000  3.8001871300e-01  6.4469275470e-03 
1258.000  3.8201113460e-01  6.3383669850e-03 
1259.000  3.7811565520e-01  6.1527442930e-03 
1260.000  3.7893224430e-01  6.0399107930e-03 
1261.000  3.7848497030e-01  5.9047393800e-03 
1262.000  3.7038689170e-01  5.6253724100e-03 
1263.000  3.7487925390e-01  5.6819205280e-03 
1264.000  3.6904258700e-01  5.5968651770e-03 
1265.000  3.6971506480e-01  5.6236720090e-03 
1266.000  3.7210292050e-01  5.6405992510e-03 
1267.000  3.6513409940e-01  5.5140252110e-03 
1268.000  3.6153853660e-01  5.4275112150e-03 
1269.000  3.6492288570e-01  5.4638547900e-03 
1270.000  3.6893318250e-01  5.6450824740e-03 
1271.000  3.7098142320e-01  5.7361974720e-03 
1272.000  3.6988436280e-01  5.7792782780e-03 
1273.000  3.6956609230e-01  5.8402314190e-03 
1274.000  3.6735886400e-01  5.8724985120e-03 
1275.000  3.6952067620e-01  5.9307780270e-03 
1276.000  3.7011386830e-01  5.9459452630e-03 
1277.000  3.6983754330e-01  5.9335732460e-03 
1278.000  3.6877716860e-01  5.9045515060e-03 
1279.000  3.6630853990e-01  5.8863205910e-03 
1280.000  3.6414526010e-01  5.9447598460e-03 
1281.000  3.5375962880e-01  5.8641314510e-03 
1282.000  3.1414546310e-01  5.2865414620e-03 
1283.000  3.4476881460e-01  5.8647584920e-03 
1284.000  3.5899577610e-01  6.1501855850e-03 
1285.000  3.6162816420e-01  6.2147240640e-03 
1286.000  3.6150999060e-01  6.1796908380e-03 
1287.000  3.6372111450e-01  6.1605172160e-03 
1288.000  3.6144091940e-01  5.9403085710e-03 
1289.000  3.6359543760e-01  5.9212841990e-03 
1290.000  3.5526444330e-01  5.7670655250e-03 
1291.000  3.6012741820e-01  5.8229317670e-03 
1292.000  3.6163035570e-01  5.8628406520e-03 
1293.000  3.6195367760e-01  5.8247275350e-03 
1294.000  3.5620880390e-01  5.6113171580e-03 
1295.000  3.6004389190e-01  5.5220451350e-03 
1296.000  3.6030886040e-01  5.4174942970e-03 
1297.000  3.5808748140e-01  5.3219671250e-03 
1298.000  3.5488830340e-01  5.2796239850e-03 
1299.000  3.5845146480e-01  5.3359708790e-03 
1300.000  3.5701211230e-01  5.3185687070e-03 
1301.000  3.5644321620e-01  5.2918381690e-03 
1302.000  3.5187100910e-01  5.1365413670e-03 
1303.000  3.4998187410e-01  4.9305024150e-03 
1304.000  3.5020932310e-01  4.8405041690e-03 
1305.000  3.5236675980e-01  4.8171195980e-03 
1306.000  3.5270174830e-01  4.7637739180e-03 
1307.000  3.5166064850e-01  4.7114033700e-03 
1308.000  3.5136148260e-01  4.6237130170e-03 
1309.000  3.5104806030e-01  4.5002994540e-03 
1310.000  3.4959085570e-01  4.4792947770e-03 
1311.000  3.4851950000e-01  4.4723796840e-03 
1312.000  3.4743409130e-01  4.3154397010e-03 
1313.000  3.3460200900e-01  3.9827091690e-03 
1314.000  3.4504683380e-01  3.9590201380e-03 
1315.000  3.3342875110e-01  3.8969573970e-03 
1316.000  3.4118511580e-01  4.0981187820e-03 
1317.000  3.4485575740e-01  4.1425766940e-03 
1318.000  3.3997600370e-01  3.9018304350e-03 
1319.000  3.4463348400e-01  3.7216184140e-03 
1320.000  3.4208954260e-01  3.4583830830e-03 
1321.000  3.4058697780e-01  3.3596482280e-03 
1322.000  3.3990677590e-01  3.4813840390e-03 
1323.000  3.4065892300e-01  3.6396694180e-03 
1324.000  3.4083949190e-01  3.7313985820e-03 
1325.000  3.3975032870e-01  3.6555435660e-03 
1326.000  3.3816168900e-01  3.4806838040e-03 
1327.000  3.3546146390e-01  3.1489303110e-03 
1328.000  3.3634728710e-01  2.8895225520e-03 
1329.000  3.2407169830e-01  2.3969855310e-03 
1330.000  3.2914622120e-01  2.3032481670e-03 
1331.000  3.3061207060e-01  2.2371203900e-03 
1332.000  3.2306622890e-01  2.2075529100e-03 
1333.000  3.3160419630e-01  2.3342630860e-03 
1334.000  3.3201865970e-01  2.4314622880e-03 
1335.000  3.3230404550e-01  2.5043330190e-03 
1336.000  3.2870644460e-01  2.5006160740e-03 
1337.000  3.2977080270e-01  2.5120995040e-03 
1338.000  3.2952717460e-01  2.5628824230e-03 
1339.000  3.2598648600e-01  2.5373215680e-03 
1340.000  3.2364651640e-01  2.5635023120e-03 
1341.000  3.2853144540e-01  2.5408110620e-03 
1342.000  3.2772772840e-01  2.5410225390e-03 
1343.000  3.2769907680e-01  2.3545627590e-03 
1344.000  3.2620145460e-01  2.1928424840e-03 
1345.000  3.2370226710e-01  1.9122350220e-03 
1346.000  3.1853103350e-01  1.7682291270e-03 
1347.000  3.1913694410e-01  1.7189480070e-03 
1348.000  3.1555974620e-01  1.6474952700e-03 
1349.000  3.1341775070e-01  1.6145048140e-03 
1350.000  3.0701978570e-01  1.5391902920e-03 
1351.000  3.0485187390e-01  1.5007309910e-03 
1352.000  3.0540953630e-01  1.4624270200e-03 
1353.000  2.9955705000e-01  1.3853969570e-03 
1354.000  2.9593958290e-01  1.3405182360e-03 
1355.000  2.9029978060e-01  1.2846260070e-03 
1356.000  2.8602579530e-01  1.2327599530e-03 
1357.000  2.7932709520e-01  1.1636786460e-03 
1358.000  2.7972481280e-01  1.1223788260e-03 
1359.000  2.7200845000e-01  1.0187441110e-03 
1360.000  2.6204065770e-01  9.3561166520e-04 
1361.000  2.6423840700e-01  9.1339331870e-04 
1362.000  2.6197480620e-01  8.9703100920e-04 
1363.000  2.6223765380e-01  9.4381046300e-04 
1364.000  2.6750783760e-01  9.7819745540e-04 
1365.000  2.6737121970e-01  9.8605954650e-04 
1366.000  2.6924909660e-01  1.0105865000e-03 
1367.000  2.6429918450e-01  9.6925616260e-04 
1368.000  2.6432319820e-01  9.4821292160e-04 
1369.000  2.5956074450e-01  9.3611311910e-04 
1370.000  2.6507219340e-01  1.0088958740e-03 
1371.000  2.7285190570e-01  1.1112620830e-03 
1372.000  2.8368965140e-01  1.2312829490e-03 
1373.000  2.8779270540e-01  1.2958661320e-03 
1374.000  2.9108027590e-01  1.3354738950e-03 
1375.000  2.8698961960e-01  1.3276746270e-03 
1376.000  2.8270089680e-01  1.2993804220e-03 
1377.000  2.8528005330e-01  1.2931654450e-03 
1378.000  2.8038181970e-01  1.2370120290e-03 
1379.000  2.7852788390e-01  1.1783086060e-03 
1380.000  2.6854002080e-01  1.0672085290e-03 
1381.000  2.6248623140e-01  9.7659903760e-04 
1382.000  2.5434233700e-01  9.0975451470e-04 
1383.000  2.5656758100e-01  9.1353648900e-04 
1384.000  2.6226366820e-01  9.8907387260e-04 
1385.000  2.6434672340e-01  1.0396734480e-03 
1386.000  2.7232506580e-01  1.1217626330e-03 
1387.000  2.7622748860e-01  1.2141342160e-03 
1388.000  2.8201787070e-01  1.2747939830e-03 
1389.000  2.8426288290e-01  1.3002561330e-03 
1390.000  2.7925063410e-01  1.2819440360e-03 
1391.000  2.8198677780e-01  1.2819827800e-03 
1392.000  2.7754604150e-01  1.2255316970e-03 
1393.000  2.7300268540e-01  1.1705665590e-03 
1394.000  2.6695116650e-01  1.1121411320e-03 
1395.000  2.6825199160e-01  1.1319824460e-03 
1396.000  2.7418113560e-01  1.1959822180e-03 
1397.000  2.7724858420e-01  1.2405925990e-03 
1398.000  2.7746002940e-01  1.2450078730e-03 
1399.000  2.7564670580e-01  1.2261234520e-03 
1400.000  2.6764330080e-01  1.1851637360e-03 
1401.000  2.6885549440e-01  1.1933900120e-03 
1402.000  2.7541976170e-01  1.2464942930e-03 
1403.000  2.7472016520e-01  1.2575614450e-03 
1404.000  2.7263775420e-01  1.2389346360e-03 
1405.000  2.7280315190e-01  1.2404350040e-03 
1406.000  2.7241917790e-01  1.2270174030e-03 
1407.000  2.7268955010e-01  1.2270135880e-03 
1408.000  2.7353144530e-01  1.2534755470e-03 
1409.000  2.7644653390e-01  1.2829545740e-03 
1410.000  2.7763790160e-01  1.3167351480e-03 
1411.000  2.7970909750e-01  1.3462980990e-03 
1412.000  2.6877939110e-01  1.2909662720e-03 
1413.000  2.7396985530e-01  1.3218575720e-03 
1414.000  2.7755271830e-01  1.3307437900e-03 
1415.000  2.7739180920e-01  1.3407341240e-03 
1416.000  2.7688288020e-01  1.3480319980e-03 
1417.000  2.7890410490e-01  1.3555315730e-03 
1418.000  2.7901282630e-01  1.3538367750e-03 
1419.000  2.7503917550e-01  1.3318600650e-03 
1420.000  2.7443552530e-01  1.3302899600e-03 
1421.000  2.7899021600e-01  1.3689596650e-03 
1422.000  2.7275632610e-01  1.3445349930e-03 
1423.000  2.7109585960e-01  1.3357838390e-03 
1424.000  2.7134088600e-01  1.3307381870e-03 
1425.000  2.7657669330e-01  1.3432676790e-03 
1426.000  2.6538537400e-01  1.2851387260e-03 
1427.000  2.6952618060e-01  1.3112589120e-03 
1428.000  2.7537616970e-01  1.3439133170e-03 
1429.000  2.6891782260e-01  1.3187652830e-03 
1430.000  2.6307653500e-01  1.2827559710e-03 
1431.000  2.6247358150e-01  1.2522368430e-03 
1432.000  2.6724496530e-01  1.2579351660e-03 
1433.000  2.6738075150e-01  1.2529362440e-03 
1434.000  2.6199190730e-01  1.2169040440e-03 
1435.000  2.6518833720e-01  1.2421590090e-03 
1436.000  2.6522408860e-01  1.2441644670e-03 
1437.000  2.6627180070e-01  1.2474960090e-03 
1438.000  2.6562385190e-01  1.2590839860e-03 
1439.000  2.6876428590e-01  1.2718080280e-03 
1440.000  2.5212765560e-01  1.1964619160e-03 
1441.000  2.6483283220e-01  1.2558196780e-03 
1442.000  2.5866686720e-01  1.2144489290e-03 
1443.000  2.6296215970e-01  1.2294194700e-03 
1444.000  2.6424089260e-01  1.2366019490e-03 
1445.000  2.6344334680e-01  1.2293678520e-03 
1446.000  2.6627130070e-01  1.2520285840e-03 
1447.000  2.6505401730e-01  1.2560440300e-03 
1448.000  2.6708043360e-01  1.2626619340e-03 
1449.000  2.6697420750e-01  1.2464555500e-03 
1450.000  2.6517790290e-01  1.2164312600e-03 
1451.000  2.6346809070e-01  1.2087789770e-03 
1452.000  2.6022414580e-01  1.2162494660e-03 
1453.000  2.6517697990e-01  1.2937405110e-03 
1454.000  2.6620754180e-01  1.3771522050e-03 
1455.000  2.6284048300e-01  1.4177099470e-03 
1456.000  2.6272031760e-01  1.4832271340e-03 
1457.000  2.6523941440e-01  1.5001331570e-03 
1458.000  2.6886621750e-01  1.5301077370e-03 
1459.000  2.6986515020e-01  1.4722422360e-03 
1460.000  2.6527382730e-01  1.3948260550e-03 
1461.000  2.6469419460e-01  1.3597042560e-03 
1462.000  2.6180342000e-01  1.2790759800e-03 
1463.000  2.6005779190e-01  1.2632355690e-03 
1464.000  2.5988670820e-01  1.2394442560e-03 
1465.000  2.6289187970e-01  1.2111237050e-03 
1466.000  2.5663066590e-01  1.1380616430e-03 
1467.000  2.6278172510e-01  1.1352039580e-03 
1468.000  2.5631474630e-01  1.0781360860e-03 
1469.000  2.5914129130e-01  1.0528073310e-03 
1470.000  2.5764655180e-01  1.0303852560e-03 
1471.000  2.5357221730e-01  1.0402892830e-03 
1472.000  2.5510453200e-01  1.0950865750e-03 
1473.000  2.5734915810e-01  1.2000012400e-03 
1474.000  2.5026369440e-01  1.2571464780e-03 
1475.000  2.5558479250e-01  1.2786159520e-03 
1476.000  2.5598901440e-01  1.2742671970e-03 
1477.000  2.5674026220e-01  1.2405952220e-03 
1478.000  2.5302679610e-01  1.1874307390e-03 
1479.000  2.5592555190e-01  1.1553912160e-03 
1480.000  2.5732792000e-01  1.1816647050e-03 
1481.000  2.5349165360e-01  1.2063603400e-03 
1482.000  2.5664758780e-01  1.2769109010e-03 
1483.000  2.5136165510e-01  1.2634388210e-03 
1484.000  2.5368496380e-01  1.2773270610e-03 
1485.000  2.5851422250e-01  1.2898292540e-03 
1486.000  2.5425428390e-01  1.3247848750e-03 
1487.000  2.5454516970e-01  1.4485315080e-03 
1488.000  2.2252345490e-01  1.2778432370e-03 
1489.000  2.5550405060e-01  1.6513282060e-03 
1490.000  2.5609871720e-01  1.8340021370e-03 
1491.000  2.5864434740e-01  1.9832959180e-03 
1492.000  2.5263442370e-01  1.9608930350e-03 
1493.000  2.5831160370e-01  2.0997061730e-03 
1494.000  2.5733059470e-01  2.1002476220e-03 
1495.000  2.5553005960e-01  2.1698946950e-03 
1496.000  2.4797344370e-01  2.2518532280e-03 
1497.000  2.5379749900e-01  2.2956688400e-03 
1498.000  2.5636813700e-01  2.4560673240e-03 
1499.000  2.5205616170e-01  2.5398583410e-03 
1500.000  2.5635464290e-01  2.6741659640e-03 
1501.000  2.5598859050e-01  2.6188614370e-03 
1502.000  2.5401131030e-01  2.5304484370e-03 
1503.000  2.2808750580e-01  2.2217321400e-03 
1504.000  2.3763139860e-01  2.3349728580e-03 
1505.000  2.3689318460e-01  2.4427208900e-03 
1506.000  2.4008709120e-01  2.5039539340e-03 
1507.000  2.5109832010e-01  2.7325305940e-03 
1508.000  2.4717770940e-01  2.7592089180e-03 
1509.000  2.4824545130e-01  2.8486053940e-03 
1510.000  2.5208152070e-01  2.9326157570e-03 
1511.000  2.5322781640e-01  3.0096797940e-03 
1512.000  2.4847424360e-01  2.9983379840e-03 
1513.000  2.4805841570e-01  3.0324292180e-03 
1514.000  2.4466297260e-01  3.0126156810e-03 
1515.000  2.4947081710e-01  3.0907018180e-03 
1516.000  2.4715584530e-01  3.0311598780e-03 
1517.000  2.4569210000e-01  2.9957909580e-03 
1518.000  2.5022041070e-01  3.0611078740e-03 
1519.000  2.4650705570e-01  3.0320925710e-03 
1520.000  2.4802357190e-01  3.1246371270e-03 
1521.000  2.4329950310e-01  3.1601397990e-03 
1522.000  2.4187557510e-01  3.1907298560e-03 
1523.000  2.4776323360e-01  3.3344461920e-03 
1524.000  2.4600445650e-01  3.3425035480e-03 
1525.000  2.4052228080e-01  3.2807178500e-03 
1526.000  2.4729732700e-01  3.3499403000e-03 
1527.000  2.4462466070e-01  3.3095896240e-03 
1528.000  2.4610781900e-01  3.3339169030e-03 
1529.000  2.4532913350e-01  3.2941470150e-03 
1530.000  2.2949806020e-01  3.0790774820e-03 
1531.000  2.4522241290e-01  3.2585582730e-03 
1532.000  2.4364937560e-01  3.2086546420e-03 
1533.000  2.4241858680e-01  3.1517844200e-03 
1534.000  2.3856603190e-01  3.0601670740e-03 
1535.000  2.3918039480e-01  3.0270829200e-03 
1536.000  2.4237883220e-01  3.1028695110e-03 
1537.000  2.4294146630e-01  3.1610534190e-03 
1538.000  2.3609705040e-01  3.1241245270e-03 
1539.000  2.4092489130e-01  3.2386341090e-03 
1540.000  2.3209674440e-01  3.1610429290e-03 
1541.000  2.3685889360e-01  3.2277958390e-03 
1542.000  2.3826740740e-01  3.2377164360e-03 
1543.000  2.3738104640e-01  3.2244439130e-03 
1544.000  2.4006599040e-01  3.2646996970e-03 
1545.000  2.4046738340e-01  3.2826023100e-03 
1546.000  2.4026067590e-01  3.3082005980e-03 
1547.000  2.3760862870e-01  3.2989048960e-03 
1548.000  2.3040372880e-01  3.2234532830e-03 
1549.000  2.3630903680e-01  3.3214757440e-03 
1550.000  2.3499695260e-01  3.3158941270e-03 
1551.000  2.3376682090e-01  3.2847647670e-03 
1552.000  2.3774029680e-01  3.3136334420e-03 
1553.000  2.3639909260e-01  3.2735478880e-03 
1554.000  2.2773739580e-01  3.1270520690e-03 
1555.000  2.3138985670e-01  3.1591475010e-03 
1556.000  2.2688485110e-01  3.1196885110e-03 
1557.000  2.3424980100e-01  3.2761271000e-03 
1558.000  2.3245547020e-01  3.2978584770e-03 
1559.000  2.3256658430e-01  3.3440790180e-03 
1560.000  2.2855050440e-01  3.3359947200e-03 
1561.000  2.3398807760e-01  3.4257812500e-03 
1562.000  2.3406318270e-01  3.3949134350e-03 
1563.000  2.3072415400e-01  3.3221890930e-03 
1564.000  2.2638077280e-01  3.2267551420e-03 
1565.000  2.3029431010e-01  3.2424976830e-03 
1566.000  2.2593049420e-01  3.1839294430e-03 
1567.000  2.2658324500e-01  3.1966831680e-03 
1568.000  2.2277432730e-01  3.1340088840e-03 
1569.000  2.2460283660e-01  3.1467816830e-03 
1570.000  2.1956566290e-01  3.0756914620e-03 
1571.000  2.2544887460e-01  3.1855952740e-03 
1572.000  2.2565166180e-01  3.1988418100e-03 
1573.000  2.2187529640e-01  3.1746125220e-03 
1574.000  2.2209684360e-01  3.2157573700e-03 
1575.000  2.0597736470e-01  3.0109283920e-03 
1576.000  2.2128794980e-01  3.2348923680e-03 
1577.000  1.9972710140e-01  2.8807291980e-03 
1578.000  2.1844342840e-01  3.1084463600e-03 
1579.000  2.1937729600e-01  3.0851535800e-03 
1580.000  2.2328293380e-01  3.1124064920e-03 
1581.000  2.2180228810e-01  3.0541229250e-03 
1582.000  2.1670462030e-01  3.0148246290e-03 
1583.000  2.1879349640e-01  3.0734732150e-03 
1584.000  2.1633114530e-01  3.0686743260e-03 
1585.000  2.2235473700e-01  3.1784424780e-03 
1586.000  2.1956182270e-01  3.1475074290e-03 
1587.000  2.1688621000e-01  3.1346442700e-03 
1588.000  2.1341718220e-01  3.1075832840e-03 
1589.000  1.9520421590e-01  2.8505477910e-03 
1590.000  2.1035688240e-01  3.0813877580e-03 
1591.000  2.0564347550e-01  3.0245130060e-03 
1592.000  2.1655039930e-01  3.1915214060e-03 
1593.000  2.2146821780e-01  3.2663671970e-03 
1594.000  2.1991385230e-01  3.2450389860e-03 
1595.000  2.2137875520e-01  3.2676270010e-03 
1596.000  2.0737322690e-01  3.0756950380e-03 
1597.000  2.1583090390e-01  3.1947088240e-03 
1598.000  2.1990415290e-01  3.2401022910e-03 
1599.000  2.1254256370e-01  3.1118726730e-03 
1600.000  2.1608486780e-01  3.1515016560e-03 
1601.000  2.0698852080e-01  3.0345847610e-03 
1602.000  2.1228165160e-01  3.1487324240e-03 
1603.000  2.1067148730e-01  3.1783561710e-03 
1604.000  2.1325857000e-01  3.2777676580e-03 
1605.000  2.1010559830e-01  3.2704918380e-03 
1606.000  2.0925015650e-01  3.3002605440e-03 
1607.000  2.1012969610e-01  3.2768890860e-03 
1608.000  2.1252390980e-01  3.2777862550e-03 
1609.000  2.1170688650e-01  3.2352247240e-03 
1610.000  1.9849655300e-01  3.0088531970e-03 
1611.000  2.0420288800e-01  3.0864541530e-03 
1612.000  2.0594893140e-01  3.1055607800e-03 
1613.000  2.1034454200e-01  3.1627228260e-03 
1614.000  2.0828017550e-01  3.0986702440e-03 
1615.000  2.1154423540e-01  3.1324639320e-03 
1616.000  1.9820317430e-01  2.9184825420e-03 
1617.000  2.0391576980e-01  3.0478470330e-03 
1618.000  2.1026937770e-01  3.1698946950e-03 
1619.000  2.0952551110e-01  3.2054951190e-03 
1620.000  2.0417505580e-01  3.1688091750e-03 
1621.000  2.0111428590e-01  3.1595983510e-03 
1622.000  2.0617647200e-01  3.2448010440e-03 
1623.000  2.1030460300e-01  3.3242566590e-03 
1624.000  2.1175797060e-01  3.3569571970e-03 
1625.000  2.0644011880e-01  3.2978534700e-03 
1626.000  2.0897150390e-01  3.3284738060e-03 
1627.000  2.0870187710e-01  3.3442547320e-03 
1628.000  2.1037897130e-01  3.3823266030e-03 
1629.000  2.1034851130e-01  3.3912785050e-03 
1630.000  2.0463765480e-01  3.3015160560e-03 
1631.000  2.0783824390e-01  3.3655610080e-03 
1632.000  2.0789070170e-01  3.3087139130e-03 
1633.000  2.0521525100e-01  3.2231945990e-03 
1634.000  2.0041319930e-01  3.1020529270e-03 
1635.000  2.0578658370e-01  3.1450750830e-03 
1636.000  2.0524226710e-01  3.0901072030e-03 
1637.000  1.9610458810e-01  2.9105286600e-03 
1638.000  1.9467150780e-01  2.8559970860e-03 
1639.000  1.9273161920e-01  2.7807376380e-03 
1640.000  1.9388767440e-01  2.7591447830e-03 
1641.000  1.9268777870e-01  2.7162756920e-03 
1642.000  1.9244762670e-01  2.7827324870e-03 
1643.000  1.9739391530e-01  2.9210212230e-03 
1644.000  1.9433918070e-01  2.9397022720e-03 
1645.000  1.9477235420e-01  3.0065193180e-03 
1646.000  1.9711322840e-01  3.1001927850e-03 
1647.000  1.9896406570e-01  3.1248393060e-03 
1648.000  1.9819546480e-01  3.1012694840e-03 
1649.000  1.9366782290e-01  3.0247528550e-03 
1650.000  1.9857534650e-01  3.0980269910e-03 
1651.000  1.9410112870e-01  3.0250701900e-03 
1652.000  1.9797498040e-01  3.0807311530e-03 
1653.000  1.9575202950e-01  3.0530822280e-03 
1654.000  1.9794839430e-01  3.0888881680e-03 
1655.000  1.9398084780e-01  3.0365688800e-03 
1656.000  1.9770646180e-01  3.1010243890e-03 
1657.000  1.9627349190e-01  3.0781559940e-03 
1658.000  1.9733411310e-01  3.1023256780e-03 
1659.000  1.9369919340e-01  3.0455119610e-03 
1660.000  1.9606295050e-01  3.0752446650e-03 
1661.000  1.9683257340e-01  3.0671539310e-03 
1662.000  1.9551003280e-01  2.9814114570e-03 
1663.000  1.9427939230e-01  2.9050765040e-03 
1664.000  1.9345710240e-01  2.8344879150e-03 
1665.000  1.9148154420e-01  2.7469742300e-03 
1666.000  1.9054946740e-01  2.7234692570e-03 
1667.000  1.9207203510e-01  2.8037216660e-03 
1668.000  1.8881784490e-01  2.7968287470e-03 
1669.000  1.8912020870e-01  2.8494703770e-03 
1670.000  1.9319242770e-01  2.9595530030e-03 
1671.000  1.9171742110e-01  2.9891936780e-03 
1672.000  1.8263651020e-01  2.9075684550e-03 
1673.000  1.8801686140e-01  3.0441920760e-03 
1674.000  1.8889066710e-01  3.1131021980e-03 
1675.000  1.8714068170e-01  3.1452436450e-03 
1676.000  1.8415952620e-01  3.1148209570e-03 
1677.000  1.8504457290e-01  3.1263432500e-03 
1678.000  1.8591315410e-01  3.1441531180e-03 
1679.000  1.8344059000e-01  3.0945949550e-03 
1680.000  1.7703176600e-01  2.9880495070e-03 
1681.000  1.7082656300e-01  2.8834986690e-03 
1682.000  1.7575981490e-01  2.9636454580e-03 
1683.000  1.8015290370e-01  3.0307126050e-03 
1684.000  1.8351369640e-01  3.0810225010e-03 
1685.000  1.8423280800e-01  3.0757374760e-03 
1686.000  1.8201006630e-01  3.0240027900e-03 
1687.000  1.8302621710e-01  2.9997165200e-03 
1688.000  1.8336798510e-01  2.9692976470e-03 
1689.000  1.8115798280e-01  2.9144160750e-03 
1690.000  1.8132139000e-01  2.8786003590e-03 
1691.000  1.8369414520e-01  2.9259328840e-03 
1692.000  1.8402846180e-01  2.9494922160e-03 
1693.000  1.8332893110e-01  2.9598817830e-03 
1694.000  1.8305154700e-01  2.9738125800e-03 
1695.000  1.8326077370e-01  2.9836850170e-03 
1696.000  1.8218899820e-01  2.9277725220e-03 
1697.000  1.8114838540e-01  2.8608250620e-03 
1698.000  1.8224160660e-01  2.8314144610e-03 
1699.000  1.8106380220e-01  2.7701797490e-03 
1700.000  1.7874285870e-01  2.6944127080e-03 
