 lambda   Irr_dw            Rad_up 
 550.000  1.5536205100e+00  4.7627689360e-02 
 551.000  1.5433563900e+00  4.7154785160e-02 
 552.000  1.6092416800e+00  4.9132633210e-02 
 553.000  1.5456710800e+00  4.7007225040e-02 
 554.000  1.5956380000e+00  4.8466857910e-02 
 555.000  1.5996236000e+00  4.8365787510e-02 
 556.000  1.5550832600e+00  4.6808425900e-02 
 557.000  1.5085793500e+00  4.5360553740e-02 
 558.000  1.5655247100e+00  4.6862430570e-02 
 559.000  1.4794506800e+00  4.4154510500e-02 
 560.000  1.4857111600e+00  4.4287105560e-02 
 561.000  1.6326647000e+00  4.8435367580e-02 
 562.000  1.4988422800e+00  4.4381145480e-02 
 563.000  1.5680516400e+00  4.6217918400e-02 
 564.000  1.5460651900e+00  4.5293895720e-02 
 565.000  1.5648145400e+00  4.5769260410e-02 
 566.000  1.4428251700e+00  4.2006435390e-02 
 567.000  1.5490036900e+00  4.4776264190e-02 
 568.000  1.5495822400e+00  4.4195877080e-02 
 569.000  1.5281979900e+00  4.2402561190e-02 
 570.000  1.5347316700e+00  4.2575263980e-02 
 571.000  1.4738238300e+00  4.1446186070e-02 
 572.000  1.5645992900e+00  4.3250411990e-02 
 573.000  1.5794487900e+00  4.3743694310e-02 
 574.000  1.5703982200e+00  4.3388336180e-02 
 575.000  1.5326061900e+00  4.2147346500e-02 
 576.000  1.5050173900e+00  4.1254871370e-02 
 577.000  1.5656336000e+00  4.2919700620e-02 
 578.000  1.5172205600e+00  4.1842826840e-02 
 579.000  1.5034181300e+00  4.1446487430e-02 
 580.000  1.5532354000e+00  4.3017375950e-02 
 581.000  1.5221387100e+00  4.2279090880e-02 
 582.000  1.5430845000e+00  4.2728061680e-02 
 583.000  1.5529848600e+00  4.3049552920e-02 
 584.000  1.5473346700e+00  4.2693260190e-02 
 585.000  1.5367308500e+00  4.2241489410e-02 
 586.000  1.4703834900e+00  4.0366611480e-02 
 587.000  1.5309533500e+00  4.1465309140e-02 
 588.000  1.5290746900e+00  4.0053985600e-02 
 589.000  1.3746924200e+00  3.4378524780e-02 
 590.000  1.4365707500e+00  3.5814647670e-02 
 591.000  1.5118548200e+00  3.8669437410e-02 
 592.000  1.4904846200e+00  3.7350910190e-02 
 593.000  1.4897591800e+00  3.8462451930e-02 
 594.000  1.5070396200e+00  3.8570285800e-02 
 595.000  1.4897016000e+00  3.7142910000e-02 
 596.000  1.5099407700e+00  3.8868595120e-02 
 597.000  1.5179935600e+00  3.8585437770e-02 
 598.000  1.4801001800e+00  3.8119907380e-02 
 599.000  1.4776303300e+00  3.8209526060e-02 
 600.000  1.4717501000e+00  3.8516506200e-02 
 601.000  1.4593454400e+00  3.8543251040e-02 
 602.000  1.4418949700e+00  3.8076519010e-02 
 603.000  1.4491364100e+00  3.8381748200e-02 
 604.000  1.4937806900e+00  3.9714286800e-02 
 605.000  1.4893578700e+00  3.9440986630e-02 
 606.000  1.4718800300e+00  3.9025039670e-02 
 607.000  1.4634258500e+00  3.8695491790e-02 
 608.000  1.4579348800e+00  3.8414806370e-02 
 609.000  1.4428873400e+00  3.7986194610e-02 
 610.000  1.4196858300e+00  3.7247985840e-02 
 611.000  1.4426561400e+00  3.7796897890e-02 
 612.000  1.4238309800e+00  3.7261062620e-02 
 613.000  1.4029988100e+00  3.6600749970e-02 
 614.000  1.3518578600e+00  3.5248233800e-02 
 615.000  1.4171502300e+00  3.6790271760e-02 
 616.000  1.3474574900e+00  3.4973743440e-02 
 617.000  1.3551404000e+00  3.5122600560e-02 
 618.000  1.4191893300e+00  3.6593742370e-02 
 619.000  1.4063737900e+00  3.6285629270e-02 
 620.000  1.4273728700e+00  3.6636379240e-02 
 621.000  1.4522307200e+00  3.7232078550e-02 
 622.000  1.3759588200e+00  3.5171241760e-02 
 623.000  1.3871738700e+00  3.5238224030e-02 
 624.000  1.3891186300e+00  3.5336112980e-02 
 625.000  1.3519319500e+00  3.4354866030e-02 
 626.000  1.3598522600e+00  3.4309131620e-02 
 627.000  1.3882954700e+00  3.4495143890e-02 
 628.000  1.3948766100e+00  3.3196399690e-02 
 629.000  1.4157449700e+00  3.4246749880e-02 
 630.000  1.3649414100e+00  3.3407569890e-02 
 631.000  1.4107009300e+00  3.4618518830e-02 
 632.000  1.3162016200e+00  3.2056064610e-02 
 633.000  1.4062799600e+00  3.4615360260e-02 
 634.000  1.3617317700e+00  3.3676574710e-02 
 635.000  1.3862135300e+00  3.4299442290e-02 
 636.000  1.3360235400e+00  3.3126419070e-02 
 637.000  1.3792964300e+00  3.4250213620e-02 
 638.000  1.3980224400e+00  3.4850612640e-02 
 639.000  1.3861917900e+00  3.4382801060e-02 
 640.000  1.3412804900e+00  3.3517494200e-02 
 641.000  1.3605050300e+00  3.3936859130e-02 
 642.000  1.3431737400e+00  3.3516601560e-02 
 643.000  1.3683402200e+00  3.3955265050e-02 
 644.000  1.3525701300e+00  3.3418487550e-02 
 645.000  1.3667843500e+00  3.3601005550e-02 
 646.000  1.3246028700e+00  3.1563276290e-02 
 647.000  1.3498447100e+00  3.1479904170e-02 
 648.000  1.3554098700e+00  3.1100103380e-02 
 649.000  1.3754045400e+00  3.1863925930e-02 
 650.000  1.2622092900e+00  3.0176122670e-02 
 651.000  1.3597545800e+00  3.2473400120e-02 
 652.000  1.3451996100e+00  3.1215900420e-02 
 653.000  1.3588640700e+00  3.2511554720e-02 
 654.000  1.3426462800e+00  3.1833332060e-02 
 655.000  1.3120533100e+00  3.0695344920e-02 
 656.000  1.1126053300e+00  2.6080591200e-02 
 657.000  1.1852505500e+00  2.7943740840e-02 
 658.000  1.3158452500e+00  3.1439748760e-02 
 659.000  1.3165038900e+00  3.1586778640e-02 
 660.000  1.3257872000e+00  3.1894809720e-02 
 661.000  1.3283996800e+00  3.2259170530e-02 
 662.000  1.3460697500e+00  3.2780632020e-02 
 663.000  1.3315150800e+00  3.2298198700e-02 
 664.000  1.3098550700e+00  3.1771635060e-02 
 665.000  1.3151955700e+00  3.1874055860e-02 
 666.000  1.3304673800e+00  3.2367794040e-02 
 667.000  1.3036675600e+00  3.1606899260e-02 
 668.000  1.3105244800e+00  3.1890474320e-02 
 669.000  1.3291338800e+00  3.2385684970e-02 
 670.000  1.3131130200e+00  3.1825405120e-02 
 671.000  1.2990429000e+00  3.1500041960e-02 
 672.000  1.2947411500e+00  3.1353504180e-02 
 673.000  1.3039630800e+00  3.1515682220e-02 
 674.000  1.3064266100e+00  3.1566949840e-02 
 675.000  1.2864081200e+00  3.1001985550e-02 
 676.000  1.3106363000e+00  3.1579019550e-02 
 677.000  1.2845088900e+00  3.0949480060e-02 
 678.000  1.3057006500e+00  3.1396211620e-02 
 679.000  1.2872919100e+00  3.0852264400e-02 
 680.000  1.2778612100e+00  3.0587989810e-02 
 681.000  1.2798474300e+00  3.0535823820e-02 
 682.000  1.2774060300e+00  3.0339487080e-02 
 683.000  1.2860903200e+00  3.0416088100e-02 
 684.000  1.2638992700e+00  2.9854269030e-02 
 685.000  1.2775697700e+00  3.0108560560e-02 
 686.000  1.2243993500e+00  2.8437124250e-02 
 687.000  1.2254623400e+00  2.4598899840e-02 
 688.000  1.2263561200e+00  2.5567695620e-02 
 689.000  1.2299050300e+00  2.5430101390e-02 
 690.000  1.2358423700e+00  2.6063400270e-02 
 691.000  1.2407932600e+00  2.6841270450e-02 
 692.000  1.2333100400e+00  2.6996961590e-02 
 693.000  1.2414524700e+00  2.6215814590e-02 
 694.000  1.2550818200e+00  2.5782728200e-02 
 695.000  1.2320976500e+00  2.5688735960e-02 
 696.000  1.2458986800e+00  2.6219957350e-02 
 697.000  1.2448271600e+00  2.7841098790e-02 
 698.000  1.2225615300e+00  2.6886831280e-02 
 699.000  1.2484053500e+00  2.6076477050e-02 
 700.000  1.2334680400e+00  2.5925458910e-02 
 701.000  1.2065752000e+00  2.5006801610e-02 
 702.000  1.2003664200e+00  2.5072576520e-02 
 703.000  1.2149702700e+00  2.6403785710e-02 
 704.000  1.2184985100e+00  2.6544185640e-02 
 705.000  1.2289670500e+00  2.6271585460e-02 
 706.000  1.2158406700e+00  2.6072107320e-02 
 707.000  1.1972566300e+00  2.5835351940e-02 
 708.000  1.2316586200e+00  2.6761655810e-02 
 709.000  1.1872134100e+00  2.6134229660e-02 
 710.000  1.2154575000e+00  2.6259540560e-02 
 711.000  1.2024661400e+00  2.6348909380e-02 
 712.000  1.1850640800e+00  2.6347352980e-02 
 713.000  1.1806640500e+00  2.5902196880e-02 
 714.000  1.2009736500e+00  2.6143264770e-02 
 715.000  1.1598781600e+00  2.4724695210e-02 
 716.000  1.1910641400e+00  2.4850345610e-02 
 717.000  1.1613198200e+00  2.1748289110e-02 
 718.000  1.1551711000e+00  2.0180562970e-02 
 719.000  1.1418713000e+00  1.9335798260e-02 
 720.000  1.1502046200e+00  1.8809120180e-02 
 721.000  1.1485432000e+00  2.2019517900e-02 
 722.000  1.1646169900e+00  2.3434604640e-02 
 723.000  1.1622616900e+00  2.2635204320e-02 
 724.000  1.1693175700e+00  2.0837959290e-02 
 725.000  1.1565566700e+00  2.0875633240e-02 
 726.000  1.1544434200e+00  2.0750919340e-02 
 727.000  1.1715250900e+00  2.1251731870e-02 
 728.000  1.1514021800e+00  2.0649957660e-02 
 729.000  1.1056401100e+00  2.0462638850e-02 
 730.000  1.1464991800e+00  2.1094202040e-02 
 731.000  1.1276000800e+00  2.0682109830e-02 
 732.000  1.1487057500e+00  2.2194313050e-02 
 733.000  1.1308608900e+00  2.3125967030e-02 
 734.000  1.1540654400e+00  2.4185733800e-02 
 735.000  1.1448639900e+00  2.3704225540e-02 
 736.000  1.1238462500e+00  2.2875656130e-02 
 737.000  1.1384341900e+00  2.3412593840e-02 
 738.000  1.1349829400e+00  2.3765157700e-02 
 739.000  1.0981318900e+00  2.3214246750e-02 
 740.000  1.1081127600e+00  2.3847061160e-02 
 741.000  1.0990600800e+00  2.4000343320e-02 
 742.000  1.0808736400e+00  2.3730628970e-02 
 743.000  1.1123291500e+00  2.4711881640e-02 
 744.000  1.1227553600e+00  2.5094230650e-02 
 745.000  1.0934380100e+00  2.4566740040e-02 
 746.000  1.1085710100e+00  2.4933267590e-02 
 747.000  1.1251696700e+00  2.5269989010e-02 
 748.000  1.1049556600e+00  2.4803783420e-02 
 749.000  1.1051513000e+00  2.4823497770e-02 
 750.000  1.0890117900e+00  2.4363838200e-02 
 751.000  1.0862066000e+00  2.4286600110e-02 
 752.000  1.1026656400e+00  2.4699481960e-02 
 753.000  1.0922313700e+00  2.4466344830e-02 
 754.000  1.1093332600e+00  2.4843673710e-02 
 755.000  1.1029683800e+00  2.4686258320e-02 
 756.000  1.0813755900e+00  2.4188417430e-02 
 757.000  1.0893670100e+00  2.4351127620e-02 
 758.000  1.0882337200e+00  2.4247289660e-02 
 759.000  1.0470697100e+00  2.1392290120e-02 
 760.000  8.2383660200e-01  8.6803970340e-03 
 761.000  7.9393833900e-01  7.6959710120e-03 
 762.000  9.2602686800e-01  1.3864449500e-02 
 763.000  9.1117596300e-01  1.1995206830e-02 
 764.000  9.3454813900e-01  1.3090568540e-02 
 765.000  9.8083149700e-01  1.5885702130e-02 
 766.000  9.7252271500e-01  1.8215852740e-02 
 767.000  1.0023831810e+00  1.9965326310e-02 
 768.000  1.0512894400e+00  2.1897665020e-02 
 769.000  1.0527354100e+00  2.2659872060e-02 
 770.000  1.0500525700e+00  2.2976417540e-02 
 771.000  1.0515075100e+00  2.3219085690e-02 
 772.000  1.0476202600e+00  2.3171937940e-02 
 773.000  1.0433052200e+00  2.3083072660e-02 
 774.000  1.0543164000e+00  2.3336938860e-02 
 775.000  1.0146057900e+00  2.2457527160e-02 
 776.000  1.0563187300e+00  2.3422559740e-02 
 777.000  1.0490039500e+00  2.3230264660e-02 
 778.000  1.0434602900e+00  2.3052028660e-02 
 779.000  1.0469334300e+00  2.3060089110e-02 
 780.000  1.0340636200e+00  2.2791675570e-02 
 781.000  1.0322066100e+00  2.2735200880e-02 
 782.000  1.0447400000e+00  2.2918621060e-02 
 783.000  1.0204056240e+00  2.2472084050e-02 
 784.000  1.0263149780e+00  2.2542083740e-02 
 785.000  1.0296905490e+00  2.2401960370e-02 
 786.000  1.0128286100e+00  2.1889631270e-02 
 787.000  1.0297122200e+00  2.1768812180e-02 
 788.000  1.0152454080e+00  2.1292850490e-02 
 789.000  1.0243798040e+00  2.0831209180e-02 
 790.000  1.0143405250e+00  2.0521562580e-02 
 791.000  1.0086069450e+00  2.0531431200e-02 
 792.000  9.9215621400e-01  2.0233201980e-02 
 793.000  9.9000020300e-01  2.0416505810e-02 
 794.000  9.7734277200e-01  2.0725746150e-02 
 795.000  9.7364143700e-01  2.0174409870e-02 
 796.000  9.9435068700e-01  1.9885210040e-02 
 797.000  9.9949072800e-01  2.0234046940e-02 
 798.000  9.9746067500e-01  2.0690328600e-02 
 799.000  9.9728443300e-01  2.0500925060e-02 
 800.000  9.7313084900e-01  1.9606197360e-02 
 801.000  9.9114937800e-01  2.0004671100e-02 
 802.000  9.8938181400e-01  1.9878503800e-02 
 803.000  9.7507583300e-01  1.9658823010e-02 
 804.000  9.8306276100e-01  2.0047140120e-02 
 805.000  9.5461402700e-01  1.9829463960e-02 
 806.000  9.7954170600e-01  2.0503931050e-02 
 807.000  9.7348279000e-01  2.0418815610e-02 
 808.000  9.6833674200e-01  2.0133262630e-02 
 809.000  9.5254283200e-01  1.9628448490e-02 
 810.000  9.4890888300e-01  1.9351087570e-02 
 811.000  9.6532638300e-01  1.9356622700e-02 
 812.000  9.6356766800e-01  1.8966674800e-02 
 813.000  9.6103981400e-01  1.8388282780e-02 
 814.000  9.6167608500e-01  1.7920970920e-02 
 815.000  9.5346350600e-01  1.7178615570e-02 
 816.000  9.4738362000e-01  1.6364589690e-02 
 817.000  9.5297348100e-01  1.6475566860e-02 
 818.000  9.4696815600e-01  1.6334922790e-02 
 819.000  9.2083264000e-01  1.6171985630e-02 
 820.000  9.0119933700e-01  1.6579650880e-02 
 821.000  9.2899407800e-01  1.8000970840e-02 
 822.000  9.0438462800e-01  1.6702089310e-02 
 823.000  9.2060754900e-01  1.5263372420e-02 
 824.000  9.3118719300e-01  1.6918098450e-02 
 825.000  9.2727171700e-01  1.8122522350e-02 
 826.000  9.3357330500e-01  1.7957685470e-02 
 827.000  9.3092593700e-01  1.7711116790e-02 
 828.000  9.3080169800e-01  1.6933027270e-02 
 829.000  9.2973094300e-01  1.7127662660e-02 
 830.000  9.1426409300e-01  1.7133913040e-02 
 831.000  8.9804194300e-01  1.6882511140e-02 
 832.000  9.1633333500e-01  1.7220184330e-02 
 833.000  8.8738791800e-01  1.6947347640e-02 
 834.000  8.9986723500e-01  1.7405653000e-02 
 835.000  8.9981216900e-01  1.7702003480e-02 
 836.000  9.1093876600e-01  1.7926685330e-02 
 837.000  9.0350652100e-01  1.7718656540e-02 
 838.000  9.0573323900e-01  1.8006698610e-02 
 839.000  8.7681212300e-01  1.7527414320e-02 
 840.000  9.0002707000e-01  1.7973104480e-02 
 841.000  9.0334527800e-01  1.7864555360e-02 
 842.000  8.9686385500e-01  1.7830942150e-02 
 843.000  8.8863530300e-01  1.8100200650e-02 
 844.000  8.7295044100e-01  1.7944238660e-02 
 845.000  8.8572067700e-01  1.8275650020e-02 
 846.000  8.9307548900e-01  1.8568918230e-02 
 847.000  8.6169470400e-01  1.8067989350e-02 
 848.000  8.8818958100e-01  1.8421302800e-02 
 849.000  8.8970714000e-01  1.8559780120e-02 
 850.000  7.6973695800e-01  1.5902532580e-02 
 851.000  8.8255325000e-01  1.8087554930e-02 
 852.000  8.4904430100e-01  1.7470901490e-02 
 853.000  8.5774160000e-01  1.7691713330e-02 
 854.000  6.8965802700e-01  1.4255050660e-02 
 855.000  7.5865295400e-01  1.5789644240e-02 
 856.000  8.5953238200e-01  1.7928781510e-02 
 857.000  8.7263907600e-01  1.8356529240e-02 
 858.000  8.5835504700e-01  1.8050060270e-02 
 859.000  8.5748546700e-01  1.8083932880e-02 
 860.000  8.4944325900e-01  1.8002653120e-02 
 861.000  8.4929305200e-01  1.7977020260e-02 
 862.000  8.4628565600e-01  1.7848836900e-02 
 863.000  8.6245939100e-01  1.8292663570e-02 
 864.000  8.6058450600e-01  1.8099426270e-02 
 865.000  8.4444088400e-01  1.7895889280e-02 
 866.000  7.0830025700e-01  1.5055758480e-02 
 867.000  7.5431115200e-01  1.5817220690e-02 
 868.000  8.1809149400e-01  1.7244359970e-02 
 869.000  8.0659151900e-01  1.6989873890e-02 
 870.000  8.3992043000e-01  1.7811243060e-02 
 871.000  8.3871877000e-01  1.7712286000e-02 
 872.000  8.3525611700e-01  1.7402719500e-02 
 873.000  8.3874114700e-01  1.7605859760e-02 
 874.000  8.2043798500e-01  1.7135135650e-02 
 875.000  8.1293226700e-01  1.7128820420e-02 
 876.000  8.1989396600e-01  1.7187250140e-02 
 877.000  8.3635574900e-01  1.7374521260e-02 
 878.000  8.2259258900e-01  1.7163986210e-02 
 879.000  8.2455089400e-01  1.7262405400e-02 
 880.000  8.2030130100e-01  1.6976686480e-02 
 881.000  7.7793851000e-01  1.6144483570e-02 
 882.000  8.2119069000e-01  1.6836647030e-02 
 883.000  8.0221555800e-01  1.6638139720e-02 
 884.000  8.0894423200e-01  1.6998172760e-02 
 885.000  8.1829150700e-01  1.6707332610e-02 
 886.000  7.9280067600e-01  1.6215127940e-02 
 887.000  7.8372804800e-01  1.6016683580e-02 
 888.000  8.0728408300e-01  1.6304073330e-02 
 889.000  8.1239633600e-01  1.6701950070e-02 
 890.000  8.1057003100e-01  1.6563074110e-02 
 891.000  8.0753220200e-01  1.6263975140e-02 
 892.000  8.0688145600e-01  1.6012138370e-02 
 893.000  7.8129944100e-01  1.4629412650e-02 
 894.000  8.0971556700e-01  1.4890993120e-02 
 895.000  7.7473396300e-01  1.3570009230e-02 
 896.000  8.0549595900e-01  1.3221528050e-02 
 897.000  7.8694289400e-01  1.2407163620e-02 
 898.000  7.8829656000e-01  1.2032231330e-02 
 899.000  7.8758775900e-01  1.1104871750e-02 
 900.000  7.6792131700e-01  1.0830790520e-02 
 901.000  7.5147053800e-01  1.0416590690e-02 
 902.000  7.3763977200e-01  1.0262150760e-02 
 903.000  7.7372614400e-01  1.2103654860e-02 
 904.000  7.8809053700e-01  1.3147040370e-02 
 905.000  7.8600529900e-01  1.3366945270e-02 
 906.000  7.6518962000e-01  1.2474778180e-02 
 907.000  7.7815661100e-01  1.1661645890e-02 
 908.000  7.5912423500e-01  1.0690294270e-02 
 909.000  7.4423246300e-01  1.0483955380e-02 
 910.000  7.5303576100e-01  1.0687084200e-02 
 911.000  7.5103873400e-01  1.1233424190e-02 
 912.000  7.5266626000e-01  1.0814232830e-02 
 913.000  7.7028386100e-01  1.0289842610e-02 
 914.000  7.6532558500e-01  1.0571690560e-02 
 915.000  7.5269412600e-01  1.0923253060e-02 
 916.000  7.6104920800e-01  1.1060606000e-02 
 917.000  7.4913972700e-01  1.1040795330e-02 
 918.000  7.4533624200e-01  1.1218100550e-02 
 919.000  7.5516417000e-01  1.2559192660e-02 
 920.000  7.4795920000e-01  1.2778993610e-02 
 921.000  7.3158385000e-01  1.2341628070e-02 
 922.000  7.2503682800e-01  1.2325672150e-02 
 923.000  6.9465182700e-01  1.1272258760e-02 
 924.000  7.2403984700e-01  1.1666022300e-02 
 925.000  7.3365167000e-01  1.1710703850e-02 
 926.000  7.0745869700e-01  1.1124453540e-02 
 927.000  7.3381370500e-01  1.1337121960e-02 
 928.000  7.3833262400e-01  1.0531982420e-02 
 929.000  7.2801827800e-01  9.2850847240e-03 
 930.000  7.2619137200e-01  8.0838842390e-03 
 931.000  7.2589566000e-01  7.1905360220e-03 
 932.000  7.1878500900e-01  6.1667213440e-03 
 933.000  7.2074854600e-01  5.6309933660e-03 
 934.000  7.1443999900e-01  5.1208543780e-03 
 935.000  7.0385333200e-01  4.9971427920e-03 
 936.000  6.9878604100e-01  5.1125416760e-03 
 937.000  7.1438377800e-01  5.1882486340e-03 
 938.000  7.0688797300e-01  5.6690888400e-03 
 939.000  7.1314986500e-01  7.5739459990e-03 
 940.000  7.0951041500e-01  7.9267120360e-03 
 941.000  6.9338059900e-01  7.4340605740e-03 
 942.000  6.6684817900e-01  6.5020709040e-03 
 943.000  7.0262558300e-01  5.9308624270e-03 
 944.000  6.8331159500e-01  5.7008051870e-03 
 945.000  6.8985885400e-01  6.0391173360e-03 
 946.000  6.9921514800e-01  6.1434755330e-03 
 947.000  6.9498563600e-01  6.4054846760e-03 
 948.000  6.9918872800e-01  6.6277432440e-03 
 949.000  7.0140378100e-01  6.6346383090e-03 
 950.000  6.9678034100e-01  6.6396627430e-03 
 951.000  6.9264363200e-01  7.0416045190e-03 
 952.000  6.9257158900e-01  6.5912814140e-03 
 953.000  6.9065978900e-01  6.9068903920e-03 
 954.000  6.8398824400e-01  7.2368106840e-03 
 955.000  6.3888343500e-01  6.4851965900e-03 
 956.000  6.8153885900e-01  6.8814558980e-03 
 957.000  6.8118632200e-01  7.9709382060e-03 
 958.000  6.8643766000e-01  8.2225227360e-03 
 959.000  6.8909110000e-01  8.0534982680e-03 
 960.000  6.8258045100e-01  7.9283509250e-03 
 961.000  6.7525893200e-01  7.7478837970e-03 
 962.000  6.7862055900e-01  7.8839478490e-03 
 963.000  6.7721934300e-01  8.6171121600e-03 
 964.000  6.6946948700e-01  8.6395635600e-03 
 965.000  6.7765377400e-01  8.6712932590e-03 
 966.000  6.5809354000e-01  8.4708147050e-03 
 967.000  6.7766478900e-01  9.3524942400e-03 
 968.000  6.7019623600e-01  1.0272541050e-02 
 969.000  6.7429245700e-01  1.0785297390e-02 
 970.000  6.7611708600e-01  1.0838795660e-02 
 971.000  6.7013667400e-01  1.0724652290e-02 
 972.000  6.7488398500e-01  1.0657995220e-02 
 973.000  6.6864777100e-01  1.0261075970e-02 
 974.000  6.5839867800e-01  9.7521791460e-03 
 975.000  6.6169018400e-01  9.5611658100e-03 
 976.000  6.6969900000e-01  9.9515237810e-03 
 977.000  6.5272186900e-01  1.0129774090e-02 
 978.000  6.6886626800e-01  1.0343587880e-02 
 979.000  6.4943166700e-01  1.0157219890e-02 
 980.000  6.5858560100e-01  1.0775199890e-02 
 981.000  6.6307639500e-01  1.0964058880e-02 
 982.000  6.6165105500e-01  1.0824626920e-02 
 983.000  6.5985655200e-01  1.1068643570e-02 
 984.000  6.5543658300e-01  1.1303224560e-02 
 985.000  6.5512430600e-01  1.1487396240e-02 
 986.000  6.4977951500e-01  1.1660101890e-02 
 987.000  6.5716974800e-01  1.1914450650e-02 
 988.000  6.4906612200e-01  1.1789913180e-02 
 989.000  6.4082625600e-01  1.1650568960e-02 
 990.000  6.4628896200e-01  1.1772657390e-02 
 991.000  6.5153411500e-01  1.1970914840e-02 
 992.000  6.4550324000e-01  1.1879114150e-02 
 993.000  6.4545620700e-01  1.1875709530e-02 
 994.000  6.4869397600e-01  1.2021266940e-02 
 995.000  6.4388305300e-01  1.2001461980e-02 
 996.000  6.4376748300e-01  1.1982093810e-02 
 997.000  6.4448266700e-01  1.1925662990e-02 
 998.000  6.4212080800e-01  1.1817421910e-02 
 999.000  6.4055255800e-01  1.1752154350e-02 
1000.000  6.3544041100e-01  1.1659250260e-02 
1001.000  6.3908889800e-01  1.1602247240e-02 
1002.000  6.3844768900e-01  1.1407974240e-02 
1003.000  6.3092133200e-01  1.1302552220e-02 
1004.000  6.2548824400e-01  1.1291980740e-02 
1005.000  5.8434196100e-01  1.0581956860e-02 
1006.000  6.1483440800e-01  1.1139593120e-02 
1007.000  6.2608970400e-01  1.1299968720e-02 
1008.000  6.2898168100e-01  1.1205331800e-02 
1009.000  6.2547817100e-01  1.0962434770e-02 
1010.000  6.2767070200e-01  1.1066258430e-02 
1011.000  6.2395748700e-01  1.1178872110e-02 
1012.000  6.2399294000e-01  1.1245659830e-02 
1013.000  6.1938302200e-01  1.1214328770e-02 
1014.000  6.2328295800e-01  1.1343380930e-02 
1015.000  6.1176919600e-01  1.1175112720e-02 
1016.000  6.1563258800e-01  1.1310646060e-02 
1017.000  6.0950395700e-01  1.1241332050e-02 
1018.000  6.1756781400e-01  1.1399976730e-02 
1019.000  6.0369496100e-01  1.1108092310e-02 
1020.000  6.0234851200e-01  1.1062014580e-02 
1021.000  6.0817572700e-01  1.1134687420e-02 
1022.000  5.9933741000e-01  1.0804837230e-02 
1023.000  6.1110036200e-01  1.0863848690e-02 
1024.000  6.0815890000e-01  1.0688551900e-02 
1025.000  6.0744014100e-01  1.0712538720e-02 
1026.000  6.0790263900e-01  1.0753533360e-02 
1027.000  6.0434198900e-01  1.0717462540e-02 
1028.000  6.0567159700e-01  1.0811797140e-02 
1029.000  5.9622212300e-01  1.0743283270e-02 
1030.000  6.0196984200e-01  1.0956149100e-02 
1031.000  5.9994136300e-01  1.1000505450e-02 
1032.000  5.9772539800e-01  1.1012431140e-02 
1033.000  5.8670013800e-01  1.0781893730e-02 
1034.000  5.9283680900e-01  1.0872326850e-02 
1035.000  5.8645754100e-01  1.0736491200e-02 
1036.000  5.9414741100e-01  1.0838000300e-02 
1037.000  5.8162875000e-01  1.0579796790e-02 
1038.000  5.8734570900e-01  1.0653665540e-02 
1039.000  5.8985466200e-01  1.0659912110e-02 
1040.000  5.8296392500e-01  1.0498667720e-02 
1041.000  5.8609493400e-01  1.0520341870e-02 
1042.000  5.8786541000e-01  1.0520460130e-02 
1043.000  5.7773197800e-01  1.0310091020e-02 
1044.000  5.8354976400e-01  1.0380528450e-02 
1045.000  5.8121719300e-01  1.0377127650e-02 
1046.000  5.6442366600e-01  1.0126378060e-02 
1047.000  5.7493565400e-01  1.0363697050e-02 
1048.000  5.8082602400e-01  1.0521013260e-02 
1049.000  5.7726200100e-01  1.0509016040e-02 
1050.000  5.7399958200e-01  1.0499980930e-02 
1051.000  5.7432728800e-01  1.0465610500e-02 
1052.000  5.7182671900e-01  1.0374209400e-02 
1053.000  5.7210777900e-01  1.0336130140e-02 
1054.000  5.6651155600e-01  1.0191034320e-02 
1055.000  5.7095848200e-01  1.0217256550e-02 
1056.000  5.6967686100e-01  1.0146643640e-02 
1057.000  5.6925613800e-01  1.0093214040e-02 
1058.000  5.6429904700e-01  9.9411582950e-03 
1059.000  5.4649801700e-01  9.6506338120e-03 
1060.000  5.6569294500e-01  1.0050582890e-02 
1061.000  5.4599141000e-01  9.7076759340e-03 
1062.000  5.6175595700e-01  9.9556102750e-03 
1063.000  5.5249170200e-01  9.7600555420e-03 
1064.000  5.5991736700e-01  9.7966547010e-03 
1065.000  5.5982872900e-01  9.6883049010e-03 
1066.000  5.4262681900e-01  9.3415765760e-03 
1067.000  5.5580776000e-01  9.4988622670e-03 
1068.000  5.5446537400e-01  9.3321886060e-03 
1069.000  5.1311052600e-01  8.5736188890e-03 
1070.000  5.4342003100e-01  9.1259527210e-03 
1071.000  5.4483255300e-01  9.1340141300e-03 
1072.000  5.4719445200e-01  9.1593551640e-03 
1073.000  5.2928834000e-01  8.8863267900e-03 
1074.000  5.4776058100e-01  9.2425317760e-03 
1075.000  5.3001592500e-01  9.0481262210e-03 
1076.000  5.4215780700e-01  9.2199640270e-03 
1077.000  5.4157071100e-01  9.1598291400e-03 
1078.000  5.4369432800e-01  9.1373271940e-03 
1079.000  5.2286544700e-01  8.7908620830e-03 
1080.000  5.4026703000e-01  8.9163599010e-03 
1081.000  5.2048589300e-01  8.5768499370e-03 
1082.000  5.2632237000e-01  8.6983547210e-03 
1083.000  5.1304750300e-01  8.3429908750e-03 
1084.000  5.3366513900e-01  8.5358486180e-03 
1085.000  5.2906007900e-01  8.2133026120e-03 
1086.000  5.3540780000e-01  8.3097009660e-03 
1087.000  5.0013088600e-01  7.9471654890e-03 
1088.000  5.3034069500e-01  8.4970264430e-03 
1089.000  5.1312536800e-01  8.0075683590e-03 
1090.000  5.2485555800e-01  8.1965370180e-03 
1091.000  5.2765693500e-01  8.3451004030e-03 
1092.000  5.1690049700e-01  8.1033611300e-03 
1093.000  5.1377499400e-01  7.8321595190e-03 
1094.000  4.6876581600e-01  7.0100159650e-03 
1095.000  5.0716775700e-01  7.5569624900e-03 
1096.000  5.0790411100e-01  7.5417995450e-03 
1097.000  4.9869928400e-01  7.3057646750e-03 
1098.000  4.9774853300e-01  6.6908831600e-03 
1099.000  5.0223885800e-01  6.2033853530e-03 
1100.000  5.1065338500e-01  6.3415665630e-03 
1101.000  5.0907161400e-01  6.3904004100e-03 
1102.000  4.8815999800e-01  6.0886182790e-03 
1103.000  5.0719405700e-01  6.3668780330e-03 
1104.000  5.0394797000e-01  6.2348542210e-03 
1105.000  5.0430886500e-01  6.0238103870e-03 
1106.000  5.0119814500e-01  5.7900485990e-03 
1107.000  5.0030107600e-01  5.8155813220e-03 
1108.000  4.9846046500e-01  5.8122162820e-03 
1109.000  4.9977534000e-01  5.9736986160e-03 
1110.000  5.0233904200e-01  5.9516592030e-03 
1111.000  4.9630528700e-01  5.7720532420e-03 
1112.000  4.9189223300e-01  5.3270230290e-03 
1113.000  4.9016983900e-01  4.8382887840e-03 
1114.000  4.9547743400e-01  4.7358417510e-03 
1115.000  4.9048778500e-01  4.2405300140e-03 
1116.000  4.8428247200e-01  3.9585471150e-03 
1117.000  4.9002716200e-01  3.5725352760e-03 
1118.000  4.8489513000e-01  3.2025160790e-03 
1119.000  4.7133741900e-01  2.9726669790e-03 
1120.000  4.7228665500e-01  2.8442409040e-03 
1121.000  4.7529376300e-01  2.8359107970e-03 
1122.000  4.7308976000e-01  2.7203743460e-03 
1123.000  4.7531177900e-01  2.7847051620e-03 
1124.000  4.7622588700e-01  2.8272819520e-03 
1125.000  4.6630314800e-01  2.7481565480e-03 
1126.000  4.5738544800e-01  2.6880540850e-03 
1127.000  4.7287065600e-01  2.7881832120e-03 
1128.000  4.6422557500e-01  2.7554159160e-03 
1129.000  4.6712010200e-01  2.8921127320e-03 
1130.000  4.6803640300e-01  3.2693464760e-03 
1131.000  4.7316555000e-01  3.4322211740e-03 
1132.000  4.7416540900e-01  3.2626006600e-03 
1133.000  4.6192003300e-01  2.9134390350e-03 
1134.000  4.5652356200e-01  2.5610194210e-03 
1135.000  4.6250569400e-01  2.6130588050e-03 
1136.000  4.6442073400e-01  2.9694712160e-03 
1137.000  4.7121704300e-01  3.3070402150e-03 
1138.000  4.5515710700e-01  3.5367331500e-03 
1139.000  4.6536979500e-01  3.7723822590e-03 
1140.000  4.6659743300e-01  3.7081024650e-03 
1141.000  4.5310978400e-01  3.4727444650e-03 
1142.000  4.6537455800e-01  3.5135052200e-03 
1143.000  4.5699825700e-01  3.2963831420e-03 
1144.000  4.5372367300e-01  3.1167871950e-03 
1145.000  4.5634206900e-01  2.9349272250e-03 
1146.000  4.6102019900e-01  3.0076773170e-03 
1147.000  4.6335743100e-01  3.1861696240e-03 
1148.000  4.5895069800e-01  3.3173015120e-03 
1149.000  4.6042338300e-01  3.4020900730e-03 
1150.000  4.5846807500e-01  3.4076449870e-03 
1151.000  4.5712329100e-01  3.5273489950e-03 
1152.000  4.5626875300e-01  3.5879392620e-03 
1153.000  4.5547123500e-01  3.6792418960e-03 
1154.000  4.5895070400e-01  3.7023665900e-03 
1155.000  4.6052941600e-01  3.9215867520e-03 
1156.000  4.5428680700e-01  4.0993080140e-03 
1157.000  4.5854524800e-01  4.6931238170e-03 
1158.000  4.5861669500e-01  5.0095949170e-03 
1159.000  4.5213386300e-01  5.2482471470e-03 
1160.000  4.4638993900e-01  5.3254861830e-03 
1161.000  4.3676237000e-01  5.5389876370e-03 
1162.000  4.5257331900e-01  6.0162973400e-03 
1163.000  4.5445311500e-01  6.3584165570e-03 
1164.000  4.4522189100e-01  6.2935614590e-03 
1165.000  4.5381584500e-01  6.4699015620e-03 
1166.000  4.4204474800e-01  6.3835630420e-03 
1167.000  4.4921406600e-01  6.5395421980e-03 
1168.000  4.5314032100e-01  6.5856099130e-03 
1169.000  4.3747146700e-01  6.4079675670e-03 
1170.000  4.4923578000e-01  6.6248269080e-03 
1171.000  4.5131448700e-01  6.7575078010e-03 
1172.000  4.4990312400e-01  6.6804556850e-03 
1173.000  4.4676896400e-01  6.5818405150e-03 
1174.000  4.4699537600e-01  6.5901756290e-03 
1175.000  4.4176252400e-01  6.6643137930e-03 
1176.000  4.3109735100e-01  6.6436886790e-03 
1177.000  4.4440908900e-01  6.7800378800e-03 
1178.000  4.3690265500e-01  6.5312991140e-03 
1179.000  4.3494286900e-01  6.5029067990e-03 
1180.000  4.4104909700e-01  6.5457038880e-03 
1181.000  4.3879605600e-01  6.3898100850e-03 
1182.000  4.3935107500e-01  6.2720518110e-03 
1183.000  4.1384218900e-01  5.9155063630e-03 
1184.000  4.3249411900e-01  6.2446656230e-03 
1185.000  4.3821616100e-01  6.4924788480e-03 
1186.000  4.3560916400e-01  6.3958363530e-03 
1187.000  4.3576312300e-01  6.2188668250e-03 
1188.000  4.3352773300e-01  6.1275849340e-03 
1189.000  4.0816477400e-01  5.8395853040e-03 
1190.000  4.2823697200e-01  6.3563694950e-03 
1191.000  4.3491351200e-01  6.4987626080e-03 
1192.000  4.3254597500e-01  6.5452351570e-03 
1193.000  4.3271221200e-01  6.4795622830e-03 
1194.000  4.3189939200e-01  6.4436678890e-03 
1195.000  4.2705799600e-01  6.2628803250e-03 
1196.000  4.2678877300e-01  6.2790575030e-03 
1197.000  4.2667546700e-01  6.2274851800e-03 
1198.000  4.1234540600e-01  6.0105090140e-03 
1199.000  3.9702159600e-01  5.7289648060e-03 
1200.000  4.2205028000e-01  6.1287193300e-03 
1201.000  4.2507894700e-01  6.1925592420e-03 
1202.000  4.2589439200e-01  6.2321982380e-03 
1203.000  4.0510881000e-01  5.9066476820e-03 
1204.000  4.1182222400e-01  6.0397424700e-03 
1205.000  4.2137505600e-01  6.3764820100e-03 
1206.000  4.1881184700e-01  6.4303078650e-03 
1207.000  4.2162425200e-01  6.5125842090e-03 
1208.000  4.1548678600e-01  6.3875789640e-03 
1209.000  3.8952839200e-01  5.9414906500e-03 
1210.000  4.1680484100e-01  6.2762680050e-03 
1211.000  4.0288204200e-01  6.0616059300e-03 
1212.000  4.1549617800e-01  6.2865791320e-03 
1213.000  4.1703178900e-01  6.4044284820e-03 
1214.000  4.1524708700e-01  6.3811163900e-03 
1215.000  4.1667341100e-01  6.4495821000e-03 
1216.000  4.1544180500e-01  6.5798835750e-03 
1217.000  4.1457821400e-01  6.6882338520e-03 
1218.000  4.1312806200e-01  6.7167959210e-03 
1219.000  4.0926210900e-01  6.6814932820e-03 
1220.000  4.1201303100e-01  6.7166390420e-03 
1221.000  4.1115996400e-01  6.7033443450e-03 
1222.000  4.0888235600e-01  6.6586742400e-03 
1223.000  4.0688092300e-01  6.6549701690e-03 
1224.000  4.0982194800e-01  6.7997250560e-03 
1225.000  4.0749857500e-01  6.7955260280e-03 
1226.000  4.0882676400e-01  6.8612680440e-03 
1227.000  3.9479839400e-01  6.6859607700e-03 
1228.000  4.0689695100e-01  6.9632711410e-03 
1229.000  4.0622075400e-01  7.0014257430e-03 
1230.000  4.0459234100e-01  7.0312418940e-03 
1231.000  4.0445999000e-01  7.0640378000e-03 
1232.000  3.9986124200e-01  6.9997353550e-03 
1233.000  4.0298066400e-01  7.0657587050e-03 
1234.000  4.0151365300e-01  7.1135301590e-03 
1235.000  3.9864221700e-01  7.0849757190e-03 
1236.000  4.0090062300e-01  7.1348552700e-03 
1237.000  4.0079503900e-01  7.1556692120e-03 
1238.000  4.0051073900e-01  7.1567759510e-03 
1239.000  3.9592769300e-01  7.0766410830e-03 
1240.000  3.9415048600e-01  7.0882554050e-03 
1241.000  3.9775849400e-01  7.1932926180e-03 
1242.000  3.9554000300e-01  7.1904869080e-03 
1243.000  3.9121016500e-01  7.1499824520e-03 
1244.000  3.8786170400e-01  7.1161360740e-03 
1245.000  3.9464116400e-01  7.2608289720e-03 
1246.000  3.9170758400e-01  7.1599311830e-03 
1247.000  3.8992040400e-01  7.0787725450e-03 
1248.000  3.9308799600e-01  7.0873427390e-03 
1249.000  3.9175735700e-01  7.0237998960e-03 
1250.000  3.9036317600e-01  6.9518709180e-03 
1251.000  3.8783197600e-01  6.8722906110e-03 
1252.000  3.8683506400e-01  6.8177285190e-03 
1253.000  3.8381151400e-01  6.7258796690e-03 
1254.000  3.8513794300e-01  6.6827125550e-03 
1255.000  3.8472671920e-01  6.6287636760e-03 
1256.000  3.8413266940e-01  6.5788803100e-03 
1257.000  3.8001828390e-01  6.4195909500e-03 
1258.000  3.8201074390e-01  6.3109121320e-03 
1259.000  3.7811522810e-01  6.1257286070e-03 
1260.000  3.7893179660e-01  6.0127768520e-03 
1261.000  3.7848456570e-01  5.8776144980e-03 
1262.000  3.7038650030e-01  5.5988497730e-03 
1263.000  3.7487885070e-01  5.6550955770e-03 
1264.000  3.6904223390e-01  5.5705027580e-03 
1265.000  3.6971467260e-01  5.5972428320e-03 
1266.000  3.7210254220e-01  5.6140289310e-03 
1267.000  3.6513375310e-01  5.4879636760e-03 
1268.000  3.6153816120e-01  5.4017424580e-03 
1269.000  3.6492252120e-01  5.4378600120e-03 
1270.000  3.6893281100e-01  5.6186079980e-03 
1271.000  3.7098102690e-01  5.7095150950e-03 
1272.000  3.6988400220e-01  5.7526693340e-03 
1273.000  3.6956570670e-01  5.8136219980e-03 
1274.000  3.6735843940e-01  5.8459477420e-03 
1275.000  3.6952027810e-01  5.9041275980e-03 
1276.000  3.7011346290e-01  5.9192190170e-03 
1277.000  3.6983717250e-01  5.9068393710e-03 
1278.000  3.6877677120e-01  5.8778581620e-03 
1279.000  3.6630812230e-01  5.8598728180e-03 
1280.000  3.6414484650e-01  5.9184541700e-03 
1281.000  3.5375928670e-01  5.8386373520e-03 
1282.000  3.1414512220e-01  5.2639770510e-03 
1283.000  3.4476842290e-01  5.8400321010e-03 
1284.000  3.5899536580e-01  6.1245374680e-03 
1285.000  3.6162774660e-01  6.1889247890e-03 
1286.000  3.6150958680e-01  6.1539564130e-03 
1287.000  3.6372070010e-01  6.1347365380e-03 
1288.000  3.6144054170e-01  5.9147138600e-03 
1289.000  3.6359502460e-01  5.8955936430e-03 
1290.000  3.5526405120e-01  5.7420063020e-03 
1291.000  3.6012704760e-01  5.7974061970e-03 
1292.000  3.6162999250e-01  5.8370976450e-03 
1293.000  3.6195331310e-01  5.7988414760e-03 
1294.000  3.5620843090e-01  5.5857286450e-03 
1295.000  3.6004353280e-01  5.4960970880e-03 
1296.000  3.6030848770e-01  5.3914380070e-03 
1297.000  3.5808711370e-01  5.2960186000e-03 
1298.000  3.5488794490e-01  5.2538003920e-03 
1299.000  3.5845112010e-01  5.3098378180e-03 
1300.000  3.5701169550e-01  5.2924761770e-03 
1301.000  3.5644286750e-01  5.2658562660e-03 
1302.000  3.5187063930e-01  5.1109161380e-03 
1303.000  3.4998151310e-01  4.9050784110e-03 
1304.000  3.5020894700e-01  4.8150825500e-03 
1305.000  3.5236642800e-01  4.7915606500e-03 
1306.000  3.5270138300e-01  4.7382593150e-03 
1307.000  3.5166032220e-01  4.6859564780e-03 
1308.000  3.5136113420e-01  4.5983915330e-03 
1309.000  3.5104770340e-01  4.4750771520e-03 
1310.000  3.4959048940e-01  4.4542121890e-03 
1311.000  3.4851916400e-01  4.4474029540e-03 
1312.000  3.4743372290e-01  4.2906246190e-03 
1313.000  3.3460169900e-01  3.9588093760e-03 
1314.000  3.4504649380e-01  3.9344060420e-03 
1315.000  3.3342845900e-01  3.8732144830e-03 
1316.000  3.4118474210e-01  4.0738124850e-03 
1317.000  3.4485541530e-01  4.1180186270e-03 
1318.000  3.3997567180e-01  3.8776659970e-03 
1319.000  3.4463313780e-01  3.6971292500e-03 
1320.000  3.4208920430e-01  3.4341294770e-03 
1321.000  3.4058666710e-01  3.3355147840e-03 
1322.000  3.3990641740e-01  3.4572827820e-03 
1323.000  3.4065860030e-01  3.6154990200e-03 
1324.000  3.4083915020e-01  3.7072262760e-03 
1325.000  3.3975003670e-01  3.6314430240e-03 
1326.000  3.3816134710e-01  3.4567549230e-03 
1327.000  3.3546114380e-01  3.1252269740e-03 
1328.000  3.3634699950e-01  2.8658869270e-03 
1329.000  3.2407141830e-01  2.3744454380e-03 
1330.000  3.2914594430e-01  2.2804281710e-03 
1331.000  3.3061177780e-01  2.2142624860e-03 
1332.000  3.2306595440e-01  2.1851696970e-03 
1333.000  3.3160391740e-01  2.3112521170e-03 
1334.000  3.3201834710e-01  2.4083044530e-03 
1335.000  3.3230378600e-01  2.4811117650e-03 
1336.000  3.2870614600e-01  2.4775657650e-03 
1337.000  3.2977051170e-01  2.4889295100e-03 
1338.000  3.2952688360e-01  2.5396900180e-03 
1339.000  3.2598622760e-01  2.5143346790e-03 
1340.000  3.2364626010e-01  2.5406360630e-03 
1341.000  3.2853114590e-01  2.5175116060e-03 
1342.000  3.2772745620e-01  2.5177509780e-03 
1343.000  3.2769876490e-01  2.3312644960e-03 
1344.000  3.2620116070e-01  2.1697165970e-03 
1345.000  3.2370198080e-01  1.8898391720e-03 
1346.000  3.1853075910e-01  1.7464418410e-03 
1347.000  3.1913672730e-01  1.6975179910e-03 
1348.000  3.1555952220e-01  1.6267350910e-03 
1349.000  3.1341752040e-01  1.5941412450e-03 
1350.000  3.0701960100e-01  1.5197813510e-03 
1351.000  3.0485167650e-01  1.4818727970e-03 
1352.000  3.0540934680e-01  1.4441297050e-03 
1353.000  2.9955686930e-01  1.3681943420e-03 
1354.000  2.9593942890e-01  1.3239690070e-03 
1355.000  2.9029963820e-01  1.2688840630e-03 
1356.000  2.8602566120e-01  1.2178119420e-03 
1357.000  2.7932697260e-01  1.1497648950e-03 
1358.000  2.7972470590e-01  1.1092139480e-03 
1359.000  2.7200837140e-01  1.0072573420e-03 
1360.000  2.6204059800e-01  9.2533969880e-04 
1361.000  2.6423834610e-01  9.0351307390e-04 
1362.000  2.6197475560e-01  8.8735312220e-04 
1363.000  2.6223758680e-01  9.3335664270e-04 
1364.000  2.6750775960e-01  9.6724689010e-04 
1365.000  2.6737114220e-01  9.7494781020e-04 
1366.000  2.6924902670e-01  9.9906831980e-04 
1367.000  2.6429910760e-01  9.5835042000e-04 
1368.000  2.6432313820e-01  9.3763238190e-04 
1369.000  2.5956067810e-01  9.2561876770e-04 
1370.000  2.6507211720e-01  9.9723482130e-04 
1371.000  2.7285180230e-01  1.0979125500e-03 
1372.000  2.8368952150e-01  1.2160536050e-03 
1373.000  2.8779256840e-01  1.2796374560e-03 
1374.000  2.9108012840e-01  1.3186511990e-03 
1375.000  2.8698945750e-01  1.3108894820e-03 
1376.000  2.8270074640e-01  1.2829484940e-03 
1377.000  2.8527991780e-01  1.2768293620e-03 
1378.000  2.8038169240e-01  1.2214593890e-03 
1379.000  2.7852776260e-01  1.1636803150e-03 
1380.000  2.6853992780e-01  1.0543177130e-03 
1381.000  2.6248615540e-01  9.6524477010e-04 
1382.000  2.5434227180e-01  8.9941215520e-04 
1383.000  2.5656752260e-01  9.0319824220e-04 
1384.000  2.6226360020e-01  9.7755724190e-04 
1385.000  2.6434663890e-01  1.0273088220e-03 
1386.000  2.7232496320e-01  1.1081393960e-03 
1387.000  2.7622735360e-01  1.1990482810e-03 
1388.000  2.8201773690e-01  1.2588757280e-03 
1389.000  2.8426274880e-01  1.2840052840e-03 
1390.000  2.7925048570e-01  1.2659475800e-03 
1391.000  2.8198663690e-01  1.2659868000e-03 
1392.000  2.7754590620e-01  1.2103183270e-03 
1393.000  2.7300256970e-01  1.1560422180e-03 
1394.000  2.6695104980e-01  1.0985802410e-03 
1395.000  2.6825189160e-01  1.1180810930e-03 
1396.000  2.7418101070e-01  1.1810680630e-03 
1397.000  2.7724846360e-01  1.2249902490e-03 
1398.000  2.7745991420e-01  1.2293052670e-03 
1399.000  2.7564657410e-01  1.2106513980e-03 
1400.000  2.6764316340e-01  1.1702053550e-03 
1401.000  2.6885537520e-01  1.1781990530e-03 
1402.000  2.7541963130e-01  1.2304342990e-03 
1403.000  2.7472002860e-01  1.2411904340e-03 
1404.000  2.7263763470e-01  1.2227077480e-03 
1405.000  2.7280301370e-01  1.2240631580e-03 
1406.000  2.7241903940e-01  1.2107316260e-03 
1407.000  2.7268940430e-01  1.2106131320e-03 
1408.000  2.7353129100e-01  1.2365379330e-03 
1409.000  2.7644637870e-01  1.2654467820e-03 
1410.000  2.7763774020e-01  1.2985857730e-03 
1411.000  2.7970891960e-01  1.3275002240e-03 
1412.000  2.6877922910e-01  1.2727483510e-03 
1413.000  2.7396968150e-01  1.3030033110e-03 
1414.000  2.7755255110e-01  1.3115768430e-03 
1415.000  2.7739162250e-01  1.3212616440e-03 
1416.000  2.7688268330e-01  1.3282065390e-03 
1417.000  2.7890391260e-01  1.3354207280e-03 
1418.000  2.7901264320e-01  1.3335342410e-03 
1419.000  2.7503898580e-01  1.3117120270e-03 
1420.000  2.7443532340e-01  1.3099752660e-03 
1421.000  2.7899001380e-01  1.3478251700e-03 
1422.000  2.7275612000e-01  1.3235359190e-03 
1423.000  2.7109567630e-01  1.3146806960e-03 
1424.000  2.7134067790e-01  1.3094408510e-03 
1425.000  2.7657648590e-01  1.3214628700e-03 
1426.000  2.6538517680e-01  1.2640172240e-03 
1427.000  2.6952596120e-01  1.2894883160e-03 
1428.000  2.7537594550e-01  1.3213850260e-03 
1429.000  2.6891761190e-01  1.2964742180e-03 
1430.000  2.6307633100e-01  1.2608157400e-03 
1431.000  2.6247338180e-01  1.2304264310e-03 
1432.000  2.6724474760e-01  1.2356710430e-03 
1433.000  2.6738054670e-01  1.2304507490e-03 
1434.000  2.6199169820e-01  1.1947582960e-03 
1435.000  2.6518811070e-01  1.2193351980e-03 
1436.000  2.6522389590e-01  1.2210583690e-03 
1437.000  2.6627157880e-01  1.2240613700e-03 
1438.000  2.6562362240e-01  1.2352974410e-03 
1439.000  2.6876405110e-01  1.2474930290e-03 
1440.000  2.5212743280e-01  1.1733758450e-03 
1441.000  2.6483260580e-01  1.2313359980e-03 
1442.000  2.5866663990e-01  1.1903953550e-03 
1443.000  2.6296192860e-01  1.2050272230e-03 
1444.000  2.6424065440e-01  1.2116022110e-03 
1445.000  2.6344310970e-01  1.2042509320e-03 
1446.000  2.6627107050e-01  1.2263181210e-03 
1447.000  2.6505376490e-01  1.2301443820e-03 
1448.000  2.6708019720e-01  1.2363644840e-03 
1449.000  2.6697395880e-01  1.2200609450e-03 
1450.000  2.6517763620e-01  1.1901948450e-03 
1451.000  2.6346785200e-01  1.1824557780e-03 
1452.000  2.6022389580e-01  1.1898578410e-03 
1453.000  2.6517672480e-01  1.2662881610e-03 
1454.000  2.6620726100e-01  1.3490748410e-03 
1455.000  2.6284020490e-01  1.3895856140e-03 
1456.000  2.6272003860e-01  1.4546747210e-03 
1457.000  2.6523912610e-01  1.4712097640e-03 
1458.000  2.6886593670e-01  1.5004315380e-03 
1459.000  2.6986486300e-01  1.4424431320e-03 
1460.000  2.6527353810e-01  1.3655072450e-03 
1461.000  2.6469390580e-01  1.3303817510e-03 
1462.000  2.6180313090e-01  1.2501755950e-03 
1463.000  2.6005751950e-01  1.2344039680e-03 
1464.000  2.5988644230e-01  1.2105466130e-03 
1465.000  2.6289161220e-01  1.1819280390e-03 
1466.000  2.5663039400e-01  1.1096524000e-03 
1467.000  2.6278143970e-01  1.1061125990e-03 
1468.000  2.5631448360e-01  1.0498172040e-03 
1469.000  2.5914101830e-01  1.0243476630e-03 
1470.000  2.5764628640e-01  1.0020745990e-03 
1471.000  2.5357193600e-01  1.0120483640e-03 
1472.000  2.5510426670e-01  1.0661987070e-03 
1473.000  2.5734889030e-01  1.1702667470e-03 
1474.000  2.5026341210e-01  1.2277631760e-03 
1475.000  2.5558451590e-01  1.2485451700e-03 
1476.000  2.5598872920e-01  1.2440845970e-03 
1477.000  2.5673998400e-01  1.2104023690e-03 
1478.000  2.5302648900e-01  1.1577422620e-03 
1479.000  2.5592528000e-01  1.1254490610e-03 
1480.000  2.5732764060e-01  1.1514302490e-03 
1481.000  2.5349135450e-01  1.1763722900e-03 
1482.000  2.5664729830e-01  1.2463297840e-03 
1483.000  2.5136137530e-01  1.2333985570e-03 
1484.000  2.5368467310e-01  1.2470376490e-03 
1485.000  2.5851392910e-01  1.2589632270e-03 
1486.000  2.5425398310e-01  1.2942545410e-03 
1487.000  2.5454486950e-01  1.4175387620e-03 
1488.000  2.2252318710e-01  1.2507157330e-03 
1489.000  2.5550374140e-01  1.6195768120e-03 
1490.000  2.5609837780e-01  1.8016197680e-03 
1491.000  2.5864402570e-01  1.9502812620e-03 
1492.000  2.5263412370e-01  1.9285953040e-03 
1493.000  2.5831127910e-01  2.0664613250e-03 
1494.000  2.5733028960e-01  2.0671174530e-03 
1495.000  2.5552975950e-01  2.1367597580e-03 
1496.000  2.4797315910e-01  2.2193031310e-03 
1497.000  2.5379718100e-01  2.2623405460e-03 
1498.000  2.5636781270e-01  2.4220135210e-03 
1499.000  2.5205583180e-01  2.5059823990e-03 
1500.000  2.5635429800e-01  2.6394104960e-03 
1501.000  2.5598825840e-01  2.5842595100e-03 
1502.000  2.5401095550e-01  2.4962589740e-03 
1503.000  2.2808718080e-01  2.1911418440e-03 
1504.000  2.3763108770e-01  2.3029959200e-03 
1505.000  2.3689287920e-01  2.4105169770e-03 
1506.000  2.4008679080e-01  2.4712650780e-03 
1507.000  2.5109798260e-01  2.6980259420e-03 
1508.000  2.4717737550e-01  2.7250730990e-03 
1509.000  2.4824512830e-01  2.8141217230e-03 
1510.000  2.5208119270e-01  2.8975503440e-03 
1511.000  2.5322743770e-01  2.9743213650e-03 
1512.000  2.4847393260e-01  2.9635972980e-03 
1513.000  2.4805808610e-01  2.9975006580e-03 
1514.000  2.4466266210e-01  2.9785292150e-03 
1515.000  2.4947049720e-01  3.0557746890e-03 
1516.000  2.4715549370e-01  2.9966123100e-03 
1517.000  2.4569174870e-01  2.9614655970e-03 
1518.000  2.5022007580e-01  3.0260822770e-03 
1519.000  2.4650681040e-01  2.9975223540e-03 
1520.000  2.4802326730e-01  3.0896673200e-03 
1521.000  2.4329917880e-01  3.1257078650e-03 
1522.000  2.4187528850e-01  3.1564760210e-03 
1523.000  2.4776285220e-01  3.2993111610e-03 
1524.000  2.4600406600e-01  3.3076558110e-03 
1525.000  2.4052197830e-01  3.2466976640e-03 
1526.000  2.4729699610e-01  3.3150329590e-03 
1527.000  2.4462426600e-01  3.2750661370e-03 
1528.000  2.4610751680e-01  3.2991817000e-03 
1529.000  2.4532878720e-01  3.2596013550e-03 
1530.000  2.2949772800e-01  3.0467484000e-03 
1531.000  2.4522207880e-01  3.2240581510e-03 
1532.000  2.4364915850e-01  3.1743762490e-03 
1533.000  2.4241831410e-01  3.1177539830e-03 
1534.000  2.3856575680e-01  3.0267193320e-03 
1535.000  2.3918006910e-01  2.9935965540e-03 
1536.000  2.4237847010e-01  3.0689189430e-03 
1537.000  2.4294121010e-01  3.1269595620e-03 
1538.000  2.3609678870e-01  3.0909271240e-03 
1539.000  2.4092457450e-01  3.2046992780e-03 
1540.000  2.3209646870e-01  3.1283283230e-03 
1541.000  2.3685877180e-01  3.1944513320e-03 
1542.000  2.3826712600e-01  3.2042651180e-03 
1543.000  2.3738081880e-01  3.1912193300e-03 
1544.000  2.4006571250e-01  3.2310242650e-03 
1545.000  2.4046697070e-01  3.2488663200e-03 
1546.000  2.4026031410e-01  3.2744979860e-03 
1547.000  2.3760838320e-01  3.2655944820e-03 
1548.000  2.3040341140e-01  3.1911509040e-03 
1549.000  2.3630869500e-01  3.2883806230e-03 
1550.000  2.3499667740e-01  3.2830502990e-03 
1551.000  2.3376651500e-01  3.2521781920e-03 
1552.000  2.3773995290e-01  3.2805786130e-03 
1553.000  2.3639870170e-01  3.2407248020e-03 
1554.000  2.2773714490e-01  3.0955235960e-03 
1555.000  2.3138956980e-01  3.1271450520e-03 
1556.000  2.2688461670e-01  3.0883119110e-03 
1557.000  2.3424946230e-01  3.2437312600e-03 
1558.000  2.3245518200e-01  3.2657442090e-03 
1559.000  2.3256631200e-01  3.3119540210e-03 
1560.000  2.2855020540e-01  3.3044910430e-03 
1561.000  2.3398783580e-01  3.3936307430e-03 
1562.000  2.3406292470e-01  3.3629193310e-03 
1563.000  2.3072370360e-01  3.2906818390e-03 
1564.000  2.2638043290e-01  3.1959826950e-03 
1565.000  2.3029404970e-01  3.2113914490e-03 
1566.000  2.2593021260e-01  3.1534774300e-03 
1567.000  2.2658297970e-01  3.1662175660e-03 
1568.000  2.2277407480e-01  3.1042714120e-03 
1569.000  2.2460260120e-01  3.1170139310e-03 
1570.000  2.1956547440e-01  3.0467936990e-03 
1571.000  2.2544865600e-01  3.1559712890e-03 
1572.000  2.2565143900e-01  3.1692593100e-03 
1573.000  2.2187508040e-01  3.1455733780e-03 
1574.000  2.2209661760e-01  3.1866958140e-03 
1575.000  2.0597716880e-01  2.9839761260e-03 
1576.000  2.2128771480e-01  3.2060329910e-03 
1577.000  1.9972688620e-01  2.8547999860e-03 
1578.000  2.1844320470e-01  3.0801672940e-03 
1579.000  2.1937706350e-01  3.0567786690e-03 
1580.000  2.2328268760e-01  3.0835561750e-03 
1581.000  2.2180206530e-01  3.0255594250e-03 
1582.000  2.1670439270e-01  2.9869105820e-03 
1583.000  2.1879323980e-01  3.0452713970e-03 
1584.000  2.1633089580e-01  3.0407819750e-03 
1585.000  2.2235450920e-01  3.1497521400e-03 
1586.000  2.1956162740e-01  3.1192579270e-03 
1587.000  2.1688617420e-01  3.1067636010e-03 
1588.000  2.1341698410e-01  3.0801725390e-03 
1589.000  1.9520400070e-01  2.8255631920e-03 
1590.000  2.1035659500e-01  3.0545096400e-03 
1591.000  2.0564334050e-01  2.9982512000e-03 
1592.000  2.1655006870e-01  3.1638705730e-03 
1593.000  2.2146792410e-01  3.2381081580e-03 
1594.000  2.1991361370e-01  3.2170271870e-03 
1595.000  2.2137860340e-01  3.2394843100e-03 
1596.000  2.0737310880e-01  3.0493102070e-03 
1597.000  2.1583074210e-01  3.1673314570e-03 
1598.000  2.1990390090e-01  3.2123291490e-03 
1599.000  2.1254236220e-01  3.0851328370e-03 
1600.000  2.1608466140e-01  3.1244349480e-03 
1601.000  2.0698831280e-01  3.0086786750e-03 
1602.000  2.1228146430e-01  3.1222326760e-03 
1603.000  2.1067127810e-01  3.1520667080e-03 
1604.000  2.1325837420e-01  3.2511229520e-03 
1605.000  2.1010538220e-01  3.2443041800e-03 
1606.000  2.0924996450e-01  3.2742047310e-03 
1607.000  2.1012949290e-01  3.2507925030e-03 
1608.000  2.1252371210e-01  3.2515037060e-03 
1609.000  2.1170668950e-01  3.2091324330e-03 
1610.000  1.9849637090e-01  2.9844226840e-03 
1611.000  2.0420267420e-01  3.0613803860e-03 
1612.000  2.0594876750e-01  3.0801804070e-03 
1613.000  2.1034434680e-01  3.1367721560e-03 
1614.000  2.0828000250e-01  3.0730438230e-03 
1615.000  2.1154401720e-01  3.1064257620e-03 
1616.000  1.9820306820e-01  2.8940865990e-03 
1617.000  2.0391561230e-01  3.0227205750e-03 
1618.000  2.1026925570e-01  3.1440031530e-03 
1619.000  2.0952526460e-01  3.1796712880e-03 
1620.000  2.0417485990e-01  3.1435954570e-03 
1621.000  2.0111409180e-01  3.1347572800e-03 
1622.000  2.0617624450e-01  3.2193593980e-03 
1623.000  2.1030440000e-01  3.2983047960e-03 
1624.000  2.1175778090e-01  3.3308193680e-03 
1625.000  2.0643990540e-01  3.2723448280e-03 
1626.000  2.0897125910e-01  3.3027441500e-03 
1627.000  2.0870170460e-01  3.3185634610e-03 
1628.000  2.1037878280e-01  3.3564713000e-03 
1629.000  2.1034825030e-01  3.3654816150e-03 
1630.000  2.0463745730e-01  3.2764899730e-03 
1631.000  2.0783802910e-01  3.3402044770e-03 
1632.000  2.0789052980e-01  3.2834770680e-03 
1633.000  2.0521506710e-01  3.1983573440e-03 
1634.000  2.0041292890e-01  3.0778548720e-03 
1635.000  2.0578623940e-01  3.1202843190e-03 
1636.000  2.0524210640e-01  3.0654659270e-03 
1637.000  1.9610448520e-01  2.8870806690e-03 
1638.000  1.9467136850e-01  2.8327779770e-03 
1639.000  1.9273139030e-01  2.7578604220e-03 
1640.000  1.9388755160e-01  2.7362082000e-03 
1641.000  1.9268758560e-01  2.6935012340e-03 
1642.000  1.9244746370e-01  2.7599513530e-03 
1643.000  1.9739372020e-01  2.8976354600e-03 
1644.000  1.9433895100e-01  2.9166564940e-03 
1645.000  1.9477209480e-01  2.9834201340e-03 
1646.000  1.9711310100e-01  3.0768048760e-03 
1647.000  1.9896387240e-01  3.1012277600e-03 
1648.000  1.9819527920e-01  3.0777709480e-03 
1649.000  1.9366757780e-01  3.0018055440e-03 
1650.000  1.9857512040e-01  3.0744662280e-03 
1651.000  1.9410099150e-01  3.0020799640e-03 
1652.000  1.9797481000e-01  3.0573334690e-03 
1653.000  1.9575186660e-01  3.0299816130e-03 
1654.000  1.9794826480e-01  3.0655634400e-03 
1655.000  1.9398061730e-01  3.0137472150e-03 
1656.000  1.9770629340e-01  3.0777978900e-03 
1657.000  1.9627336750e-01  3.0551462170e-03 
1658.000  1.9733399350e-01  3.0792100430e-03 
1659.000  1.9369896150e-01  3.0228648190e-03 
1660.000  1.9606278780e-01  3.0523803230e-03 
1661.000  1.9683256730e-01  3.0442614560e-03 
1662.000  1.9550987030e-01  2.9587678910e-03 
1663.000  1.9427924340e-01  2.8826506140e-03 
1664.000  1.9345697580e-01  2.8122334480e-03 
1665.000  1.9148133740e-01  2.7250206470e-03 
1666.000  1.9054935900e-01  2.7016720770e-03 
1667.000  1.9207189540e-01  2.7817356590e-03 
1668.000  1.8881763570e-01  2.7752709390e-03 
1669.000  1.8912008030e-01  2.8278968330e-03 
1670.000  1.9319231560e-01  2.9375298020e-03 
1671.000  1.9171711490e-01  2.9673690800e-03 
1672.000  1.8263628020e-01  2.8867836000e-03 
1673.000  1.8801674720e-01  3.0228383540e-03 
1674.000  1.8889045330e-01  3.0916764740e-03 
1675.000  1.8714039340e-01  3.1240293980e-03 
1676.000  1.8415923020e-01  3.0939962860e-03 
1677.000  1.8504431970e-01  3.1054337020e-03 
1678.000  1.8591311770e-01  3.1231586930e-03 
1679.000  1.8344047710e-01  3.0739080910e-03 
1680.000  1.7703175140e-01  2.9680998330e-03 
1681.000  1.7082641460e-01  2.8642685410e-03 
1682.000  1.7575959000e-01  2.9438915250e-03 
1683.000  1.8015281860e-01  3.0104925630e-03 
1684.000  1.8351371580e-01  3.0604667660e-03 
1685.000  1.8423267290e-01  3.0551507470e-03 
1686.000  1.8200982760e-01  3.0036945340e-03 
1687.000  1.8302611600e-01  2.9793779850e-03 
1688.000  1.8336784790e-01  2.9489839080e-03 
1689.000  1.8115787830e-01  2.8943696020e-03 
1690.000  1.8132118540e-01  2.8586111070e-03 
1691.000  1.8369396220e-01  2.9057283400e-03 
1692.000  1.8402831780e-01  2.9292819500e-03 
1693.000  1.8332885050e-01  2.9397785660e-03 
1694.000  1.8305145860e-01  2.9538004400e-03 
1695.000  1.8326058950e-01  2.9636857510e-03 
1696.000  1.8218891670e-01  2.9079499240e-03 
1697.000  1.8114823880e-01  2.8411717410e-03 
1698.000  1.8224146980e-01  2.8116858010e-03 
1699.000  1.8106373250e-01  2.7506189350e-03 
1700.000  1.7874280690e-01  2.6751644610e-03 
