 lambda   Irr_dw            Rad_up 
 550.000  1.5535933100e+00  4.7464809420e-02 
 551.000  1.5433298000e+00  4.6993293760e-02 
 552.000  1.6092147500e+00  4.8963912960e-02 
 553.000  1.5456449800e+00  4.6846118930e-02 
 554.000  1.5956101200e+00  4.8300205230e-02 
 555.000  1.5995984000e+00  4.8198722840e-02 
 556.000  1.5550569700e+00  4.6646472930e-02 
 557.000  1.5085545800e+00  4.5203708650e-02 
 558.000  1.5654983200e+00  4.6700248720e-02 
 559.000  1.4794242400e+00  4.4000850680e-02 
 560.000  1.4856864100e+00  4.4133255000e-02 
 561.000  1.6326380700e+00  4.8266174320e-02 
 562.000  1.4988185800e+00  4.4225601200e-02 
 563.000  1.5680272800e+00  4.6056091310e-02 
 564.000  1.5460422800e+00  4.5134002690e-02 
 565.000  1.5647881700e+00  4.5607326510e-02 
 566.000  1.4428042900e+00  4.1856933590e-02 
 567.000  1.5489823800e+00  4.4616500850e-02 
 568.000  1.5495579900e+00  4.4036582950e-02 
 569.000  1.5281750300e+00  4.2245224000e-02 
 570.000  1.5347098000e+00  4.2417423250e-02 
 571.000  1.4738039500e+00  4.1294288640e-02 
 572.000  1.5645755900e+00  4.3089729310e-02 
 573.000  1.5794257000e+00  4.3581813810e-02 
 574.000  1.5703737200e+00  4.3227581020e-02 
 575.000  1.5325830300e+00  4.1990745540e-02 
 576.000  1.5049951200e+00  4.1100826260e-02 
 577.000  1.5656088200e+00  4.2759284970e-02 
 578.000  1.5171996300e+00  4.1688037870e-02 
 579.000  1.5033929300e+00  4.1292613980e-02 
 580.000  1.5532147900e+00  4.2858787540e-02 
 581.000  1.5221167500e+00  4.2123313900e-02 
 582.000  1.5430624700e+00  4.2569915770e-02 
 583.000  1.5529638300e+00  4.2890846250e-02 
 584.000  1.5473099200e+00  4.2534938810e-02 
 585.000  1.5367088300e+00  4.2083892820e-02 
 586.000  1.4703617900e+00  4.0216030120e-02 
 587.000  1.5309314100e+00  4.1308837890e-02 
 588.000  1.5290553300e+00  3.9898628230e-02 
 589.000  1.3746725900e+00  3.4238925930e-02 
 590.000  1.4365521500e+00  3.5668643950e-02 
 591.000  1.5118343200e+00  3.8515785220e-02 
 592.000  1.4904645600e+00  3.7199890140e-02 
 593.000  1.4897388600e+00  3.8310840610e-02 
 594.000  1.5070200500e+00  3.8416992190e-02 
 595.000  1.4896813400e+00  3.6991985320e-02 
 596.000  1.5099207900e+00  3.8714717860e-02 
 597.000  1.5179738800e+00  3.8430652620e-02 
 598.000  1.4800804300e+00  3.7968711850e-02 
 599.000  1.4776114700e+00  3.8058544160e-02 
 600.000  1.4717299300e+00  3.8365722660e-02 
 601.000  1.4593264900e+00  3.8393985750e-02 
 602.000  1.4418770700e+00  3.7929145810e-02 
 603.000  1.4491183100e+00  3.8232936860e-02 
 604.000  1.4937605300e+00  3.9561023710e-02 
 605.000  1.4893404700e+00  3.9288143160e-02 
 606.000  1.4718634800e+00  3.8874359130e-02 
 607.000  1.4634079300e+00  3.8545993800e-02 
 608.000  1.4579145900e+00  3.8265419010e-02 
 609.000  1.4428675800e+00  3.7838657380e-02 
 610.000  1.4196669200e+00  3.7102767940e-02 
 611.000  1.4426389100e+00  3.7649402620e-02 
 612.000  1.4238127500e+00  3.7115570070e-02 
 613.000  1.4029822800e+00  3.6457492830e-02 
 614.000  1.3518411500e+00  3.5110584260e-02 
 615.000  1.4171325300e+00  3.6645900730e-02 
 616.000  1.3474425200e+00  3.4836734770e-02 
 617.000  1.3551268200e+00  3.4984531400e-02 
 618.000  1.4191726500e+00  3.6449359890e-02 
 619.000  1.4063579800e+00  3.6142684940e-02 
 620.000  1.4273551800e+00  3.6491130830e-02 
 621.000  1.4522140900e+00  3.7084117890e-02 
 622.000  1.3759442600e+00  3.5030941010e-02 
 623.000  1.3871600000e+00  3.5096679690e-02 
 624.000  1.3891054400e+00  3.5195018770e-02 
 625.000  1.3519146500e+00  3.4217399600e-02 
 626.000  1.3598369100e+00  3.4170513150e-02 
 627.000  1.3882796000e+00  3.4354228970e-02 
 628.000  1.3948614800e+00  3.3056278230e-02 
 629.000  1.4157282000e+00  3.4103473660e-02 
 630.000  1.3649259900e+00  3.3269649510e-02 
 631.000  1.4106862800e+00  3.4475460050e-02 
 632.000  1.3161873500e+00  3.1923103330e-02 
 633.000  1.4062663800e+00  3.4472511290e-02 
 634.000  1.3617161700e+00  3.3538158420e-02 
 635.000  1.3861973600e+00  3.4158710480e-02 
 636.000  1.3360079700e+00  3.2990886690e-02 
 637.000  1.3792823400e+00  3.4110622410e-02 
 638.000  1.3980086700e+00  3.4708995820e-02 
 639.000  1.3861759700e+00  3.4242092130e-02 
 640.000  1.3412658700e+00  3.3381698610e-02 
 641.000  1.3604897300e+00  3.3798885350e-02 
 642.000  1.3431591200e+00  3.3380146030e-02 
 643.000  1.3683268800e+00  3.3816650390e-02 
 644.000  1.3525564700e+00  3.3281669620e-02 
 645.000  1.3667723400e+00  3.3462615970e-02 
 646.000  1.3245875600e+00  3.1429416660e-02 
 647.000  1.3498314000e+00  3.1343692780e-02 
 648.000  1.3553963100e+00  3.0964357380e-02 
 649.000  1.3753886900e+00  3.1725057600e-02 
 650.000  1.2621974100e+00  3.0048379900e-02 
 651.000  1.3597409000e+00  3.2336242680e-02 
 652.000  1.3451840300e+00  3.1080324170e-02 
 653.000  1.3588536400e+00  3.2374362950e-02 
 654.000  1.3426323500e+00  3.1697311400e-02 
 655.000  1.3120396800e+00  3.0562984470e-02 
 656.000  1.1125942800e+00  2.5968275070e-02 
 657.000  1.1852380500e+00  2.7823751450e-02 
 658.000  1.3158305800e+00  3.1306579590e-02 
 659.000  1.3164918600e+00  3.1453321460e-02 
 660.000  1.3257771900e+00  3.1760725020e-02 
 661.000  1.3283845800e+00  3.2124580380e-02 
 662.000  1.3460548400e+00  3.2644203190e-02 
 663.000  1.3315000600e+00  3.2163482670e-02 
 664.000  1.3098410400e+00  3.1638191220e-02 
 665.000  1.3151842600e+00  3.1740985870e-02 
 666.000  1.3304575400e+00  3.2232940670e-02 
 667.000  1.3036515900e+00  3.1474506380e-02 
 668.000  1.3105123000e+00  3.1757236480e-02 
 669.000  1.3291203200e+00  3.2252979280e-02 
 670.000  1.3131023100e+00  3.1690382000e-02 
 671.000  1.2990277400e+00  3.1368932720e-02 
 672.000  1.2947403300e+00  3.1222040180e-02 
 673.000  1.3039445800e+00  3.1383087160e-02 
 674.000  1.3064168000e+00  3.1434003830e-02 
 675.000  1.2863926900e+00  3.0870809560e-02 
 676.000  1.3106249000e+00  3.1445661540e-02 
 677.000  1.2844980800e+00  3.0819738390e-02 
 678.000  1.3056848100e+00  3.1263599400e-02 
 679.000  1.2872858700e+00  3.0722043990e-02 
 680.000  1.2778510900e+00  3.0458625790e-02 
 681.000  1.2798324600e+00  3.0406538010e-02 
 682.000  1.2773930700e+00  3.0210292820e-02 
 683.000  1.2860861800e+00  3.0286247250e-02 
 684.000  1.2638908700e+00  2.9727092740e-02 
 685.000  1.2775608300e+00  2.9979669570e-02 
 686.000  1.2243876800e+00  2.8313533780e-02 
 687.000  1.2254534500e+00  2.4479127880e-02 
 688.000  1.2263450100e+00  2.5447130200e-02 
 689.000  1.2298953300e+00  2.5309606550e-02 
 690.000  1.2358326500e+00  2.5941993710e-02 
 691.000  1.2407826900e+00  2.6718688960e-02 
 692.000  1.2333012800e+00  2.6874897000e-02 
 693.000  1.2414437800e+00  2.6092580800e-02 
 694.000  1.2550712300e+00  2.5658176420e-02 
 695.000  1.2320873400e+00  2.5566917420e-02 
 696.000  1.2458854200e+00  2.6099292760e-02 
 697.000  1.2448246300e+00  2.7717384340e-02 
 698.000  1.2225495600e+00  2.6765768050e-02 
 699.000  1.2483901900e+00  2.5953298570e-02 
 700.000  1.2334544400e+00  2.5803762440e-02 
 701.000  1.2065647400e+00  2.4887832640e-02 
 702.000  1.2003570600e+00  2.4953943250e-02 
 703.000  1.2149652400e+00  2.6283386230e-02 
 704.000  1.2185082100e+00  2.6423770900e-02 
 705.000  1.2289487000e+00  2.6150051120e-02 
 706.000  1.2158400500e+00  2.5951845170e-02 
 707.000  1.1972315300e+00  2.5716585160e-02 
 708.000  1.2316933500e+00  2.6639690400e-02 
 709.000  1.1872215000e+00  2.6016387940e-02 
 710.000  1.2154509500e+00  2.6138803480e-02 
 711.000  1.2024532300e+00  2.6230165480e-02 
 712.000  1.1850549700e+00  2.6229896550e-02 
 713.000  1.1806582100e+00  2.5785776140e-02 
 714.000  1.2009584600e+00  2.6024986270e-02 
 715.000  1.1598577000e+00  2.4609277730e-02 
 716.000  1.1910062300e+00  2.4733144760e-02 
 717.000  1.1613127500e+00  2.1634721760e-02 
 718.000  1.1551632100e+00  2.0067806240e-02 
 719.000  1.1418634400e+00  1.9224195480e-02 
 720.000  1.1501936000e+00  1.8696968080e-02 
 721.000  1.1485367900e+00  2.1907270430e-02 
 722.000  1.1646590700e+00  2.3320467000e-02 
 723.000  1.1622529800e+00  2.2521425250e-02 
 724.000  1.1693107100e+00  2.0723234180e-02 
 725.000  1.1565477500e+00  2.0761905670e-02 
 726.000  1.1544320300e+00  2.0637258530e-02 
 727.000  1.1715154200e+00  2.1136039730e-02 
 728.000  1.1513890600e+00  2.0536182400e-02 
 729.000  1.1056288700e+00  2.0353265760e-02 
 730.000  1.1464812700e+00  2.0980520250e-02 
 731.000  1.1275895900e+00  2.0570631030e-02 
 732.000  1.1487122100e+00  2.2080638890e-02 
 733.000  1.1308569400e+00  2.3013860700e-02 
 734.000  1.1540567000e+00  2.4071022030e-02 
 735.000  1.1448538300e+00  2.3590900420e-02 
 736.000  1.1238435300e+00  2.2764469150e-02 
 737.000  1.1384214200e+00  2.3299793240e-02 
 738.000  1.1349747200e+00  2.3652441020e-02 
 739.000  1.0981238100e+00  2.3105281830e-02 
 740.000  1.1080955700e+00  2.3736768720e-02 
 741.000  1.0990334200e+00  2.3890960690e-02 
 742.000  1.0808632700e+00  2.3623291020e-02 
 743.000  1.1123209200e+00  2.4601144790e-02 
 744.000  1.1227417300e+00  2.4982448580e-02 
 745.000  1.0934345200e+00  2.4457624440e-02 
 746.000  1.1085607900e+00  2.4822296140e-02 
 747.000  1.1251638100e+00  2.5158113480e-02 
 748.000  1.1049457800e+00  2.4694139480e-02 
 749.000  1.1051402700e+00  2.4712114330e-02 
 750.000  1.0890065800e+00  2.4255067830e-02 
 751.000  1.0862044100e+00  2.4178165440e-02 
 752.000  1.1026584600e+00  2.4588462830e-02 
 753.000  1.0922242500e+00  2.4357357030e-02 
 754.000  1.1093251800e+00  2.4732156750e-02 
 755.000  1.1029617400e+00  2.4574947360e-02 
 756.000  1.0813691500e+00  2.4080131530e-02 
 757.000  1.0893608900e+00  2.4243185040e-02 
 758.000  1.0882220200e+00  2.4139024730e-02 
 759.000  1.0470622900e+00  2.1290170670e-02 
 760.000  8.2383280800e-01  8.6068563460e-03 
 761.000  7.9393500300e-01  7.6260275840e-03 
 762.000  9.2602187100e-01  1.3778751370e-02 
 763.000  9.1117120700e-01  1.1911509510e-02 
 764.000  9.3454309800e-01  1.3004572870e-02 
 765.000  9.8082621900e-01  1.5793931960e-02 
 766.000  9.7251712700e-01  1.8122718810e-02 
 767.000  1.0023775740e+00  1.9868654250e-02 
 768.000  1.0512791600e+00  2.1795486450e-02 
 769.000  1.0527297400e+00  2.2557197570e-02 
 770.000  1.0500464000e+00  2.2873796460e-02 
 771.000  1.0514958700e+00  2.3115554810e-02 
 772.000  1.0476170000e+00  2.3069278720e-02 
 773.000  1.0433024100e+00  2.2980833050e-02 
 774.000  1.0543075200e+00  2.3232461930e-02 
 775.000  1.0145997600e+00  2.2357276920e-02 
 776.000  1.0563127500e+00  2.3317754750e-02 
 777.000  1.0489981500e+00  2.3126417160e-02 
 778.000  1.0434551000e+00  2.2949024200e-02 
 779.000  1.0469293100e+00  2.2957248690e-02 
 780.000  1.0340578400e+00  2.2690008160e-02 
 781.000  1.0321989100e+00  2.2633432390e-02 
 782.000  1.0447332900e+00  2.2816064830e-02 
 783.000  1.0203996340e+00  2.2372314450e-02 
 784.000  1.0263091660e+00  2.2441473010e-02 
 785.000  1.0296845760e+00  2.2301298140e-02 
 786.000  1.0128241550e+00  2.1791072850e-02 
 787.000  1.0297069010e+00  2.1668632510e-02 
 788.000  1.0152408980e+00  2.1194293980e-02 
 789.000  1.0243750430e+00  2.0732206340e-02 
 790.000  1.0143349550e+00  2.0423290250e-02 
 791.000  1.0086014750e+00  2.0433708190e-02 
 792.000  9.9215192200e-01  2.0136686330e-02 
 793.000  9.9004625200e-01  2.0320245740e-02 
 794.000  9.7733619000e-01  2.0630086900e-02 
 795.000  9.7363154000e-01  2.0079074860e-02 
 796.000  9.9434434200e-01  1.9787984850e-02 
 797.000  9.9948409300e-01  2.0136413570e-02 
 798.000  9.9745983900e-01  2.0592731480e-02 
 799.000  9.9728419200e-01  2.0403268810e-02 
 800.000  9.7312498200e-01  1.9510662080e-02 
 801.000  9.9114300600e-01  1.9907680510e-02 
 802.000  9.8937520900e-01  1.9781520840e-02 
 803.000  9.7507079600e-01  1.9563341140e-02 
 804.000  9.8305691000e-01  1.9950981140e-02 
 805.000  9.5460835400e-01  1.9735982890e-02 
 806.000  9.7953751200e-01  2.0408067700e-02 
 807.000  9.7347595800e-01  2.0323427200e-02 
 808.000  9.6833332100e-01  2.0038696290e-02 
 809.000  9.5253742700e-01  1.9535795210e-02 
 810.000  9.4891033000e-01  1.9258520130e-02 
 811.000  9.6532066300e-01  1.9262548450e-02 
 812.000  9.6356203700e-01  1.8872947690e-02 
 813.000  9.6103471800e-01  1.8294586180e-02 
 814.000  9.6167000200e-01  1.7827251430e-02 
 815.000  9.5345681200e-01  1.7085996630e-02 
 816.000  9.4737810500e-01  1.6272504810e-02 
 817.000  9.5297231100e-01  1.6383455280e-02 
 818.000  9.4696382700e-01  1.6242664340e-02 
 819.000  9.2082937400e-01  1.6082357410e-02 
 820.000  9.0119486700e-01  1.6491924290e-02 
 821.000  9.2898899200e-01  1.7910388950e-02 
 822.000  9.0437847300e-01  1.6614042280e-02 
 823.000  9.2060644600e-01  1.5173672680e-02 
 824.000  9.3118258300e-01  1.6827295300e-02 
 825.000  9.2726711100e-01  1.8032085420e-02 
 826.000  9.3356937700e-01  1.7866785050e-02 
 827.000  9.3092007700e-01  1.7619960780e-02 
 828.000  9.3079737100e-01  1.6841773990e-02 
 829.000  9.2972523600e-01  1.7036220550e-02 
 830.000  9.1425997700e-01  1.7044103620e-02 
 831.000  8.9803734600e-01  1.6794401170e-02 
 832.000  9.1632859700e-01  1.7130161290e-02 
 833.000  8.8738255200e-01  1.6860332490e-02 
 834.000  8.9986230700e-01  1.7317787170e-02 
 835.000  8.9980793200e-01  1.7613857270e-02 
 836.000  9.1093519700e-01  1.7838499070e-02 
 837.000  9.0350252500e-01  1.7630321500e-02 
 838.000  9.0572994100e-01  1.7918203350e-02 
 839.000  8.7680914500e-01  1.7441747670e-02 
 840.000  9.0002328500e-01  1.7885475160e-02 
 841.000  9.0334158500e-01  1.7776634220e-02 
 842.000  8.9685865000e-01  1.7743461610e-02 
 843.000  8.8863287900e-01  1.8013744350e-02 
 844.000  8.7294588300e-01  1.7859153750e-02 
 845.000  8.8571634600e-01  1.8189332960e-02 
 846.000  8.9307172200e-01  1.8481845860e-02 
 847.000  8.6169096800e-01  1.7983652110e-02 
 848.000  8.8818434700e-01  1.8334737780e-02 
 849.000  8.8970277400e-01  1.8473098750e-02 
 850.000  7.6973356300e-01  1.5827544210e-02 
 851.000  8.8254796700e-01  1.8001899720e-02 
 852.000  8.4903897200e-01  1.7388534550e-02 
 853.000  8.5773748100e-01  1.7608297350e-02 
 854.000  6.8965557200e-01  1.4188348770e-02 
 855.000  7.5864904500e-01  1.5716240880e-02 
 856.000  8.5952787500e-01  1.7846055980e-02 
 857.000  8.7263341600e-01  1.8272073750e-02 
 858.000  8.5835214400e-01  1.7967153550e-02 
 859.000  8.5748168000e-01  1.8001184460e-02 
 860.000  8.4944050500e-01  1.7920978550e-02 
 861.000  8.4928977000e-01  1.7894886020e-02 
 862.000  8.4628332000e-01  1.7766996380e-02 
 863.000  8.6245487000e-01  1.8210237500e-02 
 864.000  8.6058106300e-01  1.8015998840e-02 
 865.000  8.4443634000e-01  1.7814537050e-02 
 866.000  7.0829722700e-01  1.4987751010e-02 
 867.000  7.5430860200e-01  1.5744121550e-02 
 868.000  8.1808771300e-01  1.7165815350e-02 
 869.000  8.0658918200e-01  1.6912170410e-02 
 870.000  8.3991718600e-01  1.7730878830e-02 
 871.000  8.3871668700e-01  1.7631910320e-02 
 872.000  8.3525335100e-01  1.7322196960e-02 
 873.000  8.3873929500e-01  1.7525968550e-02 
 874.000  8.2043408000e-01  1.7056356430e-02 
 875.000  8.1292923900e-01  1.7051429750e-02 
 876.000  8.1989176000e-01  1.7109106060e-02 
 877.000  8.3635246000e-01  1.7294893260e-02 
 878.000  8.2258867400e-01  1.7085353850e-02 
 879.000  8.2454805000e-01  1.7184209820e-02 
 880.000  8.2029705700e-01  1.6899164200e-02 
 881.000  7.7793507500e-01  1.6070566180e-02 
 882.000  8.2118984000e-01  1.6758417130e-02 
 883.000  8.0221196100e-01  1.6562227250e-02 
 884.000  8.0894071600e-01  1.6921688080e-02 
 885.000  8.1828947500e-01  1.6629594800e-02 
 886.000  7.9279742300e-01  1.6140150070e-02 
 887.000  7.8372485800e-01  1.5942015650e-02 
 888.000  8.0727662000e-01  1.6227191930e-02 
 889.000  8.1239880200e-01  1.6625162120e-02 
 890.000  8.1056675100e-01  1.6486213680e-02 
 891.000  8.0752922700e-01  1.6187702180e-02 
 892.000  8.0687980900e-01  1.5935383800e-02 
 893.000  7.8129644500e-01  1.4555409430e-02 
 894.000  8.0971208100e-01  1.4813766480e-02 
 895.000  7.7472996000e-01  1.3496475220e-02 
 896.000  8.0548725200e-01  1.3144522670e-02 
 897.000  7.8693944600e-01  1.2332272530e-02 
 898.000  7.8829269900e-01  1.1957099910e-02 
 899.000  7.8758419100e-01  1.1028614040e-02 
 900.000  7.6791867200e-01  1.0757206920e-02 
 901.000  7.5146711200e-01  1.0344157220e-02 
 902.000  7.3763659500e-01  1.0191232680e-02 
 903.000  7.7372293000e-01  1.2029687880e-02 
 904.000  7.8808961400e-01  1.3071619030e-02 
 905.000  7.8600047600e-01  1.3291934970e-02 
 906.000  7.6518622500e-01  1.2401634220e-02 
 907.000  7.7815395200e-01  1.1587194440e-02 
 908.000  7.5912094900e-01  1.0617702480e-02 
 909.000  7.4422908400e-01  1.0412845610e-02 
 910.000  7.5303257000e-01  1.0615047450e-02 
 911.000  7.5103503500e-01  1.1161739350e-02 
 912.000  7.5266323500e-01  1.0742099760e-02 
 913.000  7.7028093800e-01  1.0216041560e-02 
 914.000  7.6532334400e-01  1.0497777940e-02 
 915.000  7.5269113400e-01  1.0851468090e-02 
 916.000  7.6104656000e-01  1.0987687110e-02 
 917.000  7.4913604000e-01  1.0969484330e-02 
 918.000  7.4533333300e-01  1.1146781920e-02 
 919.000  7.5516332600e-01  1.2487259860e-02 
 920.000  7.4795895100e-01  1.2707773210e-02 
 921.000  7.3158007700e-01  1.2271771430e-02 
 922.000  7.2503670100e-01  1.2256514550e-02 
 923.000  6.9464698200e-01  1.1205589290e-02 
 924.000  7.2403729400e-01  1.1596947670e-02 
 925.000  7.3364876500e-01  1.1640809060e-02 
 926.000  7.0745745300e-01  1.1056853290e-02 
 927.000  7.3381049300e-01  1.1267656330e-02 
 928.000  7.3832991300e-01  1.0461593630e-02 
 929.000  7.2801558000e-01  9.2155017850e-03 
 930.000  7.2618904800e-01  8.0139856340e-03 
 931.000  7.2589304000e-01  7.1205196380e-03 
 932.000  7.1878256700e-01  6.0973396300e-03 
 933.000  7.2074617400e-01  5.5615482330e-03 
 934.000  7.1443761700e-01  5.0522122380e-03 
 935.000  7.0385093200e-01  4.9295568470e-03 
 936.000  6.9878369100e-01  5.0453691480e-03 
 937.000  7.1438138900e-01  5.1196646690e-03 
 938.000  7.0688558200e-01  5.6011319160e-03 
 939.000  7.1314737000e-01  7.5055484770e-03 
 940.000  7.0950788400e-01  7.8588094710e-03 
 941.000  6.9337835400e-01  7.3676762580e-03 
 942.000  6.6684599400e-01  6.4382104870e-03 
 943.000  7.0262331800e-01  5.8637342450e-03 
 944.000  6.8330931200e-01  5.6354894640e-03 
 945.000  6.8985656200e-01  5.9732270240e-03 
 946.000  6.9921286000e-01  6.0766839980e-03 
 947.000  6.9498334200e-01  6.3391737940e-03 
 948.000  6.9918645000e-01  6.5611715320e-03 
 949.000  7.0140144500e-01  6.5679535870e-03 
 950.000  6.9677796100e-01  6.5735363960e-03 
 951.000  6.9264137100e-01  6.9757404330e-03 
 952.000  6.9256931600e-01  6.5254673960e-03 
 953.000  6.9065771900e-01  6.8411870000e-03 
 954.000  6.8398584600e-01  7.1717691420e-03 
 955.000  6.3888127900e-01  6.4242906570e-03 
 956.000  6.8153662800e-01  6.8164815900e-03 
 957.000  6.8118368600e-01  7.9061307910e-03 
 958.000  6.8643523800e-01  8.1571931840e-03 
 959.000  6.8908885400e-01  7.9878659250e-03 
 960.000  6.8257836300e-01  7.8631052970e-03 
 961.000  6.7525666400e-01  7.6833152770e-03 
 962.000  6.7861857300e-01  7.8192524910e-03 
 963.000  6.7721705300e-01  8.5526876450e-03 
 964.000  6.6946762300e-01  8.5759620670e-03 
 965.000  6.7765183900e-01  8.6069221500e-03 
 966.000  6.5809164400e-01  8.4083480830e-03 
 967.000  6.7766233100e-01  9.2883253100e-03 
 968.000  6.7019469100e-01  1.0209056850e-02 
 969.000  6.7428474800e-01  1.0721297260e-02 
 970.000  6.7611402200e-01  1.0774787900e-02 
 971.000  6.7013195600e-01  1.0661124230e-02 
 972.000  6.7488141500e-01  1.0596640590e-02 
 973.000  6.6864722900e-01  1.0197784420e-02 
 974.000  6.5839629500e-01  9.6886377330e-03 
 975.000  6.6168814600e-01  9.4986944200e-03 
 976.000  6.6969715700e-01  9.8883752820e-03 
 977.000  6.5271897300e-01  1.0068204880e-02 
 978.000  6.6886604500e-01  1.0280482290e-02 
 979.000  6.4942982200e-01  1.0095660210e-02 
 980.000  6.5859141700e-01  1.0712513920e-02 
 981.000  6.6307430000e-01  1.0901616100e-02 
 982.000  6.6164293100e-01  1.0762597080e-02 
 983.000  6.5985349200e-01  1.1006693840e-02 
 984.000  6.5543424600e-01  1.1241858480e-02 
 985.000  6.5512312700e-01  1.1426176070e-02 
 986.000  6.4977726500e-01  1.1599311830e-02 
 987.000  6.5716661400e-01  1.1853536610e-02 
 988.000  6.4906547700e-01  1.1729220390e-02 
 989.000  6.4082438500e-01  1.1590974810e-02 
 990.000  6.4628768300e-01  1.1712539670e-02 
 991.000  6.5152997500e-01  1.1910304070e-02 
 992.000  6.4549790700e-01  1.1818799970e-02 
 993.000  6.4545432900e-01  1.1815191270e-02 
 994.000  6.4868950300e-01  1.1960373880e-02 
 995.000  6.4388096700e-01  1.1940575600e-02 
 996.000  6.4376792600e-01  1.1921536450e-02 
 997.000  6.4448275600e-01  1.1865022660e-02 
 998.000  6.4211895900e-01  1.1756732940e-02 
 999.000  6.4055153600e-01  1.1691547390e-02 
1000.000  6.3543865500e-01  1.1598863600e-02 
1001.000  6.3910949700e-01  1.1541687010e-02 
1002.000  6.3844535500e-01  1.1347646710e-02 
1003.000  6.3091974500e-01  1.1243069650e-02 
1004.000  6.2548810000e-01  1.1232778550e-02 
1005.000  5.8433330900e-01  1.0526760100e-02 
1006.000  6.1483081500e-01  1.1081495290e-02 
1007.000  6.2609100900e-01  1.1240986820e-02 
1008.000  6.2897994900e-01  1.1145879750e-02 
1009.000  6.2547620800e-01  1.0903651240e-02 
1010.000  6.2766851100e-01  1.1007416730e-02 
1011.000  6.2395677400e-01  1.1120283130e-02 
1012.000  6.2399255400e-01  1.1186986920e-02 
1013.000  6.1938166600e-01  1.1155889510e-02 
1014.000  6.2328340600e-01  1.1284811020e-02 
1015.000  6.1176559800e-01  1.1117481230e-02 
1016.000  6.1563134500e-01  1.1252860070e-02 
1017.000  6.0950244400e-01  1.1184110640e-02 
1018.000  6.1756460800e-01  1.1342069630e-02 
1019.000  6.0369435200e-01  1.1051674840e-02 
1020.000  6.0234325100e-01  1.1005671500e-02 
1021.000  6.0817167500e-01  1.1077767370e-02 
1022.000  5.9933598300e-01  1.0748545650e-02 
1023.000  6.1109950300e-01  1.0806296350e-02 
1024.000  6.0815840000e-01  1.0631421090e-02 
1025.000  6.0743890400e-01  1.0655220030e-02 
1026.000  6.0790263500e-01  1.0696056370e-02 
1027.000  6.0433976000e-01  1.0660425190e-02 
1028.000  6.0566803700e-01  1.0754801750e-02 
1029.000  5.9621990400e-01  1.0687361720e-02 
1030.000  6.0196955200e-01  1.0899440770e-02 
1031.000  5.9994421700e-01  1.0943845750e-02 
1032.000  5.9772758200e-01  1.0956276890e-02 
1033.000  5.8669884400e-01  1.0726658820e-02 
1034.000  5.9284118100e-01  1.0818855290e-02 
1035.000  5.8645523700e-01  1.0676045420e-02 
1036.000  5.9414610000e-01  1.0782106400e-02 
1037.000  5.8162670500e-01  1.0524772640e-02 
1038.000  5.8734125400e-01  1.0597945210e-02 
1039.000  5.8985372700e-01  1.0603990550e-02 
1040.000  5.8296292000e-01  1.0443324090e-02 
1041.000  5.8609368100e-01  1.0464884760e-02 
1042.000  5.8786212700e-01  1.0465042110e-02 
1043.000  5.7773110100e-01  1.0255400660e-02 
1044.000  5.8354815500e-01  1.0325438500e-02 
1045.000  5.8121506900e-01  1.0322445870e-02 
1046.000  5.6442269300e-01  1.0073411940e-02 
1047.000  5.7493383000e-01  1.0309952740e-02 
1048.000  5.8082438100e-01  1.0466679570e-02 
1049.000  5.7726009000e-01  1.0455382350e-02 
1050.000  5.7399756200e-01  1.0455298420e-02 
1051.000  5.7432665400e-01  1.0412082670e-02 
1052.000  5.7182522000e-01  1.0321356770e-02 
1053.000  5.7210651600e-01  1.0288977620e-02 
1054.000  5.6651018800e-01  1.0138511660e-02 
1055.000  5.7095698500e-01  1.0164556500e-02 
1056.000  5.6967556400e-01  1.0093959810e-02 
1057.000  5.6925480200e-01  1.0040620800e-02 
1058.000  5.6429768400e-01  9.8892498020e-03 
1059.000  5.4649677200e-01  9.6003875730e-03 
1060.000  5.6569185100e-01  9.9986009600e-03 
1061.000  5.4598990200e-01  9.6576147080e-03 
1062.000  5.6175475400e-01  9.9042243960e-03 
1063.000  5.5249048200e-01  9.7094211580e-03 
1064.000  5.5991616800e-01  9.7454233170e-03 
1065.000  5.5982745300e-01  9.6370420460e-03 
1066.000  5.4262565700e-01  9.2918872830e-03 
1067.000  5.5580656100e-01  9.4480199810e-03 
1068.000  5.5446418000e-01  9.2813644410e-03 
1069.000  5.1310942200e-01  8.5265541080e-03 
1070.000  5.4341893300e-01  9.0761671070e-03 
1071.000  5.4483153800e-01  9.0842943190e-03 
1072.000  5.4719333400e-01  9.1094493870e-03 
1073.000  5.2928729100e-01  8.8381547930e-03 
1074.000  5.4775953300e-01  9.1927013400e-03 
1075.000  5.3001474100e-01  8.9998731610e-03 
1076.000  5.4215676800e-01  9.1707172390e-03 
1077.000  5.4156964700e-01  9.1106796260e-03 
1078.000  5.4369333500e-01  9.0880737300e-03 
1079.000  5.2286404300e-01  8.7433538440e-03 
1080.000  5.4026603100e-01  8.8675222400e-03 
1081.000  5.2048474000e-01  8.5295410160e-03 
1082.000  5.2632123300e-01  8.6504392620e-03 
1083.000  5.1304624900e-01  8.2961816790e-03 
1084.000  5.3366406900e-01  8.4868536000e-03 
1085.000  5.2905909200e-01  8.1646404270e-03 
1086.000  5.3540641600e-01  8.2603206630e-03 
1087.000  5.0012988900e-01  7.9011883740e-03 
1088.000  5.3033916600e-01  8.4479255680e-03 
1089.000  5.1312424000e-01  7.9610819820e-03 
1090.000  5.2485412100e-01  8.1475400920e-03 
1091.000  5.2765575800e-01  8.2963666920e-03 
1092.000  5.1689909100e-01  8.0557603840e-03 
1093.000  5.1377377700e-01  7.7847304340e-03 
1094.000  4.6876465000e-01  6.9666562080e-03 
1095.000  5.0716664600e-01  7.5099759100e-03 
1096.000  5.0790286400e-01  7.4948248860e-03 
1097.000  4.9869866800e-01  7.2595815660e-03 
1098.000  4.9774748500e-01  6.6447358130e-03 
1099.000  5.0223776700e-01  6.1566891670e-03 
1100.000  5.1065240000e-01  6.2941994670e-03 
1101.000  5.0907057200e-01  6.3432049750e-03 
1102.000  4.8815889500e-01  6.0433926580e-03 
1103.000  5.0719312000e-01  6.3199949260e-03 
1104.000  5.0394703800e-01  6.1883187290e-03 
1105.000  5.0430817000e-01  5.9772162440e-03 
1106.000  5.0119712400e-01  5.7438683510e-03 
1107.000  5.0029994900e-01  5.7694778440e-03 
1108.000  4.9845934100e-01  5.7664146420e-03 
1109.000  4.9977441500e-01  5.9278516770e-03 
1110.000  5.0233806900e-01  5.9056620600e-03 
1111.000  4.9630430000e-01  5.7265944480e-03 
1112.000  4.9189118400e-01  5.2818064690e-03 
1113.000  4.9016883300e-01  4.7930541040e-03 
1114.000  4.9547646200e-01  4.6900773050e-03 
1115.000  4.9048680100e-01  4.1950626370e-03 
1116.000  4.8428152600e-01  3.9136543270e-03 
1117.000  4.9002619900e-01  3.5271279810e-03 
1118.000  4.8489424600e-01  3.1577029230e-03 
1119.000  4.7133658700e-01  2.9292175770e-03 
1120.000  4.7228580800e-01  2.8008210660e-03 
1121.000  4.7529291000e-01  2.7923247810e-03 
1122.000  4.7308893000e-01  2.6773767470e-03 
1123.000  4.7531097400e-01  2.7413313390e-03 
1124.000  4.7622502000e-01  2.7837677000e-03 
1125.000  4.6630228500e-01  2.7056667800e-03 
1126.000  4.5738463600e-01  2.6464641090e-03 
1127.000  4.7286984700e-01  2.7451989650e-03 
1128.000  4.6422478600e-01  2.7132411000e-03 
1129.000  4.6711924900e-01  2.8494827750e-03 
1130.000  4.6803552300e-01  3.2263133530e-03 
1131.000  4.7316469100e-01  3.3886179920e-03 
1132.000  4.7416453200e-01  3.2190065380e-03 
1133.000  4.6191918300e-01  2.8711891170e-03 
1134.000  4.5652281000e-01  2.5201613900e-03 
1135.000  4.6250495600e-01  2.5715258120e-03 
1136.000  4.6441987700e-01  2.9269056320e-03 
1137.000  4.7121619100e-01  3.2636199000e-03 
1138.000  4.5515629500e-01  3.4946680070e-03 
1139.000  4.6536891400e-01  3.7293827530e-03 
1140.000  4.6659655200e-01  3.6650085450e-03 
1141.000  4.5310897200e-01  3.4309720990e-03 
1142.000  4.6537371300e-01  3.4705932140e-03 
1143.000  4.5699745700e-01  3.2543101310e-03 
1144.000  4.5372290000e-01  3.0750904080e-03 
1145.000  4.5634127400e-01  2.8931248190e-03 
1146.000  4.6101939500e-01  2.9654316900e-03 
1147.000  4.6335663600e-01  3.1436414720e-03 
1148.000  4.5894993200e-01  3.2751452920e-03 
1149.000  4.6042251700e-01  3.3597905640e-03 
1150.000  4.5846729900e-01  3.3655657770e-03 
1151.000  4.5712249900e-01  3.4854550360e-03 
1152.000  4.5626790700e-01  3.5461211200e-03 
1153.000  4.5547039900e-01  3.6375734810e-03 
1154.000  4.5894985400e-01  3.6604578500e-03 
1155.000  4.6052865300e-01  3.8796002860e-03 
1156.000  4.5428604100e-01  4.0579400060e-03 
1157.000  4.5854441600e-01  4.6515769960e-03 
1158.000  4.5861579800e-01  4.9681334500e-03 
1159.000  4.5213316000e-01  5.2075605390e-03 
1160.000  4.4638918500e-01  5.2853178980e-03 
1161.000  4.3676161400e-01  5.4999060630e-03 
1162.000  4.5257242600e-01  5.9758596420e-03 
1163.000  4.5445230000e-01  6.3179011340e-03 
1164.000  4.4522093700e-01  6.2538366320e-03 
1165.000  4.5381499500e-01  6.4294958110e-03 
1166.000  4.4204401300e-01  6.3441915510e-03 
1167.000  4.4921349600e-01  6.4996519090e-03 
1168.000  4.5313948700e-01  6.5454487800e-03 
1169.000  4.3747051500e-01  6.3691124920e-03 
1170.000  4.4923469000e-01  6.5848727230e-03 
1171.000  4.5131376100e-01  6.7175507550e-03 
1172.000  4.4990252900e-01  6.6405773160e-03 
1173.000  4.4676825600e-01  6.5423226360e-03 
1174.000  4.4699470700e-01  6.5507102010e-03 
1175.000  4.4176196100e-01  6.6253528590e-03 
1176.000  4.3109658300e-01  6.6057925220e-03 
1177.000  4.4440856900e-01  6.7409982680e-03 
1178.000  4.3690207400e-01  6.4926171300e-03 
1179.000  4.3494231500e-01  6.4647049900e-03 
1180.000  4.4104841000e-01  6.5070633890e-03 
1181.000  4.3879500400e-01  6.3515009880e-03 
1182.000  4.3935021600e-01  6.2337365150e-03 
1183.000  4.1384157800e-01  5.8795490260e-03 
1184.000  4.3249327900e-01  6.2071523670e-03 
1185.000  4.3821567500e-01  6.4544787410e-03 
1186.000  4.3560822900e-01  6.3582420350e-03 
1187.000  4.3576234000e-01  6.1812653540e-03 
1188.000  4.3352704800e-01  6.0902404790e-03 
1189.000  4.0816406900e-01  5.8044762610e-03 
1190.000  4.2823614400e-01  6.3195991520e-03 
1191.000  4.3491297400e-01  6.4613223080e-03 
1192.000  4.3254513800e-01  6.5079765320e-03 
1193.000  4.3271118900e-01  6.4421854020e-03 
1194.000  4.3189891600e-01  6.4063367840e-03 
1195.000  4.2705758500e-01  6.2259960170e-03 
1196.000  4.2678808600e-01  6.2420988080e-03 
1197.000  4.2667485200e-01  6.1905722620e-03 
1198.000  4.1234476700e-01  5.9748806950e-03 
1199.000  3.9702110800e-01  5.6945905690e-03 
1200.000  4.2204981900e-01  6.0921564100e-03 
1201.000  4.2507830200e-01  6.1558995250e-03 
1202.000  4.2589392800e-01  6.1956872940e-03 
1203.000  4.0510838800e-01  5.8720021250e-03 
1204.000  4.1182182500e-01  6.0047602650e-03 
1205.000  4.2137452000e-01  6.3408041000e-03 
1206.000  4.1881118000e-01  6.3950510030e-03 
1207.000  4.2162355100e-01  6.4772806170e-03 
1208.000  4.1548605000e-01  6.3528299330e-03 
1209.000  3.8952784400e-01  5.9090886120e-03 
1210.000  4.1680424100e-01  6.2417030330e-03 
1211.000  4.0288126600e-01  6.0281534190e-03 
1212.000  4.1549572000e-01  6.2521409990e-03 
1213.000  4.1703111700e-01  6.3698258400e-03 
1214.000  4.1524661600e-01  6.3466763500e-03 
1215.000  4.1667258600e-01  6.4150838850e-03 
1216.000  4.1544114100e-01  6.5455880170e-03 
1217.000  4.1457751300e-01  6.6540112500e-03 
1218.000  4.1312723100e-01  6.6826934810e-03 
1219.000  4.0926160100e-01  6.6477622990e-03 
1220.000  4.1201242100e-01  6.6826262470e-03 
1221.000  4.1115937100e-01  6.6694378850e-03 
1222.000  4.0888184800e-01  6.6244711880e-03 
1223.000  4.0688053000e-01  6.6215395930e-03 
1224.000  4.0982140500e-01  6.7661128040e-03 
1225.000  4.0749799400e-01  6.7622146610e-03 
1226.000  4.0882619100e-01  6.8278846740e-03 
1227.000  3.9479794600e-01  6.6538348200e-03 
1228.000  4.0689635500e-01  6.9302077290e-03 
1229.000  4.0622022500e-01  6.9684691430e-03 
1230.000  4.0459193700e-01  6.9984855650e-03 
1231.000  4.0445951300e-01  7.0313382150e-03 
1232.000  3.9986071800e-01  6.9673857690e-03 
1233.000  4.0298007700e-01  7.0332293510e-03 
1234.000  4.0151314900e-01  7.0810494420e-03 
1235.000  3.9864163000e-01  7.0527267460e-03 
1236.000  4.0090009700e-01  7.1024475100e-03 
1237.000  4.0079445900e-01  7.1232209210e-03 
1238.000  4.0051002000e-01  7.1244025230e-03 
1239.000  3.9592709300e-01  7.0446181300e-03 
1240.000  3.9415005100e-01  7.0564360620e-03 
1241.000  3.9775791800e-01  7.1613168720e-03 
1242.000  3.9553951200e-01  7.1588501930e-03 
1243.000  3.9120954400e-01  7.1188035010e-03 
1244.000  3.8786124900e-01  7.0853395460e-03 
1245.000  3.9464075500e-01  7.2295556070e-03 
1246.000  3.9170709800e-01  7.1288900380e-03 
1247.000  3.8991986600e-01  7.0479583740e-03 
1248.000  3.9308756100e-01  7.0562996860e-03 
1249.000  3.9175692300e-01  6.9928512570e-03 
1250.000  3.9036266400e-01  6.9210805890e-03 
1251.000  3.8783152000e-01  6.8415875430e-03 
1252.000  3.8683458200e-01  6.7871298790e-03 
1253.000  3.8381098300e-01  6.6955294610e-03 
1254.000  3.8513754300e-01  6.6522889140e-03 
1255.000  3.8472626620e-01  6.5982885360e-03 
1256.000  3.8413224350e-01  6.5484232900e-03 
1257.000  3.8001782650e-01  6.3894238470e-03 
1258.000  3.8201025550e-01  6.2805085180e-03 
1259.000  3.7811480680e-01  6.0954656600e-03 
1260.000  3.7893133490e-01  5.9824752810e-03 
1261.000  3.7848411760e-01  5.8473916050e-03 
1262.000  3.7038606890e-01  5.5693602560e-03 
1263.000  3.7487841330e-01  5.6253600120e-03 
1264.000  3.6904179350e-01  5.5413846970e-03 
1265.000  3.6971426950e-01  5.5681991580e-03 
1266.000  3.7210211130e-01  5.5849514010e-03 
1267.000  3.6513333220e-01  5.4595313070e-03 
1268.000  3.6153777790e-01  5.3737359050e-03 
1269.000  3.6492212630e-01  5.4096765520e-03 
1270.000  3.6893236780e-01  5.5901823040e-03 
1271.000  3.7098058610e-01  5.6808738710e-03 
1272.000  3.6988357580e-01  5.7240910530e-03 
1273.000  3.6956528600e-01  5.7850704190e-03 
1274.000  3.6735802930e-01  5.8176388740e-03 
1275.000  3.6951988550e-01  5.8754396440e-03 
1276.000  3.7011302510e-01  5.8904376030e-03 
1277.000  3.6983672810e-01  5.8780255320e-03 
1278.000  3.6877632890e-01  5.8490695950e-03 
1279.000  3.6630771950e-01  5.8312230110e-03 
1280.000  3.6414443420e-01  5.8900022510e-03 
1281.000  3.5375882910e-01  5.8110532760e-03 
1282.000  3.1414477520e-01  5.2394156460e-03 
1283.000  3.4476800690e-01  5.8131270410e-03 
1284.000  3.5899494090e-01  6.0965018270e-03 
1285.000  3.6162733020e-01  6.1606068610e-03 
1286.000  3.6150916850e-01  6.1255483630e-03 
1287.000  3.6372027270e-01  6.1064319610e-03 
1288.000  3.6144010910e-01  5.8861112590e-03 
1289.000  3.6359463090e-01  5.8666701320e-03 
1290.000  3.5526363640e-01  5.7136754990e-03 
1291.000  3.6012660990e-01  5.7687096600e-03 
1292.000  3.6162956760e-01  5.8083319660e-03 
1293.000  3.6195285420e-01  5.7700071330e-03 
1294.000  3.5620802100e-01  5.5573205950e-03 
1295.000  3.6004306960e-01  5.4673261640e-03 
1296.000  3.6030811570e-01  5.3626451490e-03 
1297.000  3.5808664750e-01  5.2674698830e-03 
1298.000  3.5488753900e-01  5.2255997660e-03 
1299.000  3.5845068150e-01  5.2814221380e-03 
1300.000  3.5701130110e-01  5.2642641070e-03 
1301.000  3.5644240040e-01  5.2376513480e-03 
1302.000  3.5187019520e-01  5.0830030440e-03 
1303.000  3.4998108670e-01  4.8771471980e-03 
1304.000  3.5020853980e-01  4.7871055600e-03 
1305.000  3.5236602820e-01  4.7633438110e-03 
1306.000  3.5270099410e-01  4.7099370960e-03 
1307.000  3.5165986790e-01  4.6577014920e-03 
1308.000  3.5136079920e-01  4.5701494220e-03 
1309.000  3.5104732160e-01  4.4467816350e-03 
1310.000  3.4959012860e-01  4.4260702130e-03 
1311.000  3.4851874930e-01  4.4193296430e-03 
1312.000  3.4743336310e-01  4.2625885010e-03 
1313.000  3.3460129500e-01  3.9317376610e-03 
1314.000  3.4504608760e-01  3.9064261910e-03 
1315.000  3.3342806460e-01  3.8461906910e-03 
1316.000  3.4118437700e-01  4.0462551120e-03 
1317.000  3.4485506820e-01  4.0901384350e-03 
1318.000  3.3997525320e-01  3.8500788210e-03 
1319.000  3.4463275890e-01  3.6690375800e-03 
1320.000  3.4208880940e-01  3.4060785770e-03 
1321.000  3.4058630480e-01  3.3075835700e-03 
1322.000  3.3990600860e-01  3.4294404980e-03 
1323.000  3.4065823490e-01  3.5877063270e-03 
1324.000  3.4083874100e-01  3.6794817450e-03 
1325.000  3.3974963740e-01  3.6037790780e-03 
1326.000  3.3816094900e-01  3.4291043280e-03 
1327.000  3.3546075960e-01  3.0976459980e-03 
1328.000  3.3634662400e-01  2.8381190300e-03 
1329.000  3.2407107330e-01  2.3475673200e-03 
1330.000  3.2914560830e-01  2.2531392570e-03 
1331.000  3.3061145400e-01  2.1868669990e-03 
1332.000  3.2306558540e-01  2.1583726410e-03 
1333.000  3.3160356850e-01  2.2837519650e-03 
1334.000  3.3201796430e-01  2.3807842730e-03 
1335.000  3.3230339040e-01  2.4535717960e-03 
1336.000  3.2870580530e-01  2.4503345490e-03 
1337.000  3.2977015090e-01  2.4615917210e-03 
1338.000  3.2952651090e-01  2.5124108790e-03 
1339.000  3.2598585680e-01  2.4872655870e-03 
1340.000  3.2364590840e-01  2.5137686730e-03 
1341.000  3.2853078670e-01  2.4901893140e-03 
1342.000  3.2772712360e-01  2.4905099870e-03 
1343.000  3.2769844450e-01  2.3038692470e-03 
1344.000  3.2620083860e-01  2.1424188610e-03 
1345.000  3.2370167430e-01  1.8627849820e-03 
1346.000  3.1853047070e-01  1.7200443740e-03 
1347.000  3.1913640050e-01  1.6713693140e-03 
1348.000  3.1555923000e-01  1.6011757850e-03 
1349.000  3.1341723580e-01  1.5689435010e-03 
1350.000  3.0701932180e-01  1.4954658750e-03 
1351.000  3.0485139730e-01  1.4579808710e-03 
1352.000  3.0540908250e-01  1.4205964800e-03 
1353.000  2.9955662200e-01  1.3456400630e-03 
1354.000  2.9593919710e-01  1.3019739390e-03 
1355.000  2.9029941650e-01  1.2476321460e-03 
1356.000  2.8602544820e-01  1.1972422600e-03 
1357.000  2.7932676950e-01  1.1300737860e-03 
1358.000  2.7972450720e-01  1.0899342300e-03 
1359.000  2.7200819080e-01  9.8923969270e-04 
1360.000  2.6204043830e-01  9.0846866370e-04 
1361.000  2.6423820100e-01  8.8686984780e-04 
1362.000  2.6197460110e-01  8.7097769980e-04 
1363.000  2.6223742760e-01  9.1644340750e-04 
1364.000  2.6750759840e-01  9.4985413550e-04 
1365.000  2.6737098150e-01  9.5749551060e-04 
1366.000  2.6924885840e-01  9.8133593800e-04 
1367.000  2.6429894840e-01  9.4120502470e-04 
1368.000  2.6432297750e-01  9.2073619370e-04 
1369.000  2.5956052060e-01  9.0899699930e-04 
1370.000  2.6507194240e-01  9.7972947360e-04 
1371.000  2.7285162740e-01  1.0791903730e-03 
1372.000  2.8368931150e-01  1.1958136560e-03 
1373.000  2.8779234940e-01  1.2586029770e-03 
1374.000  2.9107991310e-01  1.2971193790e-03 
1375.000  2.8698923620e-01  1.2895731930e-03 
1376.000  2.8270051820e-01  1.2620770930e-03 
1377.000  2.8527970560e-01  1.2560144660e-03 
1378.000  2.8038148880e-01  1.2014218570e-03 
1379.000  2.7852756410e-01  1.1443809270e-03 
1380.000  2.6853974640e-01  1.0364303590e-03 
1381.000  2.6248599810e-01  9.4837915900e-04 
1382.000  2.5434211700e-01  8.8342499730e-04 
1383.000  2.5656738340e-01  8.8708966970e-04 
1384.000  2.6226343660e-01  9.6048808100e-04 
1385.000  2.6434646940e-01  1.0096503500e-03 
1386.000  2.7232478450e-01  1.0893932580e-03 
1387.000  2.7622714340e-01  1.1791632180e-03 
1388.000  2.8201753480e-01  1.2381198410e-03 
1389.000  2.8426253870e-01  1.2628726960e-03 
1390.000  2.7925025890e-01  1.2450840470e-03 
1391.000  2.8198642790e-01  1.2451068160e-03 
1392.000  2.7754570510e-01  1.1902315620e-03 
1393.000  2.7300238610e-01  1.1368167400e-03 
1394.000  2.6695087540e-01  1.0800672770e-03 
1395.000  2.6825171010e-01  1.0993633270e-03 
1396.000  2.7418081830e-01  1.1615436080e-03 
1397.000  2.7724825990e-01  1.2049199340e-03 
1398.000  2.7745971480e-01  1.2092195750e-03 
1399.000  2.7564638240e-01  1.1908630130e-03 
1400.000  2.6764297700e-01  1.1510850190e-03 
1401.000  2.6885518810e-01  1.1591116190e-03 
1402.000  2.7541943240e-01  1.2107670310e-03 
1403.000  2.7471982900e-01  1.2215876580e-03 
1404.000  2.7263744540e-01  1.2035104040e-03 
1405.000  2.7280281190e-01  1.2050151820e-03 
1406.000  2.7241885360e-01  1.1919841770e-03 
1407.000  2.7268922530e-01  1.1920181510e-03 
1408.000  2.7353111130e-01  1.2178232670e-03 
1409.000  2.7644618160e-01  1.2465504410e-03 
1410.000  2.7763755130e-01  1.2795062070e-03 
1411.000  2.7970873270e-01  1.3083889480e-03 
1412.000  2.6877904060e-01  1.2546820640e-03 
1413.000  2.7396949890e-01  1.2848218680e-03 
1414.000  2.7755236580e-01  1.2934972050e-03 
1415.000  2.7739144500e-01  1.3033828740e-03 
1416.000  2.7688250890e-01  1.3105976580e-03 
1417.000  2.7890374000e-01  1.3179913760e-03 
1418.000  2.7901247060e-01  1.3164130450e-03 
1419.000  2.7503881560e-01  1.2951564790e-03 
1420.000  2.7443516670e-01  1.2937263250e-03 
1421.000  2.7898984610e-01  1.3316673040e-03 
1422.000  2.7275596350e-01  1.3081206080e-03 
1423.000  2.7109552760e-01  1.2997764350e-03 
1424.000  2.7134053590e-01  1.2949558500e-03 
1425.000  2.7657634480e-01  1.3071545360e-03 
1426.000  2.6538502900e-01  1.2506964210e-03 
1427.000  2.6952582010e-01  1.2763702870e-03 
1428.000  2.7537581920e-01  1.3083959820e-03 
1429.000  2.6891749010e-01  1.2842167620e-03 
1430.000  2.6307622250e-01  1.2492333650e-03 
1431.000  2.6247327800e-01  1.2193365100e-03 
1432.000  2.6724464800e-01  1.2248325350e-03 
1433.000  2.6738045410e-01  1.2200437780e-03 
1434.000  2.6199160750e-01  1.1849730010e-03 
1435.000  2.6518802830e-01  1.2098566290e-03 
1436.000  2.6522380690e-01  1.2120047810e-03 
1437.000  2.6627150000e-01  1.2154036760e-03 
1438.000  2.6562354910e-01  1.2271094320e-03 
1439.000  2.6876399300e-01  1.2396556140e-03 
1440.000  2.5212737000e-01  1.1664367910e-03 
1441.000  2.6483252090e-01  1.2244873050e-03 
1442.000  2.5866657590e-01  1.1841138600e-03 
1443.000  2.6296186360e-01  1.1988402610e-03 
1444.000  2.6424060460e-01  1.2060694690e-03 
1445.000  2.6344305140e-01  1.1991519930e-03 
1446.000  2.6627102060e-01  1.2216413020e-03 
1447.000  2.6505371160e-01  1.2259802820e-03 
1448.000  2.6708015230e-01  1.2326098680e-03 
1449.000  2.6697392430e-01  1.2167130710e-03 
1450.000  2.6517760400e-01  1.1872303490e-03 
1451.000  2.6346783520e-01  1.1800253390e-03 
1452.000  2.6022387070e-01  1.1880780460e-03 
1453.000  2.6517670600e-01  1.2652139660e-03 
1454.000  2.6620725940e-01  1.3488526340e-03 
1455.000  2.6284022290e-01  1.3901436330e-03 
1456.000  2.6272004340e-01  1.4560542110e-03 
1457.000  2.6523914420e-01  1.4730424880e-03 
1458.000  2.6886595880e-01  1.5030269620e-03 
1459.000  2.6986488520e-01  1.4453973770e-03 
1460.000  2.6527355790e-01  1.3686444760e-03 
1461.000  2.6469394270e-01  1.3338359590e-03 
1462.000  2.6180316540e-01  1.2537394760e-03 
1463.000  2.6005756220e-01  1.2383517030e-03 
1464.000  2.5988647660e-01  1.2148405310e-03 
1465.000  2.6289164050e-01  1.1864953040e-03 
1466.000  2.5663044820e-01  1.1142985820e-03 
1467.000  2.6278148680e-01  1.1111580130e-03 
1468.000  2.5631451970e-01  1.0549834970e-03 
1469.000  2.5914107990e-01  1.0297452210e-03 
1470.000  2.5764634130e-01  1.0077576640e-03 
1471.000  2.5357200440e-01  1.0181704760e-03 
1472.000  2.5510432340e-01  1.0730237960e-03 
1473.000  2.5734894520e-01  1.1780844930e-03 
1474.000  2.5026349280e-01  1.2362326380e-03 
1475.000  2.5558458200e-01  1.2575168610e-03 
1476.000  2.5598882630e-01  1.2533880470e-03 
1477.000  2.5674004220e-01  1.2198424340e-03 
1478.000  2.5302659330e-01  1.1671695710e-03 
1479.000  2.5592535480e-01  1.1350436210e-03 
1480.000  2.5732772190e-01  1.1615264420e-03 
1481.000  2.5349145080e-01  1.1867576840e-03 
1482.000  2.5664739730e-01  1.2573399540e-03 
1483.000  2.5136146250e-01  1.2444156410e-03 
1484.000  2.5368476930e-01  1.2583200930e-03 
1485.000  2.5851403070e-01  1.2705582380e-03 
1486.000  2.5425410190e-01  1.3061515090e-03 
1487.000  2.5454496380e-01  1.4303528070e-03 
1488.000  2.2252328900e-01  1.2621164320e-03 
1489.000  2.5550387170e-01  1.6339731220e-03 
1490.000  2.5609852590e-01  1.8173147440e-03 
1491.000  2.5864414620e-01  1.9668986800e-03 
1492.000  2.5263427570e-01  1.9449629780e-03 
1493.000  2.5831140560e-01  2.0837507250e-03 
1494.000  2.5733041370e-01  2.0843822960e-03 
1495.000  2.5552988270e-01  2.1544115540e-03 
1496.000  2.4797329570e-01  2.2372992040e-03 
1497.000  2.5379732540e-01  2.2807216640e-03 
1498.000  2.5636797620e-01  2.4414007660e-03 
1499.000  2.5205601430e-01  2.5258135800e-03 
1500.000  2.5635447270e-01  2.6601464750e-03 
1501.000  2.5598840860e-01  2.6046118740e-03 
1502.000  2.5401112520e-01  2.5160024170e-03 
1503.000  2.2808731330e-01  2.2085239890e-03 
1504.000  2.3763125790e-01  2.3211960790e-03 
1505.000  2.3689301630e-01  2.4292893410e-03 
1506.000  2.4008693590e-01  2.4903850560e-03 
1507.000  2.5109816570e-01  2.7186410430e-03 
1508.000  2.4717756000e-01  2.7457125190e-03 
1509.000  2.4824530910e-01  2.8352444170e-03 
1510.000  2.5208137020e-01  2.9191555980e-03 
1511.000  2.5322764750e-01  2.9962754250e-03 
1512.000  2.4847408410e-01  2.9852824210e-03 
1513.000  2.4805825110e-01  3.0192508700e-03 
1514.000  2.4466281360e-01  3.0000123980e-03 
1515.000  2.4947068220e-01  3.0776495930e-03 
1516.000  2.4715566910e-01  3.0180225370e-03 
1517.000  2.4569195940e-01  2.9825668330e-03 
1518.000  2.5022024820e-01  3.0475542550e-03 
1519.000  2.4650703500e-01  3.0186784270e-03 
1520.000  2.4802351480e-01  3.1112799640e-03 
1521.000  2.4329929930e-01  3.1473026280e-03 
1522.000  2.4187547670e-01  3.1780672070e-03 
1523.000  2.4776309800e-01  3.3216428760e-03 
1524.000  2.4600435880e-01  3.3298542500e-03 
1525.000  2.4052209790e-01  3.2683279510e-03 
1526.000  2.4729726980e-01  3.3370172980e-03 
1527.000  2.4462443560e-01  3.2966847420e-03 
1528.000  2.4610766020e-01  3.3208301070e-03 
1529.000  2.4532899350e-01  3.2808983330e-03 
1530.000  2.2949791450e-01  3.0665597920e-03 
1531.000  2.4522227340e-01  3.2449457650e-03 
1532.000  2.4364929710e-01  3.1948502060e-03 
1533.000  2.4241847100e-01  3.1378149990e-03 
1534.000  2.3856594360e-01  3.0461275580e-03 
1535.000  2.3918020040e-01  3.0127348900e-03 
1536.000  2.4237866000e-01  3.0883595940e-03 
1537.000  2.4294126790e-01  3.1465730670e-03 
1538.000  2.3609690450e-01  3.1101388930e-03 
1539.000  2.4092477790e-01  3.2244291310e-03 
1540.000  2.3209664880e-01  3.1474075320e-03 
1541.000  2.3685892860e-01  3.2137486930e-03 
1542.000  2.3826729440e-01  3.2234530450e-03 
1543.000  2.3738098040e-01  3.2101209160e-03 
1544.000  2.4006585510e-01  3.2500274180e-03 
1545.000  2.4046719720e-01  3.2678241730e-03 
1546.000  2.4026063990e-01  3.2934010030e-03 
1547.000  2.3760849780e-01  3.2842204570e-03 
1548.000  2.3040361770e-01  3.2091991900e-03 
1549.000  2.3630885780e-01  3.3067657950e-03 
1550.000  2.3499685540e-01  3.3012425900e-03 
1551.000  2.3376665980e-01  3.2700080870e-03 
1552.000  2.3774023130e-01  3.2984342580e-03 
1553.000  2.3639889720e-01  3.2582511900e-03 
1554.000  2.2773720760e-01  3.1121103760e-03 
1555.000  2.3138969730e-01  3.1438117030e-03 
1556.000  2.2688471050e-01  3.1045935150e-03 
1557.000  2.3424962360e-01  3.2605566980e-03 
1558.000  2.3245532610e-01  3.2825503350e-03 
1559.000  2.3256645610e-01  3.3288006780e-03 
1560.000  2.2855037850e-01  3.3210186960e-03 
1561.000  2.3398801310e-01  3.4105198380e-03 
1562.000  2.3406306980e-01  3.3794825080e-03 
1563.000  2.3072399060e-01  3.3066306110e-03 
1564.000  2.2638078480e-01  3.2112610340e-03 
1565.000  2.3029413030e-01  3.2268819810e-03 
1566.000  2.2593028890e-01  3.1680600640e-03 
1567.000  2.2658313300e-01  3.1807353500e-03 
1568.000  2.2277419450e-01  3.1183445450e-03 
1569.000  2.2460270760e-01  3.1308674810e-03 
1570.000  2.1956554640e-01  3.0600907800e-03 
1571.000  2.2544875780e-01  3.1695587640e-03 
1572.000  2.2565151880e-01  3.1826982500e-03 
1573.000  2.2187514510e-01  3.1587262150e-03 
1574.000  2.2209673130e-01  3.1998341080e-03 
1575.000  2.0597725130e-01  2.9961228370e-03 
1576.000  2.2128776820e-01  3.2188639640e-03 
1577.000  1.9972699080e-01  2.8660666940e-03 
1578.000  2.1844328160e-01  3.0920856000e-03 
1579.000  2.1937715400e-01  3.0684530740e-03 
1580.000  2.2328279870e-01  3.0951406960e-03 
1581.000  2.2180214210e-01  3.0367619990e-03 
1582.000  2.1670449740e-01  2.9977869990e-03 
1583.000  2.1879334940e-01  3.0562205310e-03 
1584.000  2.1633094140e-01  3.0515518190e-03 
1585.000  2.2235470180e-01  3.1607668400e-03 
1586.000  2.1956167600e-01  3.1299848560e-03 
1587.000  2.1688612770e-01  3.1172776220e-03 
1588.000  2.1341704950e-01  3.0904414650e-03 
1589.000  1.9520408140e-01  2.8348276620e-03 
1590.000  2.1035666290e-01  3.0643522740e-03 
1591.000  2.0564325620e-01  3.0078361030e-03 
1592.000  2.1655033210e-01  3.1739170550e-03 
1593.000  2.2146798050e-01  3.2482964990e-03 
1594.000  2.1991370980e-01  3.2270607950e-03 
1595.000  2.2137859920e-01  3.2494981290e-03 
1596.000  2.0737307870e-01  3.0586779120e-03 
1597.000  2.1583083330e-01  3.1769442560e-03 
1598.000  2.1990396680e-01  3.2219576840e-03 
1599.000  2.1254241850e-01  3.0942788120e-03 
1600.000  2.1608471430e-01  3.1335589890e-03 
1601.000  2.0698834320e-01  3.0173995490e-03 
1602.000  2.1228153130e-01  3.1311738490e-03 
1603.000  2.1067132980e-01  3.1609952450e-03 
1604.000  2.1325839770e-01  3.2602705960e-03 
1605.000  2.1010544920e-01  3.2533497810e-03 
1606.000  2.0925001580e-01  3.2832145690e-03 
1607.000  2.1012956250e-01  3.2595982550e-03 
1608.000  2.1252377470e-01  3.2601258750e-03 
1609.000  2.1170673110e-01  3.2174770830e-03 
1610.000  1.9849642440e-01  2.9920544620e-03 
1611.000  2.0420275670e-01  3.0691540240e-03 
1612.000  2.0594879930e-01  3.0878798960e-03 
1613.000  2.1034438440e-01  3.1445207600e-03 
1614.000  2.0828005570e-01  3.0804975030e-03 
1615.000  2.1154408050e-01  3.1138594150e-03 
1616.000  1.9820312250e-01  2.9009339810e-03 
1617.000  2.0391567480e-01  3.0298116210e-03 
1618.000  2.1026924190e-01  3.1513447760e-03 
1619.000  2.0952535640e-01  3.1870582100e-03 
1620.000  2.0417486540e-01  3.1508920190e-03 
1621.000  2.0111413340e-01  3.1420078280e-03 
1622.000  2.0617628720e-01  3.2267367840e-03 
1623.000  2.1030445800e-01  3.3058111670e-03 
1624.000  2.1175783930e-01  3.3383698460e-03 
1625.000  2.0643996230e-01  3.2797451020e-03 
1626.000  2.0897128790e-01  3.3101103310e-03 
1627.000  2.0870174770e-01  3.3259434700e-03 
1628.000  2.1037886980e-01  3.3638792040e-03 
1629.000  2.1034835180e-01  3.3728427890e-03 
1630.000  2.0463749960e-01  3.2835879330e-03 
1631.000  2.0783808640e-01  3.3473529820e-03 
1632.000  2.0789058710e-01  3.2903518680e-03 
1633.000  2.0521509540e-01  3.2049067020e-03 
1634.000  2.0041304250e-01  3.0840322970e-03 
1635.000  2.0578628870e-01  3.1264123920e-03 
1636.000  2.0524215100e-01  3.0713498590e-03 
1637.000  1.9610444820e-01  2.8924670220e-03 
1638.000  1.9467139610e-01  2.8379452230e-03 
1639.000  1.9273141330e-01  2.7627389430e-03 
1640.000  1.9388756980e-01  2.7409193520e-03 
1641.000  1.9268762880e-01  2.6980562210e-03 
1642.000  1.9244746610e-01  2.7647042270e-03 
1643.000  1.9739368520e-01  2.9027054310e-03 
1644.000  1.9433902790e-01  2.9218246940e-03 
1645.000  1.9477219860e-01  2.9887678620e-03 
1646.000  1.9711311460e-01  3.0823724270e-03 
1647.000  1.9896393230e-01  3.1067843440e-03 
1648.000  1.9819532300e-01  3.0832288270e-03 
1649.000  1.9366767770e-01  3.0070898530e-03 
1650.000  1.9857517510e-01  3.0798380370e-03 
1651.000  1.9410100830e-01  3.0072355270e-03 
1652.000  1.9797479780e-01  3.0624992850e-03 
1653.000  1.9575195970e-01  3.0350143910e-03 
1654.000  1.9794830350e-01  3.0705738070e-03 
1655.000  1.9398064170e-01  3.0186007020e-03 
1656.000  1.9770635660e-01  3.0826897620e-03 
1657.000  1.9627340320e-01  3.0599141120e-03 
1658.000  1.9733398330e-01  3.0839443210e-03 
1659.000  1.9369903820e-01  3.0274155140e-03 
1660.000  1.9606289190e-01  3.0568797590e-03 
1661.000  1.9683249930e-01  3.0486085410e-03 
1662.000  1.9550989940e-01  2.9627814290e-03 
1663.000  1.9427925820e-01  2.8863534930e-03 
1664.000  1.9345701900e-01  2.8156340120e-03 
1665.000  1.9148136690e-01  2.7280950550e-03 
1666.000  1.9054938380e-01  2.7046005730e-03 
1667.000  1.9207186590e-01  2.7847800250e-03 
1668.000  1.8881767090e-01  2.7782771590e-03 
1669.000  1.8912007050e-01  2.8309724330e-03 
1670.000  1.9319219530e-01  2.9407100680e-03 
1671.000  1.9171719990e-01  2.9706137180e-03 
1672.000  1.8263635050e-01  2.8900015350e-03 
1673.000  1.8801670210e-01  3.0262415410e-03 
1674.000  1.8889046520e-01  3.0951936240e-03 
1675.000  1.8714042270e-01  3.1276376250e-03 
1676.000  1.8415926810e-01  3.0975317960e-03 
1677.000  1.8504446130e-01  3.1089065070e-03 
1678.000  1.8591307400e-01  3.1265845300e-03 
1679.000  1.8344059580e-01  3.0772008900e-03 
1680.000  1.7703171030e-01  2.9712278840e-03 
1681.000  1.7082646350e-01  2.8672180180e-03 
1682.000  1.7575959560e-01  2.9468548300e-03 
1683.000  1.8015281820e-01  3.0134491920e-03 
1684.000  1.8351372020e-01  3.0633866790e-03 
1685.000  1.8423270270e-01  3.0579702850e-03 
1686.000  1.8200992280e-01  3.0063731670e-03 
1687.000  1.8302609420e-01  2.9818813800e-03 
1688.000  1.8336783090e-01  2.9513165950e-03 
1689.000  1.8115793130e-01  2.8965592380e-03 
1690.000  1.8132127560e-01  2.8606271740e-03 
1691.000  1.8369399220e-01  2.9077360630e-03 
1692.000  1.8402827900e-01  2.9312856200e-03 
1693.000  1.8332882940e-01  2.9417734150e-03 
1694.000  1.8305149760e-01  2.9557819370e-03 
1695.000  1.8326056160e-01  2.9656307700e-03 
1696.000  1.8218885140e-01  2.9097080230e-03 
1697.000  1.8114822370e-01  2.8427085880e-03 
1698.000  1.8224149430e-01  2.8130192760e-03 
1699.000  1.8106374460e-01  2.7517933850e-03 
1700.000  1.7874273180e-01  2.6761171820e-03 
