 lambda   Irr_dw            Rad_up 
 550.000  1.5535988900e+00  4.7510570530e-02 
 551.000  1.5433380000e+00  4.7038696290e-02 
 552.000  1.6092220400e+00  4.9011455540e-02 
 553.000  1.5456528600e+00  4.6891967770e-02 
 554.000  1.5956191900e+00  4.8347877500e-02 
 555.000  1.5996034700e+00  4.8246952060e-02 
 556.000  1.5550639000e+00  4.6693172450e-02 
 557.000  1.5085617500e+00  4.5249477390e-02 
 558.000  1.5655046400e+00  4.6747447970e-02 
 559.000  1.4794333000e+00  4.4046016690e-02 
 560.000  1.4856941200e+00  4.4178848270e-02 
 561.000  1.6326447900e+00  4.8315242770e-02 
 562.000  1.4988255000e+00  4.4271423340e-02 
 563.000  1.5680338500e+00  4.6103664400e-02 
 564.000  1.5460479800e+00  4.5180805210e-02 
 565.000  1.5647942800e+00  4.5654869080e-02 
 566.000  1.4428105500e+00  4.1900699620e-02 
 567.000  1.5489857500e+00  4.4663120270e-02 
 568.000  1.5495650600e+00  4.4082962040e-02 
 569.000  1.5281819900e+00  4.2291065220e-02 
 570.000  1.5347164800e+00  4.2463203430e-02 
 571.000  1.4738092900e+00  4.1339126590e-02 
 572.000  1.5645827200e+00  4.3137493130e-02 
 573.000  1.5794320900e+00  4.3630340580e-02 
 574.000  1.5703814500e+00  4.3276378630e-02 
 575.000  1.5325903700e+00  4.2038700100e-02 
 576.000  1.5050012800e+00  4.1148529050e-02 
 577.000  1.5656171100e+00  4.2809223180e-02 
 578.000  1.5172069000e+00  4.1736869810e-02 
 579.000  1.5034011100e+00  4.1341907500e-02 
 580.000  1.5532209800e+00  4.2910003660e-02 
 581.000  1.5221224900e+00  4.2173938750e-02 
 582.000  1.5430705200e+00  4.2621135710e-02 
 583.000  1.5529701200e+00  4.2942607880e-02 
 584.000  1.5473184300e+00  4.2586677550e-02 
 585.000  1.5367155100e+00  4.2135620120e-02 
 586.000  1.4703666900e+00  4.0265701290e-02 
 587.000  1.5309367500e+00  4.1360511780e-02 
 588.000  1.5290612200e+00  3.9949687960e-02 
 589.000  1.3746788400e+00  3.4284969330e-02 
 590.000  1.4365573600e+00  3.5717155460e-02 
 591.000  1.5118411800e+00  3.8566326140e-02 
 592.000  1.4904724500e+00  3.7249534610e-02 
 593.000  1.4897450900e+00  3.8360858920e-02 
 594.000  1.5070270000e+00  3.8467262270e-02 
 595.000  1.4896876300e+00  3.7041233060e-02 
 596.000  1.5099270800e+00  3.8764839170e-02 
 597.000  1.5179805600e+00  3.8481090550e-02 
 598.000  1.4800878700e+00  3.8018196110e-02 
 599.000  1.4776173900e+00  3.8107486720e-02 
 600.000  1.4717373700e+00  3.8414821620e-02 
 601.000  1.4593317800e+00  3.8442512510e-02 
 602.000  1.4418838700e+00  3.7977043150e-02 
 603.000  1.4491243100e+00  3.8281532290e-02 
 604.000  1.4937680100e+00  3.9611267090e-02 
 605.000  1.4893459900e+00  3.9338050840e-02 
 606.000  1.4718676500e+00  3.8923591610e-02 
 607.000  1.4634122800e+00  3.8594745640e-02 
 608.000  1.4579227300e+00  3.8314365390e-02 
 609.000  1.4428741700e+00  3.7887027740e-02 
 610.000  1.4196742200e+00  3.7150325780e-02 
 611.000  1.4426424600e+00  3.7697891240e-02 
 612.000  1.4238177000e+00  3.7163219450e-02 
 613.000  1.4029872400e+00  3.6504734040e-02 
 614.000  1.3518454500e+00  3.5156223300e-02 
 615.000  1.4171380500e+00  3.6693805690e-02 
 616.000  1.3474465000e+00  3.4881908420e-02 
 617.000  1.3551309200e+00  3.5030288700e-02 
 618.000  1.4191765400e+00  3.6497329710e-02 
 619.000  1.4063633500e+00  3.6190258030e-02 
 620.000  1.4273613500e+00  3.6539695740e-02 
 621.000  1.4522191100e+00  3.7133670810e-02 
 622.000  1.3759470300e+00  3.5077690120e-02 
 623.000  1.3871651900e+00  3.5143474580e-02 
 624.000  1.3891107300e+00  3.5241676330e-02 
 625.000  1.3519206800e+00  3.4262557980e-02 
 626.000  1.3598419900e+00  3.4216236110e-02 
 627.000  1.3882847200e+00  3.4400249480e-02 
 628.000  1.3948662700e+00  3.3101551060e-02 
 629.000  1.4157325300e+00  3.4149745940e-02 
 630.000  1.3649312800e+00  3.3314022060e-02 
 631.000  1.4106906200e+00  3.4521808620e-02 
 632.000  1.3161921900e+00  3.1966135030e-02 
 633.000  1.4062692400e+00  3.4519218440e-02 
 634.000  1.3617216300e+00  3.3583450320e-02 
 635.000  1.3862018200e+00  3.4205135350e-02 
 636.000  1.3360122700e+00  3.3035736080e-02 
 637.000  1.3792872700e+00  3.4157035830e-02 
 638.000  1.3980128600e+00  3.4756359100e-02 
 639.000  1.3861821000e+00  3.4289508820e-02 
 640.000  1.3412698800e+00  3.3427505490e-02 
 641.000  1.3604959200e+00  3.3845252990e-02 
 642.000  1.3431637100e+00  3.3425750730e-02 
 643.000  1.3683303900e+00  3.3863033290e-02 
 644.000  1.3525607000e+00  3.3327301030e-02 
 645.000  1.3667757000e+00  3.3508975980e-02 
 646.000  1.3245924500e+00  3.1473943710e-02 
 647.000  1.3498351500e+00  3.1389406200e-02 
 648.000  1.3554002800e+00  3.1009382250e-02 
 649.000  1.3753928000e+00  3.1771226880e-02 
 650.000  1.2622026000e+00  3.0090826030e-02 
 651.000  1.3597462000e+00  3.2382099150e-02 
 652.000  1.3451903900e+00  3.1125648500e-02 
 653.000  1.3588550200e+00  3.2420349120e-02 
 654.000  1.3426334700e+00  3.1743017200e-02 
 655.000  1.3120444800e+00  3.0607185360e-02 
 656.000  1.1125978600e+00  2.6005868910e-02 
 657.000  1.1852430800e+00  2.7864244460e-02 
 658.000  1.3158341200e+00  3.1351438520e-02 
 659.000  1.3164952400e+00  3.1498506550e-02 
 660.000  1.3257787900e+00  3.1805721280e-02 
 661.000  1.3283873000e+00  3.2169727330e-02 
 662.000  1.3460566400e+00  3.2690410610e-02 
 663.000  1.3315071900e+00  3.2208850860e-02 
 664.000  1.3098462100e+00  3.1683044430e-02 
 665.000  1.3151867600e+00  3.1785591130e-02 
 666.000  1.3304612000e+00  3.2278522490e-02 
 667.000  1.3036571000e+00  3.1519144060e-02 
 668.000  1.3105172800e+00  3.1802970890e-02 
 669.000  1.3291195700e+00  3.2296516420e-02 
 670.000  1.3131095100e+00  3.1739261630e-02 
 671.000  1.2990337700e+00  3.1413551330e-02 
 672.000  1.2947457000e+00  3.1266672130e-02 
 673.000  1.3039490700e+00  3.1427637100e-02 
 674.000  1.3064140500e+00  3.1478145600e-02 
 675.000  1.2863997300e+00  3.0914379120e-02 
 676.000  1.3106338100e+00  3.1489982600e-02 
 677.000  1.2845047500e+00  3.0862426760e-02 
 678.000  1.3056852700e+00  3.1307561870e-02 
 679.000  1.2872888500e+00  3.0765090940e-02 
 680.000  1.2778454500e+00  3.0500970840e-02 
 681.000  1.2798384700e+00  3.0448953630e-02 
 682.000  1.2773953000e+00  3.0253538130e-02 
 683.000  1.2860941900e+00  3.0329084400e-02 
 684.000  1.2638894500e+00  2.9769847870e-02 
 685.000  1.2775620000e+00  3.0021730420e-02 
 686.000  1.2243977200e+00  2.8355411530e-02 
 687.000  1.2254561600e+00  2.4518758770e-02 
 688.000  1.2263484400e+00  2.5487386700e-02 
 689.000  1.2298987700e+00  2.5349878310e-02 
 690.000  1.2358359500e+00  2.5983247760e-02 
 691.000  1.2407847800e+00  2.6760444640e-02 
 692.000  1.2333038200e+00  2.6916509630e-02 
 693.000  1.2414467700e+00  2.6135070800e-02 
 694.000  1.2550745500e+00  2.5701070790e-02 
 695.000  1.2320889800e+00  2.5609210970e-02 
 696.000  1.2458890200e+00  2.6139112470e-02 
 697.000  1.2448213800e+00  2.7760541920e-02 
 698.000  1.2225496500e+00  2.6808042530e-02 
 699.000  1.2483928900e+00  2.5996480940e-02 
 700.000  1.2334612800e+00  2.5846523280e-02 
 701.000  1.2065628000e+00  2.4928476330e-02 
 702.000  1.2003621000e+00  2.4995466230e-02 
 703.000  1.2149576900e+00  2.6325834270e-02 
 704.000  1.2185108500e+00  2.6465980530e-02 
 705.000  1.2289594400e+00  2.6192659380e-02 
 706.000  1.2158444200e+00  2.5993997570e-02 
 707.000  1.1972682200e+00  2.5758298870e-02 
 708.000  1.2316890700e+00  2.6681943890e-02 
 709.000  1.1872039700e+00  2.6057422640e-02 
 710.000  1.2154740600e+00  2.6180994030e-02 
 711.000  1.2024491600e+00  2.6271589280e-02 
 712.000  1.1850591400e+00  2.6271343230e-02 
 713.000  1.1806640300e+00  2.5827318190e-02 
 714.000  1.2009610500e+00  2.6067029950e-02 
 715.000  1.1598585800e+00  2.4651630400e-02 
 716.000  1.1910392100e+00  2.4775590900e-02 
 717.000  1.1613157800e+00  2.1675868990e-02 
 718.000  1.1551657900e+00  2.0108837130e-02 
 719.000  1.1418665900e+00  1.9264972690e-02 
 720.000  1.1501977400e+00  1.8737989430e-02 
 721.000  1.1485382200e+00  2.1948595050e-02 
 722.000  1.1646299700e+00  2.3362346650e-02 
 723.000  1.1622542700e+00  2.2562570570e-02 
 724.000  1.1693137200e+00  2.0764215470e-02 
 725.000  1.1565507800e+00  2.0802223210e-02 
 726.000  1.1544367400e+00  2.0677251820e-02 
 727.000  1.1715177800e+00  2.1176462170e-02 
 728.000  1.1513932200e+00  2.0575431820e-02 
 729.000  1.1056359800e+00  2.0390825270e-02 
 730.000  1.1464888800e+00  2.1019224170e-02 
 731.000  1.1275917500e+00  2.0608467100e-02 
 732.000  1.1487289700e+00  2.2119737630e-02 
 733.000  1.1308601400e+00  2.3052055360e-02 
 734.000  1.1540587600e+00  2.4110109330e-02 
 735.000  1.1448571000e+00  2.3629487990e-02 
 736.000  1.1238419600e+00  2.2802059170e-02 
 737.000  1.1384252000e+00  2.3338054660e-02 
 738.000  1.1349751700e+00  2.3690877910e-02 
 739.000  1.0981268800e+00  2.3142467500e-02 
 740.000  1.1080993300e+00  2.3774532320e-02 
 741.000  1.0990297400e+00  2.3928026200e-02 
 742.000  1.0808692500e+00  2.3659645080e-02 
 743.000  1.1123227000e+00  2.4638526920e-02 
 744.000  1.1227458500e+00  2.5020231250e-02 
 745.000  1.0934334600e+00  2.4494964600e-02 
 746.000  1.1085608600e+00  2.4859746930e-02 
 747.000  1.1251676400e+00  2.5195819850e-02 
 748.000  1.1049489200e+00  2.4731367110e-02 
 749.000  1.1051475400e+00  2.4749652860e-02 
 750.000  1.0890083200e+00  2.4291286470e-02 
 751.000  1.0862075000e+00  2.4214342120e-02 
 752.000  1.1026619700e+00  2.4626207350e-02 
 753.000  1.0922258400e+00  2.4393821720e-02 
 754.000  1.1093259500e+00  2.4769752500e-02 
 755.000  1.1029645600e+00  2.4612804410e-02 
 756.000  1.0813700400e+00  2.4117721560e-02 
 757.000  1.0893639900e+00  2.4279708860e-02 
 758.000  1.0882194600e+00  2.4175560000e-02 
 759.000  1.0470653200e+00  2.1324289320e-02 
 760.000  8.2383381700e-01  8.6286497120e-03 
 761.000  7.9393578300e-01  7.6463007930e-03 
 762.000  9.2602347900e-01  1.3806313510e-02 
 763.000  9.1117251500e-01  1.1937866210e-02 
 764.000  9.3454460100e-01  1.3031734470e-02 
 765.000  9.8082781400e-01  1.5823847770e-02 
 766.000  9.7251873300e-01  1.8154188160e-02 
 767.000  1.0023790090e+00  1.9901821140e-02 
 768.000  1.0512786500e+00  2.1830966950e-02 
 769.000  1.0527326400e+00  2.2593109130e-02 
 770.000  1.0500472600e+00  2.2910190580e-02 
 771.000  1.0514936900e+00  2.3151365280e-02 
 772.000  1.0476138800e+00  2.3105314250e-02 
 773.000  1.0432992400e+00  2.3016897200e-02 
 774.000  1.0543107200e+00  2.3269042970e-02 
 775.000  1.0146003900e+00  2.2392683030e-02 
 776.000  1.0563145000e+00  2.3354288100e-02 
 777.000  1.0489994500e+00  2.3162788390e-02 
 778.000  1.0434581300e+00  2.2985303880e-02 
 779.000  1.0469311100e+00  2.2992088320e-02 
 780.000  1.0340596200e+00  2.2725494380e-02 
 781.000  1.0322016200e+00  2.2669780730e-02 
 782.000  1.0447356000e+00  2.2851705550e-02 
 783.000  1.0204006910e+00  2.2406772610e-02 
 784.000  1.0263101580e+00  2.2477375030e-02 
 785.000  1.0296867090e+00  2.2337242130e-02 
 786.000  1.0128250600e+00  2.1826459880e-02 
 787.000  1.0297076900e+00  2.1704813000e-02 
 788.000  1.0152425980e+00  2.1229757310e-02 
 789.000  1.0243764370e+00  2.0768075940e-02 
 790.000  1.0143356540e+00  2.0459012990e-02 
 791.000  1.0086037700e+00  2.0468738560e-02 
 792.000  9.9215093700e-01  2.0171205520e-02 
 793.000  9.8998824200e-01  2.0354654310e-02 
 794.000  9.7733790200e-01  2.0663679120e-02 
 795.000  9.7363717100e-01  2.0112567900e-02 
 796.000  9.9434668200e-01  1.9821674350e-02 
 797.000  9.9948760000e-01  2.0169569020e-02 
 798.000  9.9746128200e-01  2.0625749590e-02 
 799.000  9.9727438200e-01  2.0436140060e-02 
 800.000  9.7312660000e-01  1.9542491910e-02 
 801.000  9.9114557600e-01  1.9940031050e-02 
 802.000  9.8937746700e-01  1.9814126970e-02 
 803.000  9.7507341600e-01  1.9595510480e-02 
 804.000  9.8305845600e-01  1.9983284000e-02 
 805.000  9.5460993600e-01  1.9767721180e-02 
 806.000  9.7953775400e-01  2.0440515520e-02 
 807.000  9.7347803200e-01  2.0356010440e-02 
 808.000  9.6833448800e-01  2.0071088790e-02 
 809.000  9.5253741900e-01  1.9566291810e-02 
 810.000  9.4890956400e-01  1.9290225980e-02 
 811.000  9.6532131100e-01  1.9294715880e-02 
 812.000  9.6356368400e-01  1.8904792790e-02 
 813.000  9.6103592800e-01  1.8326614380e-02 
 814.000  9.6167284800e-01  1.7858959200e-02 
 815.000  9.5345994500e-01  1.7117218020e-02 
 816.000  9.4737838700e-01  1.6303651810e-02 
 817.000  9.5297630900e-01  1.6413908000e-02 
 818.000  9.4696861000e-01  1.6273374560e-02 
 819.000  9.2082933800e-01  1.6112691880e-02 
 820.000  9.0119499900e-01  1.6521692280e-02 
 821.000  9.2899066000e-01  1.7941047670e-02 
 822.000  9.0438018300e-01  1.6643655780e-02 
 823.000  9.2060608100e-01  1.5203626630e-02 
 824.000  9.3118311500e-01  1.6857664110e-02 
 825.000  9.2726941900e-01  1.8062376020e-02 
 826.000  9.3357053600e-01  1.7896938320e-02 
 827.000  9.3092132600e-01  1.7650453570e-02 
 828.000  9.3079872400e-01  1.6871967320e-02 
 829.000  9.2972655400e-01  1.7066204070e-02 
 830.000  9.1426168600e-01  1.7073614120e-02 
 831.000  8.9803864200e-01  1.6823389050e-02 
 832.000  9.1632905600e-01  1.7159975050e-02 
 833.000  8.8738483300e-01  1.6889265060e-02 
 834.000  8.9986289200e-01  1.7347240450e-02 
 835.000  8.9980927800e-01  1.7643486020e-02 
 836.000  9.1093688800e-01  1.7868230820e-02 
 837.000  9.0350396600e-01  1.7660360340e-02 
 838.000  9.0573124500e-01  1.7948551180e-02 
 839.000  8.7681122500e-01  1.7471389770e-02 
 840.000  9.0002228900e-01  1.7915658950e-02 
 841.000  9.0334318500e-01  1.7806797030e-02 
 842.000  8.9685901700e-01  1.7773571010e-02 
 843.000  8.8863428200e-01  1.8043624880e-02 
 844.000  8.7294706000e-01  1.7888507840e-02 
 845.000  8.8571766200e-01  1.8219133380e-02 
 846.000  8.9307278200e-01  1.8512300490e-02 
 847.000  8.6169210400e-01  1.8012977600e-02 
 848.000  8.8818607000e-01  1.8364805220e-02 
 849.000  8.8970301900e-01  1.8503160480e-02 
 850.000  7.6973478600e-01  1.5853678700e-02 
 851.000  8.8254893000e-01  1.8031778340e-02 
 852.000  8.4904158800e-01  1.7417867660e-02 
 853.000  8.5773984900e-01  1.7638237000e-02 
 854.000  6.8965658700e-01  1.4212290760e-02 
 855.000  7.5865052300e-01  1.5743137360e-02 
 856.000  8.5953143300e-01  1.7876985550e-02 
 857.000  8.7263642600e-01  1.8303417210e-02 
 858.000  8.5835386200e-01  1.7998209000e-02 
 859.000  8.5748369200e-01  1.8032022480e-02 
 860.000  8.4944062200e-01  1.7952083590e-02 
 861.000  8.4929023900e-01  1.7926227570e-02 
 862.000  8.4628460500e-01  1.7797967910e-02 
 863.000  8.6245546400e-01  1.8242202760e-02 
 864.000  8.6058219100e-01  1.8047870640e-02 
 865.000  8.4443814600e-01  1.7845844270e-02 
 866.000  7.0829888800e-01  1.5013699530e-02 
 867.000  7.5430948700e-01  1.5771792410e-02 
 868.000  8.1808867200e-01  1.7195873260e-02 
 869.000  8.0659012800e-01  1.6942085270e-02 
 870.000  8.3991753300e-01  1.7761394500e-02 
 871.000  8.3871680200e-01  1.7662864690e-02 
 872.000  8.3525484900e-01  1.7352752690e-02 
 873.000  8.3873952700e-01  1.7556287770e-02 
 874.000  8.2043640000e-01  1.7086875920e-02 
 875.000  8.1292946300e-01  1.7081676480e-02 
 876.000  8.1989379700e-01  1.7139371870e-02 
 877.000  8.3635436400e-01  1.7325992580e-02 
 878.000  8.2259151100e-01  1.7116447450e-02 
 879.000  8.2454799300e-01  1.7214761730e-02 
 880.000  8.2030000000e-01  1.6929508210e-02 
 881.000  7.7793636300e-01  1.6099630360e-02 
 882.000  8.2119063300e-01  1.6789211270e-02 
 883.000  8.0221445100e-01  1.6591989520e-02 
 884.000  8.0894261400e-01  1.6951671600e-02 
 885.000  8.1828908000e-01  1.6659812930e-02 
 886.000  7.9279915900e-01  1.6169393540e-02 
 887.000  7.8372712900e-01  1.5970921520e-02 
 888.000  8.0728547500e-01  1.6257173540e-02 
 889.000  8.1239588800e-01  1.6655096050e-02 
 890.000  8.1056861000e-01  1.6515808110e-02 
 891.000  8.0753046500e-01  1.6217170720e-02 
 892.000  8.0687873700e-01  1.5964727400e-02 
 893.000  7.8129692900e-01  1.4583841320e-02 
 894.000  8.0971276400e-01  1.4843090060e-02 
 895.000  7.7473046000e-01  1.3524262430e-02 
 896.000  8.0548767200e-01  1.3173253060e-02 
 897.000  7.8694034300e-01  1.2359820370e-02 
 898.000  7.8829436200e-01  1.1984834670e-02 
 899.000  7.8758543700e-01  1.1057032590e-02 
 900.000  7.6791889200e-01  1.0783863070e-02 
 901.000  7.5146810900e-01  1.0369564060e-02 
 902.000  7.3763799300e-01  1.0216926570e-02 
 903.000  7.7372305000e-01  1.2056612970e-02 
 904.000  7.8809150700e-01  1.3099385260e-02 
 905.000  7.8600094400e-01  1.3319501880e-02 
 906.000  7.6518629400e-01  1.2428628920e-02 
 907.000  7.7815406400e-01  1.1614002230e-02 
 908.000  7.5912125700e-01  1.0643763540e-02 
 909.000  7.4423056700e-01  1.0438392640e-02 
 910.000  7.5303304400e-01  1.0640685080e-02 
 911.000  7.5103756100e-01  1.1187558170e-02 
 912.000  7.5266512800e-01  1.0767752650e-02 
 913.000  7.7028214900e-01  1.0242147450e-02 
 914.000  7.6532424100e-01  1.0523370740e-02 
 915.000  7.5269250300e-01  1.0876850130e-02 
 916.000  7.6104833300e-01  1.1013567920e-02 
 917.000  7.4913758600e-01  1.0994815830e-02 
 918.000  7.4533463400e-01  1.1171985630e-02 
 919.000  7.5516234300e-01  1.2512719150e-02 
 920.000  7.4795827900e-01  1.2732868190e-02 
 921.000  7.3157758100e-01  1.2296561240e-02 
 922.000  7.2504191600e-01  1.2281061170e-02 
 923.000  6.9464755200e-01  1.1229277610e-02 
 924.000  7.2403790300e-01  1.1621303560e-02 
 925.000  7.3365012500e-01  1.1665475850e-02 
 926.000  7.0745731100e-01  1.1081025120e-02 
 927.000  7.3381092100e-01  1.1291717530e-02 
 928.000  7.3833041600e-01  1.0486536030e-02 
 929.000  7.2801668400e-01  9.2398452760e-03 
 930.000  7.2618965600e-01  8.0383949280e-03 
 931.000  7.2589388600e-01  7.1448082920e-03 
 932.000  7.1878332800e-01  6.1211681370e-03 
 933.000  7.2074690500e-01  5.5852551460e-03 
 934.000  7.1443832200e-01  5.0753278730e-03 
 935.000  7.0385178100e-01  4.9522943500e-03 
 936.000  6.9878443500e-01  5.0682225230e-03 
 937.000  7.1438215900e-01  5.1429929730e-03 
 938.000  7.0688622900e-01  5.6245961190e-03 
 939.000  7.1314805600e-01  7.5298280720e-03 
 940.000  7.0950885000e-01  7.8830418590e-03 
 941.000  6.9337921100e-01  7.3914279940e-03 
 942.000  6.6684657000e-01  6.4610238080e-03 
 943.000  7.0262399300e-01  5.8873872760e-03 
 944.000  6.8331003000e-01  5.6585412030e-03 
 945.000  6.8985731700e-01  5.9967417720e-03 
 946.000  6.9921357900e-01  6.1006846430e-03 
 947.000  6.9498400100e-01  6.3631548880e-03 
 948.000  6.9918729300e-01  6.5853080750e-03 
 949.000  7.0140216200e-01  6.5923676490e-03 
 950.000  6.9677864400e-01  6.5978083610e-03 
 951.000  6.9264194500e-01  6.9999413490e-03 
 952.000  6.9257004100e-01  6.5493893620e-03 
 953.000  6.9065841800e-01  6.8650226590e-03 
 954.000  6.8398654100e-01  7.1953692440e-03 
 955.000  6.3888220200e-01  6.4461879730e-03 
 956.000  6.8153742700e-01  6.8397498130e-03 
 957.000  6.8118481200e-01  7.9294204710e-03 
 958.000  6.8643633300e-01  8.1806316380e-03 
 959.000  6.8908998800e-01  8.0111579900e-03 
 960.000  6.8257897300e-01  7.8861460690e-03 
 961.000  6.7525752500e-01  7.7061676980e-03 
 962.000  6.7861930000e-01  7.8422307970e-03 
 963.000  6.7721832400e-01  8.5756959920e-03 
 964.000  6.6946806800e-01  8.5987215040e-03 
 965.000  6.7765234200e-01  8.6299085620e-03 
 966.000  6.5809240700e-01  8.4306831360e-03 
 967.000  6.7766325100e-01  9.3115148540e-03 
 968.000  6.7019433800e-01  1.0232173920e-02 
 969.000  6.7428736700e-01  1.0744756700e-02 
 970.000  6.7612284800e-01  1.0798273090e-02 
 971.000  6.7013314200e-01  1.0684428220e-02 
 972.000  6.7488256900e-01  1.0616213800e-02 
 973.000  6.6864710000e-01  1.0220878600e-02 
 974.000  6.5839717000e-01  9.7111577990e-03 
 975.000  6.6168903700e-01  9.5213994980e-03 
 976.000  6.6969732600e-01  9.9112672810e-03 
 977.000  6.5272036500e-01  1.0090724950e-02 
 978.000  6.6886693000e-01  1.0303636550e-02 
 979.000  6.4942941500e-01  1.0118238450e-02 
 980.000  6.5859016500e-01  1.0734393120e-02 
 981.000  6.6307332800e-01  1.0924780850e-02 
 982.000  6.6164789100e-01  1.0785449980e-02 
 983.000  6.5985593300e-01  1.1030106540e-02 
 984.000  6.5543586800e-01  1.1265055660e-02 
 985.000  6.5512298700e-01  1.1449545860e-02 
 986.000  6.4977885200e-01  1.1622758870e-02 
 987.000  6.5716718100e-01  1.1877183910e-02 
 988.000  6.4906484300e-01  1.1752922060e-02 
 989.000  6.4082581600e-01  1.1614327430e-02 
 990.000  6.4628703300e-01  1.1736318590e-02 
 991.000  6.5152963000e-01  1.1933902740e-02 
 992.000  6.4549948700e-01  1.1841805460e-02 
 993.000  6.4545190500e-01  1.1837885860e-02 
 994.000  6.4869250000e-01  1.1982962610e-02 
 995.000  6.4387257800e-01  1.1962886810e-02 
 996.000  6.4376459800e-01  1.1943203930e-02 
 997.000  6.4448026800e-01  1.1886246680e-02 
 998.000  6.4211972500e-01  1.1777479170e-02 
 999.000  6.4055127400e-01  1.1711956020e-02 
1000.000  6.3543918300e-01  1.1618925090e-02 
1001.000  6.3909044700e-01  1.1561779020e-02 
1002.000  6.3844613000e-01  1.1367755890e-02 
1003.000  6.3092039800e-01  1.1262978550e-02 
1004.000  6.2548873000e-01  1.1252837180e-02 
1005.000  5.8433536400e-01  1.0545685770e-02 
1006.000  6.1483380700e-01  1.1101196290e-02 
1007.000  6.2608909700e-01  1.1261224750e-02 
1008.000  6.2898077200e-01  1.1166445730e-02 
1009.000  6.2547720000e-01  1.0924096110e-02 
1010.000  6.2766961200e-01  1.1027798650e-02 
1011.000  6.2395668800e-01  1.1140712740e-02 
1012.000  6.2399320500e-01  1.1207547190e-02 
1013.000  6.1938393500e-01  1.1176588060e-02 
1014.000  6.2328324600e-01  1.1305621150e-02 
1015.000  6.1176606200e-01  1.1138138770e-02 
1016.000  6.1563077200e-01  1.1273449900e-02 
1017.000  6.0950349500e-01  1.1204773900e-02 
1018.000  6.1756604400e-01  1.1362926480e-02 
1019.000  6.0369421400e-01  1.1071963310e-02 
1020.000  6.0234648500e-01  1.1026056290e-02 
1021.000  6.0817140900e-01  1.1098156930e-02 
1022.000  5.9933613100e-01  1.0768723490e-02 
1023.000  6.1109876000e-01  1.0826910970e-02 
1024.000  6.0815873000e-01  1.0651923180e-02 
1025.000  6.0743804000e-01  1.0675683020e-02 
1026.000  6.0790264100e-01  1.0716588970e-02 
1027.000  6.0433971900e-01  1.0680724140e-02 
1028.000  6.0566898400e-01  1.0775027280e-02 
1029.000  5.9622064400e-01  1.0707121850e-02 
1030.000  6.0196888800e-01  1.0919458390e-02 
1031.000  5.9994351400e-01  1.0963812830e-02 
1032.000  5.9773203200e-01  1.0976200100e-02 
1033.000  5.8669560900e-01  1.0746384620e-02 
1034.000  5.9283055600e-01  1.0841479300e-02 
1035.000  5.8645640900e-01  1.0712991710e-02 
1036.000  5.9414650900e-01  1.0802233700e-02 
1037.000  5.8162782800e-01  1.0544596670e-02 
1038.000  5.8734433200e-01  1.0617931370e-02 
1039.000  5.8985429600e-01  1.0624253270e-02 
1040.000  5.8296312100e-01  1.0463418010e-02 
1041.000  5.8609614600e-01  1.0485122680e-02 
1042.000  5.8786366700e-01  1.0485313420e-02 
1043.000  5.7773157900e-01  1.0275485040e-02 
1044.000  5.8354948300e-01  1.0345820430e-02 
1045.000  5.8121539000e-01  1.0342586520e-02 
1046.000  5.6442370500e-01  1.0093109130e-02 
1047.000  5.7493498000e-01  1.0329901700e-02 
1048.000  5.8082494200e-01  1.0487186430e-02 
1049.000  5.7726096600e-01  1.0475794790e-02 
1050.000  5.7399831500e-01  1.0452218060e-02 
1051.000  5.7432657500e-01  1.0432533260e-02 
1052.000  5.7182624600e-01  1.0341698650e-02 
1053.000  5.7210706900e-01  1.0308782580e-02 
1054.000  5.6651093000e-01  1.0158836360e-02 
1055.000  5.7095726100e-01  1.0185052870e-02 
1056.000  5.6967615400e-01  1.0114432330e-02 
1057.000  5.6925558800e-01  1.0061252590e-02 
1058.000  5.6429822900e-01  9.9096393590e-03 
1059.000  5.4649718700e-01  9.6202087400e-03 
1060.000  5.6569228100e-01  1.0019307140e-02 
1061.000  5.4599054300e-01  9.6775684360e-03 
1062.000  5.6175522000e-01  9.9245719910e-03 
1063.000  5.5249090100e-01  9.7296371460e-03 
1064.000  5.5991659300e-01  9.7659626010e-03 
1065.000  5.5982791700e-01  9.6575145720e-03 
1066.000  5.4262610600e-01  9.3117904660e-03 
1067.000  5.5580693200e-01  9.4683580400e-03 
1068.000  5.5446449700e-01  9.3017063140e-03 
1069.000  5.1310987200e-01  8.5454902650e-03 
1070.000  5.4341934100e-01  9.0962057110e-03 
1071.000  5.4483188800e-01  9.1043453220e-03 
1072.000  5.4719361900e-01  9.1296577450e-03 
1073.000  5.2928767100e-01  8.8576841350e-03 
1074.000  5.4775993700e-01  9.2129879000e-03 
1075.000  5.3001526500e-01  9.0196046830e-03 
1076.000  5.4215723900e-01  9.1909303670e-03 
1077.000  5.4156989800e-01  9.1308803560e-03 
1078.000  5.4369383800e-01  9.1083745960e-03 
1079.000  5.2286445700e-01  8.7628145220e-03 
1080.000  5.4026648900e-01  8.8877534870e-03 
1081.000  5.2048519400e-01  8.5490970610e-03 
1082.000  5.2632169000e-01  8.6699419020e-03 
1083.000  5.1304711600e-01  8.3152217860e-03 
1084.000  5.3366456700e-01  8.5066080090e-03 
1085.000  5.2905971500e-01  8.1840467450e-03 
1086.000  5.3540719500e-01  8.2799081800e-03 
1087.000  5.0013023200e-01  7.9194698330e-03 
1088.000  5.3033933600e-01  8.4672374730e-03 
1089.000  5.1312465300e-01  7.9789304730e-03 
1090.000  5.2485459100e-01  8.1667232510e-03 
1091.000  5.2765604200e-01  8.3151578900e-03 
1092.000  5.1689981700e-01  8.0740213390e-03 
1093.000  5.1377424900e-01  7.8027982710e-03 
1094.000  4.6876490600e-01  6.9831018450e-03 
1095.000  5.0716700700e-01  7.5277996060e-03 
1096.000  5.0790342300e-01  7.5126190190e-03 
1097.000  4.9869881100e-01  7.2770004270e-03 
1098.000  4.9774801500e-01  6.6619634630e-03 
1099.000  5.0223814400e-01  6.1739840510e-03 
1100.000  5.1065281000e-01  6.3116745950e-03 
1101.000  5.0907084600e-01  6.3607864380e-03 
1102.000  4.8815913200e-01  6.0603232380e-03 
1103.000  5.0719338100e-01  6.3377146720e-03 
1104.000  5.0394738700e-01  6.2059869770e-03 
1105.000  5.0430828400e-01  5.9949603080e-03 
1106.000  5.0119748800e-01  5.7615237240e-03 
1107.000  5.0030045700e-01  5.7869701390e-03 
1108.000  4.9845973400e-01  5.7842783930e-03 
1109.000  4.9977477200e-01  5.9458837510e-03 
1110.000  5.0233853600e-01  5.9238762860e-03 
1111.000  4.9630463600e-01  5.7445206640e-03 
1112.000  4.9189153400e-01  5.2994647030e-03 
1113.000  4.9016924000e-01  4.8105726240e-03 
1114.000  4.9547678500e-01  4.7077336310e-03 
1115.000  4.9048714700e-01  4.2124352460e-03 
1116.000  4.8428186100e-01  3.9306695460e-03 
1117.000  4.9002653600e-01  3.5441048150e-03 
1118.000  4.8489460100e-01  3.1741919520e-03 
1119.000  4.7133684800e-01  2.9450895790e-03 
1120.000  4.7228612700e-01  2.8164837360e-03 
1121.000  4.7529317400e-01  2.8081407550e-03 
1122.000  4.7308921100e-01  2.6928284170e-03 
1123.000  4.7531122700e-01  2.7571458820e-03 
1124.000  4.7622530700e-01  2.7997641560e-03 
1125.000  4.6630257600e-01  2.7213604450e-03 
1126.000  4.5738494800e-01  2.6618351940e-03 
1127.000  4.7287014100e-01  2.7611970900e-03 
1128.000  4.6422503300e-01  2.7290294170e-03 
1129.000  4.6711953000e-01  2.8657221790e-03 
1130.000  4.6803584600e-01  3.2431430820e-03 
1131.000  4.7316500500e-01  3.4056980610e-03 
1132.000  4.7416483600e-01  3.2358844280e-03 
1133.000  4.6191946800e-01  2.8872463700e-03 
1134.000  4.5652305500e-01  2.5350873470e-03 
1135.000  4.6250517100e-01  2.5866832730e-03 
1136.000  4.6442018200e-01  2.9429411890e-03 
1137.000  4.7121645800e-01  3.2802245620e-03 
1138.000  4.5515660400e-01  3.5108549590e-03 
1139.000  4.6536920900e-01  3.7459778790e-03 
1140.000  4.6659689900e-01  3.6815156940e-03 
1141.000  4.5310931300e-01  3.4469299320e-03 
1142.000  4.6537402200e-01  3.4869668480e-03 
1143.000  4.5699774600e-01  3.2702963350e-03 
1144.000  4.5372319700e-01  3.0908234120e-03 
1145.000  4.5634156700e-01  2.9087400440e-03 
1146.000  4.6101968900e-01  2.9812893870e-03 
1147.000  4.6335690800e-01  3.1597430710e-03 
1148.000  4.5895019600e-01  3.2912037370e-03 
1149.000  4.6042283800e-01  3.3760187630e-03 
1150.000  4.5846759800e-01  3.3817157750e-03 
1151.000  4.5712277200e-01  3.5016086100e-03 
1152.000  4.5626822400e-01  3.5622766020e-03 
1153.000  4.5547070700e-01  3.6536998750e-03 
1154.000  4.5895020300e-01  3.6766889100e-03 
1155.000  4.6052894800e-01  3.8959102630e-03 
1156.000  4.5428634600e-01  4.0741453170e-03 
1157.000  4.5854472900e-01  4.6680784230e-03 
1158.000  4.5861613600e-01  4.9846940040e-03 
1159.000  4.5213344200e-01  5.2238850590e-03 
1160.000  4.4638946100e-01  5.3015189170e-03 
1161.000  4.3676185800e-01  5.5157294270e-03 
1162.000  4.5257294100e-01  5.9923505780e-03 
1163.000  4.5445250900e-01  6.3344793320e-03 
1164.000  4.4522150200e-01  6.2701654430e-03 
1165.000  4.5381537700e-01  6.4461421970e-03 
1166.000  4.4204424000e-01  6.3604168890e-03 
1167.000  4.4921353300e-01  6.5161690710e-03 
1168.000  4.5313990900e-01  6.5621089940e-03 
1169.000  4.3747099200e-01  6.3852376940e-03 
1170.000  4.4923510900e-01  6.6014699940e-03 
1171.000  4.5131405100e-01  6.7343335150e-03 
1172.000  4.4990250600e-01  6.6573390960e-03 
1173.000  4.4676855700e-01  6.5590343480e-03 
1174.000  4.4699504400e-01  6.5674309730e-03 
1175.000  4.4176208400e-01  6.6420226100e-03 
1176.000  4.3109728300e-01  6.6221876140e-03 
1177.000  4.4440872800e-01  6.7579975130e-03 
1178.000  4.3690217100e-01  6.5089378360e-03 
1179.000  4.3494261900e-01  6.4812026020e-03 
1180.000  4.4104855200e-01  6.5240044590e-03 
1181.000  4.3879551600e-01  6.3683815000e-03 
1182.000  4.3935043000e-01  6.2507624630e-03 
1183.000  4.1384195800e-01  5.8956327440e-03 
1184.000  4.3249375900e-01  6.2240633960e-03 
1185.000  4.3821590600e-01  6.4718027110e-03 
1186.000  4.3560838100e-01  6.3755455020e-03 
1187.000  4.3576262200e-01  6.1986045840e-03 
1188.000  4.3352731800e-01  6.1075720790e-03 
1189.000  4.0816435100e-01  5.8209090230e-03 
1190.000  4.2823628000e-01  6.3371458050e-03 
1191.000  4.3491312600e-01  6.4790549280e-03 
1192.000  4.3254550500e-01  6.5256915090e-03 
1193.000  4.3271161800e-01  6.4598546030e-03 
1194.000  4.3189894000e-01  6.4238762860e-03 
1195.000  4.2705756900e-01  6.2432365420e-03 
1196.000  4.2678843500e-01  6.2593498230e-03 
1197.000  4.2667494500e-01  6.2077093120e-03 
1198.000  4.1234512400e-01  5.9913983350e-03 
1199.000  3.9702151000e-01  5.7104582790e-03 
1200.000  4.2205009800e-01  6.1089515690e-03 
1201.000  4.2507880000e-01  6.1729698180e-03 
1202.000  4.2589413500e-01  6.2129116060e-03 
1203.000  4.0510857300e-01  5.8885355000e-03 
1204.000  4.1182211600e-01  6.0216598510e-03 
1205.000  4.2137482700e-01  6.3583431240e-03 
1206.000  4.1881145600e-01  6.4126324650e-03 
1207.000  4.2162393600e-01  6.4950766560e-03 
1208.000  4.1548632200e-01  6.3705143930e-03 
1209.000  3.8952787000e-01  5.9258046150e-03 
1210.000  4.1680478600e-01  6.2596740720e-03 
1211.000  4.0288150700e-01  6.0454998020e-03 
1212.000  4.1549597500e-01  6.2699122430e-03 
1213.000  4.1703130300e-01  6.3877182010e-03 
1214.000  4.1524667400e-01  6.3644146920e-03 
1215.000  4.1667319600e-01  6.4328293800e-03 
1216.000  4.1544168000e-01  6.5632810590e-03 
1217.000  4.1457797600e-01  6.6716432570e-03 
1218.000  4.1312769500e-01  6.7002286910e-03 
1219.000  4.0926174800e-01  6.6650543210e-03 
1220.000  4.1201275100e-01  6.7000737190e-03 
1221.000  4.1115981000e-01  6.6869068150e-03 
1222.000  4.0888205000e-01  6.6419920920e-03 
1223.000  4.0688075000e-01  6.6388807300e-03 
1224.000  4.0982168400e-01  6.7836275100e-03 
1225.000  4.0749814500e-01  6.7796578410e-03 
1226.000  4.0882647700e-01  6.8455200200e-03 
1227.000  3.9479823700e-01  6.6708588600e-03 
1228.000  4.0689672400e-01  6.9477663040e-03 
1229.000  4.0622044500e-01  6.9861035350e-03 
1230.000  4.0459210900e-01  7.0160651210e-03 
1231.000  4.0445973200e-01  7.0489974020e-03 
1232.000  3.9986112300e-01  6.9848904610e-03 
1233.000  4.0298046500e-01  7.0508098600e-03 
1234.000  4.0151354500e-01  7.0986475940e-03 
1235.000  3.9864190300e-01  7.0702700610e-03 
1236.000  4.0090031900e-01  7.1200628280e-03 
1237.000  4.0079470800e-01  7.1408910750e-03 
1238.000  4.0051043500e-01  7.1420731540e-03 
1239.000  3.9592744800e-01  7.0620813370e-03 
1240.000  3.9415021400e-01  7.0738530160e-03 
1241.000  3.9775816500e-01  7.1788749690e-03 
1242.000  3.9553978500e-01  7.1762719150e-03 
1243.000  3.9120989500e-01  7.1361188890e-03 
1244.000  3.8786149000e-01  7.1024332050e-03 
1245.000  3.9464094600e-01  7.2469601630e-03 
1246.000  3.9170731400e-01  7.1461915970e-03 
1247.000  3.8992013500e-01  7.0651493070e-03 
1248.000  3.9308777800e-01  7.0736446380e-03 
1249.000  3.9175716700e-01  7.0101747510e-03 
1250.000  3.9036288000e-01  6.9383783340e-03 
1251.000  3.8783178800e-01  6.8587355610e-03 
1252.000  3.8683485000e-01  6.8041920660e-03 
1253.000  3.8381127500e-01  6.7123227120e-03 
1254.000  3.8513773000e-01  6.6690545080e-03 
1255.000  3.8472653260e-01  6.6150202750e-03 
1256.000  3.8413250970e-01  6.5650882720e-03 
1257.000  3.8001808060e-01  6.4057865140e-03 
1258.000  3.8201051440e-01  6.2968754770e-03 
1259.000  3.7811501570e-01  6.1118226050e-03 
1260.000  3.7893160680e-01  5.9985747340e-03 
1261.000  3.7848435570e-01  5.8635072710e-03 
1262.000  3.7038631350e-01  5.5851655010e-03 
1263.000  3.7487865840e-01  5.6414461140e-03 
1264.000  3.6904203500e-01  5.5572576520e-03 
1265.000  3.6971447340e-01  5.5842037200e-03 
1266.000  3.7210231980e-01  5.6010923390e-03 
1267.000  3.6513356770e-01  5.4754762650e-03 
1268.000  3.6153798610e-01  5.3895430560e-03 
1269.000  3.6492234890e-01  5.4257283210e-03 
1270.000  3.6893261210e-01  5.6066432000e-03 
1271.000  3.7098080940e-01  5.6974534990e-03 
1272.000  3.6988380250e-01  5.7405815120e-03 
1273.000  3.6956548350e-01  5.8014945980e-03 
1274.000  3.6735823610e-01  5.8339605330e-03 
1275.000  3.6952009300e-01  5.8918724060e-03 
1276.000  3.7011325240e-01  5.9068875310e-03 
1277.000  3.6983697590e-01  5.8944182400e-03 
1278.000  3.6877657530e-01  5.8653936390e-03 
1279.000  3.6630793060e-01  5.8473916050e-03 
1280.000  3.6414465130e-01  5.9060473440e-03 
1281.000  3.5375905630e-01  5.8265433310e-03 
1282.000  3.1414495920e-01  5.2531709670e-03 
1283.000  3.4476823830e-01  5.8281164170e-03 
1284.000  3.5899519100e-01  6.1120386120e-03 
1285.000  3.6162758420e-01  6.1761946680e-03 
1286.000  3.6150939610e-01  6.1411209110e-03 
1287.000  3.6372053460e-01  6.1221251490e-03 
1288.000  3.6144035700e-01  5.9014043810e-03 
1289.000  3.6359483890e-01  5.8820071220e-03 
1290.000  3.5526389820e-01  5.7285752300e-03 
1291.000  3.6012682830e-01  5.7839131360e-03 
1292.000  3.6162979540e-01  5.8236503600e-03 
1293.000  3.6195310620e-01  5.7854366300e-03 
1294.000  3.5620825570e-01  5.5725202560e-03 
1295.000  3.6004331470e-01  5.4827609060e-03 
1296.000  3.6030829280e-01  5.3781046870e-03 
1297.000  3.5808687680e-01  5.2828650470e-03 
1298.000  3.5488775030e-01  5.2408843040e-03 
1299.000  3.5845092340e-01  5.2969064710e-03 
1300.000  3.5701152480e-01  5.2796983720e-03 
1301.000  3.5644267720e-01  5.2530770300e-03 
1302.000  3.5187045690e-01  5.0981459620e-03 
1303.000  3.4998128410e-01  4.8921656610e-03 
1304.000  3.5020877040e-01  4.8020482060e-03 
1305.000  3.5236621100e-01  4.7783803940e-03 
1306.000  3.5270117970e-01  4.7249493600e-03 
1307.000  3.5166009210e-01  4.6726174350e-03 
1308.000  3.5136098170e-01  4.5849580760e-03 
1309.000  3.5104750930e-01  4.4615092280e-03 
1310.000  3.4959030190e-01  4.4407067300e-03 
1311.000  3.4851893880e-01  4.4338808060e-03 
1312.000  3.4743354120e-01  4.2769908910e-03 
1313.000  3.3460147000e-01  3.9455125330e-03 
1314.000  3.4504629110e-01  3.9205789570e-03 
1315.000  3.3342826110e-01  3.8598337170e-03 
1316.000  3.4118455530e-01  4.0602254870e-03 
1317.000  3.4485526040e-01  4.1042261120e-03 
1318.000  3.3997546910e-01  3.8638799190e-03 
1319.000  3.4463296790e-01  3.6829137800e-03 
1320.000  3.4208902600e-01  3.4197614190e-03 
1321.000  3.4058645440e-01  3.3211936950e-03 
1322.000  3.3990624970e-01  3.4431023600e-03 
1323.000  3.4065841340e-01  3.6014623640e-03 
1324.000  3.4083896080e-01  3.6933186050e-03 
1325.000  3.3974982320e-01  3.6175270080e-03 
1326.000  3.3816112690e-01  3.4427788260e-03 
1327.000  3.3546092120e-01  3.1111392970e-03 
1328.000  3.3634678900e-01  2.8515472410e-03 
1329.000  3.2407121390e-01  2.3603112700e-03 
1330.000  3.2914574330e-01  2.2659845350e-03 
1331.000  3.3061161810e-01  2.1996841430e-03 
1332.000  3.2306576730e-01  2.1709396840e-03 
1333.000  3.3160371500e-01  2.2966933250e-03 
1334.000  3.3201817210e-01  2.3938257690e-03 
1335.000  3.3230358740e-01  2.4666674140e-03 
1336.000  3.2870594170e-01  2.4633119110e-03 
1337.000  3.2977034040e-01  2.4746413230e-03 
1338.000  3.2952668940e-01  2.5254454610e-03 
1339.000  3.2598601500e-01  2.5002493860e-03 
1340.000  3.2364604910e-01  2.5266678330e-03 
1341.000  3.2853096680e-01  2.5033192630e-03 
1342.000  3.2772728440e-01  2.5036211010e-03 
1343.000  3.2769861140e-01  2.3169639110e-03 
1344.000  3.2620100510e-01  2.1553900240e-03 
1345.000  3.2370179720e-01  1.8752888440e-03 
1346.000  3.1853060840e-01  1.7321009640e-03 
1347.000  3.1913655660e-01  1.6831303830e-03 
1348.000  3.1555934210e-01  1.6125098470e-03 
1349.000  3.1341735780e-01  1.5800211430e-03 
1350.000  3.0701941420e-01  1.5059573650e-03 
1351.000  3.0485151010e-01  1.4681010250e-03 
1352.000  3.0540917840e-01  1.4303172830e-03 
1353.000  2.9955670720e-01  1.3546649220e-03 
1354.000  2.9593926390e-01  1.3105798960e-03 
1355.000  2.9029948510e-01  1.2557280060e-03 
1356.000  2.8602549860e-01  1.2048358920e-03 
1357.000  2.7932681940e-01  1.1369808910e-03 
1358.000  2.7972454000e-01  1.0962785480e-03 
1359.000  2.7200822110e-01  9.9445843700e-04 
1360.000  2.6204045820e-01  9.1292911770e-04 
1361.000  2.6423821350e-01  8.9105546470e-04 
1362.000  2.6197462130e-01  8.7505841260e-04 
1363.000  2.6223745740e-01  9.2107325790e-04 
1364.000  2.6750762080e-01  9.5478039980e-04 
1365.000  2.6737099390e-01  9.6255367990e-04 
1366.000  2.6924888080e-01  9.8667484520e-04 
1367.000  2.6429897060e-01  9.4618296620e-04 
1368.000  2.6432299980e-01  9.2547905450e-04 
1369.000  2.5956055000e-01  9.1373300550e-04 
1370.000  2.6507197410e-01  9.8526310920e-04 
1371.000  2.7285165920e-01  1.0858989950e-03 
1372.000  2.8368936890e-01  1.2037761210e-03 
1373.000  2.8779241410e-01  1.2672270540e-03 
1374.000  2.9107997380e-01  1.3061560390e-03 
1375.000  2.8698930970e-01  1.2986388210e-03 
1376.000  2.8270059820e-01  1.2709667680e-03 
1377.000  2.8527976960e-01  1.2648440600e-03 
1378.000  2.8038153520e-01  1.2097660300e-03 
1379.000  2.7852762100e-01  1.1521047350e-03 
1380.000  2.6853978540e-01  1.0429998640e-03 
1381.000  2.6248601990e-01  9.5385891200e-04 
1382.000  2.5434214590e-01  8.8823497300e-04 
1383.000  2.5656739550e-01  8.9185595510e-04 
1384.000  2.6226345830e-01  9.6602797510e-04 
1385.000  2.6434649830e-01  1.0157709120e-03 
1386.000  2.7232482340e-01  1.0963474510e-03 
1387.000  2.7622719870e-01  1.1870778800e-03 
1388.000  2.8201759800e-01  1.2465271950e-03 
1389.000  2.8426260950e-01  1.2714605330e-03 
1390.000  2.7925033770e-01  1.2535202500e-03 
1391.000  2.8198650060e-01  1.2535413500e-03 
1392.000  2.7754576800e-01  1.1981890200e-03 
1393.000  2.7300243190e-01  1.1442885400e-03 
1394.000  2.6695091340e-01  1.0870314840e-03 
1395.000  2.6825175530e-01  1.1065843110e-03 
1396.000  2.7418088300e-01  1.1694012880e-03 
1397.000  2.7724833180e-01  1.2132612470e-03 
1398.000  2.7745977710e-01  1.2176498170e-03 
1399.000  2.7564644460e-01  1.1991671320e-03 
1400.000  2.6764303750e-01  1.1591283080e-03 
1401.000  2.6885524170e-01  1.1674051280e-03 
1402.000  2.7541951070e-01  1.2197083230e-03 
1403.000  2.7471990890e-01  1.2308468820e-03 
1404.000  2.7263752260e-01  1.2127854820e-03 
1405.000  2.7280289850e-01  1.2144820690e-03 
1406.000  2.7241893110e-01  1.2014932630e-03 
1407.000  2.7268930510e-01  1.2017127280e-03 
1408.000  2.7353119780e-01  1.2279945610e-03 
1409.000  2.7644627570e-01  1.2572033410e-03 
1410.000  2.7763765410e-01  1.2907413240e-03 
1411.000  2.7970884270e-01  1.3202733990e-03 
1412.000  2.6877915140e-01  1.2663979530e-03 
1413.000  2.7396961550e-01  1.2971709970e-03 
1414.000  2.7755247490e-01  1.3062527180e-03 
1415.000  2.7739156280e-01  1.3165820840e-03 
1416.000  2.7688263310e-01  1.3242552280e-03 
1417.000  2.7890386510e-01  1.3320499660e-03 
1418.000  2.7901260490e-01  1.3307998180e-03 
1419.000  2.7503893900e-01  1.3096348050e-03 
1420.000  2.7443530780e-01  1.3085321190e-03 
1421.000  2.7898998670e-01  1.3473391530e-03 
1422.000  2.7275611820e-01  1.3239605430e-03 
1423.000  2.7109567960e-01  1.3159532550e-03 
1424.000  2.7134068800e-01  1.3115199800e-03 
1425.000  2.7657650930e-01  1.3243364100e-03 
1426.000  2.6538519050e-01  1.2675818200e-03 
1427.000  2.6952600830e-01  1.2940062280e-03 
1428.000  2.7537600260e-01  1.3269007210e-03 
1429.000  2.6891767460e-01  1.3027679920e-03 
1430.000  2.6307639960e-01  1.2677125930e-03 
1431.000  2.6247345330e-01  1.2379074100e-03 
1432.000  2.6724483160e-01  1.2440068720e-03 
1433.000  2.6738063600e-01  1.2396250960e-03 
1434.000  2.6199178540e-01  1.2044888730e-03 
1435.000  2.6518821440e-01  1.2302075620e-03 
1436.000  2.6522400840e-01  1.2328439950e-03 
1437.000  2.6627170240e-01  1.2367707490e-03 
1438.000  2.6562374530e-01  1.2490534780e-03 
1439.000  2.6876419610e-01  1.2622972730e-03 
1440.000  2.5212757650e-01  1.1881636380e-03 
1441.000  2.6483276290e-01  1.2477608920e-03 
1442.000  2.5866679680e-01  1.2071887250e-03 
1443.000  2.6296209090e-01  1.2226917740e-03 
1444.000  2.6424083620e-01  1.2305122610e-03 
1445.000  2.6344328190e-01  1.2239431140e-03 
1446.000  2.6627125950e-01  1.2472620010e-03 
1447.000  2.6505398500e-01  1.2520207170e-03 
1448.000  2.6708040990e-01  1.2592626810e-03 
1449.000  2.6697419040e-01  1.2436815500e-03 
1450.000  2.6517787720e-01  1.2142313720e-03 
1451.000  2.6346808530e-01  1.2074178460e-03 
1452.000  2.6022414410e-01  1.2158435580e-03 
1453.000  2.6517699340e-01  1.2944813970e-03 
1454.000  2.6620756190e-01  1.3792049880e-03 
1455.000  2.6284049900e-01  1.4209451680e-03 
1456.000  2.6272035890e-01  1.4876745940e-03 
1457.000  2.6523946420e-01  1.5055104490e-03 
1458.000  2.6886628510e-01  1.5365009310e-03 
1459.000  2.6986521820e-01  1.4791424270e-03 
1460.000  2.6527388570e-01  1.4021354910e-03 
1461.000  2.6469425950e-01  1.3675130610e-03 
1462.000  2.6180350120e-01  1.2870881560e-03 
1463.000  2.6005787610e-01  1.2718576190e-03 
1464.000  2.5988679720e-01  1.2485998870e-03 
1465.000  2.6289198680e-01  1.2207888360e-03 
1466.000  2.5663076880e-01  1.1478270290e-03 
1467.000  2.6278182210e-01  1.1456574200e-03 
1468.000  2.5631486760e-01  1.0887403490e-03 
1469.000  2.5914138470e-01  1.0638519530e-03 
1470.000  2.5764665970e-01  1.0418684480e-03 
1471.000  2.5357233140e-01  1.0524342060e-03 
1472.000  2.5510466080e-01  1.1083471780e-03 
1473.000  2.5734929720e-01  1.2148213390e-03 
1474.000  2.5026384600e-01  1.2728711370e-03 
1475.000  2.5558495910e-01  1.2952090500e-03 
1476.000  2.5598918130e-01  1.2914173600e-03 
1477.000  2.5674043800e-01  1.2580305340e-03 
1478.000  2.5302695330e-01  1.2048355340e-03 
1479.000  2.5592572410e-01  1.1731303930e-03 
1480.000  2.5732809110e-01  1.2002555130e-03 
1481.000  2.5349183340e-01  1.2253283260e-03 
1482.000  2.5664777790e-01  1.2968732120e-03 
1483.000  2.5136184270e-01  1.2833540440e-03 
1484.000  2.5368515780e-01  1.2977206710e-03 
1485.000  2.5851441190e-01  1.3107705120e-03 
1486.000  2.5425447810e-01  1.3461526630e-03 
1487.000  2.5454536240e-01  1.4713160990e-03 
1488.000  2.2252364000e-01  1.2980979680e-03 
1489.000  2.5550428840e-01  1.6765336990e-03 
1490.000  2.5609895650e-01  1.8611750600e-03 
1491.000  2.5864458610e-01  2.0118758680e-03 
1492.000  2.5263469310e-01  1.9890049700e-03 
1493.000  2.5831185630e-01  2.1292698380e-03 
1494.000  2.5733085650e-01  2.1297602650e-03 
1495.000  2.5553034180e-01  2.1999456880e-03 
1496.000  2.4797373440e-01  2.2823238370e-03 
1497.000  2.5379779650e-01  2.3267984390e-03 
1498.000  2.5636840830e-01  2.4887406830e-03 
1499.000  2.5205645430e-01  2.5731225010e-03 
1500.000  2.5635493410e-01  2.7088520530e-03 
1501.000  2.5598887320e-01  2.6529505250e-03 
1502.000  2.5401158020e-01  2.5635800360e-03 
1503.000  2.2808775090e-01  2.2509512900e-03 
1504.000  2.3763164790e-01  2.3655261990e-03 
1505.000  2.3689347740e-01  2.4741084580e-03 
1506.000  2.4008734440e-01  2.5358879570e-03 
1507.000  2.5109861270e-01  2.7668139930e-03 
1508.000  2.4717802840e-01  2.7934610840e-03 
1509.000  2.4824579050e-01  2.8835742470e-03 
1510.000  2.5208183710e-01  2.9683666230e-03 
1511.000  2.5322813660e-01  3.0459270480e-03 
1512.000  2.4847454390e-01  3.0340878960e-03 
1513.000  2.4805872150e-01  3.0681800840e-03 
1514.000  2.4466327960e-01  3.0479815010e-03 
1515.000  2.4947113270e-01  3.1267139910e-03 
1516.000  2.4715614990e-01  3.0664286610e-03 
1517.000  2.4569247220e-01  3.0305716990e-03 
1518.000  2.5022076160e-01  3.0964760780e-03 
1519.000  2.4650747280e-01  3.0669541360e-03 
1520.000  2.4802384920e-01  3.1601676940e-03 
1521.000  2.4329986940e-01  3.1955478190e-03 
1522.000  2.4187601530e-01  3.2260854240e-03 
1523.000  2.4776360100e-01  3.3709666730e-03 
1524.000  2.4600476020e-01  3.3787486550e-03 
1525.000  2.4052256860e-01  3.3160376550e-03 
1526.000  2.4729766400e-01  3.3858609200e-03 
1527.000  2.4462493290e-01  3.3448860650e-03 
1528.000  2.4610812400e-01  3.3692784310e-03 
1529.000  2.4532935910e-01  3.3289883140e-03 
1530.000  2.2949830550e-01  3.1114549640e-03 
1531.000  2.4522271810e-01  3.2927687170e-03 
1532.000  2.4364973980e-01  3.2421574590e-03 
1533.000  2.4241887250e-01  3.1846337320e-03 
1534.000  2.3856635980e-01  3.0919814110e-03 
1535.000  2.3918058990e-01  3.0585930350e-03 
1536.000  2.4237904670e-01  3.1347460750e-03 
1537.000  2.4294174720e-01  3.1931653020e-03 
1538.000  2.3609736650e-01  3.1555216310e-03 
1539.000  2.4092510680e-01  3.2708053590e-03 
1540.000  2.3209704790e-01  3.1921341420e-03 
1541.000  2.3685921840e-01  3.2592539790e-03 
1542.000  2.3826774880e-01  3.2690076830e-03 
1543.000  2.3738139340e-01  3.2554152010e-03 
1544.000  2.4006615420e-01  3.2957110400e-03 
1545.000  2.4046760910e-01  3.3134856220e-03 
1546.000  2.4026088990e-01  3.3389968870e-03 
1547.000  2.3760889070e-01  3.3292398450e-03 
1548.000  2.3040391930e-01  3.2527856830e-03 
1549.000  2.3630926470e-01  3.3513340950e-03 
1550.000  2.3499722770e-01  3.3454079630e-03 
1551.000  2.3376703020e-01  3.3137757780e-03 
1552.000  2.3774059150e-01  3.3427264690e-03 
1553.000  2.3639923920e-01  3.3021287920e-03 
1554.000  2.2773763110e-01  3.1541705130e-03 
1555.000  2.3139006380e-01  3.1863627430e-03 
1556.000  2.2688503860e-01  3.1463022230e-03 
1557.000  2.3424984940e-01  3.3037385940e-03 
1558.000  2.3245572630e-01  3.3253371720e-03 
1559.000  2.3256679250e-01  3.3715834620e-03 
1560.000  2.2855069330e-01  3.3631615640e-03 
1561.000  2.3398827100e-01  3.4533100130e-03 
1562.000  2.3406337620e-01  3.4219183920e-03 
1563.000  2.3072418010e-01  3.3482546810e-03 
1564.000  2.2638087520e-01  3.2517802720e-03 
1565.000  2.3029453750e-01  3.2677655220e-03 
1566.000  2.2593075430e-01  3.2079341410e-03 
1567.000  2.2658343460e-01  3.2203280930e-03 
1568.000  2.2277451580e-01  3.1568450930e-03 
1569.000  2.2460301560e-01  3.1693151000e-03 
1570.000  2.1956584410e-01  3.0973684790e-03 
1571.000  2.2544906710e-01  3.2077109810e-03 
1572.000  2.2565182320e-01  3.2207038400e-03 
1573.000  2.2187545780e-01  3.1960186960e-03 
1574.000  2.2209701030e-01  3.2371540070e-03 
1575.000  2.0597754520e-01  3.0306620600e-03 
1576.000  2.2128808390e-01  3.2557852270e-03 
1577.000  1.9972723390e-01  2.8991541860e-03 
1578.000  2.1844358400e-01  3.1279950140e-03 
1579.000  2.1937743580e-01  3.1042878630e-03 
1580.000  2.2328308680e-01  3.1314394470e-03 
1581.000  2.2180242300e-01  3.0725374220e-03 
1582.000  2.1670477010e-01  3.0327544210e-03 
1583.000  2.1879360730e-01  3.0915007590e-03 
1584.000  2.1633129280e-01  3.0864448550e-03 
1585.000  2.2235488970e-01  3.1965570450e-03 
1586.000  2.1956201470e-01  3.1651728150e-03 
1587.000  2.1688619730e-01  3.1519918440e-03 
1588.000  2.1341730230e-01  3.1245145800e-03 
1589.000  1.9520436390e-01  2.8658168320e-03 
1590.000  2.1035690850e-01  3.0976529120e-03 
1591.000  2.0564362590e-01  3.0403120520e-03 
1592.000  2.1655061110e-01  3.2080292700e-03 
1593.000  2.2146830930e-01  3.2830750940e-03 
1594.000  2.1991394800e-01  3.2614719870e-03 
1595.000  2.2137892550e-01  3.2839994430e-03 
1596.000  2.0737340340e-01  3.0909359460e-03 
1597.000  2.1583105870e-01  3.2103643420e-03 
1598.000  2.1990424930e-01  3.2557861800e-03 
1599.000  2.1254267390e-01  3.1267235280e-03 
1600.000  2.1608494120e-01  3.1663432120e-03 
1601.000  2.0698861400e-01  3.0487077240e-03 
1602.000  2.1228176830e-01  3.1632187370e-03 
1603.000  2.1067158230e-01  3.1928260330e-03 
1604.000  2.1325865810e-01  3.2925407890e-03 
1605.000  2.1010573170e-01  3.2851011750e-03 
1606.000  2.0925023520e-01  3.3148303030e-03 
1607.000  2.1012982670e-01  3.2911250590e-03 
1608.000  2.1252400540e-01  3.2917974000e-03 
1609.000  2.1170698440e-01  3.2488274570e-03 
1610.000  1.9849661290e-01  3.0213022230e-03 
1611.000  2.0420295210e-01  3.0991077420e-03 
1612.000  2.0594905120e-01  3.1181638240e-03 
1613.000  2.1034462490e-01  3.1754119400e-03 
1614.000  2.0828026520e-01  3.1109392640e-03 
1615.000  2.1154427750e-01  3.1447258000e-03 
1616.000  1.9820331340e-01  2.9297792910e-03 
1617.000  2.0391593890e-01  3.0595583920e-03 
1618.000  2.1026949710e-01  3.1819801330e-03 
1619.000  2.0952561180e-01  3.2176680560e-03 
1620.000  2.0417509700e-01  3.1807663440e-03 
1621.000  2.0111435530e-01  3.1714718340e-03 
1622.000  2.0617655730e-01  3.2569069860e-03 
1623.000  2.1030467540e-01  3.3365979190e-03 
1624.000  2.1175804360e-01  3.3693342210e-03 
1625.000  2.0644021840e-01  3.3099899290e-03 
1626.000  2.0897157590e-01  3.3405909540e-03 
1627.000  2.0870194900e-01  3.3563625810e-03 
1628.000  2.1037907280e-01  3.3944821360e-03 
1629.000  2.1034856930e-01  3.4033617970e-03 
1630.000  2.0463771120e-01  3.3132002350e-03 
1631.000  2.0783834420e-01  3.3773484230e-03 
1632.000  2.0789075900e-01  3.3200824260e-03 
1633.000  2.0521532180e-01  3.2340850830e-03 
1634.000  2.0041322070e-01  3.1123592850e-03 
1635.000  2.0578668790e-01  3.1553320880e-03 
1636.000  2.0524229540e-01  3.0999879840e-03 
1637.000  1.9610468710e-01  2.9196491240e-03 
1638.000  1.9467162350e-01  2.8647835250e-03 
1639.000  1.9273161690e-01  2.7890923020e-03 
1640.000  1.9388770360e-01  2.7672545910e-03 
1641.000  1.9268782660e-01  2.7241392140e-03 
1642.000  1.9244767640e-01  2.7908751960e-03 
1643.000  1.9739393410e-01  2.9296388630e-03 
1644.000  1.9433921080e-01  2.9484329220e-03 
1645.000  1.9477241750e-01  3.0155000690e-03 
1646.000  1.9711333350e-01  3.1095166210e-03 
1647.000  1.9896405470e-01  3.1341567040e-03 
1648.000  1.9819554760e-01  3.1104521750e-03 
1649.000  1.9366787030e-01  3.0336399080e-03 
1650.000  1.9857535890e-01  3.1070454120e-03 
1651.000  1.9410127770e-01  3.0337390900e-03 
1652.000  1.9797503310e-01  3.0894312860e-03 
1653.000  1.9575208300e-01  3.0615715980e-03 
1654.000  1.9794848830e-01  3.0973320010e-03 
1655.000  1.9398083540e-01  3.0447564130e-03 
1656.000  1.9770654260e-01  3.1092767720e-03 
1657.000  1.9627364010e-01  3.0862116810e-03 
1658.000  1.9733415510e-01  3.1102998260e-03 
1659.000  1.9369920630e-01  3.0532152650e-03 
1660.000  1.9606289010e-01  3.0828757290e-03 
1661.000  1.9683263930e-01  3.0745460990e-03 
1662.000  1.9551008790e-01  2.9883193970e-03 
1663.000  1.9427944170e-01  2.9115231040e-03 
1664.000  1.9345715030e-01  2.8404912950e-03 
1665.000  1.9148159320e-01  2.7525053020e-03 
1666.000  1.9054954110e-01  2.7288060190e-03 
1667.000  1.9207207710e-01  2.8092021940e-03 
1668.000  1.8881785020e-01  2.8022487160e-03 
1669.000  1.8912029000e-01  2.8549907210e-03 
1670.000  1.9319247480e-01  2.9652440550e-03 
1671.000  1.9171742970e-01  2.9949626920e-03 
1672.000  1.8263646990e-01  2.9131889340e-03 
1673.000  1.8801687460e-01  3.0501127240e-03 
1674.000  1.8889064390e-01  3.1192362310e-03 
1675.000  1.8714063890e-01  3.1514239310e-03 
1676.000  1.8415949480e-01  3.1208448410e-03 
1677.000  1.8504456200e-01  3.1322813030e-03 
1678.000  1.8591330060e-01  3.1499910350e-03 
1679.000  1.8344079800e-01  3.1002333160e-03 
1680.000  1.7703189780e-01  2.9934067730e-03 
1681.000  1.7082660610e-01  2.8885347840e-03 
1682.000  1.7575971740e-01  2.9687292580e-03 
1683.000  1.8015292000e-01  3.0358092780e-03 
1684.000  1.8351385030e-01  3.0860600470e-03 
1685.000  1.8423279190e-01  3.0806400780e-03 
1686.000  1.8200997710e-01  3.0286679270e-03 
1687.000  1.8302626330e-01  3.0041477680e-03 
1688.000  1.8336812060e-01  2.9734714030e-03 
1689.000  1.8115807000e-01  2.9183681010e-03 
1690.000  1.8132135770e-01  2.8822805880e-03 
1691.000  1.8369417850e-01  2.9296100140e-03 
1692.000  1.8402852460e-01  2.9531672000e-03 
1693.000  1.8332906940e-01  2.9635348320e-03 
1694.000  1.8305157880e-01  2.9774699210e-03 
1695.000  1.8326070410e-01  2.9872574810e-03 
1696.000  1.8218900590e-01  2.9310913090e-03 
1697.000  1.8114845950e-01  2.8638367650e-03 
1698.000  1.8224165430e-01  2.8341395850e-03 
1699.000  1.8106387270e-01  2.7726387980e-03 
1700.000  1.7874289840e-01  2.6966071130e-03 
