 lambda   Irr_dw            Rad_up 
 550.000  1.5573940000e+00  7.6553756710e-02 
 551.000  1.5470839300e+00  7.5887496950e-02 
 552.000  1.6130998100e+00  7.9066864010e-02 
 553.000  1.5493532500e+00  7.5761283870e-02 
 554.000  1.5994119300e+00  7.8129249570e-02 
 555.000  1.6033868300e+00  7.8109100340e-02 
 556.000  1.5587142500e+00  7.5729057310e-02 
 557.000  1.5120768100e+00  7.3395042420e-02 
 558.000  1.5691346200e+00  7.5959846500e-02 
 559.000  1.4828392500e+00  7.1644737240e-02 
 560.000  1.4890900900e+00  7.1872444150e-02 
 561.000  1.6363538500e+00  7.8758949280e-02 
 562.000  1.5022085000e+00  7.2197120670e-02 
 563.000  1.5715532100e+00  7.5324905400e-02 
 564.000  1.5494977500e+00  7.4006309510e-02 
 565.000  1.5682633400e+00  7.4801383970e-02 
 566.000  1.4459881200e+00  6.8779716490e-02 
 567.000  1.5523829900e+00  7.3510360720e-02 
 568.000  1.5529523400e+00  7.2880905150e-02 
 569.000  1.5315218900e+00  7.0683013920e-02 
 570.000  1.5380483400e+00  7.0974098210e-02 
 571.000  1.4769799200e+00  6.8753532410e-02 
 572.000  1.5679378700e+00  7.2239288330e-02 
 573.000  1.5827987100e+00  7.3033760070e-02 
 574.000  1.5737090100e+00  7.2544578550e-02 
 575.000  1.5358201900e+00  7.0631660460e-02 
 576.000  1.5081580600e+00  6.9254447940e-02 
 577.000  1.5688852100e+00  7.2082511900e-02 
 578.000  1.5203491500e+00  7.0145263670e-02 
 579.000  1.5064989500e+00  6.9562294010e-02 
 580.000  1.5564040300e+00  7.2088829040e-02 
 581.000  1.5252227700e+00  7.0804756160e-02 
 582.000  1.5461986000e+00  7.1692932130e-02 
 583.000  1.5561037100e+00  7.2189979550e-02 
 584.000  1.5504259300e+00  7.1756286620e-02 
 585.000  1.5397916000e+00  7.1118705750e-02 
 586.000  1.4732948000e+00  6.7993476870e-02 
 587.000  1.5339802100e+00  7.0243957520e-02 
 588.000  1.5321070700e+00  6.8769943240e-02 
 589.000  1.3774232800e+00  6.0211212160e-02 
 590.000  1.4394082900e+00  6.2799900050e-02 
 591.000  1.5148106100e+00  6.7066062930e-02 
 592.000  1.4933923000e+00  6.5372932430e-02 
 593.000  1.4926327300e+00  6.6475097660e-02 
 594.000  1.5099347400e+00  6.6900383000e-02 
 595.000  1.4925579200e+00  6.5157905580e-02 
 596.000  1.5128009200e+00  6.7256393430e-02 
 597.000  1.5208548700e+00  6.7146774290e-02 
 598.000  1.4828670900e+00  6.5966735840e-02 
 599.000  1.4803703300e+00  6.6015327450e-02 
 600.000  1.4744528700e+00  6.6229042050e-02 
 601.000  1.4620001500e+00  6.6016830440e-02 
 602.000  1.4444994200e+00  6.5245704650e-02 
 603.000  1.4517361500e+00  6.5690498350e-02 
 604.000  1.4964418800e+00  6.7853080750e-02 
 605.000  1.4919995100e+00  6.7521484380e-02 
 606.000  1.4744745500e+00  6.6755172730e-02 
 607.000  1.4659928100e+00  6.6269851680e-02 
 608.000  1.4604799100e+00  6.5894248960e-02 
 609.000  1.4453948000e+00  6.5171714780e-02 
 610.000  1.4221408700e+00  6.4001335140e-02 
 611.000  1.4451392700e+00  6.4980880740e-02 
 612.000  1.4262711600e+00  6.4085144040e-02 
 613.000  1.4053910400e+00  6.3039436340e-02 
 614.000  1.3541513400e+00  6.0713371280e-02 
 615.000  1.4195440800e+00  6.3500606540e-02 
 616.000  1.3497212300e+00  6.0358840940e-02 
 617.000  1.3574064800e+00  6.0646427150e-02 
 618.000  1.4215506700e+00  6.3341049190e-02 
 619.000  1.4087046300e+00  6.2770137790e-02 
 620.000  1.4297286200e+00  6.3530944820e-02 
 621.000  1.4546131500e+00  6.4574234010e-02 
 622.000  1.3782062500e+00  6.1066600800e-02 
 623.000  1.3894324000e+00  6.1351848600e-02 
 624.000  1.3913662000e+00  6.1447227480e-02 
 625.000  1.3541075800e+00  5.9742340090e-02 
 626.000  1.3620312200e+00  5.9840137480e-02 
 627.000  1.3905166400e+00  6.0501781460e-02 
 628.000  1.3970305900e+00  5.9118576050e-02 
 629.000  1.4179650800e+00  6.0675319670e-02 
 630.000  1.3670647000e+00  5.8864738460e-02 
 631.000  1.4128969500e+00  6.0987350460e-02 
 632.000  1.3182552100e+00  5.6653194430e-02 
 633.000  1.4084634900e+00  6.0949050900e-02 
 634.000  1.3638398700e+00  5.9179718020e-02 
 635.000  1.3883499400e+00  6.0256156920e-02 
 636.000  1.3380740300e+00  5.8153747560e-02 
 637.000  1.3814053900e+00  6.0091369630e-02 
 638.000  1.4001476200e+00  6.1082584380e-02 
 639.000  1.3882911400e+00  6.0418899540e-02 
 640.000  1.3432999700e+00  5.8697097780e-02 
 641.000  1.3625446500e+00  5.9481979370e-02 
 642.000  1.3451773200e+00  5.8754707340e-02 
 643.000  1.3703776500e+00  5.9643508910e-02 
 644.000  1.3545766700e+00  5.8830020900e-02 
 645.000  1.3688074000e+00  5.9257888790e-02 
 646.000  1.3265662900e+00  5.6421710970e-02 
 647.000  1.3518437300e+00  5.6828422550e-02 
 648.000  1.3574133800e+00  5.6538639070e-02 
 649.000  1.3774228700e+00  5.7703708650e-02 
 650.000  1.2640446900e+00  5.3896572110e-02 
 651.000  1.3617241800e+00  5.8019744870e-02 
 652.000  1.3471465400e+00  5.6468437190e-02 
 653.000  1.3608117400e+00  5.8032318120e-02 
 654.000  1.3445645200e+00  5.7062694550e-02 
 655.000  1.3139223500e+00  5.5337017060e-02 
 656.000  1.1141820500e+00  4.6977066040e-02 
 657.000  1.1869229000e+00  5.0200408940e-02 
 658.000  1.3176843100e+00  5.6138137820e-02 
 659.000  1.3183326400e+00  5.6310104370e-02 
 660.000  1.3276237500e+00  5.6787139890e-02 
 661.000  1.3302236100e+00  5.7206810000e-02 
 662.000  1.3479063000e+00  5.8078369140e-02 
 663.000  1.3333296800e+00  5.7326049800e-02 
 664.000  1.3116314100e+00  5.6399570470e-02 
 665.000  1.3169706500e+00  5.6610977170e-02 
 666.000  1.3322529800e+00  5.7380741120e-02 
 667.000  1.3054073800e+00  5.6138790130e-02 
 668.000  1.3122718000e+00  5.6537719730e-02 
 669.000  1.3308883600e+00  5.7372447970e-02 
 670.000  1.3148458400e+00  5.6540676120e-02 
 671.000  1.3007469700e+00  5.5934852600e-02 
 672.000  1.2964383600e+00  5.5699657440e-02 
 673.000  1.3056480500e+00  5.6029262540e-02 
 674.000  1.3081195200e+00  5.6112133030e-02 
 675.000  1.2880678400e+00  5.5170738220e-02 
 676.000  1.3123209400e+00  5.6190025330e-02 
 677.000  1.2861462700e+00  5.5053367610e-02 
 678.000  1.3073567100e+00  5.5893825530e-02 
 679.000  1.2889231900e+00  5.5004108430e-02 
 680.000  1.2794676600e+00  5.4540473940e-02 
 681.000  1.2814496600e+00  5.4520381930e-02 
 682.000  1.2790056600e+00  5.4292552950e-02 
 683.000  1.2877002200e+00  5.4540439610e-02 
 684.000  1.2654682800e+00  5.3535999300e-02 
 685.000  1.2791480700e+00  5.4068614960e-02 
 686.000  1.2259011400e+00  5.1398925780e-02 
 687.000  1.2268054200e+00  4.6991001130e-02 
 688.000  1.2277271400e+00  4.8142303470e-02 
 689.000  1.2312623900e+00  4.8002254490e-02 
 690.000  1.2372200200e+00  4.8828708650e-02 
 691.000  1.2422057100e+00  4.9822944640e-02 
 692.000  1.2347435100e+00  4.9934421540e-02 
 693.000  1.2429190700e+00  4.9403839110e-02 
 694.000  1.2565788100e+00  4.9258152010e-02 
 695.000  1.2335721900e+00  4.8761940000e-02 
 696.000  1.2473824100e+00  4.9563240050e-02 
 697.000  1.2463176800e+00  5.1158538820e-02 
 698.000  1.2240151200e+00  4.9796676640e-02 
 699.000  1.2498751000e+00  4.9476348880e-02 
 700.000  1.2349148700e+00  4.9042736050e-02 
 701.000  1.2079789500e+00  4.7623889920e-02 
 702.000  1.2017659500e+00  4.7564804080e-02 
 703.000  1.2163671000e+00  4.9170738220e-02 
 704.000  1.2198630500e+00  4.9365264890e-02 
 705.000  1.2303624800e+00  4.9284236910e-02 
 706.000  1.2172224300e+00  4.8830577850e-02 
 707.000  1.1985998900e+00  4.8238101960e-02 
 708.000  1.2331100800e+00  4.9801361080e-02 
 709.000  1.1885675700e+00  4.8343326570e-02 
 710.000  1.2168322300e+00  4.8997089390e-02 
 711.000  1.2038133700e+00  4.8854980470e-02 
 712.000  1.1863807500e+00  4.8533363340e-02 
 713.000  1.1819765200e+00  4.8004402160e-02 
 714.000  1.2022958700e+00  4.8638870240e-02 
 715.000  1.1611584000e+00  4.6456604000e-02 
 716.000  1.1922521500e+00  4.7175769810e-02 
 717.000  1.1625974600e+00  4.3530002590e-02 
 718.000  1.1564385100e+00  4.1849391940e-02 
 719.000  1.1431223900e+00  4.0780330660e-02 
 720.000  1.1514565100e+00  4.0411766050e-02 
 721.000  1.1497889000e+00  4.3562206270e-02 
 722.000  1.1658420000e+00  4.5277908330e-02 
 723.000  1.1635076100e+00  4.4429317470e-02 
 724.000  1.1705715800e+00  4.2748706820e-02 
 725.000  1.1577863700e+00  4.2529254910e-02 
 726.000  1.1556645800e+00  4.2347988130e-02 
 727.000  1.1727571000e+00  4.3166217800e-02 
 728.000  1.1526082700e+00  4.2160984040e-02 
 729.000  1.1067943200e+00  4.1115539550e-02 
 730.000  1.1476844300e+00  4.2495750430e-02 
 731.000  1.1287648400e+00  4.1710590360e-02 
 732.000  1.1498870600e+00  4.3630886080e-02 
 733.000  1.1320202900e+00  4.4205505370e-02 
 734.000  1.1552361700e+00  4.5704727170e-02 
 735.000  1.1460210700e+00  4.5056919100e-02 
 736.000  1.1249809300e+00  4.3828796390e-02 
 737.000  1.1395756800e+00  4.4642799380e-02 
 738.000  1.1361147100e+00  4.4928306580e-02 
 739.000  1.0992222600e+00  4.3681026460e-02 
 740.000  1.1092011200e+00  4.4508396150e-02 
 741.000  1.1001213600e+00  4.4489620210e-02 
 742.000  1.0819281300e+00  4.3882965090e-02 
 743.000  1.1134055800e+00  4.5466033940e-02 
 744.000  1.1238359900e+00  4.6039524080e-02 
 745.000  1.0944898800e+00  4.4972019200e-02 
 746.000  1.1096206800e+00  4.5638763430e-02 
 747.000  1.1262426300e+00  4.6291603090e-02 
 748.000  1.1060011500e+00  4.5470226290e-02 
 749.000  1.1061927200e+00  4.5495677950e-02 
 750.000  1.0900355500e+00  4.4738430020e-02 
 751.000  1.0872261300e+00  4.4605575560e-02 
 752.000  1.1036912500e+00  4.5329853060e-02 
 753.000  1.0932410900e+00  4.4901268010e-02 
 754.000  1.1103543500e+00  4.5594764710e-02 
 755.000  1.1039808500e+00  4.5316356660e-02 
 756.000  1.0823656700e+00  4.4413772580e-02 
 757.000  1.0903590600e+00  4.4721897130e-02 
 758.000  1.0892225600e+00  4.4579124450e-02 
 759.000  1.0479512700e+00  4.0634426120e-02 
 760.000  8.2433459000e-01  2.2244552610e-02 
 761.000  7.9438001900e-01  2.0503179550e-02 
 762.000  9.2670894800e-01  3.0077836990e-02 
 763.000  9.1181500000e-01  2.7688434600e-02 
 764.000  9.3521746900e-01  2.9324623110e-02 
 765.000  9.8155936000e-01  3.3230037690e-02 
 766.000  9.7327706000e-01  3.5840770720e-02 
 767.000  1.0031896100e+00  3.8330791470e-02 
 768.000  1.0521547800e+00  4.1298381810e-02 
 769.000  1.0536275700e+00  4.2204994200e-02 
 770.000  1.0509526300e+00  4.2546501160e-02 
 771.000  1.0524284600e+00  4.2851879120e-02 
 772.000  1.0485260600e+00  4.2736061100e-02 
 773.000  1.0442006400e+00  4.2565170290e-02 
 774.000  1.0552166200e+00  4.3022914890e-02 
 775.000  1.0154698000e+00  4.1398735050e-02 
 776.000  1.0572138800e+00  4.3129314420e-02 
 777.000  1.0498905400e+00  4.2795860290e-02 
 778.000  1.0443379300e+00  4.2510005950e-02 
 779.000  1.0478127500e+00  4.2583442690e-02 
 780.000  1.0349283400e+00  4.2060314180e-02 
 781.000  1.0330646200e+00  4.1975574490e-02 
 782.000  1.0456044500e+00  4.2401420590e-02 
 783.000  1.0212472500e+00  4.1480434420e-02 
 784.000  1.0271605600e+00  4.1658336640e-02 
 785.000  1.0305328500e+00  4.1574249270e-02 
 786.000  1.0136616000e+00  4.0725570680e-02 
 787.000  1.0305576800e+00  4.0909610750e-02 
 788.000  1.0160756300e+00  4.0150199890e-02 
 789.000  1.0252185600e+00  3.9852794650e-02 
 790.000  1.0151631400e+00  3.9362014770e-02 
 791.000  1.0094235300e+00  3.9254238130e-02 
 792.000  9.9295711000e-01  3.8655658720e-02 
 793.000  9.9078219000e-01  3.8796840670e-02 
 794.000  9.7811968200e-01  3.8876342770e-02 
 795.000  9.7441394200e-01  3.8259735110e-02 
 796.000  9.9514039300e-01  3.8325164790e-02 
 797.000  1.0002785300e+00  3.8756816860e-02 
 798.000  9.9825107900e-01  3.9177482600e-02 
 799.000  9.9809090300e-01  3.8986579900e-02 
 800.000  9.7389307100e-01  3.7639934540e-02 
 801.000  9.9192025800e-01  3.8366386410e-02 
 802.000  9.9014884500e-01  3.8209747310e-02 
 803.000  9.7582648300e-01  3.7714309690e-02 
 804.000  9.8382276600e-01  3.8234386440e-02 
 805.000  9.5534653500e-01  3.7483085630e-02 
 806.000  9.8028599200e-01  3.8628681180e-02 
 807.000  9.7422066200e-01  3.8418743130e-02 
 808.000  9.6906929800e-01  3.8035228730e-02 
 809.000  9.5326140200e-01  3.7231201170e-02 
 810.000  9.4962016300e-01  3.6886592860e-02 
 811.000  9.6604669400e-01  3.7193374630e-02 
 812.000  9.6428702600e-01  3.6762195590e-02 
 813.000  9.6175526000e-01  3.6154174800e-02 
 814.000  9.6238981100e-01  3.5691581730e-02 
 815.000  9.5416697900e-01  3.4793140410e-02 
 816.000  9.4808717000e-01  3.3858184810e-02 
 817.000  9.5367250400e-01  3.4071853640e-02 
 818.000  9.4766401300e-01  3.3835735320e-02 
 819.000  9.2150074000e-01  3.3176681520e-02 
 820.000  9.0185227300e-01  3.3219051360e-02 
 821.000  9.2966452200e-01  3.5160522460e-02 
 822.000  9.0503695200e-01  3.3433940890e-02 
 823.000  9.2126504800e-01  3.2276725770e-02 
 824.000  9.3185515300e-01  3.4152256010e-02 
 825.000  9.2793395800e-01  3.5250133510e-02 
 826.000  9.3423889600e-01  3.5225093840e-02 
 827.000  9.3158382100e-01  3.4943477630e-02 
 828.000  9.3145833200e-01  3.4183712010e-02 
 829.000  9.3038407500e-01  3.4366657260e-02 
 830.000  9.1490355800e-01  3.4086421970e-02 
 831.000  8.9866837100e-01  3.3535018920e-02 
 832.000  9.1697157000e-01  3.4219028470e-02 
 833.000  8.8800204600e-01  3.3387550350e-02 
 834.000  9.0048856300e-01  3.4072929380e-02 
 835.000  9.0042997400e-01  3.4392940520e-02 
 836.000  9.1156616400e-01  3.4794658660e-02 
 837.000  9.0412315500e-01  3.4455562590e-02 
 838.000  9.0634764600e-01  3.4780315400e-02 
 839.000  8.7740524200e-01  3.3773052220e-02 
 840.000  9.0063530200e-01  3.4659381870e-02 
 841.000  9.0395157300e-01  3.4615093230e-02 
 842.000  8.9746463200e-01  3.4471355440e-02 
 843.000  8.8922831100e-01  3.4581508640e-02 
 844.000  8.7352718200e-01  3.4142978670e-02 
 845.000  8.8630694800e-01  3.4717761990e-02 
 846.000  8.9366281000e-01  3.5143920900e-02 
 847.000  8.6226039900e-01  3.4057685850e-02 
 848.000  8.8876951000e-01  3.4899120330e-02 
 849.000  8.9028381800e-01  3.5051906590e-02 
 850.000  7.7023627600e-01  3.0182125090e-02 
 851.000  8.8312228100e-01  3.4463871000e-02 
 852.000  8.4959041200e-01  3.3213005070e-02 
 853.000  8.5829119900e-01  3.3618083950e-02 
 854.000  6.9009847900e-01  2.7052158360e-02 
 855.000  7.5913626800e-01  2.9861890790e-02 
 856.000  8.6007640000e-01  3.3895320890e-02 
 857.000  8.7318924800e-01  3.4559497830e-02 
 858.000  8.5889388500e-01  3.3997058870e-02 
 859.000  8.5802041000e-01  3.4029327390e-02 
 860.000  8.4997176000e-01  3.3793437960e-02 
 861.000  8.4981899300e-01  3.3770507810e-02 
 862.000  8.4680826300e-01  3.3604202270e-02 
 863.000  8.6298948200e-01  3.4333713530e-02 
 864.000  8.6111385200e-01  3.4136680600e-02 
 865.000  8.4495557000e-01  3.3613601680e-02 
 866.000  7.0873172300e-01  2.8232582090e-02 
 867.000  7.5477022500e-01  2.9885988240e-02 
 868.000  8.1858491200e-01  3.2488616940e-02 
 869.000  8.0707738800e-01  3.2023872380e-02 
 870.000  8.4042376700e-01  3.3445446010e-02 
 871.000  8.3922132000e-01  3.3333610530e-02 
 872.000  8.3575607600e-01  3.2997310640e-02 
 873.000  8.3924041100e-01  3.3235107420e-02 
 874.000  8.2092425800e-01  3.2432464600e-02 
 875.000  8.1341173100e-01  3.2255126950e-02 
 876.000  8.2037799200e-01  3.2448062900e-02 
 877.000  8.3684730200e-01  3.2961746220e-02 
 878.000  8.2307533300e-01  3.2461330410e-02 
 879.000  8.2503159800e-01  3.2580459590e-02 
 880.000  8.2077756100e-01  3.2231307980e-02 
 881.000  7.7839066300e-01  3.0591556550e-02 
 882.000  8.2166628900e-01  3.2110195160e-02 
 883.000  8.0267473100e-01  3.1526956560e-02 
 884.000  8.0940596600e-01  3.1971277240e-02 
 885.000  8.1876329400e-01  3.1905591960e-02 
 886.000  7.9325178500e-01  3.0910371780e-02 
 887.000  7.8417191300e-01  3.0551406860e-02 
 888.000  8.0774334200e-01  3.1302669530e-02 
 889.000  8.1285675500e-01  3.1746843340e-02 
 890.000  8.1102419300e-01  3.1578668590e-02 
 891.000  8.0798536400e-01  3.1226076130e-02 
 892.000  8.0733883700e-01  3.0937353130e-02 
 893.000  7.8173739400e-01  2.9099685670e-02 
 894.000  8.1016711300e-01  2.9872817990e-02 
 895.000  7.7516452800e-01  2.7886501310e-02 
 896.000  8.0594138500e-01  2.8140134810e-02 
 897.000  7.8737466900e-01  2.6939350130e-02 
 898.000  7.8872918700e-01  2.6596082690e-02 
 899.000  7.8801631900e-01  2.5660516740e-02 
 900.000  7.6833697700e-01  2.5040023800e-02 
 901.000  7.5187654600e-01  2.4317029950e-02 
 902.000  7.3803637000e-01  2.3908912660e-02 
 903.000  7.7414353900e-01  2.6417886730e-02 
 904.000  7.8852099000e-01  2.7753450390e-02 
 905.000  7.8642452300e-01  2.7883604050e-02 
 906.000  7.6560137000e-01  2.6609254840e-02 
 907.000  7.7857010600e-01  2.6041521070e-02 
 908.000  7.5952350500e-01  2.4733957290e-02 
 909.000  7.4462209300e-01  2.4253362660e-02 
 910.000  7.5342989100e-01  2.4620859150e-02 
 911.000  7.5143141400e-01  2.5091861720e-02 
 912.000  7.5305727200e-01  2.4749481200e-02 
 913.000  7.7068255600e-01  2.4540372850e-02 
 914.000  7.6572286200e-01  2.4735115050e-02 
 915.000  7.5308324300e-01  2.4812061310e-02 
 916.000  7.6144062000e-01  2.5113573070e-02 
 917.000  7.4952099900e-01  2.4877723690e-02 
 918.000  7.4571548200e-01  2.4983770370e-02 
 919.000  7.5554934500e-01  2.6434383390e-02 
 920.000  7.4834092600e-01  2.6570281980e-02 
 921.000  7.3195713700e-01  2.5835233690e-02 
 922.000  7.2541695100e-01  2.5675891880e-02 
 923.000  6.9500097600e-01  2.4131597520e-02 
 924.000  7.2440078000e-01  2.5006568910e-02 
 925.000  7.3401819500e-01  2.5235719680e-02 
 926.000  7.0781286800e-01  2.4184928890e-02 
 927.000  7.3417906100e-01  2.4821125030e-02 
 928.000  7.3869628000e-01  2.4120559690e-02 
 929.000  7.2837665900e-01  2.2716875080e-02 
 930.000  7.2654313500e-01  2.1521606450e-02 
 931.000  7.2624091100e-01  2.0604730610e-02 
 932.000  7.1912288800e-01  1.9404062270e-02 
 933.000  7.2107831600e-01  1.8839519500e-02 
 934.000  7.1476020100e-01  1.8121623990e-02 
 935.000  7.0416787800e-01  1.7798027040e-02 
 936.000  6.9910054700e-01  1.7867656710e-02 
 937.000  7.1470321800e-01  1.8214420320e-02 
 938.000  7.0720782400e-01  1.8650960920e-02 
 939.000  7.1348868300e-01  2.0823822020e-02 
 940.000  7.0984594300e-01  2.1110445020e-02 
 941.000  6.9370733200e-01  2.0312946320e-02 
 942.000  6.6715731500e-01  1.8861757280e-02 
 943.000  7.0294169100e-01  1.8862863540e-02 
 944.000  6.8361937700e-01  1.8272502900e-02 
 945.000  6.9016991800e-01  1.8771970750e-02 
 946.000  6.9952809700e-01  1.9048156740e-02 
 947.000  6.9530030100e-01  1.9256607060e-02 
 948.000  6.9950262900e-01  1.9570026400e-02 
 949.000  7.0171812600e-01  1.9612335210e-02 
 950.000  6.9709215800e-01  1.9534111020e-02 
 951.000  6.9295683300e-01  1.9882783890e-02 
 952.000  6.9287824000e-01  1.9396089550e-02 
 953.000  6.9096776100e-01  1.9692987440e-02 
 954.000  6.8429395200e-01  1.9909910200e-02 
 955.000  6.3916553400e-01  1.8306253430e-02 
 956.000  6.8183989100e-01  1.9479227070e-02 
 957.000  6.8148954000e-01  2.0584615710e-02 
 958.000  6.8674291200e-01  2.0928787230e-02 
 959.000  6.8939535000e-01  2.0805133820e-02 
 960.000  6.8288107300e-01  2.0555763240e-02 
 961.000  6.7555517200e-01  2.0233240130e-02 
 962.000  6.7891646800e-01  2.0426887510e-02 
 963.000  6.7751470400e-01  2.1127510070e-02 
 964.000  6.6976288000e-01  2.1001287460e-02 
 965.000  6.7794844300e-01  2.1179559710e-02 
 966.000  6.5837688800e-01  2.0612903590e-02 
 967.000  6.7795738700e-01  2.1847448350e-02 
 968.000  6.7048703500e-01  2.2639904020e-02 
 969.000  6.7458519600e-01  2.3230655670e-02 
 970.000  6.7641313300e-01  2.3314300540e-02 
 971.000  6.7042487900e-01  2.3087499620e-02 
 972.000  6.7517228000e-01  2.3105346680e-02 
 973.000  6.6893292200e-01  2.2585153580e-02 
 974.000  6.5867695100e-01  2.1875440600e-02 
 975.000  6.6196984200e-01  2.1739439010e-02 
 976.000  6.6998229000e-01  2.2280294420e-02 
 977.000  6.5299792000e-01  2.2153671260e-02 
 978.000  6.6914617300e-01  2.2661775590e-02 
 979.000  6.4970125100e-01  2.2117185590e-02 
 980.000  6.5887091800e-01  2.2901231770e-02 
 981.000  6.6335530700e-01  2.3174995420e-02 
 982.000  6.6192134700e-01  2.3009830470e-02 
 983.000  6.6012848900e-01  2.3219505310e-02 
 984.000  6.5570791300e-01  2.3370672230e-02 
 985.000  6.5539564400e-01  2.3549110410e-02 
 986.000  6.5004763500e-01  2.3626493450e-02 
 987.000  6.5743719100e-01  2.4020099640e-02 
 988.000  6.4933118800e-01  2.3747428890e-02 
 989.000  6.4108531300e-01  2.3456983570e-02 
 990.000  6.4655007800e-01  2.3681085590e-02 
 991.000  6.5179292300e-01  2.3964786530e-02 
 992.000  6.4575928300e-01  2.3747138980e-02 
 993.000  6.4571361400e-01  2.3727031710e-02 
 994.000  6.4895176200e-01  2.3917297360e-02 
 995.000  6.4413375500e-01  2.3802465440e-02 
 996.000  6.4401449400e-01  2.3764133450e-02 
 997.000  6.4473356900e-01  2.3698108670e-02 
 998.000  6.4237233300e-01  2.3530473710e-02 
 999.000  6.4080030500e-01  2.3418420790e-02 
1000.000  6.3568312900e-01  2.3217561720e-02 
1001.000  6.3929909500e-01  2.3223308560e-02 
1002.000  6.3869338200e-01  2.3011686330e-02 
1003.000  6.3116325900e-01  2.2773830410e-02 
1004.000  6.2573209000e-01  2.2671897890e-02 
1005.000  5.8458168400e-01  2.1218606950e-02 
1006.000  6.1506673600e-01  2.2334480290e-02 
1007.000  6.2632762700e-01  2.2700880050e-02 
1008.000  6.2921958400e-01  2.2655353550e-02 
1009.000  6.2571394600e-01  2.2347024920e-02 
1010.000  6.2790660200e-01  2.2495267870e-02 
1011.000  6.2418913100e-01  2.2550729750e-02 
1012.000  6.2423269800e-01  2.2625810620e-02 
1013.000  6.1961084500e-01  2.2517347340e-02 
1014.000  6.2351853000e-01  2.2715448380e-02 
1015.000  6.1199541000e-01  2.2333063130e-02 
1016.000  6.1585937700e-01  2.2536771770e-02 
1017.000  6.0972657600e-01  2.2346881870e-02 
1018.000  6.1779177200e-01  2.2650806430e-02 
1019.000  6.0391530500e-01  2.2097101210e-02 
1020.000  6.0256386700e-01  2.2037797930e-02 
1021.000  6.0838893900e-01  2.2234849930e-02 
1022.000  5.9955329000e-01  2.1752132420e-02 
1023.000  6.1132210500e-01  2.2036577220e-02 
1024.000  6.0837752500e-01  2.1820369720e-02 
1025.000  6.0765689900e-01  2.1852575300e-02 
1026.000  6.0812346400e-01  2.1909523010e-02 
1027.000  6.0455883000e-01  2.1797172550e-02 
1028.000  6.0589121900e-01  2.1908235550e-02 
1029.000  5.9643138300e-01  2.1657964710e-02 
1030.000  6.0218135400e-01  2.1973747250e-02 
1031.000  6.0015711300e-01  2.1976570130e-02 
1032.000  5.9793549100e-01  2.1946393970e-02 
1033.000  5.8690122300e-01  2.1521217350e-02 
1034.000  5.9304829100e-01  2.1721242900e-02 
1035.000  5.8664978600e-01  2.1495445250e-02 
1036.000  5.9435184500e-01  2.1734363560e-02 
1037.000  5.8182543800e-01  2.1252609250e-02 
1038.000  5.8754048000e-01  2.1438041690e-02 
1039.000  5.9005648700e-01  2.1495267870e-02 
1040.000  5.8316162700e-01  2.1212232590e-02 
1041.000  5.8629407100e-01  2.1297571180e-02 
1042.000  5.8806210100e-01  2.1336769100e-02 
1043.000  5.7792551600e-01  2.0946483610e-02 
1044.000  5.8374476300e-01  2.1130268100e-02 
1045.000  5.8140978800e-01  2.1074586870e-02 
1046.000  5.6461140400e-01  2.0505517960e-02 
1047.000  5.7512562900e-01  2.0926401140e-02 
1048.000  5.8101765900e-01  2.1181428910e-02 
1049.000  5.7745078300e-01  2.1093854900e-02 
1050.000  5.7418647500e-01  2.0997175220e-02 
1051.000  5.7451452600e-01  2.0986650470e-02 
1052.000  5.7201196600e-01  2.0854379650e-02 
1053.000  5.7229268800e-01  2.0843631740e-02 
1054.000  5.6669419200e-01  2.0585075380e-02 
1055.000  5.7114200600e-01  2.0697216030e-02 
1056.000  5.6985951600e-01  2.0607694630e-02 
1057.000  5.6943789400e-01  2.0542802810e-02 
1058.000  5.6447905400e-01  2.0288778310e-02 
1059.000  5.4667149000e-01  1.9670911790e-02 
1060.000  5.6587173100e-01  2.0425775530e-02 
1061.000  5.4616337800e-01  1.9718811040e-02 
1062.000  5.6193265300e-01  2.0247816090e-02 
1063.000  5.5266485400e-01  1.9884624480e-02 
1064.000  5.6009249300e-01  2.0062253950e-02 
1065.000  5.6000341800e-01  1.9958360670e-02 
1066.000  5.4279586700e-01  1.9306955340e-02 
1067.000  5.5598048500e-01  1.9719842910e-02 
1068.000  5.5463889900e-01  1.9534372330e-02 
1069.000  5.1326995900e-01  1.8018789290e-02 
1070.000  5.4359033600e-01  1.9124910350e-02 
1071.000  5.4499940100e-01  1.9154441830e-02 
1072.000  5.4736216800e-01  1.9218883510e-02 
1073.000  5.2945067200e-01  1.8613563540e-02 
1074.000  5.4793024900e-01  1.9306657790e-02 
1075.000  5.3018010900e-01  1.8786424640e-02 
1076.000  5.4231722800e-01  1.9181646350e-02 
1077.000  5.4173234700e-01  1.9110815050e-02 
1078.000  5.4385838600e-01  1.9128067020e-02 
1079.000  5.2302240500e-01  1.8400232320e-02 
1080.000  5.4042964200e-01  1.8846990590e-02 
1081.000  5.2064552800e-01  1.8141139980e-02 
1082.000  5.2648255600e-01  1.8375158310e-02 
1083.000  5.1320116000e-01  1.7780624390e-02 
1084.000  5.3382822700e-01  1.8358795170e-02 
1085.000  5.2921893800e-01  1.7957143780e-02 
1086.000  5.3556777900e-01  1.8175153730e-02 
1087.000  5.0027724900e-01  1.7163465500e-02 
1088.000  5.3049622200e-01  1.8255128860e-02 
1089.000  5.1327404900e-01  1.7435489650e-02 
1090.000  5.2500890700e-01  1.7826322560e-02 
1091.000  5.2781268600e-01  1.8015504840e-02 
1092.000  5.1705134300e-01  1.7567766190e-02 
1093.000  5.1391891700e-01  1.7231948850e-02 
1094.000  4.6890044300e-01  1.5592373850e-02 
1095.000  5.0731554600e-01  1.6850914000e-02 
1096.000  5.0804920100e-01  1.6858869550e-02 
1097.000  4.9884356900e-01  1.6460611340e-02 
1098.000  4.9789243400e-01  1.5819657330e-02 
1099.000  5.0238196400e-01  1.5415773390e-02 
1100.000  5.1079509800e-01  1.5708533290e-02 
1101.000  5.0921346300e-01  1.5727962490e-02 
1102.000  4.8829222300e-01  1.5042078020e-02 
1103.000  5.0733264900e-01  1.5668778420e-02 
1104.000  5.0408723500e-01  1.5476316450e-02 
1105.000  5.0444740300e-01  1.5271306990e-02 
1106.000  5.0133688500e-01  1.4978614810e-02 
1107.000  5.0043806300e-01  1.4988051410e-02 
1108.000  4.9859823300e-01  1.4951744080e-02 
1109.000  4.9991421100e-01  1.5138604160e-02 
1110.000  5.0247954000e-01  1.5165822030e-02 
1111.000  4.9644253700e-01  1.4877286910e-02 
1112.000  4.9202809300e-01  1.4352745060e-02 
1113.000  4.9030233600e-01  1.3829820630e-02 
1114.000  4.9561118100e-01  1.3830969810e-02 
1115.000  4.9061869400e-01  1.3227376940e-02 
1116.000  4.8441004400e-01  1.2813590050e-02 
1117.000  4.9015399400e-01  1.2465753560e-02 
1118.000  4.8501840000e-01  1.1929179190e-02 
1119.000  4.7145123000e-01  1.1414328580e-02 
1120.000  4.7240180600e-01  1.1233178140e-02 
1121.000  4.7540659500e-01  1.1261649130e-02 
1122.000  4.7320023400e-01  1.1008944510e-02 
1123.000  4.7542377800e-01  1.1174656870e-02 
1124.000  4.7634087300e-01  1.1272116660e-02 
1125.000  4.6641573500e-01  1.0998759270e-02 
1126.000  4.5749360700e-01  1.0772515300e-02 
1127.000  4.7298136600e-01  1.1151763920e-02 
1128.000  4.6433441700e-01  1.0977040290e-02 
1129.000  4.6723354300e-01  1.1246721270e-02 
1130.000  4.6815313100e-01  1.1797225950e-02 
1131.000  4.7328505800e-01  1.2090330120e-02 
1132.000  4.7428374500e-01  1.1888348580e-02 
1133.000  4.6202999700e-01  1.1202168460e-02 
1134.000  4.5662688600e-01  1.0467629430e-02 
1135.000  4.6260936700e-01  1.0647696500e-02 
1136.000  4.6453199600e-01  1.1311344150e-02 
1137.000  4.7133380500e-01  1.1872822760e-02 
1138.000  4.5527113900e-01  1.1879850390e-02 
1139.000  4.6548895200e-01  1.2306613920e-02 
1140.000  4.6671526000e-01  1.2251352310e-02 
1141.000  4.5322249900e-01  1.1736365320e-02 
1142.000  4.6548913500e-01  1.1991072650e-02 
1143.000  4.5710826400e-01  1.1590161320e-02 
1144.000  4.5383164700e-01  1.1310258870e-02 
1145.000  4.5644973800e-01  1.1110358240e-02 
1146.000  4.6112613400e-01  1.1281376840e-02 
1147.000  4.6346629000e-01  1.1551550870e-02 
1148.000  4.5905899900e-01  1.1640431400e-02 
1149.000  4.6053328600e-01  1.1761364940e-02 
1150.000  4.5857853800e-01  1.1725536350e-02 
1151.000  4.5723252300e-01  1.1831832890e-02 
1152.000  4.5637870500e-01  1.1880703930e-02 
1153.000  4.5558226600e-01  1.1964878080e-02 
1154.000  4.5906000300e-01  1.2039793010e-02 
1155.000  4.6064057700e-01  1.2298590660e-02 
1156.000  4.5439728400e-01  1.2378219600e-02 
1157.000  4.5865818200e-01  1.3069050790e-02 
1158.000  4.5873096100e-01  1.3380502700e-02 
1159.000  4.5224452000e-01  1.3491296770e-02 
1160.000  4.4649928000e-01  1.3457947730e-02 
1161.000  4.3687006300e-01  1.3490834240e-02 
1162.000  4.5268556500e-01  1.4252282140e-02 
1163.000  4.5456456600e-01  1.4629521370e-02 
1164.000  4.4533214400e-01  1.4396764760e-02 
1165.000  4.5392707900e-01  1.4727462770e-02 
1166.000  4.4215238500e-01  1.4426185610e-02 
1167.000  4.4932404100e-01  1.4711652760e-02 
1168.000  4.5325112500e-01  1.4827658650e-02 
1169.000  4.3757779000e-01  1.4364304540e-02 
1170.000  4.4934524500e-01  1.4794295310e-02 
1171.000  4.5142459100e-01  1.4962805750e-02 
1172.000  4.5001086900e-01  1.4855287550e-02 
1173.000  4.4687672900e-01  1.4694949150e-02 
1174.000  4.4710244500e-01  1.4703921320e-02 
1175.000  4.4186914100e-01  1.4681682590e-02 
1176.000  4.3120179400e-01  1.4464427950e-02 
1177.000  4.4451517100e-01  1.4838429450e-02 
1178.000  4.3700610500e-01  1.4448302270e-02 
1179.000  4.3504684900e-01  1.4381480220e-02 
1180.000  4.4115333600e-01  1.4530184750e-02 
1181.000  4.3889936000e-01  1.4329697610e-02 
1182.000  4.3945483700e-01  1.4218264580e-02 
1183.000  4.1393909700e-01  1.3400761600e-02 
1184.000  4.3259569400e-01  1.4068781850e-02 
1185.000  4.3831997700e-01  1.4423316000e-02 
1186.000  4.3570966800e-01  1.4278964040e-02 
1187.000  4.3586569400e-01  1.4101070400e-02 
1188.000  4.3362797300e-01  1.3971241950e-02 
1189.000  4.0825990600e-01  1.3231904980e-02 
1190.000  4.2833571900e-01  1.4123219490e-02 
1191.000  4.3501575100e-01  1.4391051290e-02 
1192.000  4.3264692700e-01  1.4398691180e-02 
1193.000  4.3281355900e-01  1.4339856150e-02 
1194.000  4.3199846800e-01  1.4286494260e-02 
1195.000  4.2715634000e-01  1.4012104030e-02 
1196.000  4.2688625900e-01  1.4018745420e-02 
1197.000  4.2677392800e-01  1.3959510800e-02 
1198.000  4.1243932100e-01  1.3478060720e-02 
1199.000  3.9711229500e-01  1.2913290020e-02 
1200.000  4.2214551500e-01  1.3762375830e-02 
1201.000  4.2517389300e-01  1.3877889630e-02 
1202.000  4.2598937200e-01  1.3923944470e-02 
1203.000  4.0519857500e-01  1.3215600010e-02 
1204.000  4.1191313800e-01  1.3464748380e-02 
1205.000  4.2146800800e-01  1.3974355700e-02 
1206.000  4.1890379600e-01  1.3981718060e-02 
1207.000  4.2171681100e-01  1.4113839150e-02 
1208.000  4.1557789500e-01  1.3877990720e-02 
1209.000  3.8961325500e-01  1.2963308330e-02 
1210.000  4.1689686300e-01  1.3790825840e-02 
1211.000  4.0297034100e-01  1.3321056370e-02 
1212.000  4.1558685900e-01  1.3767146110e-02 
1213.000  4.1712302000e-01  1.3906576160e-02 
1214.000  4.1533761800e-01  1.3844434740e-02 
1215.000  4.1676462400e-01  1.3931144710e-02 
1216.000  4.1553199400e-01  1.4028141980e-02 
1217.000  4.1466772500e-01  1.4112903590e-02 
1218.000  4.1321635200e-01  1.4109802250e-02 
1219.000  4.0934921000e-01  1.4000482560e-02 
1220.000  4.1210066100e-01  1.4083453180e-02 
1221.000  4.1124736600e-01  1.4055170060e-02 
1222.000  4.0896911100e-01  1.3969736100e-02 
1223.000  4.0696712300e-01  1.3924799920e-02 
1224.000  4.0990899700e-01  1.4116312030e-02 
1225.000  4.0758453000e-01  1.4064885140e-02 
1226.000  4.0891319600e-01  1.4148199080e-02 
1227.000  3.9488150600e-01  1.3717079160e-02 
1228.000  4.0698206300e-01  1.4204512600e-02 
1229.000  4.0630680400e-01  1.4227548600e-02 
1230.000  4.0467714900e-01  1.4225633620e-02 
1231.000  4.0454399300e-01  1.4253723140e-02 
1232.000  3.9994393400e-01  1.4105187420e-02 
1233.000  4.0306444700e-01  1.4223864560e-02 
1234.000  4.0159727700e-01  1.4246169090e-02 
1235.000  3.9872348100e-01  1.4166890140e-02 
1236.000  4.0098318700e-01  1.4253708840e-02 
1237.000  4.0087727400e-01  1.4274519920e-02 
1238.000  4.0059275100e-01  1.4270761490e-02 
1239.000  3.9600841500e-01  1.4108976360e-02 
1240.000  3.9423074100e-01  1.4079844470e-02 
1241.000  3.9783908000e-01  1.4236764910e-02 
1242.000  3.9561985100e-01  1.4182543750e-02 
1243.000  3.9128885500e-01  1.4053449630e-02 
1244.000  3.8793956800e-01  1.3947614670e-02 
1245.000  3.9471985700e-01  1.4201994900e-02 
1246.000  3.9178565400e-01  1.4051280980e-02 
1247.000  3.8999790200e-01  1.3940818790e-02 
1248.000  3.9316591800e-01  1.4005288120e-02 
1249.000  3.9183476200e-01  1.3920608520e-02 
1250.000  3.9044000300e-01  1.3825413700e-02 
1251.000  3.8790806800e-01  1.3701401710e-02 
1252.000  3.8691061000e-01  1.3627392770e-02 
1253.000  3.8388612100e-01  1.3480268480e-02 
1254.000  3.8521261500e-01  1.3455761910e-02 
1255.000  3.8480092600e-01  1.3391304020e-02 
1256.000  3.8420643500e-01  1.3327914240e-02 
1257.000  3.8009104000e-01  1.3102931980e-02 
1258.000  3.8208298500e-01  1.3029499050e-02 
1259.000  3.7818588400e-01  1.2778485300e-02 
1260.000  3.7900149100e-01  1.2681854250e-02 
1261.000  3.7855403000e-01  1.2539533620e-02 
1262.000  3.7045252200e-01  1.2109467510e-02 
1263.000  3.7494529400e-01  1.2230640410e-02 
1264.000  3.6910739580e-01  1.2031428340e-02 
1265.000  3.6977976340e-01  1.2061048510e-02 
1266.000  3.7216743960e-01  1.2107259750e-02 
1267.000  3.6519721240e-01  1.1846186640e-02 
1268.000  3.6160006030e-01  1.1684214590e-02 
1269.000  3.6498463550e-01  1.1772359850e-02 
1270.000  3.6899709610e-01  1.2042770390e-02 
1271.000  3.7104654800e-01  1.2178894040e-02 
1272.000  3.6994915890e-01  1.2208809850e-02 
1273.000  3.6963114950e-01  1.2266976360e-02 
1274.000  3.6742398950e-01  1.2267347340e-02 
1275.000  3.6958667840e-01  1.2369145390e-02 
1276.000  3.7018051580e-01  1.2400413510e-02 
1277.000  3.6990385210e-01  1.2389658930e-02 
1278.000  3.6884383420e-01  1.2349984170e-02 
1279.000  3.6637499920e-01  1.2289341930e-02 
1280.000  3.6421106700e-01  1.2303388600e-02 
1281.000  3.5382354000e-01  1.2034911160e-02 
1282.000  3.1420249460e-01  1.0759817120e-02 
1283.000  3.4483180920e-01  1.1865987780e-02 
1284.000  3.5906075690e-01  1.2391742710e-02 
1285.000  3.6169500260e-01  1.2501620290e-02 
1286.000  3.6157564180e-01  1.2466012950e-02 
1287.000  3.6378659330e-01  1.2487604140e-02 
1288.000  3.6150596930e-01  1.2234103200e-02 
1289.000  3.6366115930e-01  1.2255511280e-02 
1290.000  3.5532832360e-01  1.1958862300e-02 
1291.000  3.6019270670e-01  1.2110629080e-02 
1292.000  3.6169551320e-01  1.2187120440e-02 
1293.000  3.6201868070e-01  1.2167067530e-02 
1294.000  3.5627283360e-01  1.1867338180e-02 
1295.000  3.6010823020e-01  1.1860711100e-02 
1296.000  3.6037304640e-01  1.1767696380e-02 
1297.000  3.5815123720e-01  1.1634697910e-02 
1298.000  3.5495069170e-01  1.1536253930e-02 
1299.000  3.5851441760e-01  1.1655544280e-02 
1300.000  3.5707520120e-01  1.1612547870e-02 
1301.000  3.5650737090e-01  1.1572438240e-02 
1302.000  3.5193212060e-01  1.1341938970e-02 
1303.000  3.5004122480e-01  1.1107776640e-02 
1304.000  3.5027082040e-01  1.1025749210e-02 
1305.000  3.5242628500e-01  1.1044157030e-02 
1306.000  3.5276355200e-01  1.1000918390e-02 
1307.000  3.5172128100e-01  1.0928530690e-02 
1308.000  3.5142105630e-01  1.0829735760e-02 
1309.000  3.5110846340e-01  1.0695767400e-02 
1310.000  3.4964957920e-01  1.0643996240e-02 
1311.000  3.4857933390e-01  1.0615482330e-02 
1312.000  3.4749352010e-01  1.0436643600e-02 
1313.000  3.3465903900e-01  9.8838510510e-03 
1314.000  3.4510516130e-01  1.0040578840e-02 
1315.000  3.3348503810e-01  9.7706909180e-03 
1316.000  3.4124284460e-01  1.0105196000e-02 
1317.000  3.4491377490e-01  1.0212575910e-02 
1318.000  3.4003319690e-01  9.8901119230e-03 
1319.000  3.4469071130e-01  9.7960681920e-03 
1320.000  3.4214603720e-01  9.4900407790e-03 
1321.000  3.4064277690e-01  9.3631687160e-03 
1322.000  3.3996260460e-01  9.4733715060e-03 
1323.000  3.4071516050e-01  9.6439056400e-03 
1324.000  3.4089757400e-01  9.7355070110e-03 
1325.000  3.3980709600e-01  9.6418380740e-03 
1326.000  3.3821665120e-01  9.4394931790e-03 
1327.000  3.3551626690e-01  9.0590925220e-03 
1328.000  3.3639937140e-01  8.8028316500e-03 
1329.000  3.2412282820e-01  8.0564680100e-03 
1330.000  3.2919329780e-01  8.0354728700e-03 
1331.000  3.3066056470e-01  7.9815254210e-03 
1332.000  3.2311442700e-01  7.8279595380e-03 
1333.000  3.3165476260e-01  8.1138591770e-03 
1334.000  3.3207047610e-01  8.2356595990e-03 
1335.000  3.3235474820e-01  8.3245925900e-03 
1336.000  3.2875730970e-01  8.2633485790e-03 
1337.000  3.2982152550e-01  8.3015832900e-03 
1338.000  3.2957845430e-01  8.3540821080e-03 
1339.000  3.2603704490e-01  8.2810049060e-03 
1340.000  3.2369681200e-01  8.2708101270e-03 
1341.000  3.2858309460e-01  8.3522386550e-03 
1342.000  3.2777841650e-01  8.3382911680e-03 
1343.000  3.2774956240e-01  8.1601142880e-03 
1344.000  3.2625105160e-01  7.9546623230e-03 
1345.000  3.2374759590e-01  7.5358452800e-03 
1346.000  3.1857535410e-01  7.2312064170e-03 
1347.000  3.1917942960e-01  7.1100120540e-03 
1348.000  3.1560135720e-01  6.8861761090e-03 
1349.000  3.1345818450e-01  6.7622976300e-03 
1350.000  3.0705765130e-01  6.4723463060e-03 
1351.000  3.0488902400e-01  6.3197956090e-03 
1352.000  3.0544519560e-01  6.1706323620e-03 
1353.000  2.9959150900e-01  5.8529195790e-03 
1354.000  2.9597137240e-01  5.6648836140e-03 
1355.000  2.9032829990e-01  5.4275918010e-03 
1356.000  2.8605454520e-01  5.2041401860e-03 
1357.000  2.7935262510e-01  4.9031858440e-03 
1358.000  2.7974918800e-01  4.7157540320e-03 
1359.000  2.7202958910e-01  4.2584166530e-03 
1360.000  2.6205865870e-01  3.8994672300e-03 
1361.000  2.6425542210e-01  3.8001127240e-03 
1362.000  2.6199154600e-01  3.7303380970e-03 
1363.000  2.6225541200e-01  3.9353041650e-03 
1364.000  2.6752730650e-01  4.0828380580e-03 
1365.000  2.6739085960e-01  4.1180338860e-03 
1366.000  2.6926847840e-01  4.2258310320e-03 
1367.000  2.6431800510e-01  4.0463094710e-03 
1368.000  2.6434111970e-01  3.9527959820e-03 
1369.000  2.5957877400e-01  3.9035568240e-03 
1370.000  2.6509175880e-01  4.2226018910e-03 
1371.000  2.7287421630e-01  4.6769680980e-03 
1372.000  2.8371672580e-01  5.2041821480e-03 
1373.000  2.8782070160e-01  5.4825096130e-03 
1374.000  2.9110932160e-01  5.6501140590e-03 
1375.000  2.8702082990e-01  5.6169390680e-03 
1376.000  2.8273030910e-01  5.4978127480e-03 
1377.000  2.8530825980e-01  5.4723291400e-03 
1378.000  2.8040924270e-01  5.2333993910e-03 
1379.000  2.7855340330e-01  4.9755949970e-03 
1380.000  2.6856163460e-01  4.4849033360e-03 
1381.000  2.6250586770e-01  4.0829143520e-03 
1382.000  2.5435958520e-01  3.7935690880e-03 
1383.000  2.5658429490e-01  3.8080587390e-03 
1384.000  2.6228258650e-01  4.1383128170e-03 
1385.000  2.6436781440e-01  4.3643584250e-03 
1386.000  2.7234799260e-01  4.7264795300e-03 
1387.000  2.7625435750e-01  5.1335754390e-03 
1388.000  2.8204473090e-01  5.3912849430e-03 
1389.000  2.8429037130e-01  5.4980826380e-03 
1390.000  2.7927983730e-01  5.4200572970e-03 
1391.000  2.8201406430e-01  5.4207658770e-03 
1392.000  2.7757214220e-01  5.1813802720e-03 
1393.000  2.7302657980e-01  4.9439749720e-03 
1394.000  2.6697479560e-01  4.6893410680e-03 
1395.000  2.6827514730e-01  4.7773947720e-03 
1396.000  2.7420601720e-01  5.0557775500e-03 
1397.000  2.7727461070e-01  5.2472147940e-03 
1398.000  2.7748603100e-01  5.2661213870e-03 
1399.000  2.7567302670e-01  5.1861176490e-03 
1400.000  2.6766894350e-01  5.0128741260e-03 
1401.000  2.6888032850e-01  5.0467314720e-03 
1402.000  2.7544532030e-01  5.2707128520e-03 
1403.000  2.7474657930e-01  5.3154387470e-03 
1404.000  2.7266267500e-01  5.2362856860e-03 
1405.000  2.7283075850e-01  5.2413406370e-03 
1406.000  2.7244478940e-01  5.1840844150e-03 
1407.000  2.7271547640e-01  5.1829004290e-03 
1408.000  2.7355821390e-01  5.2918424610e-03 
1409.000  2.7647435560e-01  5.4122138020e-03 
1410.000  2.7766588710e-01  5.5478854180e-03 
1411.000  2.7973897760e-01  5.6635751720e-03 
1412.000  2.6880694340e-01  5.4290924070e-03 
1413.000  2.7399758630e-01  5.5522880550e-03 
1414.000  2.7758173940e-01  5.5898771290e-03 
1415.000  2.7742031420e-01  5.6217803960e-03 
1416.000  2.7691208280e-01  5.6441302300e-03 
1417.000  2.7893289190e-01  5.6693849560e-03 
1418.000  2.7904241340e-01  5.6599035260e-03 
1419.000  2.7506757940e-01  5.5627431870e-03 
1420.000  2.7446410270e-01  5.5510215760e-03 
1421.000  2.7901959010e-01  5.6845030780e-03 
1422.000  2.7278561260e-01  5.5666995050e-03 
1423.000  2.7112384610e-01  5.5166096690e-03 
1424.000  2.7136920820e-01  5.4936027530e-03 
1425.000  2.7660555570e-01  5.5482430460e-03 
1426.000  2.6541251120e-01  5.3031783100e-03 
1427.000  2.6955422100e-01  5.3899798390e-03 
1428.000  2.7540411680e-01  5.5055680270e-03 
1429.000  2.6894527980e-01  5.3761091230e-03 
1430.000  2.6310288180e-01  5.2248582840e-03 
1431.000  2.6249911410e-01  5.1267986300e-03 
1432.000  2.6727053300e-01  5.1614580150e-03 
1433.000  2.6740619680e-01  5.1381082530e-03 
1434.000  2.6201657820e-01  4.9960107800e-03 
1435.000  2.6521346010e-01  5.0747699740e-03 
1436.000  2.6524916170e-01  5.0686774250e-03 
1437.000  2.6629681510e-01  5.0724654200e-03 
1438.000  2.6564892890e-01  5.0814003940e-03 
1439.000  2.6878956010e-01  5.1243481640e-03 
1440.000  2.5215135490e-01  4.8036580090e-03 
1441.000  2.6485777290e-01  5.0291190150e-03 
1442.000  2.5869102840e-01  4.8731679920e-03 
1443.000  2.6298647380e-01  4.9269413950e-03 
1444.000  2.6426517030e-01  4.9382710460e-03 
1445.000  2.6346751890e-01  4.9008936880e-03 
1446.000  2.6629576440e-01  4.9551215170e-03 
1447.000  2.6507845720e-01  4.9328165050e-03 
1448.000  2.6710481840e-01  4.9468970300e-03 
1449.000  2.6699814750e-01  4.9012389180e-03 
1450.000  2.6520168710e-01  4.8096838000e-03 
1451.000  2.6349129130e-01  4.7581000330e-03 
1452.000  2.6024763300e-01  4.7111568450e-03 
1453.000  2.6520119590e-01  4.8549380300e-03 
1454.000  2.6623136610e-01  4.9402608870e-03 
1455.000  2.6286414550e-01  4.9163117410e-03 
1456.000  2.6274427830e-01  4.9542045590e-03 
1457.000  2.6526320030e-01  4.9762134550e-03 
1458.000  2.6889002720e-01  5.0221004490e-03 
1459.000  2.6988881310e-01  4.9459729190e-03 
1460.000  2.6529670390e-01  4.7782421110e-03 
1461.000  2.6471725950e-01  4.7057428360e-03 
1462.000  2.6182631570e-01  4.5567040440e-03 
1463.000  2.6007896460e-01  4.4921092990e-03 
1464.000  2.5990698950e-01  4.4386892320e-03 
1465.000  2.6291356320e-01  4.4157166480e-03 
1466.000  2.5665087330e-01  4.2309608460e-03 
1467.000  2.6280270850e-01  4.2700161930e-03 
1468.000  2.5633447480e-01  4.1009211540e-03 
1469.000  2.5916041330e-01  4.0665111540e-03 
1470.000  2.5766556560e-01  3.9950678350e-03 
1471.000  2.5359150870e-01  3.9551784990e-03 
1472.000  2.5512393050e-01  4.0249247550e-03 
1473.000  2.5736896300e-01  4.1472907070e-03 
1474.000  2.5028286990e-01  4.1040787700e-03 
1475.000  2.5560451160e-01  4.1604118350e-03 
1476.000  2.5600846060e-01  4.1376013760e-03 
1477.000  2.5675956830e-01  4.0876207350e-03 
1478.000  2.5304544310e-01  3.9683704380e-03 
1479.000  2.5594417580e-01  3.9451179500e-03 
1480.000  2.5734629450e-01  3.9612495900e-03 
1481.000  2.5350988850e-01  3.9321496490e-03 
1482.000  2.5666657840e-01  4.0186023710e-03 
1483.000  2.5137962620e-01  3.9358317850e-03 
1484.000  2.5370342520e-01  3.9584510330e-03 
1485.000  2.5853208590e-01  4.0105113980e-03 
1486.000  2.5427242760e-01  3.9795067310e-03 
1487.000  2.5456309170e-01  4.0811762810e-03 
1488.000  2.2253936970e-01  3.5646519660e-03 
1489.000  2.5552216710e-01  4.2382602690e-03 
1490.000  2.5611726680e-01  4.3852567670e-03 
1491.000  2.5866258230e-01  4.5326442720e-03 
1492.000  2.5265197820e-01  4.4456267360e-03 
1493.000  2.5832999960e-01  4.6189613340e-03 
1494.000  2.5734809360e-01  4.6077470780e-03 
1495.000  2.5554752030e-01  4.6432852750e-03 
1496.000  2.4799053500e-01  4.6243047710e-03 
1497.000  2.5381505110e-01  4.7271180150e-03 
1498.000  2.5638537130e-01  4.8863158230e-03 
1499.000  2.5207325540e-01  4.9073982240e-03 
1500.000  2.5637168280e-01  5.0662703510e-03 
1501.000  2.5600581120e-01  5.0262980460e-03 
1502.000  2.5402883430e-01  4.9403963090e-03 
1503.000  2.2810250400e-01  4.4031443600e-03 
1504.000  2.3764759010e-01  4.6118679050e-03 
1505.000  2.3690932260e-01  4.6963124280e-03 
1506.000  2.4010306360e-01  4.7863588330e-03 
1507.000  2.5111560070e-01  5.1033086780e-03 
1508.000  2.4719423850e-01  5.0845036510e-03 
1509.000  2.4826216710e-01  5.1736893650e-03 
1510.000  2.5209874630e-01  5.2904338840e-03 
1511.000  2.5324531000e-01  5.3697180750e-03 
1512.000  2.4849118650e-01  5.3089747430e-03 
1513.000  2.4807495830e-01  5.3351387980e-03 
1514.000  2.4467905410e-01  5.2833642960e-03 
1515.000  2.4948735320e-01  5.4094071390e-03 
1516.000  2.4717229100e-01  5.3442296980e-03 
1517.000  2.4570856140e-01  5.3085975650e-03 
1518.000  2.5023719030e-01  5.4249396320e-03 
1519.000  2.4652353920e-01  5.3678250310e-03 
1520.000  2.4804011520e-01  5.4674754140e-03 
1521.000  2.4331543980e-01  5.4423060420e-03 
1522.000  2.4189147910e-01  5.4525079730e-03 
1523.000  2.4777904010e-01  5.6409125330e-03 
1524.000  2.4602026580e-01  5.6285939220e-03 
1525.000  2.4053774450e-01  5.5176301000e-03 
1526.000  2.4731324290e-01  5.6637539860e-03 
1527.000  2.4464045060e-01  5.6087126730e-03 
1528.000  2.4612399970e-01  5.6555485730e-03 
1529.000  2.4534537940e-01  5.6239995960e-03 
1530.000  2.2951292300e-01  5.2679600720e-03 
1531.000  2.4523830510e-01  5.6171212200e-03 
1532.000  2.4366514970e-01  5.5713539120e-03 
1533.000  2.4243411180e-01  5.5242681500e-03 
1534.000  2.3858150190e-01  5.4171948430e-03 
1535.000  2.3919586090e-01  5.4127922060e-03 
1536.000  2.4239432380e-01  5.5198502540e-03 
1537.000  2.4295720510e-01  5.5810570720e-03 
1538.000  2.3611229540e-01  5.4728956220e-03 
1539.000  2.4094027390e-01  5.6325511930e-03 
1540.000  2.3211179150e-01  5.4657278060e-03 
1541.000  2.3687412860e-01  5.5893754960e-03 
1542.000  2.3828280230e-01  5.6251616480e-03 
1543.000  2.3739637650e-01  5.6142921450e-03 
1544.000  2.4008154250e-01  5.6924157140e-03 
1545.000  2.4048316400e-01  5.7241826060e-03 
1546.000  2.4027646810e-01  5.7528114320e-03 
1547.000  2.3762426410e-01  5.7196311950e-03 
1548.000  2.3041894960e-01  5.5751838680e-03 
1549.000  2.3632451740e-01  5.7387638090e-03 
1550.000  2.3501244240e-01  5.7254590990e-03 
1551.000  2.3378227700e-01  5.6942839620e-03 
1552.000  2.3775613060e-01  5.7805857660e-03 
1553.000  2.3641469520e-01  5.7424120900e-03 
1554.000  2.2775253270e-01  5.5213193890e-03 
1555.000  2.3140528260e-01  5.6071219440e-03 
1556.000  2.2690000590e-01  5.5239729880e-03 
1557.000  2.3426528530e-01  5.7537465100e-03 
1558.000  2.3247095050e-01  5.7526245120e-03 
1559.000  2.3258204020e-01  5.7963032720e-03 
1560.000  2.2856564620e-01  5.7419271470e-03 
1561.000  2.3400369320e-01  5.8959150310e-03 
1562.000  2.3407888820e-01  5.8830761910e-03 
1563.000  2.3073889460e-01  5.7918343540e-03 
1564.000  2.2639591870e-01  5.6660304070e-03 
1565.000  2.3030952000e-01  5.7401862140e-03 
1566.000  2.2594536890e-01  5.6438932420e-03 
1567.000  2.2659810070e-01  5.6655788420e-03 
1568.000  2.2278862890e-01  5.5635738370e-03 
1569.000  2.2461710040e-01  5.5986170770e-03 
1570.000  2.1957945500e-01  5.4747481350e-03 
1571.000  2.2546315010e-01  5.6516518590e-03 
1572.000  2.2566578840e-01  5.6717672350e-03 
1573.000  2.2188922920e-01  5.6106410030e-03 
1574.000  2.2211089760e-01  5.6586337090e-03 
1575.000  2.0599044830e-01  5.2808933260e-03 
1576.000  2.2130196770e-01  5.6833772660e-03 
1577.000  1.9973985360e-01  5.1105933190e-03 
1578.000  2.1845753170e-01  5.5691285130e-03 
1579.000  2.1939145680e-01  5.5783939360e-03 
1580.000  2.2329749460e-01  5.6724920270e-03 
1581.000  2.2181682410e-01  5.6150054930e-03 
1582.000  2.1671900270e-01  5.5235638620e-03 
1583.000  2.1880813980e-01  5.6133117680e-03 
1584.000  2.1634573030e-01  5.5864129070e-03 
1585.000  2.2236977620e-01  5.7730522160e-03 
1586.000  2.1957682070e-01  5.7157254220e-03 
1587.000  2.1690120520e-01  5.6770591740e-03 
1588.000  2.1343162680e-01  5.6144533160e-03 
1589.000  1.9521764160e-01  5.1480088230e-03 
1590.000  2.1037088380e-01  5.5639681820e-03 
1591.000  2.0565743450e-01  5.4565920830e-03 
1592.000  2.1656550500e-01  5.7581124310e-03 
1593.000  2.2148340140e-01  5.8970818520e-03 
1594.000  2.1992889390e-01  5.8626813890e-03 
1595.000  2.2139377660e-01  5.9073352810e-03 
1596.000  2.0738723090e-01  5.5530366900e-03 
1597.000  2.1584559160e-01  5.7770762440e-03 
1598.000  2.1991868230e-01  5.8747925760e-03 
1599.000  2.1255658110e-01  5.6618046760e-03 
1600.000  2.1609886100e-01  5.7478780750e-03 
1601.000  2.0700189510e-01  5.5231332780e-03 
1602.000  2.1229534090e-01  5.6954092980e-03 
1603.000  2.1068502360e-01  5.7005000110e-03 
1604.000  2.1327234520e-01  5.8258929250e-03 
1605.000  2.1011910010e-01  5.7764759060e-03 
1606.000  2.0926361080e-01  5.7926492690e-03 
1607.000  2.1014325440e-01  5.7929506300e-03 
1608.000  2.1253761180e-01  5.8358931540e-03 
1609.000  2.1172054340e-01  5.7962107660e-03 
1610.000  1.9850941050e-01  5.4222636220e-03 
1611.000  2.0421619650e-01  5.5800681110e-03 
1612.000  2.0596249670e-01  5.6323752400e-03 
1613.000  2.1035852190e-01  5.7557377820e-03 
1614.000  2.0829399190e-01  5.6780695920e-03 
1615.000  2.1155839630e-01  5.7647457120e-03 
1616.000  1.9821666990e-01  5.3959770200e-03 
1617.000  2.0392969900e-01  5.5943446160e-03 
1618.000  2.1028363610e-01  5.7933998110e-03 
1619.000  2.0953939950e-01  5.8172011380e-03 
1620.000  2.0418883440e-01  5.7113795280e-03 
1621.000  2.0112790460e-01  5.6603703500e-03 
1622.000  2.0619039070e-01  5.8098955150e-03 
1623.000  2.1031879470e-01  5.9424071310e-03 
1624.000  2.1177227200e-01  5.9947309490e-03 
1625.000  2.0645401670e-01  5.8702626230e-03 
1626.000  2.0898554410e-01  5.9342136380e-03 
1627.000  2.0871594270e-01  5.9452238080e-03 
1628.000  2.1039313640e-01  6.0031409260e-03 
1629.000  2.1036261660e-01  6.0107407570e-03 
1630.000  2.0465141950e-01  5.8493061070e-03 
1631.000  2.0785220960e-01  5.9525451660e-03 
1632.000  2.0790470050e-01  5.9086642270e-03 
1633.000  2.0522907220e-01  5.8009691240e-03 
1634.000  2.0042668900e-01  5.6316928860e-03 
1635.000  2.0580026450e-01  5.7539429660e-03 
1636.000  2.0525583880e-01  5.7028183940e-03 
1637.000  1.9611741290e-01  5.4160895350e-03 
1638.000  1.9468444290e-01  5.3529524800e-03 
1639.000  1.9274444540e-01  5.2621855740e-03 
1640.000  1.9390065500e-01  5.2645430560e-03 
1641.000  1.9270074350e-01  5.2144489290e-03 
1642.000  1.9246038370e-01  5.2655730250e-03 
1643.000  1.9740689470e-01  5.4556756020e-03 
1644.000  1.9435208130e-01  5.4237504010e-03 
1645.000  1.9478510540e-01  5.4850516320e-03 
1646.000  1.9712612510e-01  5.5993523600e-03 
1647.000  1.9897695770e-01  5.6524591450e-03 
1648.000  1.9820859900e-01  5.6247243880e-03 
1649.000  1.9368034500e-01  5.4956583980e-03 
1650.000  1.9858832230e-01  5.6364383700e-03 
1651.000  1.9411376260e-01  5.5103378300e-03 
1652.000  1.9798798950e-01  5.6195964810e-03 
1653.000  1.9576478020e-01  5.5664110180e-03 
1654.000  1.9796119390e-01  5.6331419940e-03 
1655.000  1.9399355500e-01  5.5325303080e-03 
1656.000  1.9772013790e-01  5.6479210850e-03 
1657.000  1.9628655000e-01  5.6097621920e-03 
1658.000  1.9734688600e-01  5.6505937580e-03 
1659.000  1.9371196130e-01  5.5501656530e-03 
1660.000  1.9607587440e-01  5.6140708920e-03 
1661.000  1.9684488550e-01  5.6237063410e-03 
1662.000  1.9552268630e-01  5.5372715000e-03 
1663.000  1.9429210540e-01  5.4603767400e-03 
1664.000  1.9346927370e-01  5.3944745060e-03 
1665.000  1.9149432800e-01  5.2971239090e-03 
1666.000  1.9056196020e-01  5.2678337100e-03 
1667.000  1.9208476890e-01  5.3621430400e-03 
1668.000  1.8883036760e-01  5.3057794570e-03 
1669.000  1.8913255140e-01  5.3568496700e-03 
1670.000  1.9320492570e-01  5.5169839860e-03 
1671.000  1.9172940490e-01  5.5170850750e-03 
1672.000  1.8264834540e-01  5.3052773480e-03 
1673.000  1.8802932170e-01  5.5024204250e-03 
1674.000  1.8890292120e-01  5.5725274090e-03 
1675.000  1.8715210900e-01  5.5714101790e-03 
1676.000  1.8417130460e-01  5.5004434590e-03 
1677.000  1.8505689500e-01  5.5278573040e-03 
1678.000  1.8592491870e-01  5.5608563420e-03 
1679.000  1.8345284740e-01  5.4840636250e-03 
1680.000  1.7704380660e-01  5.2979779240e-03 
1681.000  1.7083750110e-01  5.1160187720e-03 
1682.000  1.7577116040e-01  5.2642421720e-03 
1683.000  1.8016451310e-01  5.3926553730e-03 
1684.000  1.8352569310e-01  5.4910297390e-03 
1685.000  1.8424486200e-01  5.4999547000e-03 
1686.000  1.8202192850e-01  5.4251990320e-03 
1687.000  1.8303781380e-01  5.4230885510e-03 
1688.000  1.8337994280e-01  5.4058237080e-03 
1689.000  1.8117002620e-01  5.3286843300e-03 
1690.000  1.8133326970e-01  5.3037490840e-03 
1691.000  1.8370634450e-01  5.3818836210e-03 
1692.000  1.8404062770e-01  5.4072961810e-03 
1693.000  1.8334052920e-01  5.4054694180e-03 
1694.000  1.8306317080e-01  5.4131708150e-03 
1695.000  1.8327272610e-01  5.4243388180e-03 
1696.000  1.8220084720e-01  5.3641157150e-03 
1697.000  1.8115991360e-01  5.2948937420e-03 
1698.000  1.8225322750e-01  5.2916684150e-03 
1699.000  1.8107576290e-01  5.2253956790e-03 
1700.000  1.7875466400e-01  5.1286578180e-03 
