 lambda   Irr_dw            Rad_up 
 550.000  1.5535845100e+00  4.7400875090e-02 
 551.000  1.5433238200e+00  4.6930294040e-02 
 552.000  1.6092057400e+00  4.8899299620e-02 
 553.000  1.5456402000e+00  4.6784591670e-02 
 554.000  1.5956020900e+00  4.8237243650e-02 
 555.000  1.5995913800e+00  4.8136650090e-02 
 556.000  1.5550490200e+00  4.6586338040e-02 
 557.000  1.5085456800e+00  4.5146064760e-02 
 558.000  1.5654887300e+00  4.6641193390e-02 
 559.000  1.4794188000e+00  4.3945766450e-02 
 560.000  1.4856798700e+00  4.4078437810e-02 
 561.000  1.6326280600e+00  4.8205162050e-02 
 562.000  1.4988114400e+00  4.4169715880e-02 
 563.000  1.5680204800e+00  4.5996311190e-02 
 564.000  1.5460331200e+00  4.5074890140e-02 
 565.000  1.5647807000e+00  4.5547115330e-02 
 566.000  1.4427957300e+00  4.1801177980e-02 
 567.000  1.5489722900e+00  4.4555706020e-02 
 568.000  1.5495504700e+00  4.3975906370e-02 
 569.000  1.5281676800e+00  4.2185070040e-02 
 570.000  1.5347008000e+00  4.2356719970e-02 
 571.000  1.4737974200e+00  4.1236671450e-02 
 572.000  1.5645692800e+00  4.3028949740e-02 
 573.000  1.5794181100e+00  4.3521076200e-02 
 574.000  1.5703667000e+00  4.3167617800e-02 
 575.000  1.5325760100e+00  4.1932842250e-02 
 576.000  1.5049874100e+00  4.1044513700e-02 
 577.000  1.5656033600e+00  4.2701808930e-02 
 578.000  1.5171928100e+00  4.1632179260e-02 
 579.000  1.5033873600e+00  4.1237724300e-02 
 580.000  1.5532072400e+00  4.2802574160e-02 
 581.000  1.5221105700e+00  4.2068744660e-02 
 582.000  1.5430571000e+00  4.2513961790e-02 
 583.000  1.5529589900e+00  4.2835254670e-02 
 584.000  1.5473054400e+00  4.2479953770e-02 
 585.000  1.5367031600e+00  4.2029651640e-02 
 586.000  1.4703564800e+00  4.0164615630e-02 
 587.000  1.5309255600e+00  4.1255653380e-02 
 588.000  1.5290485600e+00  3.9845241550e-02 
 589.000  1.3746676000e+00  3.4191226960e-02 
 590.000  1.4365456100e+00  3.5619323730e-02 
 591.000  1.5118284500e+00  3.8463371280e-02 
 592.000  1.4904582500e+00  3.7148143770e-02 
 593.000  1.4897349200e+00  3.8258838650e-02 
 594.000  1.5070137800e+00  3.8364120480e-02 
 595.000  1.4896752700e+00  3.6939094540e-02 
 596.000  1.5099154200e+00  3.8661479950e-02 
 597.000  1.5179674300e+00  3.8376693730e-02 
 598.000  1.4800755000e+00  3.7916141510e-02 
 599.000  1.4776071700e+00  3.8005611420e-02 
 600.000  1.4717252900e+00  3.8312904360e-02 
 601.000  1.4593220400e+00  3.8341316220e-02 
 602.000  1.4418713100e+00  3.7876907350e-02 
 603.000  1.4491119900e+00  3.8181030270e-02 
 604.000  1.4937560800e+00  3.9507942200e-02 
 605.000  1.4893371200e+00  3.9234909060e-02 
 606.000  1.4718586800e+00  3.8821846010e-02 
 607.000  1.4634038900e+00  3.8493648530e-02 
 608.000  1.4579122700e+00  3.8213550570e-02 
 609.000  1.4428644500e+00  3.7787666320e-02 
 610.000  1.4196621900e+00  3.7052448270e-02 
 611.000  1.4426327500e+00  3.7597961430e-02 
 612.000  1.4238093600e+00  3.7065544130e-02 
 613.000  1.4029790300e+00  3.6408203120e-02 
 614.000  1.3518385200e+00  3.5063308720e-02 
 615.000  1.4171294600e+00  3.6596530910e-02 
 616.000  1.3474380400e+00  3.4790195470e-02 
 617.000  1.3551214500e+00  3.4938186650e-02 
 618.000  1.4191681500e+00  3.6400756840e-02 
 619.000  1.4063528100e+00  3.6094589230e-02 
 620.000  1.4273518900e+00  3.6442985530e-02 
 621.000  1.4522087600e+00  3.7034984590e-02 
 622.000  1.3759400000e+00  3.4983867650e-02 
 623.000  1.3871542100e+00  3.5048847200e-02 
 624.000  1.3890998400e+00  3.5146873470e-02 
 625.000  1.3519111500e+00  3.4170269010e-02 
 626.000  1.3598328100e+00  3.4122962950e-02 
 627.000  1.3882754700e+00  3.4305355070e-02 
 628.000  1.3948568300e+00  3.3006576540e-02 
 629.000  1.4157240700e+00  3.4052993770e-02 
 630.000  1.3649206100e+00  3.3220668790e-02 
 631.000  1.4106817400e+00  3.4425109860e-02 
 632.000  1.3161834400e+00  3.1876142500e-02 
 633.000  1.4062613400e+00  3.4422679900e-02 
 634.000  1.3617122700e+00  3.3490673070e-02 
 635.000  1.3861938900e+00  3.4110408780e-02 
 636.000  1.3360052900e+00  3.2944423680e-02 
 637.000  1.3792778100e+00  3.4063007350e-02 
 638.000  1.3980044800e+00  3.4660785680e-02 
 639.000  1.3861721200e+00  3.4194854740e-02 
 640.000  1.3412624300e+00  3.3336078640e-02 
 641.000  1.3604868200e+00  3.3753086090e-02 
 642.000  1.3431561600e+00  3.3334671020e-02 
 643.000  1.3683221100e+00  3.3770278930e-02 
 644.000  1.3525503200e+00  3.3235507970e-02 
 645.000  1.3667685800e+00  3.3416919710e-02 
 646.000  1.3245848200e+00  3.1385025020e-02 
 647.000  1.3498281900e+00  3.1298475270e-02 
 648.000  1.3553924700e+00  3.0918472290e-02 
 649.000  1.3753847200e+00  3.1679098130e-02 
 650.000  1.2621946100e+00  3.0006479260e-02 
 651.000  1.3597382000e+00  3.2290863040e-02 
 652.000  1.3451807200e+00  3.1035181050e-02 
 653.000  1.3588465000e+00  3.2328865050e-02 
 654.000  1.3426277200e+00  3.1652261730e-02 
 655.000  1.3120365400e+00  3.0518644330e-02 
 656.000  1.1125922700e+00  2.5930612560e-02 
 657.000  1.1852341600e+00  2.7783742900e-02 
 658.000  1.3158275000e+00  3.1262142180e-02 
 659.000  1.3164878700e+00  3.1408565520e-02 
 660.000  1.3257746600e+00  3.1715463640e-02 
 661.000  1.3283838300e+00  3.2079818730e-02 
 662.000  1.3460529400e+00  3.2598098750e-02 
 663.000  1.3315004300e+00  3.2117660520e-02 
 664.000  1.3098404900e+00  3.1592844010e-02 
 665.000  1.3151817600e+00  3.1695388790e-02 
 666.000  1.3304550100e+00  3.2187080380e-02 
 667.000  1.3036514100e+00  3.1429321290e-02 
 668.000  1.3105136900e+00  3.1711545940e-02 
 669.000  1.3291197600e+00  3.2200271610e-02 
 670.000  1.3131012900e+00  3.1641029360e-02 
 671.000  1.2990248200e+00  3.1321401600e-02 
 672.000  1.2947362400e+00  3.1175828930e-02 
 673.000  1.3039411900e+00  3.1337471010e-02 
 674.000  1.3064141400e+00  3.1387889860e-02 
 675.000  1.2863960300e+00  3.0825229640e-02 
 676.000  1.3106242500e+00  3.1398727420e-02 
 677.000  1.2844963700e+00  3.0773675920e-02 
 678.000  1.3056827100e+00  3.1216690060e-02 
 679.000  1.2872836100e+00  3.0675277710e-02 
 680.000  1.2778432100e+00  3.0411859510e-02 
 681.000  1.2798335400e+00  3.0360313420e-02 
 682.000  1.2773886800e+00  3.0165140150e-02 
 683.000  1.2860809500e+00  3.0240711210e-02 
 684.000  1.2638839700e+00  2.9683250430e-02 
 685.000  1.2775501100e+00  2.9934196470e-02 
 686.000  1.2243855400e+00  2.8271835330e-02 
 687.000  1.2254497600e+00  2.4436313630e-02 
 688.000  1.2263420000e+00  2.5405288700e-02 
 689.000  1.2298922800e+00  2.5267986300e-02 
 690.000  1.2358296300e+00  2.5901046750e-02 
 691.000  1.2407796000e+00  2.6678218840e-02 
 692.000  1.2332977200e+00  2.6835134510e-02 
 693.000  1.2414411600e+00  2.6052804950e-02 
 694.000  1.2550691500e+00  2.5618051530e-02 
 695.000  1.2320855300e+00  2.5527782440e-02 
 696.000  1.2458848500e+00  2.6059576030e-02 
 697.000  1.2448227300e+00  2.7679119110e-02 
 698.000  1.2225488700e+00  2.6728265760e-02 
 699.000  1.2483906200e+00  2.5917089460e-02 
 700.000  1.2334527700e+00  2.5766443250e-02 
 701.000  1.2065575700e+00  2.4851095200e-02 
 702.000  1.2003551400e+00  2.4917102810e-02 
 703.000  1.2149630600e+00  2.6246381760e-02 
 704.000  1.2184669600e+00  2.6386415480e-02 
 705.000  1.2289466000e+00  2.6112335210e-02 
 706.000  1.2158316300e+00  2.5914295200e-02 
 707.000  1.1972271800e+00  2.5679872510e-02 
 708.000  1.2316660000e+00  2.6601421360e-02 
 709.000  1.1872141700e+00  2.5979394910e-02 
 710.000  1.2154410900e+00  2.6101156230e-02 
 711.000  1.2024525300e+00  2.6192657470e-02 
 712.000  1.1850466000e+00  2.6193988800e-02 
 713.000  1.1806532400e+00  2.5750385280e-02 
 714.000  1.2009475500e+00  2.5989391330e-02 
 715.000  1.1598532000e+00  2.4576374050e-02 
 716.000  1.1910382900e+00  2.4699182510e-02 
 717.000  1.1613097100e+00  2.1601396560e-02 
 718.000  1.1551600400e+00  2.0034828190e-02 
 719.000  1.1418595000e+00  1.9191968920e-02 
 720.000  1.1501902600e+00  1.8664735790e-02 
 721.000  1.1485363500e+00  2.1875446320e-02 
 722.000  1.1646743300e+00  2.3287557600e-02 
 723.000  1.1622476800e+00  2.2487651820e-02 
 724.000  1.1693062400e+00  2.0688385010e-02 
 725.000  1.1565443400e+00  2.0727071760e-02 
 726.000  1.1544306800e+00  2.0601707460e-02 
 727.000  1.1715126800e+00  2.1099298480e-02 
 728.000  1.1513879000e+00  2.0499315260e-02 
 729.000  1.1056341000e+00  2.0317199710e-02 
 730.000  1.1464839800e+00  2.0942508700e-02 
 731.000  1.1275878000e+00  2.0533317570e-02 
 732.000  1.1487068000e+00  2.2043338780e-02 
 733.000  1.1308556600e+00  2.2977191930e-02 
 734.000  1.1540526000e+00  2.4033700940e-02 
 735.000  1.1448524300e+00  2.3553703310e-02 
 736.000  1.1238405700e+00  2.2728044510e-02 
 737.000  1.1384239400e+00  2.3262952800e-02 
 738.000  1.1349731000e+00  2.3616157530e-02 
 739.000  1.0981228000e+00  2.3070425030e-02 
 740.000  1.1080962600e+00  2.3701528550e-02 
 741.000  1.0990207300e+00  2.3855812070e-02 
 742.000  1.0808700800e+00  2.3588554380e-02 
 743.000  1.1123184000e+00  2.4565439220e-02 
 744.000  1.1227461700e+00  2.4946514130e-02 
 745.000  1.0934293600e+00  2.4422456740e-02 
 746.000  1.1085571000e+00  2.4786363600e-02 
 747.000  1.1251613100e+00  2.5121316910e-02 
 748.000  1.1049463100e+00  2.4657714840e-02 
 749.000  1.1051430200e+00  2.4676328660e-02 
 750.000  1.0890048400e+00  2.4219163890e-02 
 751.000  1.0862047100e+00  2.4142559050e-02 
 752.000  1.1026570800e+00  2.4552934650e-02 
 753.000  1.0922228100e+00  2.4321468350e-02 
 754.000  1.1093268000e+00  2.4696245190e-02 
 755.000  1.1029595200e+00  2.4540636060e-02 
 756.000  1.0813648700e+00  2.4047191620e-02 
 757.000  1.0893613500e+00  2.4208175660e-02 
 758.000  1.0882227000e+00  2.4104633330e-02 
 759.000  1.0470617500e+00  2.1256847380e-02 
 760.000  8.2383042300e-01  8.5737113950e-03 
 761.000  7.9393269700e-01  7.5929889680e-03 
 762.000  9.2602000000e-01  1.3746731760e-02 
 763.000  9.1116903700e-01  1.1879038810e-02 
 764.000  9.3454092700e-01  1.2971860890e-02 
 765.000  9.8082426800e-01  1.5761738780e-02 
 766.000  9.7251557200e-01  1.8093050000e-02 
 767.000  1.0023759400e+00  1.9839248660e-02 
 768.000  1.0512756400e+00  2.1765924450e-02 
 769.000  1.0527282000e+00  2.2527591710e-02 
 770.000  1.0500447100e+00  2.2843982700e-02 
 771.000  1.0515100500e+00  2.3085834500e-02 
 772.000  1.0476151100e+00  2.3039018630e-02 
 773.000  1.0433001800e+00  2.2950738910e-02 
 774.000  1.0543086800e+00  2.3203506470e-02 
 775.000  1.0145987100e+00  2.2328651430e-02 
 776.000  1.0563119500e+00  2.3287887570e-02 
 777.000  1.0489971400e+00  2.3096370700e-02 
 778.000  1.0434536600e+00  2.2918884280e-02 
 779.000  1.0469277900e+00  2.2925989150e-02 
 780.000  1.0340583400e+00  2.2660051350e-02 
 781.000  1.0321976300e+00  2.2604103090e-02 
 782.000  1.0447317000e+00  2.2785932540e-02 
 783.000  1.0203980850e+00  2.2343326570e-02 
 784.000  1.0263089530e+00  2.2412832260e-02 
 785.000  1.0296855000e+00  2.2273204800e-02 
 786.000  1.0128225960e+00  2.1763610840e-02 
 787.000  1.0297072670e+00  2.1641212460e-02 
 788.000  1.0152414070e+00  2.1167516710e-02 
 789.000  1.0243755330e+00  2.0705585480e-02 
 790.000  1.0143328790e+00  2.0397325520e-02 
 791.000  1.0086002150e+00  2.0407335280e-02 
 792.000  9.9215066200e-01  2.0110330580e-02 
 793.000  9.9003889100e-01  2.0293561940e-02 
 794.000  9.7733566100e-01  2.0603097920e-02 
 795.000  9.7363246100e-01  2.0051860810e-02 
 796.000  9.9434281900e-01  1.9759342190e-02 
 797.000  9.9948452300e-01  2.0106969830e-02 
 798.000  9.9745894700e-01  2.0562717440e-02 
 799.000  9.9728085600e-01  2.0372756960e-02 
 800.000  9.7312409100e-01  1.9480604170e-02 
 801.000  9.9114232800e-01  1.9876911160e-02 
 802.000  9.8937391500e-01  1.9751079560e-02 
 803.000  9.7506951200e-01  1.9533216480e-02 
 804.000  9.8305631400e-01  1.9921096800e-02 
 805.000  9.5460683600e-01  1.9707471850e-02 
 806.000  9.7953605000e-01  2.0378604890e-02 
 807.000  9.7347412700e-01  2.0294216160e-02 
 808.000  9.6833240000e-01  2.0009723660e-02 
 809.000  9.5253956600e-01  1.9506711960e-02 
 810.000  9.4890460000e-01  1.9230613710e-02 
 811.000  9.6531919600e-01  1.9234085080e-02 
 812.000  9.6356095200e-01  1.8844736100e-02 
 813.000  9.6103346900e-01  1.8266523360e-02 
 814.000  9.6166959500e-01  1.7799169540e-02 
 815.000  9.5345776600e-01  1.7057996750e-02 
 816.000  9.4738137000e-01  1.6244459150e-02 
 817.000  9.5296158900e-01  1.6354002000e-02 
 818.000  9.4696960700e-01  1.6214328770e-02 
 819.000  9.2082879300e-01  1.6055761340e-02 
 820.000  9.0119303100e-01  1.6466363910e-02 
 821.000  9.2898857300e-01  1.7883901600e-02 
 822.000  9.0437874700e-01  1.6587810520e-02 
 823.000  9.2059655400e-01  1.5146124840e-02 
 824.000  9.3117932900e-01  1.6799486160e-02 
 825.000  9.2726713900e-01  1.8004589080e-02 
 826.000  9.3356814900e-01  1.7838731770e-02 
 827.000  9.3091855400e-01  1.7591913220e-02 
 828.000  9.3079532000e-01  1.6813261030e-02 
 829.000  9.2972429900e-01  1.7007562640e-02 
 830.000  9.1426002000e-01  1.7015781400e-02 
 831.000  8.9803737700e-01  1.6766832350e-02 
 832.000  9.1632845800e-01  1.7102109910e-02 
 833.000  8.8738120100e-01  1.6833396910e-02 
 834.000  8.9986045900e-01  1.7291000370e-02 
 835.000  8.9980776500e-01  1.7587278370e-02 
 836.000  9.1093575800e-01  1.7811897280e-02 
 837.000  9.0350084500e-01  1.7604042050e-02 
 838.000  9.0572846600e-01  1.7892030720e-02 
 839.000  8.7680862100e-01  1.7417057040e-02 
 840.000  9.0002350600e-01  1.7859823230e-02 
 841.000  9.0334203000e-01  1.7751077650e-02 
 842.000  8.9685893700e-01  1.7718254090e-02 
 843.000  8.8863276200e-01  1.7988737110e-02 
 844.000  8.7294556300e-01  1.7834880830e-02 
 845.000  8.8571683400e-01  1.8164262770e-02 
 846.000  8.9307033500e-01  1.8457117080e-02 
 847.000  8.6169048800e-01  1.7959877010e-02 
 848.000  8.8818506600e-01  1.8309993740e-02 
 849.000  8.8970211400e-01  1.8448728560e-02 
 850.000  7.6973361700e-01  1.5806344990e-02 
 851.000  8.8254795600e-01  1.7977798460e-02 
 852.000  8.4904014700e-01  1.7366075520e-02 
 853.000  8.5773798400e-01  1.7586040500e-02 
 854.000  6.8965447900e-01  1.4170354840e-02 
 855.000  7.5864844600e-01  1.5696822170e-02 
 856.000  8.5953095900e-01  1.7824087140e-02 
 857.000  8.7263486100e-01  1.8250137330e-02 
 858.000  8.5835261800e-01  1.7946062090e-02 
 859.000  8.5748055600e-01  1.7979791640e-02 
 860.000  8.4943974300e-01  1.7900383000e-02 
 861.000  8.4929000500e-01  1.7874832150e-02 
 862.000  8.4628267800e-01  1.7746622090e-02 
 863.000  8.6245504800e-01  1.8189485550e-02 
 864.000  8.6058130000e-01  1.7995683670e-02 
 865.000  8.4443575800e-01  1.7794651030e-02 
 866.000  7.0829688500e-01  1.4970841410e-02 
 867.000  7.5430855000e-01  1.5725693700e-02 
 868.000  8.1808793800e-01  1.7147018430e-02 
 869.000  8.0658868200e-01  1.6892812730e-02 
 870.000  8.3991799700e-01  1.7710924150e-02 
 871.000  8.3871674500e-01  1.7612432480e-02 
 872.000  8.3525352400e-01  1.7303218840e-02 
 873.000  8.3873837000e-01  1.7506122590e-02 
 874.000  8.2043464600e-01  1.7037612920e-02 
 875.000  8.1292935100e-01  1.7033355710e-02 
 876.000  8.1989204300e-01  1.7090715410e-02 
 877.000  8.3635223000e-01  1.7276472090e-02 
 878.000  8.2258929800e-01  1.7067424770e-02 
 879.000  8.2454918800e-01  1.7166519170e-02 
 880.000  8.2029818900e-01  1.6881450650e-02 
 881.000  7.7793577300e-01  1.6053449630e-02 
 882.000  8.2118870700e-01  1.6740575790e-02 
 883.000  8.0221057800e-01  1.6544385910e-02 
 884.000  8.0894172100e-01  1.6904008870e-02 
 885.000  8.1828981400e-01  1.6611030580e-02 
 886.000  7.9279752600e-01  1.6122470860e-02 
 887.000  7.8371950500e-01  1.5924498560e-02 
 888.000  8.0727361300e-01  1.6208980560e-02 
 889.000  8.1239235700e-01  1.6606647490e-02 
 890.000  8.1056604800e-01  1.6467245100e-02 
 891.000  8.0752925200e-01  1.6168798450e-02 
 892.000  8.0687979500e-01  1.5916406630e-02 
 893.000  7.8129655800e-01  1.4536753650e-02 
 894.000  8.0971215500e-01  1.4794067380e-02 
 895.000  7.7472777400e-01  1.3477130890e-02 
 896.000  8.0546975800e-01  1.3124212270e-02 
 897.000  7.8693997200e-01  1.2311696050e-02 
 898.000  7.8829141300e-01  1.1936259270e-02 
 899.000  7.8758294000e-01  1.1007645610e-02 
 900.000  7.6791812000e-01  1.0736164090e-02 
 901.000  7.5146635100e-01  1.0323523520e-02 
 902.000  7.3763597200e-01  1.0171194080e-02 
 903.000  7.7372262500e-01  1.2008857730e-02 
 904.000  7.8808788900e-01  1.3050713540e-02 
 905.000  7.8600072600e-01  1.3271183970e-02 
 906.000  7.6518727300e-01  1.2381449700e-02 
 907.000  7.7815351600e-01  1.1565970420e-02 
 908.000  7.5912064400e-01  1.0596648220e-02 
 909.000  7.4422841800e-01  1.0392165180e-02 
 910.000  7.5303252300e-01  1.0594245910e-02 
 911.000  7.5103511000e-01  1.1141238210e-02 
 912.000  7.5266325700e-01  1.0721284870e-02 
 913.000  7.7028008100e-01  1.0194247250e-02 
 914.000  7.6532254800e-01  1.0476035120e-02 
 915.000  7.5269019900e-01  1.0830422400e-02 
 916.000  7.6104660300e-01  1.0966575620e-02 
 917.000  7.4913627800e-01  1.0949246410e-02 
 918.000  7.4533276100e-01  1.1126132010e-02 
 919.000  7.5516509900e-01  1.2466669080e-02 
 920.000  7.4795594100e-01  1.2687506680e-02 
 921.000  7.3157709300e-01  1.2251664160e-02 
 922.000  7.2504281700e-01  1.2236881260e-02 
 923.000  6.9464770000e-01  1.1186512950e-02 
 924.000  7.2403724400e-01  1.1577178000e-02 
 925.000  7.3364842200e-01  1.1620705600e-02 
 926.000  7.0745543100e-01  1.1037490840e-02 
 927.000  7.3380989600e-01  1.1247485160e-02 
 928.000  7.3832930200e-01  1.0441216470e-02 
 929.000  7.2801507000e-01  9.1948328020e-03 
 930.000  7.2618830300e-01  7.9927639960e-03 
 931.000  7.2589235000e-01  7.0988469120e-03 
 932.000  7.1878178900e-01  6.0750746730e-03 
 933.000  7.2074524200e-01  5.5387077330e-03 
 934.000  7.1443676900e-01  5.0288000110e-03 
 935.000  7.0385016600e-01  4.9066901210e-03 
 936.000  6.9878298700e-01  5.0232105260e-03 
 937.000  7.1438060800e-01  5.0971045490e-03 
 938.000  7.0688482000e-01  5.5800042150e-03 
 939.000  7.1314668600e-01  7.4867420200e-03 
 940.000  7.0950734300e-01  7.8405776020e-03 
 941.000  6.9337793700e-01  7.3497219090e-03 
 942.000  6.6684555900e-01  6.4204616550e-03 
 943.000  7.0262259400e-01  5.8439846040e-03 
 944.000  6.8330872200e-01  5.6164245610e-03 
 945.000  6.8985589700e-01  5.9545488360e-03 
 946.000  6.9921219800e-01  6.0580244060e-03 
 947.000  6.9498273000e-01  6.3211336140e-03 
 948.000  6.9918593900e-01  6.5433316230e-03 
 949.000  7.0140092600e-01  6.5502090450e-03 
 950.000  6.9677741700e-01  6.5561027530e-03 
 951.000  6.9264095600e-01  6.9587059020e-03 
 952.000  6.9256888600e-01  6.5077023510e-03 
 953.000  6.9065718400e-01  6.8236489300e-03 
 954.000  6.8398556300e-01  7.1545948980e-03 
 955.000  6.3888098300e-01  6.4077796940e-03 
 956.000  6.8153602300e-01  6.7985863690e-03 
 957.000  6.8118343500e-01  7.8889703750e-03 
 958.000  6.8643472400e-01  8.1398706440e-03 
 959.000  6.8908869800e-01  7.9700613020e-03 
 960.000  6.8257802400e-01  7.8453049660e-03 
 961.000  6.7525615900e-01  7.6656947140e-03 
 962.000  6.7861821900e-01  7.8016877170e-03 
 963.000  6.7721690900e-01  8.5355758670e-03 
 964.000  6.6946725000e-01  8.5591983800e-03 
 965.000  6.7765163500e-01  8.5899353030e-03 
 966.000  6.5809153400e-01  8.3919076920e-03 
 967.000  6.7766234900e-01  9.2717409130e-03 
 968.000  6.7019413100e-01  1.0193125720e-02 
 969.000  6.7428826100e-01  1.0705549240e-02 
 970.000  6.7611627400e-01  1.0759011270e-02 
 971.000  6.7013326800e-01  1.0645375250e-02 
 972.000  6.7488322500e-01  1.0576655390e-02 
 973.000  6.6864679200e-01  1.0182027820e-02 
 974.000  6.5839646700e-01  9.6731376650e-03 
 975.000  6.6168725700e-01  9.4828739170e-03 
 976.000  6.6969683500e-01  9.8723316190e-03 
 977.000  6.5271970400e-01  1.0052834510e-02 
 978.000  6.6886666600e-01  1.0264696120e-02 
 979.000  6.4942912200e-01  1.0081040380e-02 
 980.000  6.5859213400e-01  1.0697769170e-02 
 981.000  6.6307477300e-01  1.0886626240e-02 
 982.000  6.6164694000e-01  1.0747570990e-02 
 983.000  6.5985503200e-01  1.0992322920e-02 
 984.000  6.5543443100e-01  1.1227819440e-02 
 985.000  6.5512268900e-01  1.1412473680e-02 
 986.000  6.4977828100e-01  1.1586142540e-02 
 987.000  6.5716673600e-01  1.1840298650e-02 
 988.000  6.4906468400e-01  1.1716642380e-02 
 989.000  6.4082434400e-01  1.1578595160e-02 
 990.000  6.4628783900e-01  1.1700510030e-02 
 991.000  6.5152973700e-01  1.1898005490e-02 
 992.000  6.4549880200e-01  1.1806404110e-02 
 993.000  6.4545203000e-01  1.1802673340e-02 
 994.000  6.4868954800e-01  1.1947802540e-02 
 995.000  6.4387697200e-01  1.1927937510e-02 
 996.000  6.4377045600e-01  1.1908190730e-02 
 997.000  6.4448022400e-01  1.1851936340e-02 
 998.000  6.4211841100e-01  1.1743381500e-02 
 999.000  6.4055163900e-01  1.1678299900e-02 
1000.000  6.3543888800e-01  1.1585598950e-02 
1001.000  6.3910055200e-01  1.1528342250e-02 
1002.000  6.3844563800e-01  1.1334291460e-02 
1003.000  6.3091981600e-01  1.1229925160e-02 
1004.000  6.2549082100e-01  1.1220003130e-02 
1005.000  5.8433032700e-01  1.0514821050e-02 
1006.000  6.1483142300e-01  1.1068837170e-02 
1007.000  6.2608717600e-01  1.1228166580e-02 
1008.000  6.2897987900e-01  1.1133310320e-02 
1009.000  6.2547600700e-01  1.0891183850e-02 
1010.000  6.2766849800e-01  1.0994786260e-02 
1011.000  6.2395688100e-01  1.1107901570e-02 
1012.000  6.2399542700e-01  1.1174739840e-02 
1013.000  6.1938432900e-01  1.1143964770e-02 
1014.000  6.2328302100e-01  1.1272869110e-02 
1015.000  6.1176698600e-01  1.1106117250e-02 
1016.000  6.1563148100e-01  1.1241443630e-02 
1017.000  6.0950194000e-01  1.1173063280e-02 
1018.000  6.1756501000e-01  1.1330935480e-02 
1019.000  6.0369613000e-01  1.1040958400e-02 
1020.000  6.0234159900e-01  1.0995117190e-02 
1021.000  6.0817015500e-01  1.1066973690e-02 
1022.000  5.9933568100e-01  1.0737754820e-02 
1023.000  6.1109982700e-01  1.0795248990e-02 
1024.000  6.0815866300e-01  1.0620153430e-02 
1025.000  6.0743868700e-01  1.0643856050e-02 
1026.000  6.0790281300e-01  1.0684358600e-02 
1027.000  6.0434100400e-01  1.0648929600e-02 
1028.000  6.0566818900e-01  1.0743063930e-02 
1029.000  5.9622072600e-01  1.0675837520e-02 
1030.000  6.0197075500e-01  1.0887625690e-02 
1031.000  5.9994223200e-01  1.0932162280e-02 
1032.000  5.9772865300e-01  1.0944438930e-02 
1033.000  5.8669884400e-01  1.0714937210e-02 
1034.000  5.9283039300e-01  1.0810027120e-02 
1035.000  5.8645713700e-01  1.0685538290e-02 
1036.000  5.9414536300e-01  1.0770116810e-02 
1037.000  5.8162594300e-01  1.0512815480e-02 
1038.000  5.8734356200e-01  1.0586021420e-02 
1039.000  5.8985307600e-01  1.0591963770e-02 
1040.000  5.8296227700e-01  1.0431552890e-02 
1041.000  5.8609481200e-01  1.0453220370e-02 
1042.000  5.8786447700e-01  1.0453329090e-02 
1043.000  5.7773201700e-01  1.0244153020e-02 
1044.000  5.8354827600e-01  1.0314153670e-02 
1045.000  5.8121575000e-01  1.0311508180e-02 
1046.000  5.6442308200e-01  1.0063069340e-02 
1047.000  5.7493434600e-01  1.0299427030e-02 
1048.000  5.8082474200e-01  1.0456501010e-02 
1049.000  5.7726044800e-01  1.0445453640e-02 
1050.000  5.7399780000e-01  1.0433469770e-02 
1051.000  5.7432637700e-01  1.0403038980e-02 
1052.000  5.7182533900e-01  1.0311944960e-02 
1053.000  5.7210655500e-01  1.0285471920e-02 
1054.000  5.6651034400e-01  1.0129653930e-02 
1055.000  5.7095726100e-01  1.0155651090e-02 
1056.000  5.6967619300e-01  1.0085326190e-02 
1057.000  5.6925535200e-01  1.0032184600e-02 
1058.000  5.6429784000e-01  9.8811798100e-03 
1059.000  5.4649680900e-01  9.5926399230e-03 
1060.000  5.6569185100e-01  9.9907407760e-03 
1061.000  5.4599020400e-01  9.6500749590e-03 
1062.000  5.6175483200e-01  9.8965024950e-03 
1063.000  5.5249055800e-01  9.7020149230e-03 
1064.000  5.5991628400e-01  9.7379989620e-03 
1065.000  5.5982753000e-01  9.6296463010e-03 
1066.000  5.4262569400e-01  9.2846918110e-03 
1067.000  5.5580668500e-01  9.4406633380e-03 
1068.000  5.5446429400e-01  9.2741689680e-03 
1069.000  5.1310952700e-01  8.5199003220e-03 
1070.000  5.4341908500e-01  9.0692701340e-03 
1071.000  5.4483161800e-01  9.0773983000e-03 
1072.000  5.4719344200e-01  9.1026420590e-03 
1073.000  5.2928727800e-01  8.8316345210e-03 
1074.000  5.4775966200e-01  9.1860561370e-03 
1075.000  5.3001484900e-01  8.9936180110e-03 
1076.000  5.4215697800e-01  9.1643953320e-03 
1077.000  5.4156983800e-01  9.1044082640e-03 
1078.000  5.4369355600e-01  9.0819015500e-03 
1079.000  5.2286451300e-01  8.7374563220e-03 
1080.000  5.4026595500e-01  8.8614292140e-03 
1081.000  5.2048466300e-01  8.5233507160e-03 
1082.000  5.2632131700e-01  8.6439027790e-03 
1083.000  5.1304625400e-01  8.2896060940e-03 
1084.000  5.3366429600e-01  8.4798431400e-03 
1085.000  5.2905919700e-01  8.1571559910e-03 
1086.000  5.3540642400e-01  8.2524833680e-03 
1087.000  5.0012992800e-01  7.8934211730e-03 
1088.000  5.3033908400e-01  8.4396677020e-03 
1089.000  5.1312437900e-01  7.9532046320e-03 
1090.000  5.2485424900e-01  8.1389179230e-03 
1091.000  5.2765605200e-01  8.2874593730e-03 
1092.000  5.1689920200e-01  8.0468692780e-03 
1093.000  5.1377387800e-01  7.7758369450e-03 
1094.000  4.6876475800e-01  6.9584269520e-03 
1095.000  5.0716676800e-01  7.5010685920e-03 
1096.000  5.0790282700e-01  7.4858756070e-03 
1097.000  4.9869831300e-01  7.2506980900e-03 
1098.000  4.9774756400e-01  6.6355876920e-03 
1099.000  5.0223783900e-01  6.1472377780e-03 
1100.000  5.1065235500e-01  6.2844963070e-03 
1101.000  5.0907058100e-01  6.3338236810e-03 
1102.000  4.8815888400e-01  6.0345759390e-03 
1103.000  5.0719318300e-01  6.3110919000e-03 
1104.000  5.0394698600e-01  6.1796345710e-03 
1105.000  5.0430800000e-01  5.9686050420e-03 
1106.000  5.0119708700e-01  5.7353725430e-03 
1107.000  5.0030001700e-01  5.7611207960e-03 
1108.000  4.9845929700e-01  5.7584195140e-03 
1109.000  4.9977437400e-01  5.9201426510e-03 
1110.000  5.0233812000e-01  5.8980321880e-03 
1111.000  4.9630436000e-01  5.7189126010e-03 
1112.000  4.9189114000e-01  5.2739372250e-03 
1113.000  4.9016883200e-01  4.7847418790e-03 
1114.000  4.9547640600e-01  4.6815233230e-03 
1115.000  4.9048675900e-01  4.1860570910e-03 
1116.000  4.8428141000e-01  3.9043776990e-03 
1117.000  4.9002607900e-01  3.5168907640e-03 
1118.000  4.8489408000e-01  3.1467456820e-03 
1119.000  4.7133639700e-01  2.9181923870e-03 
1120.000  4.7228560900e-01  2.7892134190e-03 
1121.000  4.7529272200e-01  2.7807586190e-03 
1122.000  4.7308869000e-01  2.6655321120e-03 
1123.000  4.7531074600e-01  2.7299709320e-03 
1124.000  4.7622484700e-01  2.7728250030e-03 
1125.000  4.6630208900e-01  2.6950595380e-03 
1126.000  4.5738445500e-01  2.6361906530e-03 
1127.000  4.7286961300e-01  2.7348465920e-03 
1128.000  4.6422456400e-01  2.7033712860e-03 
1129.000  4.6711905900e-01  2.8403332230e-03 
1130.000  4.6803540800e-01  3.2185032370e-03 
1131.000  4.7316457200e-01  3.3809385300e-03 
1132.000  4.7416441100e-01  3.2107033730e-03 
1133.000  4.6191904200e-01  2.8621623520e-03 
1134.000  4.5652257100e-01  2.5095255370e-03 
1135.000  4.6250473000e-01  2.5607414250e-03 
1136.000  4.6441972100e-01  2.9176070690e-03 
1137.000  4.7121606200e-01  3.2548851970e-03 
1138.000  4.5515621200e-01  3.4867689610e-03 
1139.000  4.6536885600e-01  3.7214050290e-03 
1140.000  4.6659651200e-01  3.6567609310e-03 
1141.000  4.5310888400e-01  3.4227213860e-03 
1142.000  4.6537359200e-01  3.4620580670e-03 
1143.000  4.5699738900e-01  3.2456758020e-03 
1144.000  4.5372273900e-01  3.0661852360e-03 
1145.000  4.5634114100e-01  2.8837237360e-03 
1146.000  4.6101928200e-01  2.9560599330e-03 
1147.000  4.6335654900e-01  3.1346776490e-03 
1148.000  4.5894981600e-01  3.2666618820e-03 
1149.000  4.6042247500e-01  3.3514754770e-03 
1150.000  4.5846719500e-01  3.3573017120e-03 
1151.000  4.5712244500e-01  3.4774832730e-03 
1152.000  4.5626785900e-01  3.5383305550e-03 
1153.000  4.5547032800e-01  3.6299524310e-03 
1154.000  4.5894988100e-01  3.6528024670e-03 
1155.000  4.6052861600e-01  3.8722283840e-03 
1156.000  4.5428603000e-01  4.0510187150e-03 
1157.000  4.5854443100e-01  4.6452350620e-03 
1158.000  4.5861579800e-01  4.9621124270e-03 
1159.000  4.5213313600e-01  5.2018327710e-03 
1160.000  4.4638923300e-01  5.2797751430e-03 
1161.000  4.3676162700e-01  5.4947290420e-03 
1162.000  4.5257262100e-01  5.9707884790e-03 
1163.000  4.5445246900e-01  6.3129072190e-03 
1164.000  4.4522092600e-01  6.2491836550e-03 
1165.000  4.5381511800e-01  6.4248805050e-03 
1166.000  4.4204401300e-01  6.3397316930e-03 
1167.000  4.4921360000e-01  6.4951562880e-03 
1168.000  4.5313941100e-01  6.5410876270e-03 
1169.000  4.3747094700e-01  6.3650913240e-03 
1170.000  4.4923498800e-01  6.5808644290e-03 
1171.000  4.5131391500e-01  6.7135348320e-03 
1172.000  4.4990236300e-01  6.6365938190e-03 
1173.000  4.4676833400e-01  6.5384187700e-03 
1174.000  4.4699469500e-01  6.5468068120e-03 
1175.000  4.4176178100e-01  6.6215734480e-03 
1176.000  4.3109701600e-01  6.6021838190e-03 
1177.000  4.4440862400e-01  6.7373499870e-03 
1178.000  4.3690207000e-01  6.4891681670e-03 
1179.000  4.3494254000e-01  6.4611978530e-03 
1180.000  4.4104841900e-01  6.5035009380e-03 
1181.000  4.3879523600e-01  6.3480758670e-03 
1182.000  4.3935024700e-01  6.2304563520e-03 
1183.000  4.1384179000e-01  5.8766417500e-03 
1184.000  4.3249351800e-01  6.2043690680e-03 
1185.000  4.3821610400e-01  6.4519886970e-03 
1186.000  4.3560833100e-01  6.3560128210e-03 
1187.000  4.3576244400e-01  6.1791343690e-03 
1188.000  4.3352726900e-01  6.0883011820e-03 
1189.000  4.0816419500e-01  5.8029222490e-03 
1190.000  4.2823627400e-01  6.3183741570e-03 
1191.000  4.3491299000e-01  6.4599742890e-03 
1192.000  4.3254554300e-01  6.5065178870e-03 
1193.000  4.3271136300e-01  6.4404973980e-03 
1194.000  4.3189890700e-01  6.4045310020e-03 
1195.000  4.2705774100e-01  6.2239952090e-03 
1196.000  4.2678835800e-01  6.2399907110e-03 
1197.000  4.2667476700e-01  6.1882934570e-03 
1198.000  4.1234481700e-01  5.9725155830e-03 
1199.000  3.9702140500e-01  5.6921596530e-03 
1200.000  4.2204999200e-01  6.0894875530e-03 
1201.000  4.2507842100e-01  6.1535215380e-03 
1202.000  4.2589387700e-01  6.1936268810e-03 
1203.000  4.0510838000e-01  5.8703823090e-03 
1204.000  4.1182199600e-01  6.0034418110e-03 
1205.000  4.2137486200e-01  6.3399825100e-03 
1206.000  4.1881109500e-01  6.3945837020e-03 
1207.000  4.2162383500e-01  6.4771904950e-03 
1208.000  4.1548622700e-01  6.3530964850e-03 
1209.000  3.8952792900e-01  5.9096159930e-03 
1210.000  4.1680456300e-01  6.2425727840e-03 
1211.000  4.0288141600e-01  6.0288805960e-03 
1212.000  4.1549599000e-01  6.2528095250e-03 
1213.000  4.1703136200e-01  6.3703918460e-03 
1214.000  4.1524670400e-01  6.3471059800e-03 
1215.000  4.1667300000e-01  6.4155068400e-03 
1216.000  4.1544142600e-01  6.5459985730e-03 
1217.000  4.1457770800e-01  6.6544394490e-03 
1218.000  4.1312739500e-01  6.6830673220e-03 
1219.000  4.0926182600e-01  6.6480007170e-03 
1220.000  4.1201263200e-01  6.6826367380e-03 
1221.000  4.1115962700e-01  6.6696820260e-03 
1222.000  4.0888206200e-01  6.6248836520e-03 
1223.000  4.0688065300e-01  6.6218194960e-03 
1224.000  4.0982165200e-01  6.7665929790e-03 
1225.000  4.0749817800e-01  6.7627115250e-03 
1226.000  4.0882655100e-01  6.8285331730e-03 
1227.000  3.9479817300e-01  6.6545696260e-03 
1228.000  4.0689640800e-01  6.9311084750e-03 
1229.000  4.0622042100e-01  6.9694232940e-03 
1230.000  4.0459203900e-01  6.9995088580e-03 
1231.000  4.0445976300e-01  7.0323762890e-03 
1232.000  3.9986108100e-01  6.9684839250e-03 
1233.000  4.0298035600e-01  7.0343036650e-03 
1234.000  4.0151338900e-01  7.0821342470e-03 
1235.000  3.9864179700e-01  7.0538935660e-03 
1236.000  4.0090034600e-01  7.1036124230e-03 
1237.000  4.0079479100e-01  7.1244573590e-03 
1238.000  4.0051040700e-01  7.1255745890e-03 
1239.000  3.9592750200e-01  7.0458569530e-03 
1240.000  3.9415026900e-01  7.0576510430e-03 
1241.000  3.9775816500e-01  7.1625413890e-03 
1242.000  3.9553975800e-01  7.1600527760e-03 
1243.000  3.9120989500e-01  7.1200795170e-03 
1244.000  3.8786151700e-01  7.0866751670e-03 
1245.000  3.9464094600e-01  7.2310214040e-03 
1246.000  3.9170731400e-01  7.1303706170e-03 
1247.000  3.8992010800e-01  7.0492877960e-03 
1248.000  3.9308775100e-01  7.0577139850e-03 
1249.000  3.9175716700e-01  6.9943318370e-03 
1250.000  3.9036285300e-01  6.9224958420e-03 
1251.000  3.8783170800e-01  6.8431653980e-03 
1252.000  3.8683479600e-01  6.7886471750e-03 
1253.000  3.8381122200e-01  6.6969318390e-03 
1254.000  3.8513773000e-01  6.6537127490e-03 
1255.000  3.8472645270e-01  6.5996999740e-03 
1256.000  3.8413240320e-01  6.5497407910e-03 
1257.000  3.8001799480e-01  6.3905806540e-03 
1258.000  3.8201044690e-01  6.2816224100e-03 
1259.000  3.7811496570e-01  6.0967636110e-03 
1260.000  3.7893148220e-01  5.9833421710e-03 
1261.000  3.7848426510e-01  5.8484029770e-03 
1262.000  3.7038620300e-01  5.5703811650e-03 
1263.000  3.7487853700e-01  5.6265859600e-03 
1264.000  3.6904191550e-01  5.5427918430e-03 
1265.000  3.6971436290e-01  5.5698237420e-03 
1266.000  3.7210222050e-01  5.5866827960e-03 
1267.000  3.6513344880e-01  5.4613938330e-03 
1268.000  3.6153786350e-01  5.3756594660e-03 
1269.000  3.6492222040e-01  5.4118137360e-03 
1270.000  3.6893252600e-01  5.5927066800e-03 
1271.000  3.7098070780e-01  5.6834664340e-03 
1272.000  3.6988371050e-01  5.7266778950e-03 
1273.000  3.6956542490e-01  5.7876200680e-03 
1274.000  3.6735817620e-01  5.8202228550e-03 
1275.000  3.6952004200e-01  5.8779902460e-03 
1276.000  3.7011318140e-01  5.8929100040e-03 
1277.000  3.6983691510e-01  5.8804206850e-03 
1278.000  3.6877647900e-01  5.8514194490e-03 
1279.000  3.6630786700e-01  5.8334736820e-03 
1280.000  3.6414460850e-01  5.8922948840e-03 
1281.000  3.5375904400e-01  5.8131761550e-03 
1282.000  3.1414489890e-01  5.2412543300e-03 
1283.000  3.4476817930e-01  5.8150491710e-03 
1284.000  3.5899513810e-01  6.0984225270e-03 
1285.000  3.6162753090e-01  6.1624493600e-03 
1286.000  3.6150937170e-01  6.1272916790e-03 
1287.000  3.6372044060e-01  6.1080975530e-03 
1288.000  3.6144029160e-01  5.8874745370e-03 
1289.000  3.6359479630e-01  5.8679356580e-03 
1290.000  3.5526387170e-01  5.7147784230e-03 
1291.000  3.6012679870e-01  5.7700691220e-03 
1292.000  3.6162976570e-01  5.8100018500e-03 
1293.000  3.6195308130e-01  5.7719516750e-03 
1294.000  3.5620825370e-01  5.5594463350e-03 
1295.000  3.6004324750e-01  5.4696984290e-03 
1296.000  3.6030822270e-01  5.3652057650e-03 
1297.000  3.5808684740e-01  5.2702450750e-03 
1298.000  3.5488769580e-01  5.2286119460e-03 
1299.000  3.5845088240e-01  5.2847719190e-03 
1300.000  3.5701150860e-01  5.2678375240e-03 
1301.000  3.5644260010e-01  5.2411231990e-03 
1302.000  3.5187038960e-01  5.0862207410e-03 
1303.000  3.4998127550e-01  4.8801298140e-03 
1304.000  3.5020872550e-01  4.7898879050e-03 
1305.000  3.5236617680e-01  4.7659959790e-03 
1306.000  3.5270113440e-01  4.7124595640e-03 
1307.000  3.5166003590e-01  4.6600584980e-03 
1308.000  3.5136092290e-01  4.5723352430e-03 
1309.000  3.5104752070e-01  4.4487686160e-03 
1310.000  3.4959029050e-01  4.4279012680e-03 
1311.000  3.4851888630e-01  4.4211573600e-03 
1312.000  3.4743346430e-01  4.2643122670e-03 
1313.000  3.3460145400e-01  3.9332132340e-03 
1314.000  3.4504622830e-01  3.9078955650e-03 
1315.000  3.3342816270e-01  3.8476574420e-03 
1316.000  3.4118452890e-01  4.0477604870e-03 
1317.000  3.4485519990e-01  4.0918030740e-03 
1318.000  3.3997542620e-01  3.8514993190e-03 
1319.000  3.4463289880e-01  3.6702547070e-03 
1320.000  3.4208894370e-01  3.4070653920e-03 
1321.000  3.4058640280e-01  3.3084599970e-03 
1322.000  3.3990614890e-01  3.4305319790e-03 
1323.000  3.4065833150e-01  3.5889699460e-03 
1324.000  3.4083886840e-01  3.6808969970e-03 
1325.000  3.3974977980e-01  3.6051368710e-03 
1326.000  3.3816105610e-01  3.4303195480e-03 
1327.000  3.3546083460e-01  3.0985746380e-03 
1328.000  3.3634668050e-01  2.8386795520e-03 
1329.000  3.2407112500e-01  2.3474886420e-03 
1330.000  3.2914567140e-01  2.2528247830e-03 
1331.000  3.3061148210e-01  2.1863694190e-03 
1332.000  3.2306565780e-01  2.1579804420e-03 
1333.000  3.3160361330e-01  2.2835111620e-03 
1334.000  3.3201804660e-01  2.3807864190e-03 
1335.000  3.3230349390e-01  2.4537312980e-03 
1336.000  3.2870588430e-01  2.4505703450e-03 
1337.000  3.2977024070e-01  2.4618988040e-03 
1338.000  3.2952656900e-01  2.5128273960e-03 
1339.000  3.2598593500e-01  2.4877760410e-03 
1340.000  3.2364597570e-01  2.5143704410e-03 
1341.000  3.2853087580e-01  2.4908623700e-03 
1342.000  3.2772718920e-01  2.4912776950e-03 
1343.000  3.2769851260e-01  2.3045001030e-03 
1344.000  3.2620089850e-01  2.1427981850e-03 
1345.000  3.2370169150e-01  1.8622899060e-03 
1346.000  3.1853045910e-01  1.7190725800e-03 
1347.000  3.1913641310e-01  1.6698679920e-03 
1348.000  3.1555918540e-01  1.5992095470e-03 
1349.000  3.1341720600e-01  1.5667417050e-03 
1350.000  3.0701927190e-01  1.4927613740e-03 
1351.000  3.0485134200e-01  1.4548430440e-03 
1352.000  3.0540899220e-01  1.4168128970e-03 
1353.000  2.9955651600e-01  1.3412072660e-03 
1354.000  2.9593905300e-01  1.2971268890e-03 
1355.000  2.9029927620e-01  1.2423498630e-03 
1356.000  2.8602527480e-01  1.1913899180e-03 
1357.000  2.7932658810e-01  1.1235142950e-03 
1358.000  2.7972430240e-01  1.0822426080e-03 
1359.000  2.7200798930e-01  9.7990030050e-04 
1360.000  2.6204024820e-01  8.9844745400e-04 
1361.000  2.6423799670e-01  8.7627744670e-04 
1362.000  2.6197442330e-01  8.6039674280e-04 
1363.000  2.6223724810e-01  9.0672314170e-04 
1364.000  2.6750739860e-01  9.4032418730e-04 
1365.000  2.6737077500e-01  9.4822245840e-04 
1366.000  2.6924866190e-01  9.7247767450e-04 
1367.000  2.6429876120e-01  9.3201708790e-04 
1368.000  2.6432279610e-01  9.1113716360e-04 
1369.000  2.5956034290e-01  8.9972311260e-04 
1370.000  2.6507175940e-01  9.7156369690e-04 
1371.000  2.7285145630e-01  1.0727549790e-03 
1372.000  2.8368916390e-01  1.1908525230e-03 
1373.000  2.8779223150e-01  1.2544063330e-03 
1374.000  2.9107979620e-01  1.2933219670e-03 
1375.000  2.8698913540e-01  1.2860662940e-03 
1376.000  2.8270041860e-01  1.2585759160e-03 
1377.000  2.8527959470e-01  1.2523039580e-03 
1378.000  2.8038135570e-01  1.1973168850e-03 
1379.000  2.7852739990e-01  1.1394124030e-03 
1380.000  2.6853957630e-01  1.0299975870e-03 
1381.000  2.6248580550e-01  9.4028538470e-04 
1382.000  2.5434194970e-01  8.7470090390e-04 
1383.000  2.5656720700e-01  8.7815785410e-04 
1384.000  2.6226325510e-01  9.5260316130e-04 
1385.000  2.6434629720e-01  1.0027867560e-03 
1386.000  2.7232462450e-01  1.0835776330e-03 
1387.000  2.7622702920e-01  1.1747305390e-03 
1388.000  2.8201742530e-01  1.2340590950e-03 
1389.000  2.8426243620e-01  1.2589341400e-03 
1390.000  2.7925016790e-01  1.2412219050e-03 
1391.000  2.8198632830e-01  1.2411162850e-03 
1392.000  2.7754559610e-01  1.1858496670e-03 
1393.000  2.7300225510e-01  1.1319870950e-03 
1394.000  2.6695071940e-01  1.0747296810e-03 
1395.000  2.6825158050e-01  1.0944085120e-03 
1396.000  2.7418071420e-01  1.1572918890e-03 
1397.000  2.7724816130e-01  1.2012109760e-03 
1398.000  2.7745960670e-01  1.2056460380e-03 
1399.000  2.7564627460e-01  1.1872414350e-03 
1400.000  2.6764287600e-01  1.1475598810e-03 
1401.000  2.6885509210e-01  1.1559048890e-03 
1402.000  2.7541935170e-01  1.2081292870e-03 
1403.000  2.7471975830e-01  1.2194795610e-03 
1404.000  2.7263737500e-01  1.2015624050e-03 
1405.000  2.7280275790e-01  1.2033740280e-03 
1406.000  2.7241879010e-01  1.1904442310e-03 
1407.000  2.7268915460e-01  1.1907571550e-03 
1408.000  2.7353105740e-01  1.2172175650e-03 
1409.000  2.7644615330e-01  1.2465120550e-03 
1410.000  2.7763753960e-01  1.2802507880e-03 
1411.000  2.7970873340e-01  1.3100680110e-03 
1412.000  2.6877904640e-01  1.2567929030e-03 
1413.000  2.7396952470e-01  1.2876604800e-03 
1414.000  2.7755238800e-01  1.2967963220e-03 
1415.000  2.7739147110e-01  1.3074436190e-03 
1416.000  2.7688255400e-01  1.3154493570e-03 
1417.000  2.7890379870e-01  1.3234008550e-03 
1418.000  2.7901252220e-01  1.3223736290e-03 
1419.000  2.7503887350e-01  1.3015358450e-03 
1420.000  2.7443522040e-01  1.3006978030e-03 
1421.000  2.7898992580e-01  1.3397457600e-03 
1422.000  2.7275605490e-01  1.3168374300e-03 
1423.000  2.7109561170e-01  1.3091082570e-03 
1424.000  2.7134062890e-01  1.3048700090e-03 
1425.000  2.7657644890e-01  1.3176882270e-03 
1426.000  2.6538514790e-01  1.2614005800e-03 
1427.000  2.6952593870e-01  1.2880010600e-03 
1428.000  2.7537594350e-01  1.3210775850e-03 
1429.000  2.6891762060e-01  1.2972857950e-03 
1430.000  2.6307634840e-01  1.2626005410e-03 
1431.000  2.6247339660e-01  1.2329167130e-03 
1432.000  2.6724479160e-01  1.2391179800e-03 
1433.000  2.6738057790e-01  1.2350076440e-03 
1434.000  2.6199175680e-01  1.2001888750e-03 
1435.000  2.6518818170e-01  1.2262483840e-03 
1436.000  2.6522396690e-01  1.2292310000e-03 
1437.000  2.6627166960e-01  1.2334488630e-03 
1438.000  2.6562371940e-01  1.2461636070e-03 
1439.000  2.6876416110e-01  1.2596704960e-03 
1440.000  2.5212754380e-01  1.1859852080e-03 
1441.000  2.6483273730e-01  1.2458013300e-03 
1442.000  2.5866675970e-01  1.2054741380e-03 
1443.000  2.6296207440e-01  1.2211617230e-03 
1444.000  2.6424082240e-01  1.2292941810e-03 
1445.000  2.6344327690e-01  1.2229015830e-03 
1446.000  2.6627123030e-01  1.2466319800e-03 
1447.000  2.6505396270e-01  1.2517646550e-03 
1448.000  2.6708041350e-01  1.2592743640e-03 
1449.000  2.6697417870e-01  1.2438588140e-03 
1450.000  2.6517786350e-01  1.2144838570e-03 
1451.000  2.6346807170e-01  1.2080087660e-03 
1452.000  2.6022413720e-01  1.2168526650e-03 
1453.000  2.6517699980e-01  1.2961394790e-03 
1454.000  2.6620755970e-01  1.3815408950e-03 
1455.000  2.6284052870e-01  1.4238131050e-03 
1456.000  2.6272037800e-01  1.4910846950e-03 
1457.000  2.6523947700e-01  1.5092689990e-03 
1458.000  2.6886630470e-01  1.5406188960e-03 
1459.000  2.6986523130e-01  1.4833076000e-03 
1460.000  2.6527390710e-01  1.4062645440e-03 
1461.000  2.6469428090e-01  1.3717206720e-03 
1462.000  2.6180351550e-01  1.2911677360e-03 
1463.000  2.6005788870e-01  1.2761023040e-03 
1464.000  2.5988681340e-01  1.2529413700e-03 
1465.000  2.6289198630e-01  1.2251824140e-03 
1466.000  2.5663077660e-01  1.1520543100e-03 
1467.000  2.6278183860e-01  1.1500144000e-03 
1468.000  2.5631486080e-01  1.0929961200e-03 
1469.000  2.5914138420e-01  1.0680687430e-03 
1470.000  2.5764665920e-01  1.0461311340e-03 
1471.000  2.5357234260e-01  1.0570803880e-03 
1472.000  2.5510467680e-01  1.1135592460e-03 
1473.000  2.5734931610e-01  1.2208511830e-03 
1474.000  2.5026385970e-01  1.2794276480e-03 
1475.000  2.5558498140e-01  1.3019940850e-03 
1476.000  2.5598922630e-01  1.2983596320e-03 
1477.000  2.5674046030e-01  1.2649405000e-03 
1478.000  2.5302696720e-01  1.2115993500e-03 
1479.000  2.5592574640e-01  1.1798871760e-03 
1480.000  2.5732811550e-01  1.2072707410e-03 
1481.000  2.5349183910e-01  1.2325701710e-03 
1482.000  2.5664781470e-01  1.3045254950e-03 
1483.000  2.5136186910e-01  1.2909883260e-03 
1484.000  2.5368517980e-01  1.3054803610e-03 
1485.000  2.5851442600e-01  1.3186827900e-03 
1486.000  2.5425450010e-01  1.3542404170e-03 
1487.000  2.5454539530e-01  1.4800655840e-03 
1488.000  2.2252366460e-01  1.3058366780e-03 
1489.000  2.5550433100e-01  1.6863163710e-03 
1490.000  2.5609900100e-01  1.8718245030e-03 
1491.000  2.5864463910e-01  2.0231549740e-03 
1492.000  2.5263473690e-01  2.0001277920e-03 
1493.000  2.5831190740e-01  2.1410038470e-03 
1494.000  2.5733090540e-01  2.1415004730e-03 
1495.000  2.5553036800e-01  2.2119400500e-03 
1496.000  2.4797380500e-01  2.2945666310e-03 
1497.000  2.5379785890e-01  2.3393003940e-03 
1498.000  2.5636849100e-01  2.5019211770e-03 
1499.000  2.5205653730e-01  2.5865976810e-03 
1500.000  2.5635502380e-01  2.7229292390e-03 
1501.000  2.5598896710e-01  2.6668279170e-03 
1502.000  2.5401168600e-01  2.5771136280e-03 
1503.000  2.2808780660e-01  2.2629275320e-03 
1504.000  2.3763171110e-01  2.3781025410e-03 
1505.000  2.3689352540e-01  2.4870877270e-03 
1506.000  2.4008744830e-01  2.5491356850e-03 
1507.000  2.5109872040e-01  2.7811162470e-03 
1508.000  2.4717810330e-01  2.8077878950e-03 
1509.000  2.4824586390e-01  2.8982610700e-03 
1510.000  2.5208193780e-01  2.9834198950e-03 
1511.000  2.5322820270e-01  3.0612120630e-03 
1512.000  2.4847463300e-01  3.0491907600e-03 
1513.000  2.4805882650e-01  3.0833680630e-03 
1514.000  2.4466334750e-01  3.0629489420e-03 
1515.000  2.4947123930e-01  3.1419775490e-03 
1516.000  2.4715624000e-01  3.0814061160e-03 
1517.000  2.4569251730e-01  3.0453681950e-03 
1518.000  2.5022080750e-01  3.1115696430e-03 
1519.000  2.4650755450e-01  3.0818526740e-03 
1520.000  2.4802396260e-01  3.1753940580e-03 
1521.000  2.4329993480e-01  3.2107181550e-03 
1522.000  2.4187607780e-01  3.2412290570e-03 
1523.000  2.4776370250e-01  3.3865921500e-03 
1524.000  2.4600483560e-01  3.3942644600e-03 
1525.000  2.4052260220e-01  3.3311343190e-03 
1526.000  2.4729777850e-01  3.4012274740e-03 
1527.000  2.4462506990e-01  3.3600187300e-03 
1528.000  2.4610827800e-01  3.3844439980e-03 
1529.000  2.4532950750e-01  3.3439087870e-03 
1530.000  2.2949831480e-01  3.1253449920e-03 
1531.000  2.4522285000e-01  3.3074491020e-03 
1532.000  2.4364981100e-01  3.2566504480e-03 
1533.000  2.4241903600e-01  3.1989512440e-03 
1534.000  2.3856648900e-01  3.1059408190e-03 
1535.000  2.3918074420e-01  3.0723617080e-03 
1536.000  2.4237917800e-01  3.1488466260e-03 
1537.000  2.4294186450e-01  3.2074289320e-03 
1538.000  2.3609741950e-01  3.1695089340e-03 
1539.000  2.4092522140e-01  3.2852098940e-03 
1540.000  2.3209715590e-01  3.2060909270e-03 
1541.000  2.3685936360e-01  3.2734158040e-03 
1542.000  2.3826780720e-01  3.2831432820e-03 
1543.000  2.3738135260e-01  3.2694401740e-03 
1544.000  2.4006638640e-01  3.3098027710e-03 
1545.000  2.4046778930e-01  3.3275756840e-03 
1546.000  2.4026102440e-01  3.3531007770e-03 
1547.000  2.3760900530e-01  3.3431491850e-03 
1548.000  2.3040409380e-01  3.2662763600e-03 
1549.000  2.3630934610e-01  3.3651378150e-03 
1550.000  2.3499738960e-01  3.3590595720e-03 
1551.000  2.3376717510e-01  3.3272409440e-03 
1552.000  2.3774073890e-01  3.3562495710e-03 
1553.000  2.3639941840e-01  3.3154239650e-03 
1554.000  2.2773770950e-01  3.1668231490e-03 
1555.000  2.3139020730e-01  3.1990981100e-03 
1556.000  2.2688519480e-01  3.1587364670e-03 
1557.000  2.3425004300e-01  3.3166706560e-03 
1558.000  2.3245580630e-01  3.3381741050e-03 
1559.000  2.3256695260e-01  3.3844537730e-03 
1560.000  2.2855088220e-01  3.3758344650e-03 
1561.000  2.3398841600e-01  3.4662282470e-03 
1562.000  2.3406353740e-01  3.4346761700e-03 
1563.000  2.3072434570e-01  3.3607079980e-03 
1564.000  2.2638119450e-01  3.2638304230e-03 
1565.000  2.3029460240e-01  3.2791936400e-03 
1566.000  2.2593070130e-01  3.2197566030e-03 
1567.000  2.2658351720e-01  3.2320394520e-03 
1568.000  2.2277459090e-01  3.1682009700e-03 
1569.000  2.2460312300e-01  3.1805827620e-03 
1570.000  2.1956591790e-01  3.1082987790e-03 
1571.000  2.2544916140e-01  3.2189173700e-03 
1572.000  2.2565192970e-01  3.2317891120e-03 
1573.000  2.2187552670e-01  3.2069392200e-03 
1574.000  2.2209707570e-01  3.2480700020e-03 
1575.000  2.0597759310e-01  3.0407261850e-03 
1576.000  2.2128819790e-01  3.2665393350e-03 
1577.000  1.9972735650e-01  2.9086911680e-03 
1578.000  2.1844367500e-01  3.1382553580e-03 
1579.000  2.1937752440e-01  3.1143951420e-03 
1580.000  2.2328315400e-01  3.1415822510e-03 
1581.000  2.2180253680e-01  3.0824515820e-03 
1582.000  2.1670487740e-01  3.0424208640e-03 
1583.000  2.1879372760e-01  3.1012878420e-03 
1584.000  2.1633140320e-01  3.0960493090e-03 
1585.000  2.2235493120e-01  3.2064144610e-03 
1586.000  2.1956208600e-01  3.1748211380e-03 
1587.000  2.1688643290e-01  3.1614558700e-03 
1588.000  2.1341740250e-01  3.1338016990e-03 
1589.000  1.9520444460e-01  2.8742334840e-03 
1590.000  2.1035713680e-01  3.1066517830e-03 
1591.000  2.0564374600e-01  3.0492751600e-03 
1592.000  2.1655049010e-01  3.2175850870e-03 
1593.000  2.2146847920e-01  3.2929868700e-03 
1594.000  2.1991402720e-01  3.2714543340e-03 
1595.000  2.2137902400e-01  3.2941918370e-03 
1596.000  2.0737344310e-01  3.1006755830e-03 
1597.000  2.1583112230e-01  3.2205848690e-03 
1598.000  2.1990434440e-01  3.2662699220e-03 
1599.000  2.1254277510e-01  3.1369085310e-03 
1600.000  2.1608504460e-01  3.1768188480e-03 
1601.000  2.0698871810e-01  3.0586807730e-03 
1602.000  2.1228187270e-01  3.1734347340e-03 
1603.000  2.1067168330e-01  3.2029974460e-03 
1604.000  2.1325874960e-01  3.3028986450e-03 
1605.000  2.1010579350e-01  3.2953193190e-03 
1606.000  2.0925035840e-01  3.3250262740e-03 
1607.000  2.1012989290e-01  3.3012046810e-03 
1608.000  2.1252409140e-01  3.3018472190e-03 
1609.000  2.1170707520e-01  3.2587020400e-03 
1610.000  1.9849671260e-01  3.0304491520e-03 
1611.000  2.0420307190e-01  3.1085181240e-03 
1612.000  2.0594912830e-01  3.1275413040e-03 
1613.000  2.1034473590e-01  3.1849238870e-03 
1614.000  2.0828034800e-01  3.1202476020e-03 
1615.000  2.1154441960e-01  3.1540927890e-03 
1616.000  1.9820341720e-01  2.9384753700e-03 
1617.000  2.0391600090e-01  3.0685477260e-03 
1618.000  2.1026963110e-01  3.1912281510e-03 
1619.000  2.0952578840e-01  3.2269098760e-03 
1620.000  2.0417515830e-01  3.1898202900e-03 
1621.000  2.0111449400e-01  3.1804213520e-03 
1622.000  2.0617665680e-01  3.2660746570e-03 
1623.000  2.1030479140e-01  3.3459398750e-03 
1624.000  2.1175814580e-01  3.3787198070e-03 
1625.000  2.0644030370e-01  3.3191716670e-03 
1626.000  2.0897167670e-01  3.3498117920e-03 
1627.000  2.0870207850e-01  3.3655877110e-03 
1628.000  2.1037920330e-01  3.4037814140e-03 
1629.000  2.1034868520e-01  3.4126360420e-03 
1630.000  2.0463783810e-01  3.3221795560e-03 
1631.000  2.0783843010e-01  3.3864490990e-03 
1632.000  2.0789090230e-01  3.3290355210e-03 
1633.000  2.0521542080e-01  3.2427806850e-03 
1634.000  2.0041338950e-01  3.1207163330e-03 
1635.000  2.0578675190e-01  3.1637980940e-03 
1636.000  2.0524247380e-01  3.1082801820e-03 
1637.000  1.9610483610e-01  2.9274387360e-03 
1638.000  1.9467167150e-01  2.8724131580e-03 
1639.000  1.9273169820e-01  2.7965111730e-03 
1640.000  1.9388791570e-01  2.7745826240e-03 
1641.000  1.9268788310e-01  2.7314095500e-03 
1642.000  1.9244775840e-01  2.7982783320e-03 
1643.000  1.9739400140e-01  2.9373776910e-03 
1644.000  1.9433935160e-01  2.9561944010e-03 
1645.000  1.9477251110e-01  3.0234165190e-03 
1646.000  1.9711344870e-01  3.1176462170e-03 
1647.000  1.9896420260e-01  3.1423919200e-03 
1648.000  1.9819552580e-01  3.1186621190e-03 
1649.000  1.9366794650e-01  3.0416927340e-03 
1650.000  1.9857549420e-01  3.1153247360e-03 
1651.000  1.9410134330e-01  3.0417404170e-03 
1652.000  1.9797511970e-01  3.0975267890e-03 
1653.000  1.9575214950e-01  3.0695416930e-03 
1654.000  1.9794853950e-01  3.1053299900e-03 
1655.000  1.9398098850e-01  3.0525429250e-03 
1656.000  1.9770657710e-01  3.1171596050e-03 
1657.000  1.9627363710e-01  3.0939695840e-03 
1658.000  1.9733413850e-01  3.1180553440e-03 
1659.000  1.9369923900e-01  3.0607674120e-03 
1660.000  1.9606310310e-01  3.0904397960e-03 
1661.000  1.9683283580e-01  3.0820660590e-03 
1662.000  1.9551011900e-01  2.9956123830e-03 
1663.000  1.9427960800e-01  2.9186215400e-03 
1664.000  1.9345727350e-01  2.8473975660e-03 
1665.000  1.9148166540e-01  2.7591946130e-03 
1666.000  1.9054959290e-01  2.7353658680e-03 
1667.000  1.9207224600e-01  2.8158693310e-03 
1668.000  1.8881792150e-01  2.8088192940e-03 
1669.000  1.8912034830e-01  2.8615710740e-03 
1670.000  1.9319259760e-01  2.9720039370e-03 
1671.000  1.9171757890e-01  3.0017111300e-03 
1672.000  1.8263658590e-01  2.9197068210e-03 
1673.000  1.8801697760e-01  3.0568566320e-03 
1674.000  1.8889074090e-01  3.1259901520e-03 
1675.000  1.8714076360e-01  3.1582233910e-03 
1676.000  1.8415958320e-01  3.1275665760e-03 
1677.000  1.8504466420e-01  3.1389696600e-03 
1678.000  1.8591338140e-01  3.1567263600e-03 
1679.000  1.8344081400e-01  3.1067988870e-03 
1680.000  1.7703202650e-01  2.9997012620e-03 
1681.000  1.7082675010e-01  2.8946125510e-03 
1682.000  1.7575986590e-01  2.9749305250e-03 
1683.000  1.8015304430e-01  3.0421085360e-03 
1684.000  1.8351394430e-01  3.0924506190e-03 
1685.000  1.8423286110e-01  3.0869913100e-03 
1686.000  1.8201011300e-01  3.0348913670e-03 
1687.000  1.8302626610e-01  3.0103006360e-03 
1688.000  1.8336810630e-01  2.9795649050e-03 
1689.000  1.8115812700e-01  2.9243221280e-03 
1690.000  1.8132144060e-01  2.8881685730e-03 
1691.000  1.8369420190e-01  2.9355623720e-03 
1692.000  1.8402850700e-01  2.9591224190e-03 
1693.000  1.8332902170e-01  2.9694812300e-03 
1694.000  1.8305165400e-01  2.9834065440e-03 
1695.000  1.8326087250e-01  2.9931874280e-03 
1696.000  1.8218915360e-01  2.9369015690e-03 
1697.000  1.8114847400e-01  2.8695118430e-03 
1698.000  1.8224168720e-01  2.8397719860e-03 
1699.000  1.8106395590e-01  2.7781419750e-03 
1700.000  1.7874291520e-01  2.7019481660e-03 
