 lambda   Irr_dw            Rad_up 
 550.000  1.5549887800e+00  5.6839572910e-02 
 551.000  1.5447094800e+00  5.6304527280e-02 
 552.000  1.6106404100e+00  5.8662876130e-02 
 553.000  1.5470078700e+00  5.6161643980e-02 
 554.000  1.5970077800e+00  5.7908882140e-02 
 555.000  1.6009918400e+00  5.7833248140e-02 
 556.000  1.5564014300e+00  5.6013526920e-02 
 557.000  1.5098492200e+00  5.4282310490e-02 
 558.000  1.5668350100e+00  5.6122100830e-02 
 559.000  1.4806810800e+00  5.2901538850e-02 
 560.000  1.4869396200e+00  5.3062740330e-02 
 561.000  1.6340038600e+00  5.8081001280e-02 
 562.000  1.5000666200e+00  5.3226242070e-02 
 563.000  1.5693249300e+00  5.5472412110e-02 
 564.000  1.5473141500e+00  5.4421279910e-02 
 565.000  1.5660680200e+00  5.4995567320e-02 
 566.000  1.4439760500e+00  5.0512958530e-02 
 567.000  1.5502347200e+00  5.3902278900e-02 
 568.000  1.5508109100e+00  5.3295192720e-02 
 569.000  1.5294127500e+00  5.1362770080e-02 
 570.000  1.5359441300e+00  5.1572723390e-02 
 571.000  1.4749760000e+00  5.0103519440e-02 
 572.000  1.5658175400e+00  5.2432147980e-02 
 573.000  1.5806729400e+00  5.3021778110e-02 
 574.000  1.5716071000e+00  5.2623859410e-02 
 575.000  1.5337801600e+00  5.1168445590e-02 
 576.000  1.5061650200e+00  5.0121749880e-02 
 577.000  1.5668224900e+00  5.2155075070e-02 
 578.000  1.5183667000e+00  5.0809684750e-02 
 579.000  1.5045408600e+00  5.0357856750e-02 
 580.000  1.5543903800e+00  5.2232444760e-02 
 581.000  1.5232648600e+00  5.1325206760e-02 
 582.000  1.5442211000e+00  5.1915828700e-02 
 583.000  1.5541229200e+00  5.2291728970e-02 
 584.000  1.5484645200e+00  5.1911529540e-02 
 585.000  1.5378488400e+00  5.1400054930e-02 
 586.000  1.4714463200e+00  4.9127475740e-02 
 587.000  1.5320583100e+00  5.0587490080e-02 
 588.000  1.5301854200e+00  4.9142391200e-02 
 589.000  1.3756932200e+00  4.2543914790e-02 
 590.000  1.4376128600e+00  4.4342750550e-02 
 591.000  1.5129392900e+00  4.7649890900e-02 
 592.000  1.4915522100e+00  4.6210628510e-02 
 593.000  1.4908126500e+00  4.7327777860e-02 
 594.000  1.5081007200e+00  4.7533454900e-02 
 595.000  1.4907498100e+00  4.6000675200e-02 
 596.000  1.5109890100e+00  4.7852470400e-02 
 597.000  1.5190425200e+00  4.7622936250e-02 
 598.000  1.4811129200e+00  4.6935508730e-02 
 599.000  1.4786347800e+00  4.7014202120e-02 
 600.000  1.4727394400e+00  4.7297355650e-02 
 601.000  1.4603169500e+00  4.7251125340e-02 
 602.000  1.4428465100e+00  4.6690326690e-02 
 603.000  1.4500873600e+00  4.7041343690e-02 
 604.000  1.4947529800e+00  4.8637508390e-02 
 605.000  1.4903245800e+00  4.8346611020e-02 
 606.000  1.4728305800e+00  4.7818058010e-02 
 607.000  1.4643645000e+00  4.7438629150e-02 
 608.000  1.4588639000e+00  4.7127296450e-02 
 609.000  1.4438022000e+00  4.6603824620e-02 
 610.000  1.4205835200e+00  4.5727954860e-02 
 611.000  1.4435665900e+00  4.6412853240e-02 
 612.000  1.4247220400e+00  4.5762069700e-02 
 613.000  1.4038734200e+00  4.4979553220e-02 
 614.000  1.3526970200e+00  4.3317657470e-02 
 615.000  1.4180266600e+00  4.5253852840e-02 
 616.000  1.3482861000e+00  4.3016769410e-02 
 617.000  1.3559697800e+00  4.3208808900e-02 
 618.000  1.4200518800e+00  4.5067005160e-02 
 619.000  1.4072297100e+00  4.4674095150e-02 
 620.000  1.4282339200e+00  4.5154689790e-02 
 621.000  1.4531056900e+00  4.5890155790e-02 
 622.000  1.3767821700e+00  4.3369518280e-02 
 623.000  1.3880014300e+00  4.3504505160e-02 
 624.000  1.3899412500e+00  4.3599620820e-02 
 625.000  1.3527283700e+00  4.2387081150e-02 
 626.000  1.3606524000e+00  4.2384544370e-02 
 627.000  1.3891112800e+00  4.2711746220e-02 
 628.000  1.3956683500e+00  4.1369003300e-02 
 629.000  1.4165607400e+00  4.2585453030e-02 
 630.000  1.3657212300e+00  4.1441352840e-02 
 631.000  1.4115081200e+00  4.2943782810e-02 
 632.000  1.3169561800e+00  3.9817832950e-02 
 633.000  1.4070830000e+00  4.2931262970e-02 
 634.000  1.3625042400e+00  4.1731555940e-02 
 635.000  1.3869991300e+00  4.2495964050e-02 
 636.000  1.3367764100e+00  4.1030792240e-02 
 637.000  1.3800731500e+00  4.2411411290e-02 
 638.000  1.3988021400e+00  4.3140136720e-02 
 639.000  1.3869640100e+00  4.2611080170e-02 
 640.000  1.3420216400e+00  4.1475837710e-02 
 641.000  1.3612542100e+00  4.2010250090e-02 
 642.000  1.3439101700e+00  4.1494106290e-02 
 643.000  1.3690897000e+00  4.2071052550e-02 
 644.000  1.3533077900e+00  4.1446662900e-02 
 645.000  1.3675299200e+00  4.1703617100e-02 
 646.000  1.3253263800e+00  3.9404628750e-02 
 647.000  1.3505817300e+00  3.9472187040e-02 
 648.000  1.3561492500e+00  3.9116268160e-02 
 649.000  1.3761490100e+00  4.0009746550e-02 
 650.000  1.2628869100e+00  3.7661167140e-02 
 651.000  1.3604814000e+00  4.0533874510e-02 
 652.000  1.3459179500e+00  3.9174472810e-02 
 653.000  1.3595822400e+00  4.0562622070e-02 
 654.000  1.3433495400e+00  3.9790771480e-02 
 655.000  1.3127416600e+00  3.8463455200e-02 
 656.000  1.1131870200e+00  3.2667907710e-02 
 657.000  1.1858673200e+00  3.4960220340e-02 
 658.000  1.3165199200e+00  3.9227966310e-02 
 659.000  1.3171770700e+00  3.9385078430e-02 
 660.000  1.3264673900e+00  3.9746646880e-02 
 661.000  1.3290697200e+00  4.0131557460e-02 
 662.000  1.3467461200e+00  4.0765716550e-02 
 663.000  1.3321825700e+00  4.0197834010e-02 
 664.000  1.3105079400e+00  3.9544891360e-02 
 665.000  1.3158481400e+00  3.9682094570e-02 
 666.000  1.3311297000e+00  4.0263221740e-02 
 667.000  1.3043062700e+00  3.9351196290e-02 
 668.000  1.3111732000e+00  3.9672306060e-02 
 669.000  1.3297741500e+00  4.0275028230e-02 
 670.000  1.3137552000e+00  3.9628021240e-02 
 671.000  1.2996679900e+00  3.9212852480e-02 
 672.000  1.2953665700e+00  3.9039596560e-02 
 673.000  1.3045795900e+00  3.9252960210e-02 
 674.000  1.3070457000e+00  3.9312820430e-02 
 675.000  1.2870157700e+00  3.8628890990e-02 
 676.000  1.3112625100e+00  3.9344383240e-02 
 677.000  1.2851184600e+00  3.8555599210e-02 
 678.000  1.3063070700e+00  3.9124717710e-02 
 679.000  1.2879015900e+00  3.8471698760e-02 
 680.000  1.2784485000e+00  3.8142536160e-02 
 681.000  1.2804408500e+00  3.8099014280e-02 
 682.000  1.2779922400e+00  3.7893558500e-02 
 683.000  1.2866876300e+00  3.8021793370e-02 
 684.000  1.2644776100e+00  3.7318813320e-02 
 685.000  1.2781452900e+00  3.7662216190e-02 
 686.000  1.2249519600e+00  3.5674049380e-02 
 687.000  1.2259587800e+00  3.1627452850e-02 
 688.000  1.2268615500e+00  3.2658210750e-02 
 689.000  1.2304065800e+00  3.2517093660e-02 
 690.000  1.2363523400e+00  3.3213623050e-02 
 691.000  1.2413137100e+00  3.4062263490e-02 
 692.000  1.2338404100e+00  3.4205833440e-02 
 693.000  1.2419965900e+00  3.3500381470e-02 
 694.000  1.2556368000e+00  3.3152587890e-02 
 695.000  1.2326446800e+00  3.2934532170e-02 
 696.000  1.2464468100e+00  3.3552566530e-02 
 697.000  1.2453770800e+00  3.5173366550e-02 
 698.000  1.2230960300e+00  3.4087688450e-02 
 699.000  1.2489456900e+00  3.3422721860e-02 
 700.000  1.2340055500e+00  3.3183433530e-02 
 701.000  1.2070914400e+00  3.2105640410e-02 
 702.000  1.2008854200e+00  3.2133331300e-02 
 703.000  1.2154631500e+00  3.3556354520e-02 
 704.000  1.2190246100e+00  3.3713619230e-02 
 705.000  1.2294977300e+00  3.3497550960e-02 
 706.000  1.2163423400e+00  3.3218616490e-02 
 707.000  1.1977598600e+00  3.2869838710e-02 
 708.000  1.2321247900e+00  3.3996879580e-02 
 709.000  1.1877110100e+00  3.3111160280e-02 
 710.000  1.2159630600e+00  3.3399105070e-02 
 711.000  1.2029667800e+00  3.3418689730e-02 
 712.000  1.1855578100e+00  3.3318916320e-02 
 713.000  1.1811512500e+00  3.2844158170e-02 
 714.000  1.2014611300e+00  3.3207565310e-02 
 715.000  1.1603489500e+00  3.1545818330e-02 
 716.000  1.1915711200e+00  3.1853672030e-02 
 717.000  1.1617971500e+00  2.8569599150e-02 
 718.000  1.1556447800e+00  2.6959676740e-02 
 719.000  1.1423398900e+00  2.6043228150e-02 
 720.000  1.1506724700e+00  2.5563833240e-02 
 721.000  1.1490071700e+00  2.8765808110e-02 
 722.000  1.1651671800e+00  3.0280260090e-02 
 723.000  1.1627400400e+00  2.9462266920e-02 
 724.000  1.1697856100e+00  2.7692516330e-02 
 725.000  1.1570192700e+00  2.7650154110e-02 
 726.000  1.1548998300e+00  2.7506546020e-02 
 727.000  1.1719857100e+00  2.8107748030e-02 
 728.000  1.1518520800e+00  2.7377222060e-02 
 729.000  1.1060721500e+00  2.6924299240e-02 
 730.000  1.1469413900e+00  2.7789310460e-02 
 731.000  1.1280366400e+00  2.7259662630e-02 
 732.000  1.1491513700e+00  2.8906312940e-02 
 733.000  1.1312941600e+00  2.9730793000e-02 
 734.000  1.1545007800e+00  3.0933097840e-02 
 735.000  1.1452919900e+00  3.0399240490e-02 
 736.000  1.1242684200e+00  2.9443645480e-02 
 737.000  1.1388610800e+00  3.0069427490e-02 
 738.000  1.1354045800e+00  3.0403760910e-02 
 739.000  1.0985344400e+00  2.9635688780e-02 
 740.000  1.1085134800e+00  3.0334001540e-02 
 741.000  1.0994512100e+00  3.0434812550e-02 
 742.000  1.0812745500e+00  3.0060865400e-02 
 743.000  1.1127287400e+00  3.1234390260e-02 
 744.000  1.1231560700e+00  3.1677373890e-02 
 745.000  1.0938359600e+00  3.0982303620e-02 
 746.000  1.1089650600e+00  3.1444486620e-02 
 747.000  1.1255652900e+00  3.1881073000e-02 
 748.000  1.1053411400e+00  3.1304580690e-02 
 749.000  1.1055375700e+00  3.1325796130e-02 
 750.000  1.0893903700e+00  3.0772104260e-02 
 751.000  1.0865863500e+00  3.0677055360e-02 
 752.000  1.1030475900e+00  3.1188419340e-02 
 753.000  1.0926045100e+00  3.0894443510e-02 
 754.000  1.1097128800e+00  3.1370838170e-02 
 755.000  1.1033438900e+00  3.1174716950e-02 
 756.000  1.0817416800e+00  3.0550125120e-02 
 757.000  1.0897362800e+00  3.0758590700e-02 
 758.000  1.0885940600e+00  3.0638820650e-02 
 759.000  1.0473976000e+00  2.7418704990e-02 
 760.000  8.2402095600e-01  1.2910054210e-02 
 761.000  7.9410124800e-01  1.1692886350e-02 
 762.000  9.2628150000e-01  1.8919755940e-02 
 763.000  9.1141422000e-01  1.6886014940e-02 
 764.000  9.3479791900e-01  1.8150741580e-02 
 765.000  9.8110304000e-01  2.1297452930e-02 
 766.000  9.7280288000e-01  2.3729892730e-02 
 767.000  1.0026824000e+00  2.5715896610e-02 
 768.000  1.0516107000e+00  2.7978031160e-02 
 769.000  1.0530678000e+00  2.8793254850e-02 
 770.000  1.0503877400e+00  2.9123420720e-02 
 771.000  1.0518456600e+00  2.9389038090e-02 
 772.000  1.0479514400e+00  2.9321573260e-02 
 773.000  1.0436386600e+00  2.9206413270e-02 
 774.000  1.0546494700e+00  2.9523992540e-02 
 775.000  1.0149252800e+00  2.8410432820e-02 
 776.000  1.0566513300e+00  2.9614938740e-02 
 777.000  1.0493337900e+00  2.9377288820e-02 
 778.000  1.0437880300e+00  2.9166223530e-02 
 779.000  1.0472601500e+00  2.9194568630e-02 
 780.000  1.0343847600e+00  2.8844284060e-02 
 781.000  1.0325240300e+00  2.8779352190e-02 
 782.000  1.0450604700e+00  2.9037799840e-02 
 783.000  1.0207169400e+00  2.8441003800e-02 
 784.000  1.0266284500e+00  2.8545066830e-02 
 785.000  1.0300062800e+00  2.8419292450e-02 
 786.000  1.0131386900e+00  2.7798286440e-02 
 787.000  1.0300284200e+00  2.7767942430e-02 
 788.000  1.0155565630e+00  2.7200771330e-02 
 789.000  1.0246945970e+00  2.6785940170e-02 
 790.000  1.0146465900e+00  2.6418979640e-02 
 791.000  1.0089117990e+00  2.6392168050e-02 
 792.000  9.9245357400e-01  2.6000909810e-02 
 793.000  9.9054807600e-01  2.6172962190e-02 
 794.000  9.7763211300e-01  2.6415637970e-02 
 795.000  9.7392907200e-01  2.5840736390e-02 
 796.000  9.9464622600e-01  2.5656328200e-02 
 797.000  9.9978633200e-01  2.6032052990e-02 
 798.000  9.9776035900e-01  2.6480802540e-02 
 799.000  9.9758021600e-01  2.6290218350e-02 
 800.000  9.7341586600e-01  2.5251771930e-02 
 801.000  9.9143379700e-01  2.5752754210e-02 
 802.000  9.8966624700e-01  2.5616437910e-02 
 803.000  9.7535865700e-01  2.5310117720e-02 
 804.000  9.8334534700e-01  2.5739509580e-02 
 805.000  9.5488627100e-01  2.5357059480e-02 
 806.000  9.7982019400e-01  2.6181013110e-02 
 807.000  9.7375477700e-01  2.6056219100e-02 
 808.000  9.6861136700e-01  2.5738584520e-02 
 809.000  9.5280880400e-01  2.5138742450e-02 
 810.000  9.4917533100e-01  2.4838197710e-02 
 811.000  9.6559506300e-01  2.4936061860e-02 
 812.000  9.6383702400e-01  2.4530492780e-02 
 813.000  9.6130771700e-01  2.3941997530e-02 
 814.000  9.6194372200e-01  2.3473602290e-02 
 815.000  9.5372773100e-01  2.2679704670e-02 
 816.000  9.4765405200e-01  2.1824979780e-02 
 817.000  9.5324259200e-01  2.1968757630e-02 
 818.000  9.4723185300e-01  2.1797721860e-02 
 819.000  9.2108634900e-01  2.1480909350e-02 
 820.000  9.0144404700e-01  2.1776525500e-02 
 821.000  9.2924517300e-01  2.3363910680e-02 
 822.000  9.0462923700e-01  2.1929786680e-02 
 823.000  9.2085490800e-01  2.0572008130e-02 
 824.000  9.3143712600e-01  2.2301334380e-02 
 825.000  9.2751945900e-01  2.3474571230e-02 
 826.000  9.3382221800e-01  2.3353479390e-02 
 827.000  9.3117178500e-01  2.3095861430e-02 
 828.000  9.3104835300e-01  2.2321683880e-02 
 829.000  9.2997466900e-01  2.2513383870e-02 
 830.000  9.1450401600e-01  2.2431127550e-02 
 831.000  8.9827622400e-01  2.2085878370e-02 
 832.000  9.1657251800e-01  2.2531768800e-02 
 833.000  8.8761776400e-01  2.2083705900e-02 
 834.000  9.0009941100e-01  2.2613634110e-02 
 835.000  9.0004449600e-01  2.2920475010e-02 
 836.000  9.1117533400e-01  2.3198417660e-02 
 837.000  9.0373767800e-01  2.2948551180e-02 
 838.000  9.0596308000e-01  2.3248838420e-02 
 839.000  8.7703585300e-01  2.2605323790e-02 
 840.000  9.0025655000e-01  2.3189260480e-02 
 841.000  9.0357307200e-01  2.3099494930e-02 
 842.000  8.9708939800e-01  2.3032638550e-02 
 843.000  8.8885698900e-01  2.3254070280e-02 
 844.000  8.7316556400e-01  2.3011371610e-02 
 845.000  8.8594088400e-01  2.3419538500e-02 
 846.000  8.9329504500e-01  2.3754976270e-02 
 847.000  8.6190691500e-01  2.3071489330e-02 
 848.000  8.8840550100e-01  2.3575168610e-02 
 849.000  8.8992265700e-01  2.3717489240e-02 
 850.000  7.6992389100e-01  2.0368047710e-02 
 851.000  8.8276605200e-01  2.3206958770e-02 
 852.000  8.4924866800e-01  2.2391271590e-02 
 853.000  8.5794799900e-01  2.2671136860e-02 
 854.000  6.8982318300e-01  1.8255334850e-02 
 855.000  7.5883336400e-01  2.0188365940e-02 
 856.000  8.5973280100e-01  2.2921445850e-02 
 857.000  8.7284398300e-01  2.3423309330e-02 
 858.000  8.5855795500e-01  2.3037256240e-02 
 859.000  8.5768519800e-01  2.3071830750e-02 
 860.000  8.4964163800e-01  2.2942312240e-02 
 861.000  8.4948934200e-01  2.2918287280e-02 
 862.000  8.4648113000e-01  2.2778846740e-02 
 863.000  8.6265740900e-01  2.3311702730e-02 
 864.000  8.6078238700e-01  2.3118555070e-02 
 865.000  8.4463254400e-01  2.2814180370e-02 
 866.000  7.0846131100e-01  1.9179872510e-02 
 867.000  7.5448365500e-01  2.0221454620e-02 
 868.000  8.1827603900e-01  2.2016508100e-02 
 869.000  8.0677463800e-01  2.1696035390e-02 
 870.000  8.4010908700e-01  2.2704830170e-02 
 871.000  8.3890686400e-01  2.2601697920e-02 
 872.000  8.3544314700e-01  2.2285203930e-02 
 873.000  8.3892884100e-01  2.2497673030e-02 
 874.000  8.2062005500e-01  2.1922908780e-02 
 875.000  8.1311093100e-01  2.1862226490e-02 
 876.000  8.2007523500e-01  2.1962615970e-02 
 877.000  8.3654060100e-01  2.2251951220e-02 
 878.000  8.2277383800e-01  2.1948879240e-02 
 879.000  8.2473069600e-01  2.2052740100e-02 
 880.000  8.2047831400e-01  2.1747386930e-02 
 881.000  7.7810670500e-01  2.0660642620e-02 
 882.000  8.2136671000e-01  2.1611850740e-02 
 883.000  8.0238822600e-01  2.1292400360e-02 
 884.000  8.0911823300e-01  2.1677301410e-02 
 885.000  8.1846741800e-01  2.1457239150e-02 
 886.000  7.9296883200e-01  2.0806022640e-02 
 887.000  7.8389328700e-01  2.0557983400e-02 
 888.000  8.0744582100e-01  2.0991550450e-02 
 889.000  8.1256228900e-01  2.1402004240e-02 
 890.000  8.1074035300e-01  2.1253667830e-02 
 891.000  8.0770255000e-01  2.0936670300e-02 
 892.000  8.0705308200e-01  2.0669118880e-02 
 893.000  7.8146453600e-01  1.9140117650e-02 
 894.000  8.0988508800e-01  1.9558540340e-02 
 895.000  7.7489592700e-01  1.8026964190e-02 
 896.000  8.0565787800e-01  1.7865499500e-02 
 897.000  7.8710573000e-01  1.6926340100e-02 
 898.000  7.8845973300e-01  1.6560489650e-02 
 899.000  7.8774986000e-01  1.5629286770e-02 
 900.000  7.6807752800e-01  1.5248351100e-02 
 901.000  7.5162353600e-01  1.4738278390e-02 
 902.000  7.3778901300e-01  1.4505827900e-02 
 903.000  7.7388303200e-01  1.6557039260e-02 
 904.000  7.8825368900e-01  1.7695062640e-02 
 905.000  7.8616037200e-01  1.7885036470e-02 
 906.000  7.6534448300e-01  1.6873437880e-02 
 907.000  7.7831260300e-01  1.6135490420e-02 
 908.000  7.5927538200e-01  1.5060040470e-02 
 909.000  7.4437972100e-01  1.4768972400e-02 
 910.000  7.5318389500e-01  1.5023645400e-02 
 911.000  7.5118753400e-01  1.5544696810e-02 
 912.000  7.5281359600e-01  1.5151424410e-02 
 913.000  7.7043418600e-01  1.4724354740e-02 
 914.000  7.6547583700e-01  1.4979660030e-02 
 915.000  7.5284053500e-01  1.5242926600e-02 
 916.000  7.6119793400e-01  1.5432075500e-02 
 917.000  7.4928417200e-01  1.5345841410e-02 
 918.000  7.4547992700e-01  1.5500821110e-02 
 919.000  7.5530929500e-01  1.6873739240e-02 
 920.000  7.4810762500e-01  1.7071413040e-02 
 921.000  7.3172739300e-01  1.6541170120e-02 
 922.000  7.2519444300e-01  1.6479465480e-02 
 923.000  6.9477765900e-01  1.5276243210e-02 
 924.000  7.2417553900e-01  1.5815681460e-02 
 925.000  7.3379108300e-01  1.5917679790e-02 
 926.000  7.0759072600e-01  1.5186894420e-02 
 927.000  7.3395121800e-01  1.5526067730e-02 
 928.000  7.3846985000e-01  1.4753035550e-02 
 929.000  7.2815383600e-01  1.3458626750e-02 
 930.000  7.2632436500e-01  1.2263950350e-02 
 931.000  7.2602645700e-01  1.1367177960e-02 
 932.000  7.1891305200e-01  1.0293808940e-02 
 933.000  7.2087362900e-01  9.7535629270e-03 
 934.000  7.1456142500e-01  9.1832170490e-03 
 935.000  7.0397258300e-01  8.9977083210e-03 
 936.000  6.9890518000e-01  9.0972080230e-03 
 937.000  7.1450483800e-01  9.2580919270e-03 
 938.000  7.0700922600e-01  9.7201557160e-03 
 939.000  7.1327850400e-01  1.1696478840e-02 
 940.000  7.0963745600e-01  1.2026710510e-02 
 941.000  6.9350467400e-01  1.1440858840e-02 
 942.000  6.6696540400e-01  1.0351018910e-02 
 943.000  7.0274542200e-01  9.9637193680e-03 
 944.000  6.8342821300e-01  9.6214599610e-03 
 945.000  6.8997669100e-01  1.0007889750e-02 
 946.000  6.9933389400e-01  1.0165451050e-02 
 947.000  6.9510510400e-01  1.0408663750e-02 
 948.000  6.9930784700e-01  1.0658055310e-02 
 949.000  7.0152305800e-01  1.0675981520e-02 
 950.000  6.9689862700e-01  1.0654703140e-02 
 951.000  6.9276239000e-01  1.1037777900e-02 
 952.000  6.9268799200e-01  1.0578932760e-02 
 953.000  6.9077647400e-01  1.0887278560e-02 
 954.000  6.8410409000e-01  1.1180310250e-02 
 955.000  6.3899046500e-01  1.0165409090e-02 
 956.000  6.8165293300e-01  1.0803990360e-02 
 957.000  6.8130132400e-01  1.1894237520e-02 
 958.000  6.8655341900e-01  1.2174472810e-02 
 959.000  6.8920629300e-01  1.2020639420e-02 
 960.000  6.8269412700e-01  1.1857476230e-02 
 961.000  6.7537114600e-01  1.1632945060e-02 
 962.000  6.7873280900e-01  1.1786462780e-02 
 963.000  6.7733133900e-01  1.2507424350e-02 
 964.000  6.6958120400e-01  1.2483388900e-02 
 965.000  6.7776574700e-01  1.2560700420e-02 
 966.000  6.5820111800e-01  1.2246356960e-02 
 967.000  6.7777522200e-01  1.3237432480e-02 
 968.000  6.7030504700e-01  1.4119928360e-02 
 969.000  6.7440388100e-01  1.4658047680e-02 
 970.000  6.7622647500e-01  1.4720790860e-02 
 971.000  6.7024314000e-01  1.4571269040e-02 
 972.000  6.7499271800e-01  1.4532025340e-02 
 973.000  6.6875592400e-01  1.4093987460e-02 
 974.000  6.5850391700e-01  1.3520532610e-02 
 975.000  6.6179591900e-01  1.3346815110e-02 
 976.000  6.6980659400e-01  1.3784132000e-02 
 977.000  6.5282559300e-01  1.3868902210e-02 
 978.000  6.6897305900e-01  1.4173937800e-02 
 979.000  6.4953108800e-01  1.3876012800e-02 
 980.000  6.5869639800e-01  1.4546405790e-02 
 981.000  6.6318061500e-01  1.4762265210e-02 
 982.000  6.6175060900e-01  1.4615260120e-02 
 983.000  6.5996025600e-01  1.4849090580e-02 
 984.000  6.5553879800e-01  1.5058565140e-02 
 985.000  6.5522709900e-01  1.5241947170e-02 
 986.000  6.4988041300e-01  1.5386876110e-02 
 987.000  6.5726974500e-01  1.5686204910e-02 
 988.000  6.4916595600e-01  1.5515452380e-02 
 989.000  6.4092370800e-01  1.5329524040e-02 
 990.000  6.4638564900e-01  1.5483621600e-02 
 991.000  6.5163011100e-01  1.5710401540e-02 
 992.000  6.4559858600e-01  1.5579486850e-02 
 993.000  6.4555468700e-01  1.5571125980e-02 
 994.000  6.4878896800e-01  1.5731623650e-02 
 995.000  6.4396912100e-01  1.5683547020e-02 
 996.000  6.4384984900e-01  1.5658865930e-02 
 997.000  6.4457512800e-01  1.5598257060e-02 
 998.000  6.4221535900e-01  1.5471227650e-02 
 999.000  6.4064633700e-01  1.5391158100e-02 
1000.000  6.3553182100e-01  1.5264766690e-02 
1001.000  6.3928283600e-01  1.5225607870e-02 
1002.000  6.3854013100e-01  1.5023793220e-02 
1003.000  6.3101317600e-01  1.4877683640e-02 
1004.000  6.2558026100e-01  1.4839236260e-02 
1005.000  5.8444176900e-01  1.3898119930e-02 
1006.000  6.1492379100e-01  1.4629642490e-02 
1007.000  6.2618011300e-01  1.4853699680e-02 
1008.000  6.2907133500e-01  1.4772713660e-02 
1009.000  6.2556647000e-01  1.4508029940e-02 
1010.000  6.2775988600e-01  1.4626040460e-02 
1011.000  6.2404506500e-01  1.4722594260e-02 
1012.000  6.2408364500e-01  1.4792833330e-02 
1013.000  6.1946848300e-01  1.4738103870e-02 
1014.000  6.2337144000e-01  1.4888726230e-02 
1015.000  6.1185451900e-01  1.4653235440e-02 
1016.000  6.1571716300e-01  1.4809937480e-02 
1017.000  6.0958787000e-01  1.4702404020e-02 
1018.000  6.1765071800e-01  1.4905868530e-02 
1019.000  6.0377880800e-01  1.4531103130e-02 
1020.000  6.0242979000e-01  1.4481413840e-02 
1021.000  6.0825512900e-01  1.4594162940e-02 
1022.000  5.9941711200e-01  1.4216125490e-02 
1023.000  6.1118494800e-01  1.4345082280e-02 
1024.000  6.0824113800e-01  1.4157190320e-02 
1025.000  6.0752222500e-01  1.4185749050e-02 
1026.000  6.0798345600e-01  1.4232608800e-02 
1027.000  6.0442285700e-01  1.4172141080e-02 
1028.000  6.0575312000e-01  1.4271648410e-02 
1029.000  5.9630165900e-01  1.4146703720e-02 
1030.000  6.0205159200e-01  1.4392164230e-02 
1031.000  6.0002188200e-01  1.4423313140e-02 
1032.000  5.9780442500e-01  1.4422069550e-02 
1033.000  5.8677115700e-01  1.4130723000e-02 
1034.000  5.9292401700e-01  1.4262035370e-02 
1035.000  5.8653282200e-01  1.4094031330e-02 
1036.000  5.9422376100e-01  1.4235712050e-02 
1037.000  5.8170169100e-01  1.3907515530e-02 
1038.000  5.8741859600e-01  1.4015928270e-02 
1039.000  5.8992981300e-01  1.4037648200e-02 
1040.000  5.8303924400e-01  1.3838129040e-02 
1041.000  5.8617062000e-01  1.3879668240e-02 
1042.000  5.8793945800e-01  1.3892293930e-02 
1043.000  5.7780522600e-01  1.3625908850e-02 
1044.000  5.8362298500e-01  1.3731727600e-02 
1045.000  5.8128792300e-01  1.3711568830e-02 
1046.000  5.6449410600e-01  1.3360870360e-02 
1047.000  5.7500800500e-01  1.3654865260e-02 
1048.000  5.8089820700e-01  1.3841852190e-02 
1049.000  5.7733248100e-01  1.3805926320e-02 
1050.000  5.7406935000e-01  1.3770063400e-02 
1051.000  5.7439800800e-01  1.3741556170e-02 
1052.000  5.7189634500e-01  1.3637173650e-02 
1053.000  5.7217712500e-01  1.3620817180e-02 
1054.000  5.6658057700e-01  1.3426995280e-02 
1055.000  5.7102737700e-01  1.3479605670e-02 
1056.000  5.6974600000e-01  1.3402955060e-02 
1057.000  5.6932472300e-01  1.3344875340e-02 
1058.000  5.6436696800e-01  1.3159449580e-02 
1059.000  5.4656338500e-01  1.2767057420e-02 
1060.000  5.6576053100e-01  1.3278042790e-02 
1061.000  5.4605627000e-01  1.2821517940e-02 
1062.000  5.6182258600e-01  1.3155744550e-02 
1063.000  5.5255708700e-01  1.2908000950e-02 
1064.000  5.5998340200e-01  1.2987932210e-02 
1065.000  5.5989466800e-01  1.2880370140e-02 
1066.000  5.4269072700e-01  1.2439285280e-02 
1067.000  5.5587296900e-01  1.2676723480e-02 
1068.000  5.5453099200e-01  1.2503485680e-02 
1069.000  5.1317078500e-01  1.1509246830e-02 
1070.000  5.4348445600e-01  1.2233312610e-02 
1071.000  5.4489570000e-01  1.2247386930e-02 
1072.000  5.4725790600e-01  1.2284225460e-02 
1073.000  5.2934981900e-01  1.1907712940e-02 
1074.000  5.4782461200e-01  1.2368393900e-02 
1075.000  5.3007776300e-01  1.2073131560e-02 
1076.000  5.4221851800e-01  1.2314031600e-02 
1077.000  5.4163170000e-01  1.2250204090e-02 
1078.000  5.4375655500e-01  1.2239661220e-02 
1079.000  5.2292473100e-01  1.1774641040e-02 
1080.000  5.4032890400e-01  1.1999276160e-02 
1081.000  5.2054627500e-01  1.1545458790e-02 
1082.000  5.2638321200e-01  1.1701974870e-02 
1083.000  5.1310573900e-01  1.1271891590e-02 
1084.000  5.3372681400e-01  1.1584285740e-02 
1085.000  5.2912043600e-01  1.1236612320e-02 
1086.000  5.3546844700e-01  1.1370703700e-02 
1087.000  5.0018661100e-01  1.0806890490e-02 
1088.000  5.3039916400e-01  1.1523840900e-02 
1089.000  5.1318158500e-01  1.0930749890e-02 
1090.000  5.2491362900e-01  1.1180556300e-02 
1091.000  5.2771578500e-01  1.1341631890e-02 
1092.000  5.1695757500e-01  1.1035587310e-02 
1093.000  5.1382964800e-01  1.0743924140e-02 
1094.000  4.6881711000e-01  9.6688623430e-03 
1095.000  5.0722393700e-01  1.0436758040e-02 
1096.000  5.0795904900e-01  1.0429000850e-02 
1097.000  4.9875436800e-01  1.0143383030e-02 
1098.000  4.9780341300e-01  9.5194168090e-03 
1099.000  5.0229332700e-01  9.0579786300e-03 
1100.000  5.1070745300e-01  9.2442331310e-03 
1101.000  5.0912552500e-01  9.2836618420e-03 
1102.000  4.8821042300e-01  8.8626089100e-03 
1103.000  5.0724702600e-01  9.2484054570e-03 
1104.000  5.0400110200e-01  9.0974740980e-03 
1105.000  5.0436165700e-01  8.8883008960e-03 
1106.000  5.0125100200e-01  8.6365575790e-03 
1107.000  5.0035333200e-01  8.6565418240e-03 
1108.000  4.9851276400e-01  8.6425704960e-03 
1109.000  4.9982843800e-01  8.8110113140e-03 
1110.000  5.0239244600e-01  8.8037509920e-03 
1111.000  4.9635737400e-01  8.5903816220e-03 
1112.000  4.9194383500e-01  8.1217603680e-03 
1113.000  4.9022027300e-01  7.6242337230e-03 
1114.000  4.9552842000e-01  7.5542569160e-03 
1115.000  4.9053764600e-01  7.0279273990e-03 
1116.000  4.8433103700e-01  6.7066006660e-03 
1117.000  4.9007541000e-01  6.3362002370e-03 
1118.000  4.8494192000e-01  5.9178829190e-03 
1119.000  4.7138078100e-01  5.6011581420e-03 
1120.000  4.7233040200e-01  5.4580378530e-03 
1121.000  4.7533669100e-01  5.4615583420e-03 
1122.000  4.7313177900e-01  5.3048024180e-03 
1123.000  4.7535439300e-01  5.4000511170e-03 
1124.000  4.7626952500e-01  5.4591903690e-03 
1125.000  4.6634583800e-01  5.3199110030e-03 
1126.000  4.5742653200e-01  5.2082138060e-03 
1127.000  4.7291278800e-01  5.3952836990e-03 
1128.000  4.6426699000e-01  5.3180294040e-03 
1129.000  4.6716321200e-01  5.4944581990e-03 
1130.000  4.6808082400e-01  5.9208273890e-03 
1131.000  4.7321106100e-01  6.1228194240e-03 
1132.000  4.7421044200e-01  5.9452600480e-03 
1133.000  4.6196187800e-01  5.4948859210e-03 
1134.000  4.5656276600e-01  5.0279994010e-03 
1135.000  4.6254511700e-01  5.1198511120e-03 
1136.000  4.6446302600e-01  5.5671191220e-03 
1137.000  4.7126144200e-01  5.9708132740e-03 
1138.000  4.5520055100e-01  6.1276597980e-03 
1139.000  4.6541516900e-01  6.4213995930e-03 
1140.000  4.6664223800e-01  6.3607330320e-03 
1141.000  4.5315266600e-01  6.0394811630e-03 
1142.000  4.6541818200e-01  6.1470255850e-03 
1143.000  4.5704014900e-01  5.8741250040e-03 
1144.000  4.5376478400e-01  5.6648869510e-03 
1145.000  4.5638294800e-01  5.4798545840e-03 
1146.000  4.6106056500e-01  5.5821776390e-03 
1147.000  4.6339888100e-01  5.7868938450e-03 
1148.000  4.5899201600e-01  5.9027962680e-03 
1149.000  4.6046523300e-01  5.9977741240e-03 
1150.000  4.5851012100e-01  5.9900593760e-03 
1151.000  4.5716489200e-01  6.1045260430e-03 
1152.000  4.5631061000e-01  6.1609773640e-03 
1153.000  4.5551344800e-01  6.2493519780e-03 
1154.000  4.5899238700e-01  6.2885746960e-03 
1155.000  4.6057171900e-01  6.5188899040e-03 
1156.000  4.5432888000e-01  6.6647286420e-03 
1157.000  4.5858828400e-01  7.2852058410e-03 
1158.000  4.5866016300e-01  7.5988750460e-03 
1159.000  4.5217605500e-01  7.7972478870e-03 
1160.000  4.4643156800e-01  7.8400750160e-03 
1161.000  4.3680343400e-01  7.9974393840e-03 
1162.000  4.5261609500e-01  8.5629501340e-03 
1163.000  4.5449562200e-01  8.9167995450e-03 
1164.000  4.4526379000e-01  8.8002243040e-03 
1165.000  4.5385818800e-01  9.0249509810e-03 
1166.000  4.4208587700e-01  8.8726367950e-03 
1167.000  4.4925601300e-01  9.0690994260e-03 
1168.000  4.5318250500e-01  9.1369190220e-03 
1169.000  4.3751176900e-01  8.8711738590e-03 
1170.000  4.4927729600e-01  9.1542148590e-03 
1171.000  4.5135651900e-01  9.2978935240e-03 
1172.000  4.4994414300e-01  9.2110557560e-03 
1173.000  4.4680971500e-01  9.0930089950e-03 
1174.000  4.4703633500e-01  9.1012964250e-03 
1175.000  4.4180293900e-01  9.1455106740e-03 
1176.000  4.3113716800e-01  9.0637636180e-03 
1177.000  4.4444943600e-01  9.2734785080e-03 
1178.000  4.3694175100e-01  8.9801082610e-03 
1179.000  4.3498218000e-01  8.9398508070e-03 
1180.000  4.4108844800e-01  9.0150632860e-03 
1181.000  4.3883499300e-01  8.8450746540e-03 
1182.000  4.3939038000e-01  8.7288970950e-03 
1183.000  4.1387906600e-01  8.2298593520e-03 
1184.000  4.3253262100e-01  8.6640357970e-03 
1185.000  4.3825561200e-01  8.9450788500e-03 
1186.000  4.3564751300e-01  8.8337602620e-03 
1187.000  4.3580194800e-01  8.6561651230e-03 
1188.000  4.3356565800e-01  8.5530319210e-03 
1189.000  4.0820069400e-01  8.1260566710e-03 
1190.000  4.2827439600e-01  8.7595767970e-03 
1191.000  4.3495234900e-01  8.9410085680e-03 
1192.000  4.3258426700e-01  8.9758548740e-03 
1193.000  4.3275036200e-01  8.9124364850e-03 
1194.000  4.3193712300e-01  8.8711080550e-03 
1195.000  4.2709543500e-01  8.6610212330e-03 
1196.000  4.2682575000e-01  8.6740674970e-03 
1197.000  4.2671258800e-01  8.6197757720e-03 
1198.000  4.1238140800e-01  8.3208055500e-03 
1199.000  3.9705615700e-01  7.9513530730e-03 
1200.000  4.2208666200e-01  8.4898900990e-03 
1201.000  4.2511494300e-01  8.5697126390e-03 
1202.000  4.2593047100e-01  8.6114044190e-03 
1203.000  4.0514275500e-01  8.1673698430e-03 
1204.000  4.1185676700e-01  8.3364429470e-03 
1205.000  4.2141038600e-01  8.7270517350e-03 
1206.000  4.1884680300e-01  8.7666540150e-03 
1207.000  4.2165944700e-01  8.8644466400e-03 
1208.000  4.1552159500e-01  8.7051458360e-03 
1209.000  3.8956047800e-01  8.1140775680e-03 
1210.000  4.1683971600e-01  8.6013135910e-03 
1211.000  4.0291548500e-01  8.3076133730e-03 
1212.000  4.1553076500e-01  8.6008396150e-03 
1213.000  4.1706650200e-01  8.7252292630e-03 
1214.000  4.1528156700e-01  8.6897115710e-03 
1215.000  4.1670803900e-01  8.7636604310e-03 
1216.000  4.1547619300e-01  8.8835716250e-03 
1217.000  4.1461226700e-01  8.9847660060e-03 
1218.000  4.1316129000e-01  9.0038156510e-03 
1219.000  4.0929501900e-01  8.9458351140e-03 
1220.000  4.1204614200e-01  8.9958124160e-03 
1221.000  4.1119310000e-01  8.9778404240e-03 
1222.000  4.0891518200e-01  8.9198827740e-03 
1223.000  4.0691373700e-01  8.9037294390e-03 
1224.000  4.0985490400e-01  9.0627880100e-03 
1225.000  4.0753114200e-01  9.0436458590e-03 
1226.000  4.0885951200e-01  9.1146297450e-03 
1227.000  3.9483000700e-01  8.8600482940e-03 
1228.000  4.0692899600e-01  9.2022380830e-03 
1229.000  4.0625329300e-01  9.2357368470e-03 
1230.000  4.0462447600e-01  9.2559013370e-03 
1231.000  4.0449182800e-01  9.2873411180e-03 
1232.000  3.9989258800e-01  9.1968946460e-03 
1233.000  4.0301226000e-01  9.2790584560e-03 
1234.000  4.0154551200e-01  9.3195257190e-03 
1235.000  3.9867296200e-01  9.2755289080e-03 
1236.000  4.0093189600e-01  9.3365831380e-03 
1237.000  4.0082616400e-01  9.3578433990e-03 
1238.000  4.0054178700e-01  9.3575983050e-03 
1239.000  3.9595825100e-01  9.2522897720e-03 
1240.000  3.9418093500e-01  9.2507944110e-03 
1241.000  3.9778911500e-01  9.3712205890e-03 
1242.000  3.9557021200e-01  9.3517217640e-03 
1243.000  3.9123991300e-01  9.2831850050e-03 
1244.000  3.8789117400e-01  9.2262907030e-03 
1245.000  3.9467107200e-01  9.4041385650e-03 
1246.000  3.9173716800e-01  9.2876729970e-03 
1247.000  3.8994977200e-01  9.1974105830e-03 
1248.000  3.9311748100e-01  9.2229671480e-03 
1249.000  3.9178669500e-01  9.1528806690e-03 
1250.000  3.9039225600e-01  9.0736036300e-03 
1251.000  3.8786079900e-01  8.9802751540e-03 
1252.000  3.8686374100e-01  8.9195575710e-03 
1253.000  3.8383981700e-01  8.8104610440e-03 
1254.000  3.8516625500e-01  8.7724065780e-03 
1255.000  3.8475493600e-01  8.7148876190e-03 
1256.000  3.8416070100e-01  8.6606607440e-03 
1257.000  3.8004591700e-01  8.4816207890e-03 
1258.000  3.8203813200e-01  8.3836898800e-03 
1259.000  3.7814204750e-01  8.1779174800e-03 
1260.000  3.7895827460e-01  8.0705957410e-03 
1261.000  3.7851091530e-01  7.9329590800e-03 
1262.000  3.7041159550e-01  7.6071062090e-03 
1263.000  3.7490409480e-01  7.6825361250e-03 
1264.000  3.6906693490e-01  7.5618443490e-03 
1265.000  3.6973934560e-01  7.5887112620e-03 
1266.000  3.7212715240e-01  7.6138410570e-03 
1267.000  3.6515779590e-01  7.4455223080e-03 
1268.000  3.6156162350e-01  7.3355302810e-03 
1269.000  3.6494608390e-01  7.3872790340e-03 
1270.000  3.6895718040e-01  7.5950727460e-03 
1271.000  3.7100586000e-01  7.6999559400e-03 
1272.000  3.6990876820e-01  7.7392702100e-03 
1273.000  3.6959053590e-01  7.7996072770e-03 
1274.000  3.6738333890e-01  7.8227810860e-03 
1275.000  3.6954551060e-01  7.8946437840e-03 
1276.000  3.7013893940e-01  7.9150962830e-03 
1277.000  3.6986250080e-01  7.9036183360e-03 
1278.000  3.6880226210e-01  7.8716840740e-03 
1279.000  3.6633355110e-01  7.8406567570e-03 
1280.000  3.6417001210e-01  7.8855257030e-03 
1281.000  3.5378367650e-01  7.7473297120e-03 
1282.000  3.1416693030e-01  6.9567441940e-03 
1283.000  3.4479253070e-01  7.6958079340e-03 
1284.000  3.5902023630e-01  8.0541973110e-03 
1285.000  3.6165324280e-01  8.1325817110e-03 
1286.000  3.6153470560e-01  8.0973377230e-03 
1287.000  3.6374577700e-01  8.0909585950e-03 
1288.000  3.6146543000e-01  7.8601040840e-03 
1289.000  3.6362022200e-01  7.8535408970e-03 
1290.000  3.5528857610e-01  7.6560902600e-03 
1291.000  3.6015198870e-01  7.7417812350e-03 
1292.000  3.6165491590e-01  7.7934408190e-03 
1293.000  3.6197817080e-01  7.7615041730e-03 
1294.000  3.5623292480e-01  7.5222959520e-03 
1295.000  3.6006815940e-01  7.4590692520e-03 
1296.000  3.6033309250e-01  7.3583245280e-03 
1297.000  3.5811152110e-01  7.2514185910e-03 
1298.000  3.5491182440e-01  7.1918964390e-03 
1299.000  3.5847518630e-01  7.2673530580e-03 
1300.000  3.5703589030e-01  7.2421240810e-03 
1301.000  3.5646733430e-01  7.2109708790e-03 
1302.000  3.5189412710e-01  7.0329399110e-03 
1303.000  3.5000435010e-01  6.8185491560e-03 
1304.000  3.5023255700e-01  6.7310380940e-03 
1305.000  3.5238930360e-01  6.7205901150e-03 
1306.000  3.5272513190e-01  6.6703519820e-03 
1307.000  3.5168357580e-01  6.6117086410e-03 
1308.000  3.5138400190e-01  6.5202198030e-03 
1309.000  3.5107093810e-01  6.3931560520e-03 
1310.000  3.4961307080e-01  6.3624463080e-03 
1311.000  3.4854212910e-01  6.3487734790e-03 
1312.000  3.4745653340e-01  6.1852312090e-03 
1313.000  3.3462356900e-01  5.7858328820e-03 
1314.000  3.4506885570e-01  5.8175139430e-03 
1315.000  3.3345002770e-01  5.6916766170e-03 
1316.000  3.4120696500e-01  5.9332013130e-03 
1317.000  3.4487771820e-01  5.9968848230e-03 
1318.000  3.3999763450e-01  5.7318243980e-03 
1319.000  3.4465512030e-01  5.5791034700e-03 
1320.000  3.4211089010e-01  5.3041224480e-03 
1321.000  3.4060812070e-01  5.1971497540e-03 
1322.000  3.3992788580e-01  5.3144636150e-03 
1323.000  3.4068022120e-01  5.4753723140e-03 
1324.000  3.4086140180e-01  5.5664477350e-03 
1325.000  3.3977181970e-01  5.4851994510e-03 
1326.000  3.3818253110e-01  5.3027887340e-03 
1327.000  3.3548218190e-01  4.9579544070e-03 
1328.000  3.3636707570e-01  4.7013382910e-03 
1329.000  3.2409099760e-01  4.1340746880e-03 
1330.000  3.2916417790e-01  4.0639929770e-03 
1331.000  3.3063046240e-01  4.0025987630e-03 
1332.000  3.2308451050e-01  3.9347155090e-03 
1333.000  3.3162332080e-01  4.1096467970e-03 
1334.000  3.3203822870e-01  4.2134990690e-03 
1335.000  3.3232329960e-01  4.2906961440e-03 
1336.000  3.2872570220e-01  4.2691330910e-03 
1337.000  3.2979002590e-01  4.2888393400e-03 
1338.000  3.2954655870e-01  4.3397412300e-03 
1339.000  3.2600560350e-01  4.2995724680e-03 
1340.000  3.2366558870e-01  4.3142385480e-03 
1341.000  3.2855096770e-01  4.3239669800e-03 
1342.000  3.2774696760e-01  4.3198609350e-03 
1343.000  3.2771820490e-01  4.1379575730e-03 
1344.000  3.2622021960e-01  3.9647672180e-03 
1345.000  3.2371947470e-01  3.6456439500e-03 
1346.000  3.1854778610e-01  3.4541106220e-03 
1347.000  3.1915305980e-01  3.3837442400e-03 
1348.000  3.1557547610e-01  3.2662000660e-03 
1349.000  3.1343303660e-01  3.2055866720e-03 
1350.000  3.0703408530e-01  3.0647649770e-03 
1351.000  3.0486586650e-01  2.9913682940e-03 
1352.000  3.0542293710e-01  2.9193432330e-03 
1353.000  2.9956993550e-01  2.7685575490e-03 
1354.000  2.9595147570e-01  2.6798708440e-03 
1355.000  2.9031047880e-01  2.5685167310e-03 
1356.000  2.8603648710e-01  2.4644832610e-03 
1357.000  2.7933657490e-01  2.3249988560e-03 
1358.000  2.7973383180e-01  2.2402317520e-03 
1359.000  2.7201622190e-01  2.0298767090e-03 
1360.000  2.6204727370e-01  1.8623541590e-03 
1361.000  2.6424464280e-01  1.8170892000e-03 
1362.000  2.6198094230e-01  1.7842395310e-03 
1363.000  2.6224418660e-01  1.8789355750e-03 
1364.000  2.6751498940e-01  1.9480810170e-03 
1365.000  2.6737843750e-01  1.9641114470e-03 
1366.000  2.6925625760e-01  2.0138585570e-03 
1367.000  2.6430610410e-01  1.9304045440e-03 
1368.000  2.6432979430e-01  1.8875317570e-03 
1369.000  2.5956737050e-01  1.8636335130e-03 
1370.000  2.6507943050e-01  2.0110437870e-03 
1371.000  2.7286020670e-01  2.2195343970e-03 
1372.000  2.8369974390e-01  2.4628670220e-03 
1373.000  2.8780320950e-01  2.5924680230e-03 
1374.000  2.9109120750e-01  2.6712377070e-03 
1375.000  2.8700128310e-01  2.6553657050e-03 
1376.000  2.8271191730e-01  2.5990836620e-03 
1377.000  2.8529064540e-01  2.5871951580e-03 
1378.000  2.8039205130e-01  2.4751377110e-03 
1379.000  2.7853736880e-01  2.3563616280e-03 
1380.000  2.6854801790e-01  2.1305131910e-03 
1381.000  2.6249344160e-01  1.9460884330e-03 
1382.000  2.5434866790e-01  1.8113126750e-03 
1383.000  2.5657373500e-01  1.8186664580e-03 
1384.000  2.6227066040e-01  1.9716200830e-03 
1385.000  2.6435451370e-01  2.0748782160e-03 
1386.000  2.7233359220e-01  2.2417695520e-03 
1387.000  2.7623750230e-01  2.4291563030e-03 
1388.000  2.8202796500e-01  2.5502541070e-03 
1389.000  2.8427322640e-01  2.6007285120e-03 
1390.000  2.7926155180e-01  2.5639228820e-03 
1391.000  2.8199703130e-01  2.5643482210e-03 
1392.000  2.7755580870e-01  2.4518780710e-03 
1393.000  2.7301162140e-01  2.3413097860e-03 
1394.000  2.6695993300e-01  2.2231833930e-03 
1395.000  2.6826063430e-01  2.2636034490e-03 
1396.000  2.7419044360e-01  2.3927588460e-03 
1397.000  2.7725836160e-01  2.4820911880e-03 
1398.000  2.7746979630e-01  2.4909117220e-03 
1399.000  2.7565654640e-01  2.4532337190e-03 
1400.000  2.6765286890e-01  2.3713550570e-03 
1401.000  2.6886481900e-01  2.3873822690e-03 
1402.000  2.7542938940e-01  2.4928784370e-03 
1403.000  2.7473009810e-01  2.5140304570e-03 
1404.000  2.7264717200e-01  2.4767429830e-03 
1405.000  2.7281348530e-01  2.4792115690e-03 
1406.000  2.7242880650e-01  2.4523708820e-03 
1407.000  2.7269928010e-01  2.4519054890e-03 
1408.000  2.7354150080e-01  2.5034630300e-03 
1409.000  2.7645699590e-01  2.5607402320e-03 
1410.000  2.7764846320e-01  2.6255447860e-03 
1411.000  2.7972035120e-01  2.6812183860e-03 
1412.000  2.6878980040e-01  2.5703606610e-03 
1413.000  2.7398036620e-01  2.6294744010e-03 
1414.000  2.7756367040e-01  2.6471581460e-03 
1415.000  2.7740259960e-01  2.6635370250e-03 
1416.000  2.7689391460e-01  2.6750988960e-03 
1417.000  2.7891500680e-01  2.6879062650e-03 
1418.000  2.7902400520e-01  2.6835970880e-03 
1419.000  2.7504991490e-01  2.6382298470e-03 
1420.000  2.7444632820e-01  2.6332592960e-03 
1421.000  2.7900133650e-01  2.7007851600e-03 
1422.000  2.7276739210e-01  2.6472394470e-03 
1423.000  2.7110646980e-01  2.6256301400e-03 
1424.000  2.7135159560e-01  2.6149804590e-03 
1425.000  2.7658759840e-01  2.6405913830e-03 
1426.000  2.6539562870e-01  2.5246784690e-03 
1427.000  2.6953677050e-01  2.5692391400e-03 
1428.000  2.7538673640e-01  2.6271736620e-03 
1429.000  2.6892821000e-01  2.5695364480e-03 
1430.000  2.6308649560e-01  2.4979345800e-03 
1431.000  2.6248322630e-01  2.4469184880e-03 
1432.000  2.6725460910e-01  2.4616696830e-03 
1433.000  2.6739035370e-01  2.4509513380e-03 
1434.000  2.6200121690e-01  2.3822836880e-03 
1435.000  2.6519781980e-01  2.4236812590e-03 
1436.000  2.6523357710e-01  2.4229688640e-03 
1437.000  2.6628124150e-01  2.4262795450e-03 
1438.000  2.6563332420e-01  2.4365873340e-03 
1439.000  2.6877383120e-01  2.4584527020e-03 
1440.000  2.5213661420e-01  2.3072693350e-03 
1441.000  2.6484224470e-01  2.4175884720e-03 
1442.000  2.5867597090e-01  2.3409614560e-03 
1443.000  2.6297132800e-01  2.3677740100e-03 
1444.000  2.6425007210e-01  2.3760147090e-03 
1445.000  2.6345246570e-01  2.3593027590e-03 
1446.000  2.6628053390e-01  2.3912181850e-03 
1447.000  2.6506323840e-01  2.3866722580e-03 
1448.000  2.6708966520e-01  2.3953638080e-03 
1449.000  2.6698325910e-01  2.3701393600e-03 
1450.000  2.6518686660e-01  2.3213493820e-03 
1451.000  2.6347685200e-01  2.2998740670e-03 
1452.000  2.6023300130e-01  2.2898077960e-03 
1453.000  2.6518609290e-01  2.3861579900e-03 
1454.000  2.6621654500e-01  2.4681742190e-03 
1455.000  2.6284943110e-01  2.4874510770e-03 
1456.000  2.6272937960e-01  2.5427980420e-03 
1457.000  2.6524840950e-01  2.5607113840e-03 
1458.000  2.6887520790e-01  2.5948429110e-03 
1459.000  2.6987408470e-01  2.5320544240e-03 
1460.000  2.6528243430e-01  2.4275643830e-03 
1461.000  2.6470287460e-01  2.3813474180e-03 
1462.000  2.6181200860e-01  2.2808606620e-03 
1463.000  2.6006579800e-01  2.2499535080e-03 
1464.000  2.5989439580e-01  2.2172453400e-03 
1465.000  2.6290002990e-01  2.1911311150e-03 
1466.000  2.5663829290e-01  2.0845463280e-03 
1467.000  2.6278960700e-01  2.0948178770e-03 
1468.000  2.5632216270e-01  2.0037355420e-03 
1469.000  2.5914850250e-01  1.9761403800e-03 
1470.000  2.5765370190e-01  1.9386891130e-03 
1471.000  2.5357946930e-01  1.9325038190e-03 
1472.000  2.5511181770e-01  1.9904916290e-03 
1473.000  2.5735660580e-01  2.0982375140e-03 
1474.000  2.5027091220e-01  2.1224641800e-03 
1475.000  2.5559221200e-01  2.1542894840e-03 
1476.000  2.5599633850e-01  2.1441216470e-03 
1477.000  2.5674752210e-01  2.1059727670e-03 
1478.000  2.5303378970e-01  2.0331544880e-03 
1479.000  2.5593255450e-01  2.0044848920e-03 
1480.000  2.5733482770e-01  2.0268185140e-03 
1481.000  2.5349850850e-01  2.0339746480e-03 
1482.000  2.5665469280e-01  2.1078517440e-03 
1483.000  2.5136841200e-01  2.0728728770e-03 
1484.000  2.5369189190e-01  2.0891413690e-03 
1485.000  2.5852094540e-01  2.1136834620e-03 
1486.000  2.5426108800e-01  2.1271357540e-03 
1487.000  2.5455191350e-01  2.2412877080e-03 
1488.000  2.2252941190e-01  1.9659739730e-03 
1489.000  2.5551083100e-01  2.4255700110e-03 
1490.000  2.5610563490e-01  2.5933802130e-03 
1491.000  2.5865115240e-01  2.7393820290e-03 
1492.000  2.5264098480e-01  2.6973297600e-03 
1493.000  2.5831844870e-01  2.8444690700e-03 
1494.000  2.5733713720e-01  2.8414003850e-03 
1495.000  2.5553658860e-01  2.8994674680e-03 
1496.000  2.4797982410e-01  2.9487938880e-03 
1497.000  2.5380402220e-01  3.0104088780e-03 
1498.000  2.5637454290e-01  3.1680312160e-03 
1499.000  2.5206248980e-01  3.2313883300e-03 
1500.000  2.5636095760e-01  3.3716113570e-03 
1501.000  2.5599497430e-01  3.3220717910e-03 
1502.000  2.5401775850e-01  3.2360367770e-03 
1503.000  2.2809307570e-01  2.8616299630e-03 
1504.000  2.3763740310e-01  3.0029222970e-03 
1505.000  2.3689914770e-01  3.1019423010e-03 
1506.000  2.4009299810e-01  3.1711318490e-03 
1507.000  2.5110473260e-01  3.4236679080e-03 
1508.000  2.4718378680e-01  3.4359090330e-03 
1509.000  2.4825159130e-01  3.5239725110e-03 
1510.000  2.5208782640e-01  3.6168046000e-03 
1511.000  2.5323422470e-01  3.6934671400e-03 
1512.000  2.4848047460e-01  3.6670305730e-03 
1513.000  2.4806448950e-01  3.6981863980e-03 
1514.000  2.4466888580e-01  3.6688690190e-03 
1515.000  2.4947688330e-01  3.7607853410e-03 
1516.000  2.4716188760e-01  3.7007551190e-03 
1517.000  2.4569815580e-01  3.6661684510e-03 
1518.000  2.5022657950e-01  3.7466895580e-03 
1519.000  2.4651318550e-01  3.7097530360e-03 
1520.000  2.4802950780e-01  3.8034000400e-03 
1521.000  2.4330536490e-01  3.8195934300e-03 
1522.000  2.4188146580e-01  3.8433511260e-03 
1523.000  2.4776896130e-01  3.9987604620e-03 
1524.000  2.4601023200e-01  4.0002727510e-03 
1525.000  2.4052789740e-01  3.9242126940e-03 
1526.000  2.4730320830e-01  4.0164837840e-03 
1527.000  2.4463037650e-01  3.9725389480e-03 
1528.000  2.4611381710e-01  4.0038309100e-03 
1529.000  2.4533499870e-01  3.9674673080e-03 
1530.000  2.2950347310e-01  3.7122495170e-03 
1531.000  2.4522820200e-01  3.9421799180e-03 
1532.000  2.4365518790e-01  3.8948619370e-03 
1533.000  2.4242425370e-01  3.8422882560e-03 
1534.000  2.3857168660e-01  3.7476341720e-03 
1535.000  2.3918600390e-01  3.7243881230e-03 
1536.000  2.4238451140e-01  3.8088078500e-03 
1537.000  2.4294722950e-01  3.8672006130e-03 
1538.000  2.3610261960e-01  3.8088247780e-03 
1539.000  2.4093035400e-01  3.9358549120e-03 
1540.000  2.3210224060e-01  3.8317272660e-03 
1541.000  2.3686449130e-01  3.9154336450e-03 
1542.000  2.3827298500e-01  3.9334843160e-03 
1543.000  2.3738665030e-01  3.9214794640e-03 
1544.000  2.4007153830e-01  3.9732005600e-03 
1545.000  2.4047298950e-01  3.9955842490e-03 
1546.000  2.4026633640e-01  4.0221080780e-03 
1547.000  2.3761435900e-01  4.0056228640e-03 
1548.000  2.3040928380e-01  3.9100573060e-03 
1549.000  2.3631466910e-01  4.0272212030e-03 
1550.000  2.3500266620e-01  4.0194392200e-03 
1551.000  2.3377245590e-01  3.9888286590e-03 
1552.000  2.3774612600e-01  4.0353069310e-03 
1553.000  2.3640479290e-01  3.9966127870e-03 
1554.000  2.2774293300e-01  3.8290348050e-03 
1555.000  2.3139554580e-01  3.8776910310e-03 
1556.000  2.2689039740e-01  3.8252806660e-03 
1557.000  2.3425534960e-01  4.0023899080e-03 
1558.000  2.3246112120e-01  4.0166378020e-03 
1559.000  2.3257227010e-01  4.0612812040e-03 
1560.000  2.2855604490e-01  4.0389337540e-03 
1561.000  2.3399379850e-01  4.1476106640e-03 
1562.000  2.3406890700e-01  4.1229581830e-03 
1563.000  2.3072947480e-01  4.0458364490e-03 
1564.000  2.2638636090e-01  3.9424936770e-03 
1565.000  2.3029993310e-01  3.9765782360e-03 
1566.000  2.2593597830e-01  3.9071207050e-03 
1567.000  2.2658859280e-01  3.9223129750e-03 
1568.000  2.2277955010e-01  3.8481090070e-03 
1569.000  2.2460807300e-01  3.8675706390e-03 
1570.000  2.1957072160e-01  3.7810111050e-03 
1571.000  2.2545411130e-01  3.9103591440e-03 
1572.000  2.2565686170e-01  3.9256136420e-03 
1573.000  2.2188040360e-01  3.8902850150e-03 
1574.000  2.2210201200e-01  3.9333195690e-03 
1575.000  2.0598214730e-01  3.6775686740e-03 
1576.000  2.2129311230e-01  3.9542467590e-03 
1577.000  1.9973177980e-01  3.5369632240e-03 
1578.000  2.1844860590e-01  3.8337469100e-03 
1579.000  2.1938252230e-01  3.8211455350e-03 
1580.000  2.2328829360e-01  3.8692328930e-03 
1581.000  2.2180761170e-01  3.8121168610e-03 
1582.000  2.1670991420e-01  3.7573678490e-03 
1583.000  2.1879888020e-01  3.8252353670e-03 
1584.000  2.1633652490e-01  3.8139541150e-03 
1585.000  2.2236031570e-01  3.9465198520e-03 
1586.000  2.1956736730e-01  3.9078550340e-03 
1587.000  2.1689179180e-01  3.8873417380e-03 
1588.000  2.1342247020e-01  3.8497748370e-03 
1589.000  1.9520922030e-01  3.5305922030e-03 
1590.000  2.1036203630e-01  3.8164260390e-03 
1591.000  2.0564866270e-01  3.7444839480e-03 
1592.000  2.1655593150e-01  3.9511525630e-03 
1593.000  2.2147360950e-01  4.0447983740e-03 
1594.000  2.1991941080e-01  4.0195074080e-03 
1595.000  2.2138434350e-01  4.0485062600e-03 
1596.000  2.0737840010e-01  3.8083908560e-03 
1597.000  2.1583635470e-01  3.9583938120e-03 
1598.000  2.1990950490e-01  4.0192174910e-03 
1599.000  2.1254773180e-01  3.8659279350e-03 
1600.000  2.1609003660e-01  3.9192733760e-03 
1601.000  2.0699344150e-01  3.7703435420e-03 
1602.000  2.1228671340e-01  3.9011173250e-03 
1603.000  2.1067647890e-01  3.9228463170e-03 
1604.000  2.1326362990e-01  4.0292572980e-03 
1605.000  2.1011058600e-01  4.0090112690e-03 
1606.000  2.0925509730e-01  4.0342297550e-03 
1607.000  2.1013469310e-01  4.0185565950e-03 
1608.000  2.1252895770e-01  4.0325617790e-03 
1609.000  2.1171190110e-01  3.9914970400e-03 
1610.000  1.9850128450e-01  3.7221522330e-03 
1611.000  2.0420777340e-01  3.8240499500e-03 
1612.000  2.0595391800e-01  3.8534541130e-03 
1613.000  2.1034968470e-01  3.9307951930e-03 
1614.000  2.0828530630e-01  3.8633608820e-03 
1615.000  2.1154944510e-01  3.9134655000e-03 
1616.000  1.9820816700e-01  3.6541180610e-03 
1617.000  2.0392093760e-01  3.8036470410e-03 
1618.000  2.1027470210e-01  3.9482102390e-03 
1619.000  2.0953071150e-01  3.9800114630e-03 
1620.000  2.0418010100e-01  3.9225413800e-03 
1621.000  2.0111932010e-01  3.9005527500e-03 
1622.000  2.0618160450e-01  4.0047435760e-03 
1623.000  2.1030986510e-01  4.0999503140e-03 
1624.000  2.1176322420e-01  4.1384415630e-03 
1625.000  2.0644522560e-01  4.0600795750e-03 
1626.000  2.0897665920e-01  4.1003732680e-03 
1627.000  2.0870708340e-01  4.1145353320e-03 
1628.000  2.1038419080e-01  4.1581954960e-03 
1629.000  2.1035371560e-01  4.1664438250e-03 
1630.000  2.0464273190e-01  4.0551357270e-03 
1631.000  2.0784337180e-01  4.1306486130e-03 
1632.000  2.0789591720e-01  4.0782456400e-03 
1633.000  2.0522035790e-01  3.9868340490e-03 
1634.000  2.0041811960e-01  3.8522813320e-03 
1635.000  2.0579172620e-01  3.9194934370e-03 
1636.000  2.0524724330e-01  3.8663313390e-03 
1637.000  1.9610933370e-01  3.6554834840e-03 
1638.000  1.9467635990e-01  3.5989663600e-03 
1639.000  1.9273633500e-01  3.5196421150e-03 
1640.000  1.9389252540e-01  3.5057318210e-03 
1641.000  1.9269257540e-01  3.4610345360e-03 
1642.000  1.9245234230e-01  3.5219047070e-03 
1643.000  1.9739870250e-01  3.6745738980e-03 
1644.000  1.9434390930e-01  3.6771891120e-03 
1645.000  1.9477699040e-01  3.7413520810e-03 
1646.000  1.9711803700e-01  3.8403131960e-03 
1647.000  1.9896879950e-01  3.8735094070e-03 
1648.000  1.9820035620e-01  3.8488426210e-03 
1649.000  1.9367239280e-01  3.7568914890e-03 
1650.000  1.9858010380e-01  3.8502681260e-03 
1651.000  1.9410582690e-01  3.7616658210e-03 
1652.000  1.9797983050e-01  3.8332924840e-03 
1653.000  1.9575675140e-01  3.7981014250e-03 
1654.000  1.9795316630e-01  3.8431305890e-03 
1655.000  1.9398551700e-01  3.7765314580e-03 
1656.000  1.9771149020e-01  3.8561377530e-03 
1657.000  1.9627834340e-01  3.8288223740e-03 
1658.000  1.9733882680e-01  3.8580076690e-03 
1659.000  1.9370394960e-01  3.7883412840e-03 
1660.000  1.9606771830e-01  3.8282940390e-03 
1661.000  1.9683715230e-01  3.8258821960e-03 
1662.000  1.9551470070e-01  3.7409594060e-03 
1663.000  1.9428407020e-01  3.6654489040e-03 
1664.000  1.9346167830e-01  3.5972454550e-03 
1665.000  1.9148626310e-01  3.5077712540e-03 
1666.000  1.9055415160e-01  3.4829242230e-03 
1667.000  1.9207679760e-01  3.5668871400e-03 
1668.000  1.8882249530e-01  3.5447371010e-03 
1669.000  1.8912485150e-01  3.5964298250e-03 
1670.000  1.9319721410e-01  3.7210037710e-03 
1671.000  1.9172188240e-01  3.7410812380e-03 
1672.000  1.8264079000e-01  3.6198918820e-03 
1673.000  1.8802161080e-01  3.7736308570e-03 
1674.000  1.8889507130e-01  3.8420233730e-03 
1675.000  1.8714483350e-01  3.8634665010e-03 
1676.000  1.8416382090e-01  3.8207550050e-03 
1677.000  1.8504908590e-01  3.8371553420e-03 
1678.000  1.8591762210e-01  3.8596749310e-03 
1679.000  1.8344525290e-01  3.8021900650e-03 
1680.000  1.7703627470e-01  3.6722745900e-03 
1681.000  1.7083067090e-01  3.5449593070e-03 
1682.000  1.7576412080e-01  3.6453967090e-03 
1683.000  1.8015727170e-01  3.7307550910e-03 
1684.000  1.8351831010e-01  3.7954378130e-03 
1685.000  1.8423723720e-01  3.7944655420e-03 
1686.000  1.8201449080e-01  3.7361915110e-03 
1687.000  1.8303052970e-01  3.7188301090e-03 
1688.000  1.8337246340e-01  3.6926434040e-03 
1689.000  1.8116239980e-01  3.6315007210e-03 
1690.000  1.8132582080e-01  3.5992579460e-03 
1691.000  1.8369865890e-01  3.6556179520e-03 
1692.000  1.8403296270e-01  3.6794979570e-03 
1693.000  1.8333327040e-01  3.6860241890e-03 
1694.000  1.8305589000e-01  3.6978948120e-03 
1695.000  1.8326515990e-01  3.7079193590e-03 
1696.000  1.8219343990e-01  3.6513261800e-03 
1697.000  1.8115271690e-01  3.5843718050e-03 
1698.000  1.8224596960e-01  3.5634081360e-03 
1699.000  1.8106829980e-01  3.5013051030e-03 
1700.000  1.7874724940e-01  3.4199166300e-03 
