 lambda   Irr_dw            Rad_up 
 550.000  1.5534762600e+00  4.6756443020e-02 
 551.000  1.5432158000e+00  4.6289825440e-02 
 552.000  1.6090966300e+00  4.8231258390e-02 
 553.000  1.5455314700e+00  4.6142528530e-02 
 554.000  1.5954949500e+00  4.7574699400e-02 
 555.000  1.5994845000e+00  4.7471141820e-02 
 556.000  1.5549437100e+00  4.5939056400e-02 
 557.000  1.5084443300e+00  4.4518054960e-02 
 558.000  1.5653855400e+00  4.5988811490e-02 
 559.000  1.4793205800e+00  4.3329452510e-02 
 560.000  1.4855830100e+00  4.3459415440e-02 
 561.000  1.6325235600e+00  4.7525718690e-02 
 562.000  1.4987141500e+00  4.3547050480e-02 
 563.000  1.5679178600e+00  4.5345619200e-02 
 564.000  1.5459354500e+00  4.4433422090e-02 
 565.000  1.5646816800e+00  4.4899494170e-02 
 566.000  1.4427050000e+00  4.1204559330e-02 
 567.000  1.5488750600e+00  4.3916439060e-02 
 568.000  1.5494512200e+00  4.3339347840e-02 
 569.000  1.5280715800e+00  4.1559791560e-02 
 570.000  1.5346060300e+00  4.1729145050e-02 
 571.000  1.4737048400e+00  4.0631702420e-02 
 572.000  1.5644701700e+00  4.2387611390e-02 
 573.000  1.5793216400e+00  4.2872394560e-02 
 574.000  1.5702709800e+00  4.2521369930e-02 
 575.000  1.5324831800e+00  4.1300979610e-02 
 576.000  1.5048967200e+00  4.0423244480e-02 
 577.000  1.5655068300e+00  4.2053955080e-02 
 578.000  1.5171023800e+00  4.1002243040e-02 
 579.000  1.5032985600e+00  4.0611152650e-02 
 580.000  1.5531140700e+00  4.2153915410e-02 
 581.000  1.5220190900e+00  4.1431362150e-02 
 582.000  1.5429649800e+00  4.1866367340e-02 
 583.000  1.5528667700e+00  4.2183845520e-02 
 584.000  1.5472153800e+00  4.1829635620e-02 
 585.000  1.5366133100e+00  4.1383136750e-02 
 586.000  1.4702702200e+00  3.9546512600e-02 
 587.000  1.5308370500e+00  4.0611412050e-02 
 588.000  1.5289597100e+00  3.9204608920e-02 
 589.000  1.3745874100e+00  3.3616432190e-02 
 590.000  1.4364619900e+00  3.5018791200e-02 
 591.000  1.5117409700e+00  3.7830207820e-02 
 592.000  1.4903729900e+00  3.6524044040e-02 
 593.000  1.4896481100e+00  3.7634105680e-02 
 594.000  1.5069286900e+00  3.7732852940e-02 
 595.000  1.4895912400e+00  3.6315929410e-02 
 596.000  1.5098302900e+00  3.8028873440e-02 
 597.000  1.5178844000e+00  3.7740463260e-02 
 598.000  1.4799943200e+00  3.7295555110e-02 
 599.000  1.4775254700e+00  3.7385879520e-02 
 600.000  1.4716461500e+00  3.7694690700e-02 
 601.000  1.4592425000e+00  3.7727912900e-02 
 602.000  1.4417963300e+00  3.7270233150e-02 
 603.000  1.4490365400e+00  3.7571109770e-02 
 604.000  1.4936798600e+00  3.8878707890e-02 
 605.000  1.4892584600e+00  3.8606910710e-02 
 606.000  1.4717832100e+00  3.8201927190e-02 
 607.000  1.4633285700e+00  3.7877189640e-02 
 608.000  1.4578375800e+00  3.7599140170e-02 
 609.000  1.4427907700e+00  3.7179759980e-02 
 610.000  1.4195896300e+00  3.6454814910e-02 
 611.000  1.4425605200e+00  3.6990631100e-02 
 612.000  1.4237387200e+00  3.6465820310e-02 
 613.000  1.4029074400e+00  3.5816886900e-02 
 614.000  1.3517691600e+00  3.4493820190e-02 
 615.000  1.4170597800e+00  3.5998695370e-02 
 616.000  1.3473704700e+00  3.4221935270e-02 
 617.000  1.3550535200e+00  3.4366481780e-02 
 618.000  1.4190965300e+00  3.5801670070e-02 
 619.000  1.4062846100e+00  3.5501922610e-02 
 620.000  1.4272811600e+00  3.5840366360e-02 
 621.000  1.4521383900e+00  3.6423366550e-02 
 622.000  1.3758725600e+00  3.4404743190e-02 
 623.000  1.3870886400e+00  3.4465518950e-02 
 624.000  1.3890338100e+00  3.4564079280e-02 
 625.000  1.3518474900e+00  3.3604167940e-02 
 626.000  1.3597686000e+00  3.3554515840e-02 
 627.000  1.3882110200e+00  3.3727783200e-02 
 628.000  1.3947928400e+00  3.2434394840e-02 
 629.000  1.4156573900e+00  3.3468463900e-02 
 630.000  1.3648587000e+00  3.2657489780e-02 
 631.000  1.4106158000e+00  3.3841011050e-02 
 632.000  1.3161218200e+00  3.1331808090e-02 
 633.000  1.4061959600e+00  3.3838764190e-02 
 634.000  1.3616502400e+00  3.2924537660e-02 
 635.000  1.3861309000e+00  3.3534210210e-02 
 636.000  1.3359446400e+00  3.2388618470e-02 
 637.000  1.3792147500e+00  3.3488708500e-02 
 638.000  1.3979405200e+00  3.4076992030e-02 
 639.000  1.3861116100e+00  3.3614593510e-02 
 640.000  1.3412016400e+00  3.2774871830e-02 
 641.000  1.3604265600e+00  3.3183589940e-02 
 642.000  1.3430962200e+00  3.2771511080e-02 
 643.000  1.3682634200e+00  3.3197784420e-02 
 644.000  1.3524924200e+00  3.2669078830e-02 
 645.000  1.3667086500e+00  3.2845096590e-02 
 646.000  1.3245272600e+00  3.0832548140e-02 
 647.000  1.3497669700e+00  3.0735559460e-02 
 648.000  1.3553325300e+00  3.0354209900e-02 
 649.000  1.3753266300e+00  3.1105356220e-02 
 650.000  1.2621398700e+00  2.9478528980e-02 
 651.000  1.3596777000e+00  3.1722398760e-02 
 652.000  1.3451228700e+00  3.0474580760e-02 
 653.000  1.3587900600e+00  3.1761383060e-02 
 654.000  1.3425713800e+00  3.1091711040e-02 
 655.000  1.3119772600e+00  2.9971733090e-02 
 656.000  1.1125431800e+00  2.5467037200e-02 
 657.000  1.1851840800e+00  2.7289869310e-02 
 658.000  1.3157720300e+00  3.0713644030e-02 
 659.000  1.3164317700e+00  3.0859325410e-02 
 660.000  1.3257182100e+00  3.1162862780e-02 
 661.000  1.3283303900e+00  3.1524894710e-02 
 662.000  1.3459946400e+00  3.2035991670e-02 
 663.000  1.3314441900e+00  3.1561632160e-02 
 664.000  1.3097862000e+00  3.1045856480e-02 
 665.000  1.3151259700e+00  3.1145669940e-02 
 666.000  1.3304032800e+00  3.1631614690e-02 
 667.000  1.3035987300e+00  3.0884788510e-02 
 668.000  1.3104618600e+00  3.1164308550e-02 
 669.000  1.3290665600e+00  3.1650903700e-02 
 670.000  1.3130524500e+00  3.1099018100e-02 
 671.000  1.2989756900e+00  3.0781051640e-02 
 672.000  1.2946833900e+00  3.0636804580e-02 
 673.000  1.3038930200e+00  3.0793739320e-02 
 674.000  1.3063647100e+00  3.0844753270e-02 
 675.000  1.2863424900e+00  3.0290126800e-02 
 676.000  1.3105714800e+00  3.0854373930e-02 
 677.000  1.2844505200e+00  3.0240243910e-02 
 678.000  1.3056315400e+00  3.0675384520e-02 
 679.000  1.2872353500e+00  3.0141653060e-02 
 680.000  1.2778036400e+00  2.9883308410e-02 
 681.000  1.2797835200e+00  2.9830579760e-02 
 682.000  1.2773423600e+00  2.9635559080e-02 
 683.000  1.2860303600e+00  2.9706674580e-02 
 684.000  1.2638386000e+00  2.9158975600e-02 
 685.000  1.2775130200e+00  2.9404087070e-02 
 686.000  1.2243414700e+00  2.7763378140e-02 
 687.000  1.2254104100e+00  2.3946506500e-02 
 688.000  1.2263018000e+00  2.4909456250e-02 
 689.000  1.2298517700e+00  2.4772333150e-02 
 690.000  1.2357882400e+00  2.5399959560e-02 
 691.000  1.2407368100e+00  2.6170900340e-02 
 692.000  1.2332540800e+00  2.6328054430e-02 
 693.000  1.2413955400e+00  2.5540395740e-02 
 694.000  1.2550203700e+00  2.5099353790e-02 
 695.000  1.2320391400e+00  2.5017679210e-02 
 696.000  1.2458379600e+00  2.5543323520e-02 
 697.000  1.2447590800e+00  2.7160938260e-02 
 698.000  1.2225123200e+00  2.6219503400e-02 
 699.000  1.2483466900e+00  2.5397861480e-02 
 700.000  1.2334098500e+00  2.5253335950e-02 
 701.000  1.2065144400e+00  2.4350553510e-02 
 702.000  1.2003107200e+00  2.4418628690e-02 
 703.000  1.2149111900e+00  2.5741149900e-02 
 704.000  1.2184767000e+00  2.5880146030e-02 
 705.000  1.2289168300e+00  2.5602127080e-02 
 706.000  1.2157996400e+00  2.5410173420e-02 
 707.000  1.1971786800e+00  2.5183372500e-02 
 708.000  1.2315594400e+00  2.6090950010e-02 
 709.000  1.1871756400e+00  2.5487346650e-02 
 710.000  1.2154227200e+00  2.5597591400e-02 
 711.000  1.2024136100e+00  2.5693622590e-02 
 712.000  1.1850122300e+00  2.5701303480e-02 
 713.000  1.1806227500e+00  2.5259565350e-02 
 714.000  1.2009200000e+00  2.5489427570e-02 
 715.000  1.1598152800e+00  2.4093591690e-02 
 716.000  1.1909825200e+00  2.4203144070e-02 
 717.000  1.1612717600e+00  2.1119012830e-02 
 718.000  1.1551185700e+00  1.9555768970e-02 
 719.000  1.1418209300e+00  1.8717964170e-02 
 720.000  1.1501520800e+00  1.8187091830e-02 
 721.000  1.1485000000e+00  2.1397176740e-02 
 722.000  1.1646227300e+00  2.2802846910e-02 
 723.000  1.1622307800e+00  2.2005012510e-02 
 724.000  1.1692679500e+00  2.0205560680e-02 
 725.000  1.1565108700e+00  2.0250312810e-02 
 726.000  1.1543930800e+00  2.0127096180e-02 
 727.000  1.1714725500e+00  2.0618175510e-02 
 728.000  1.1513526800e+00  2.0028274540e-02 
 729.000  1.1055912900e+00  1.9865047450e-02 
 730.000  1.1464481700e+00  2.0474599840e-02 
 731.000  1.1275538500e+00  2.0073675160e-02 
 732.000  1.1486626500e+00  2.1573122020e-02 
 733.000  1.1308202300e+00  2.2514104840e-02 
 734.000  1.1540197600e+00  2.3560363770e-02 
 735.000  1.1448181000e+00  2.3085533140e-02 
 736.000  1.1238006600e+00  2.2267087940e-02 
 737.000  1.1383858900e+00  2.2795700070e-02 
 738.000  1.1349374600e+00  2.3149560930e-02 
 739.000  1.0980886100e+00  2.2618816380e-02 
 740.000  1.1080642700e+00  2.3245222090e-02 
 741.000  1.0989847200e+00  2.3403020860e-02 
 742.000  1.0808419200e+00  2.3142995830e-02 
 743.000  1.1122869900e+00  2.4106256480e-02 
 744.000  1.1227140000e+00  2.4482967380e-02 
 745.000  1.0933963000e+00  2.3970899580e-02 
 746.000  1.1085294200e+00  2.4327898030e-02 
 747.000  1.1251332000e+00  2.4655479430e-02 
 748.000  1.1049127500e+00  2.4200204850e-02 
 749.000  1.1051111500e+00  2.4218421940e-02 
 750.000  1.0889718500e+00  2.3768550870e-02 
 751.000  1.0861699200e+00  2.3692466740e-02 
 752.000  1.1026262000e+00  2.4096248630e-02 
 753.000  1.0921895800e+00  2.3868776320e-02 
 754.000  1.1092925900e+00  2.4236534120e-02 
 755.000  1.1029287900e+00  2.4082977290e-02 
 756.000  1.0813339300e+00  2.3598617550e-02 
 757.000  1.0893310100e+00  2.3757118230e-02 
 758.000  1.0881987200e+00  2.3653566360e-02 
 759.000  1.0470330000e+00  2.0834138870e-02 
 760.000  8.2381682900e-01  8.2880125050e-03 
 761.000  7.9392088600e-01  7.3245062830e-03 
 762.000  9.2599956400e-01  1.3397885320e-02 
 763.000  9.1115035300e-01  1.1543126110e-02 
 764.000  9.3452130300e-01  1.2623058320e-02 
 765.000  9.8080244800e-01  1.5385772710e-02 
 766.000  9.7249284300e-01  1.7706142430e-02 
 767.000  1.0023511370e+00  1.9433771130e-02 
 768.000  1.0512504900e+00  2.1335710530e-02 
 769.000  1.0527020400e+00  2.2092451100e-02 
 770.000  1.0500149400e+00  2.2408342360e-02 
 771.000  1.0514706400e+00  2.2647420880e-02 
 772.000  1.0475865900e+00  2.2602191930e-02 
 773.000  1.0432724900e+00  2.2515720370e-02 
 774.000  1.0542804200e+00  2.2763345720e-02 
 775.000  1.0145698400e+00  2.1905618670e-02 
 776.000  1.0562832000e+00  2.2847990040e-02 
 777.000  1.0489697500e+00  2.2659498210e-02 
 778.000  1.0434254100e+00  2.2485818860e-02 
 779.000  1.0468998100e+00  2.2491083150e-02 
 780.000  1.0340295600e+00  2.2230398180e-02 
 781.000  1.0321722500e+00  2.2175014500e-02 
 782.000  1.0447054400e+00  2.2351469040e-02 
 783.000  1.0203722240e+00  2.1919633870e-02 
 784.000  1.0262793990e+00  2.1986452100e-02 
 785.000  1.0296585490e+00  2.1845331190e-02 
 786.000  1.0127953810e+00  2.1343503950e-02 
 787.000  1.0296797730e+00  2.1214532850e-02 
 788.000  1.0152142910e+00  2.0747047420e-02 
 789.000  1.0243485100e+00  2.0281972890e-02 
 790.000  1.0143059890e+00  1.9977357860e-02 
 791.000  1.0085746330e+00  1.9990484240e-02 
 792.000  9.9212359700e-01  1.9700763700e-02 
 793.000  9.9009582800e-01  1.9884796140e-02 
 794.000  9.7731184400e-01  2.0199474330e-02 
 795.000  9.7361109600e-01  1.9650657650e-02 
 796.000  9.9431819100e-01  1.9351818080e-02 
 797.000  9.9945903800e-01  1.9697938920e-02 
 798.000  9.9743080800e-01  2.0154539110e-02 
 799.000  9.9726993600e-01  1.9964843750e-02 
 800.000  9.7310085100e-01  1.9083818440e-02 
 801.000  9.9111863800e-01  1.9472658160e-02 
 802.000  9.8934812700e-01  1.9347404480e-02 
 803.000  9.7504731600e-01  1.9135864260e-02 
 804.000  9.8303156400e-01  1.9520238880e-02 
 805.000  9.5458535600e-01  1.9318027500e-02 
 806.000  9.7951254800e-01  1.9978023530e-02 
 807.000  9.7345133500e-01  1.9897022250e-02 
 808.000  9.6830772200e-01  1.9614593510e-02 
 809.000  9.5251745200e-01  1.9117977140e-02 
 810.000  9.4888395600e-01  1.8843547820e-02 
 811.000  9.6529547700e-01  1.8840963360e-02 
 812.000  9.6353865300e-01  1.8452499390e-02 
 813.000  9.6101063400e-01  1.7875238420e-02 
 814.000  9.6164780000e-01  1.7408025740e-02 
 815.000  9.5343492400e-01  1.6670667650e-02 
 816.000  9.4735214300e-01  1.5860821720e-02 
 817.000  9.5293913800e-01  1.5968680380e-02 
 818.000  9.4695157100e-01  1.5830509190e-02 
 819.000  9.2080636400e-01  1.5681945800e-02 
 820.000  9.0117166800e-01  1.6099683760e-02 
 821.000  9.2896732500e-01  1.7505266190e-02 
 822.000  9.0435825700e-01  1.6219150540e-02 
 823.000  9.2058582900e-01  1.4773323060e-02 
 824.000  9.3115869100e-01  1.6420871730e-02 
 825.000  9.2724610400e-01  1.7627773280e-02 
 826.000  9.3354657200e-01  1.7459192280e-02 
 827.000  9.3089795000e-01  1.7213533400e-02 
 828.000  9.3077445500e-01  1.6434988020e-02 
 829.000  9.2970380500e-01  1.6629482270e-02 
 830.000  9.1423850100e-01  1.6643993380e-02 
 831.000  8.9801720000e-01  1.6401372910e-02 
 832.000  9.1630771600e-01  1.6729072570e-02 
 833.000  8.8736152100e-01  1.6472465520e-02 
 834.000  8.9984209400e-01  1.6924739840e-02 
 835.000  8.9978797400e-01  1.7219482420e-02 
 836.000  9.1091389100e-01  1.7439882280e-02 
 837.000  9.0348059700e-01  1.7235372540e-02 
 838.000  9.0570849800e-01  1.7522262570e-02 
 839.000  8.7679059500e-01  1.7058401110e-02 
 840.000  9.0000015600e-01  1.7491441730e-02 
 841.000  9.0332039300e-01  1.7381307600e-02 
 842.000  8.9684018700e-01  1.7350585940e-02 
 843.000  8.8861255300e-01  1.7624105450e-02 
 844.000  8.7292664600e-01  1.7476104740e-02 
 845.000  8.8569836100e-01  1.7800041200e-02 
 846.000  8.9305208500e-01  1.8089727400e-02 
 847.000  8.6167178000e-01  1.7605361940e-02 
 848.000  8.8816474800e-01  1.7945110320e-02 
 849.000  8.8968342500e-01  1.8083398820e-02 
 850.000  7.6971707400e-01  1.5490238190e-02 
 851.000  8.8252860500e-01  1.7615184780e-02 
 852.000  8.4902216300e-01  1.7017135620e-02 
 853.000  8.5772028000e-01  1.7232217790e-02 
 854.000  6.8964105800e-01  1.3886109350e-02 
 855.000  7.5863279900e-01  1.5384049420e-02 
 856.000  8.5951025800e-01  1.7468921660e-02 
 857.000  8.7261577300e-01  1.7889478680e-02 
 858.000  8.5833419900e-01  1.7590538020e-02 
 859.000  8.5746322200e-01  1.7624147420e-02 
 860.000  8.4942315800e-01  1.7547498700e-02 
 861.000  8.4927230900e-01  1.7521862030e-02 
 862.000  8.4626557100e-01  1.7394571300e-02 
 863.000  8.6243773300e-01  1.7830827710e-02 
 864.000  8.6056384500e-01  1.7636886600e-02 
 865.000  8.4441956300e-01  1.7442577360e-02 
 866.000  7.0828369200e-01  1.4676116940e-02 
 867.000  7.5429413500e-01  1.5411146160e-02 
 868.000  8.1807230600e-01  1.6805589680e-02 
 869.000  8.0657415900e-01  1.6556329730e-02 
 870.000  8.3990003500e-01  1.7360597610e-02 
 871.000  8.3869932900e-01  1.7262384410e-02 
 872.000  8.3523606500e-01  1.6952951430e-02 
 873.000  8.3872321100e-01  1.7155813220e-02 
 874.000  8.2041953500e-01  1.6694356920e-02 
 875.000  8.1291365000e-01  1.6694082260e-02 
 876.000  8.1987637600e-01  1.6748020170e-02 
 877.000  8.3633780600e-01  1.6926387790e-02 
 878.000  8.2257692700e-01  1.6724412920e-02 
 879.000  8.2453269200e-01  1.6822597500e-02 
 880.000  8.2028058900e-01  1.6538629530e-02 
 881.000  7.7792090600e-01  1.5729611400e-02 
 882.000  8.2117284400e-01  1.6397991180e-02 
 883.000  8.0219840300e-01  1.6211133960e-02 
 884.000  8.0892520200e-01  1.6569028850e-02 
 885.000  8.1826977200e-01  1.6270904540e-02 
 886.000  7.9278218400e-01  1.5794008260e-02 
 887.000  7.8371436900e-01  1.5599440570e-02 
 888.000  8.0725807400e-01  1.5873589520e-02 
 889.000  8.1237806500e-01  1.6270578380e-02 
 890.000  8.1055151400e-01  1.6132276540e-02 
 891.000  8.0751496300e-01  1.5835491180e-02 
 892.000  8.0686322700e-01  1.5584488870e-02 
 893.000  7.8128191400e-01  1.4215956690e-02 
 894.000  8.0969767300e-01  1.4462421420e-02 
 895.000  7.7471588700e-01  1.3161417010e-02 
 896.000  8.0547192800e-01  1.2795320510e-02 
 897.000  7.8692536600e-01  1.1992618560e-02 
 898.000  7.8827784800e-01  1.1616816520e-02 
 899.000  7.8756920800e-01  1.0688927650e-02 
 900.000  7.6790442600e-01  1.0425332070e-02 
 901.000  7.5145305200e-01  1.0019417760e-02 
 902.000  7.3762297100e-01  9.8727912900e-03 
 903.000  7.7370843900e-01  1.1694725040e-02 
 904.000  7.8807420000e-01  1.2729347230e-02 
 905.000  7.8598427700e-01  1.2952157020e-02 
 906.000  7.6517542000e-01  1.2071060180e-02 
 907.000  7.7813992700e-01  1.1250785830e-02 
 908.000  7.5910770200e-01  1.0289049150e-02 
 909.000  7.4421639100e-01  1.0090636250e-02 
 910.000  7.5301940200e-01  1.0288937570e-02 
 911.000  7.5102312600e-01  1.0837897300e-02 
 912.000  7.5265053400e-01  1.0415869710e-02 
 913.000  7.7026733600e-01  9.8826274870e-03 
 914.000  7.6530997600e-01  1.0168306350e-02 
 915.000  7.5267629900e-01  1.0526721000e-02 
 916.000  7.6103360700e-01  1.0659132960e-02 
 917.000  7.4912400900e-01  1.0646334650e-02 
 918.000  7.4532032400e-01  1.0824756620e-02 
 919.000  7.5514850600e-01  1.2162940030e-02 
 920.000  7.4794726000e-01  1.2384899140e-02 
 921.000  7.3157698900e-01  1.1955716130e-02 
 922.000  7.2502393500e-01  1.1944168090e-02 
 923.000  6.9464095500e-01  1.0904265400e-02 
 924.000  7.2402399600e-01  1.1284851070e-02 
 925.000  7.3363503200e-01  1.1324582100e-02 
 926.000  7.0744238200e-01  1.0751537320e-02 
 927.000  7.3379889400e-01  1.0952866550e-02 
 928.000  7.3831690500e-01  1.0144721030e-02 
 929.000  7.2800340000e-01  8.9019041060e-03 
 930.000  7.2617712400e-01  7.6997895240e-03 
 931.000  7.2588110600e-01  6.8062648770e-03 
 932.000  7.1877119000e-01  5.7864060400e-03 
 933.000  7.2073496600e-01  5.2506799700e-03 
 934.000  7.1442685000e-01  4.7455463410e-03 
 935.000  7.0384044300e-01  4.6274733540e-03 
 936.000  6.9877310100e-01  4.7446789740e-03 
 937.000  7.1437069900e-01  4.8125152590e-03 
 938.000  7.0687470800e-01  5.2957429890e-03 
 939.000  7.1313616800e-01  7.1955881120e-03 
 940.000  7.0949659300e-01  7.5506606100e-03 
 941.000  6.9336714200e-01  7.0664644240e-03 
 942.000  6.6683518400e-01  6.1486792560e-03 
 943.000  7.0261265700e-01  5.5599141120e-03 
 944.000  6.8329896500e-01  5.3401679990e-03 
 945.000  6.8984601800e-01  5.6744399070e-03 
 946.000  6.9920233100e-01  5.7739543910e-03 
 947.000  6.9497270400e-01  6.0379738810e-03 
 948.000  6.9917579800e-01  6.2580094340e-03 
 949.000  7.0139089500e-01  6.2640528680e-03 
 950.000  6.9676744500e-01  6.2715368270e-03 
 951.000  6.9263090800e-01  6.6753559110e-03 
 952.000  6.9255889900e-01  6.2254838940e-03 
 953.000  6.9064716200e-01  6.5418977740e-03 
 954.000  6.8397588600e-01  6.8752779960e-03 
 955.000  6.3887200600e-01  6.1474905010e-03 
 956.000  6.8152616100e-01  6.5214490890e-03 
 957.000  6.8117397500e-01  7.6112413410e-03 
 958.000  6.8642471300e-01  7.8601546290e-03 
 959.000  6.8907859900e-01  7.6894750600e-03 
 960.000  6.8256821000e-01  7.5676894190e-03 
 961.000  6.7524664700e-01  7.3911938670e-03 
 962.000  6.7860868100e-01  7.5258154870e-03 
 963.000  6.7720710300e-01  8.2602758410e-03 
 964.000  6.6945801400e-01  8.2870864870e-03 
 965.000  6.7764158800e-01  8.3146638870e-03 
 966.000  6.5808170100e-01  8.1246194840e-03 
 967.000  6.7765282300e-01  8.9965591430e-03 
 968.000  6.7018444700e-01  9.9198341370e-03 
 969.000  6.7427459500e-01  1.0430239680e-02 
 970.000  6.7610395700e-01  1.0483055110e-02 
 971.000  6.7012067700e-01  1.0371894840e-02 
 972.000  6.7487255800e-01  1.0304386140e-02 
 973.000  6.6863654000e-01  9.9097013470e-03 
 974.000  6.5838735500e-01  9.4061336520e-03 
 975.000  6.6167898200e-01  9.2143583300e-03 
 976.000  6.6968727800e-01  9.6004705430e-03 
 977.000  6.5271055200e-01  9.7871723180e-03 
 978.000  6.6885545500e-01  9.9925727840e-03 
 979.000  6.4942014600e-01  9.8162832260e-03 
 980.000  6.5858873600e-01  1.0428694730e-02 
 981.000  6.6306374300e-01  1.0616021160e-02 
 982.000  6.6163545600e-01  1.0477701190e-02 
 983.000  6.5984468900e-01  1.0722492220e-02 
 984.000  6.5542601500e-01  1.0959259030e-02 
 985.000  6.5511353500e-01  1.1143718720e-02 
 986.000  6.4976923100e-01  1.1318940160e-02 
 987.000  6.5715719100e-01  1.1568971630e-02 
 988.000  6.4905621400e-01  1.1448800090e-02 
 989.000  6.4081507500e-01  1.1314048770e-02 
 990.000  6.4627912200e-01  1.1433201790e-02 
 991.000  6.5152362400e-01  1.1628937720e-02 
 992.000  6.4549114000e-01  1.1540168760e-02 
 993.000  6.4544679200e-01  1.1536815640e-02 
 994.000  6.4868091600e-01  1.1680877690e-02 
 995.000  6.4387075800e-01  1.1663242340e-02 
 996.000  6.4375004200e-01  1.1643786430e-02 
 997.000  6.4447524700e-01  1.1588146210e-02 
 998.000  6.4211127300e-01  1.1481173520e-02 
 999.000  6.4054323900e-01  1.1416934010e-02 
1000.000  6.3542994900e-01  1.1326911930e-02 
1001.000  6.3911293500e-01  1.1268428800e-02 
1002.000  6.3843694100e-01  1.1074923520e-02 
1003.000  6.3091136200e-01  1.0973542210e-02 
1004.000  6.2547943400e-01  1.0965434070e-02 
1005.000  5.8434685200e-01  1.0276770590e-02 
1006.000  6.1482213900e-01  1.0818129540e-02 
1007.000  6.2608121900e-01  1.0973050120e-02 
1008.000  6.2897264800e-01  1.0877195360e-02 
1009.000  6.2546890400e-01  1.0636649130e-02 
1010.000  6.2766044100e-01  1.0739211080e-02 
1011.000  6.2394872400e-01  1.0853089330e-02 
1012.000  6.2398743800e-01  1.0919677730e-02 
1013.000  6.1937400000e-01  1.0890323640e-02 
1014.000  6.2327501200e-01  1.1017434120e-02 
1015.000  6.1176056600e-01  1.0855322840e-02 
1016.000  6.1562174900e-01  1.0988998410e-02 
1017.000  6.0949429200e-01  1.0923265460e-02 
1018.000  6.1755833600e-01  1.1077892300e-02 
1019.000  6.0368887700e-01  1.0793606760e-02 
1020.000  6.0233996700e-01  1.0748097420e-02 
1021.000  6.0816253500e-01  1.0817016600e-02 
1022.000  5.9932837900e-01  1.0491442680e-02 
1023.000  6.1109153600e-01  1.0544115070e-02 
1024.000  6.0814977700e-01  1.0370061870e-02 
1025.000  6.0743087900e-01  1.0393349650e-02 
1026.000  6.0789552500e-01  1.0433600430e-02 
1027.000  6.0433165300e-01  1.0400115010e-02 
1028.000  6.0566260300e-01  1.0493984220e-02 
1029.000  5.9621308100e-01  1.0430603980e-02 
1030.000  6.0196345200e-01  1.0640335080e-02 
1031.000  5.9993495300e-01  1.0685763360e-02 
1032.000  5.9772465700e-01  1.0698890690e-02 
1033.000  5.8668921900e-01  1.0474194530e-02 
1034.000  5.9283595000e-01  1.0565255170e-02 
1035.000  5.8644472500e-01  1.0431427000e-02 
1036.000  5.9413717000e-01  1.0525788310e-02 
1037.000  5.8161948700e-01  1.0273986820e-02 
1038.000  5.8733720500e-01  1.0344520570e-02 
1039.000  5.8984474000e-01  1.0349454880e-02 
1040.000  5.8295580600e-01  1.0191708560e-02 
1041.000  5.8608753900e-01  1.0211706160e-02 
1042.000  5.8785653400e-01  1.0211050990e-02 
1043.000  5.7772377200e-01  1.0005461690e-02 
1044.000  5.8353954600e-01  1.0072780610e-02 
1045.000  5.8120857700e-01  1.0071193700e-02 
1046.000  5.6441619300e-01  9.8296766280e-03 
1047.000  5.7492843900e-01  1.0061974530e-02 
1048.000  5.8081801200e-01  1.0216556550e-02 
1049.000  5.7725383900e-01  1.0206912990e-02 
1050.000  5.7399170200e-01  1.0202137950e-02 
1051.000  5.7432059300e-01  1.0166131020e-02 
1052.000  5.7181851400e-01  1.0075556760e-02 
1053.000  5.7210024000e-01  1.0039414410e-02 
1054.000  5.6650420800e-01  9.8950634000e-03 
1055.000  5.7095080000e-01  9.9191074370e-03 
1056.000  5.6966931500e-01  9.8489942550e-03 
1057.000  5.6924879200e-01  9.7960815430e-03 
1058.000  5.6429168600e-01  9.6473112110e-03 
1059.000  5.4649096300e-01  9.3661613460e-03 
1060.000  5.6568603300e-01  9.7559833530e-03 
1061.000  5.4598436200e-01  9.4235563280e-03 
1062.000  5.6174874300e-01  9.6636886600e-03 
1063.000  5.5248472200e-01  9.4729013440e-03 
1064.000  5.5991028800e-01  9.5058031080e-03 
1065.000  5.5982161300e-01  9.3972940440e-03 
1066.000  5.4262003400e-01  9.0592823030e-03 
1067.000  5.5580074500e-01  9.2092123030e-03 
1068.000  5.5445841600e-01  9.0431375500e-03 
1069.000  5.1310406400e-01  8.3061027530e-03 
1070.000  5.4341327400e-01  8.8428859710e-03 
1071.000  5.4482565000e-01  8.8505516050e-03 
1072.000  5.4718755200e-01  8.8749284740e-03 
1073.000  5.2928178700e-01  8.6113862990e-03 
1074.000  5.4775396200e-01  8.9580831530e-03 
1075.000  5.3000913400e-01  8.7729101180e-03 
1076.000  5.4215128500e-01  8.9385309220e-03 
1077.000  5.4156389800e-01  8.8787784580e-03 
1078.000  5.4368773600e-01  8.8553342820e-03 
1079.000  5.2285926600e-01  8.5196924210e-03 
1080.000  5.4026062900e-01  8.6363525390e-03 
1081.000  5.2047936400e-01  8.3070163730e-03 
1082.000  5.2631614300e-01  8.4250288010e-03 
1083.000  5.1304092200e-01  8.0765161510e-03 
1084.000  5.3365879400e-01  8.2585496900e-03 
1085.000  5.2905407900e-01  7.9378814700e-03 
1086.000  5.3540145500e-01  8.0306863780e-03 
1087.000  5.0012519500e-01  7.6865229610e-03 
1088.000  5.3033369100e-01  8.2210054400e-03 
1089.000  5.1311946900e-01  7.7412190440e-03 
1090.000  5.2484901000e-01  7.9241905210e-03 
1091.000  5.2765007200e-01  8.0718650820e-03 
1092.000  5.1689398000e-01  7.8358535770e-03 
1093.000  5.1376884700e-01  7.5665650370e-03 
1094.000  4.6876012400e-01  6.7674298290e-03 
1095.000  5.0716204200e-01  7.2941575050e-03 
1096.000  5.0789766000e-01  7.2784390450e-03 
1097.000  4.9869355100e-01  7.0468435290e-03 
1098.000  4.9774278000e-01  6.4327278140e-03 
1099.000  5.0223300600e-01  5.9427738190e-03 
1100.000  5.1064767300e-01  6.0765938760e-03 
1101.000  5.0906571800e-01  6.1263656620e-03 
1102.000  4.8815437600e-01  5.8355951310e-03 
1103.000  5.0718849900e-01  6.1041531560e-03 
1104.000  5.0394221800e-01  5.9738965030e-03 
1105.000  5.0430327800e-01  5.7626585960e-03 
1106.000  5.0119251400e-01  5.5306768420e-03 
1107.000  5.0029545100e-01  5.5566377640e-03 
1108.000  4.9845464500e-01  5.5545487400e-03 
1109.000  4.9976971400e-01  5.7155203820e-03 
1110.000  5.0233337500e-01  5.6922268870e-03 
1111.000  4.9629959600e-01  5.5157270430e-03 
1112.000  4.9188656700e-01  5.0725669860e-03 
1113.000  4.9016436100e-01  4.5844111440e-03 
1114.000  4.9547193500e-01  4.4789700510e-03 
1115.000  4.9048233700e-01  3.9860839840e-03 
1116.000  4.8427719600e-01  3.7074730400e-03 
1117.000  4.9002194500e-01  3.3195743560e-03 
1118.000  4.8489005600e-01  2.9535000320e-03 
1119.000  4.7133270400e-01  2.7314727310e-03 
1120.000  4.7228192100e-01  2.6040346620e-03 
1121.000  4.7528909600e-01  2.5946006770e-03 
1122.000  4.7308520600e-01  2.4826486110e-03 
1123.000  4.7530717400e-01  2.5443718430e-03 
1124.000  4.7622115300e-01  2.5855813030e-03 
1125.000  4.6629849000e-01  2.5119965080e-03 
1126.000  4.5738097600e-01  2.4566724300e-03 
1127.000  4.7286606000e-01  2.5488584040e-03 
1128.000  4.6422106900e-01  2.5202672480e-03 
1129.000  4.6711543800e-01  2.6536819930e-03 
1130.000  4.6803159200e-01  3.0271542070e-03 
1131.000  4.7316060600e-01  3.1866197590e-03 
1132.000  4.7416050600e-01  3.0174107550e-03 
1133.000  4.6191546300e-01  2.6768810750e-03 
1134.000  4.5651931500e-01  2.3342125420e-03 
1135.000  4.6250140100e-01  2.3825712200e-03 
1136.000  4.6441610800e-01  2.7314512730e-03 
1137.000  4.7121221900e-01  3.0634706020e-03 
1138.000  4.5515240000e-01  3.3001642230e-03 
1139.000  4.6536496800e-01  3.5306258200e-03 
1140.000  4.6659257900e-01  3.4659562110e-03 
1141.000  4.5310514700e-01  3.2383041380e-03 
1142.000  4.6536981300e-01  3.2728781700e-03 
1143.000  4.5699371800e-01  3.0606958870e-03 
1144.000  4.5371926100e-01  2.8835577960e-03 
1145.000  4.5633763400e-01  2.7016935350e-03 
1146.000  4.6101582300e-01  2.7718369960e-03 
1147.000  4.6335292000e-01  2.9482171540e-03 
1148.000  4.5894621500e-01  3.0809886460e-03 
1149.000  4.6041885300e-01  3.1649644370e-03 
1150.000  4.5846355100e-01  3.1717786790e-03 
1151.000  4.5711878700e-01  3.2921087740e-03 
1152.000  4.5626422000e-01  3.3531389240e-03 
1153.000  4.5546662600e-01  3.4448328020e-03 
1154.000  4.5894615900e-01  3.4665095810e-03 
1155.000  4.6052484100e-01  3.6849157810e-03 
1156.000  4.5428230400e-01  3.8657660480e-03 
1157.000  4.5854058300e-01  4.4576163290e-03 
1158.000  4.5861192100e-01  4.7744703290e-03 
1159.000  4.5212930000e-01  5.0169873240e-03 
1160.000  4.4638546800e-01  5.0973830220e-03 
1161.000  4.3675806600e-01  5.3161482810e-03 
1162.000  4.5256883200e-01  5.7854661940e-03 
1163.000  4.5444865700e-01  6.1265330310e-03 
1164.000  4.4521718900e-01  6.0663928990e-03 
1165.000  4.5381133500e-01  6.2383890150e-03 
1166.000  4.4204043500e-01  6.1579723360e-03 
1167.000  4.4920962600e-01  6.3103318210e-03 
1168.000  4.5313591800e-01  6.3545446400e-03 
1169.000  4.3746719700e-01  6.1847848890e-03 
1170.000  4.4923143600e-01  6.3956165310e-03 
1171.000  4.5130992500e-01  6.5273265840e-03 
1172.000  4.4989852000e-01  6.4512352940e-03 
1173.000  4.4676451100e-01  6.3544993400e-03 
1174.000  4.4699094900e-01  6.3629050250e-03 
1175.000  4.4175831200e-01  6.4397869110e-03 
1176.000  4.3109308900e-01  6.4248037340e-03 
1177.000  4.4440492600e-01  6.5545682910e-03 
1178.000  4.3689845900e-01  6.3091359140e-03 
1179.000  4.3493893000e-01  6.2829084400e-03 
1180.000  4.4104462000e-01  6.3225388530e-03 
1181.000  4.3879201000e-01  6.1680178640e-03 
1182.000  4.3934671200e-01  6.0501818660e-03 
1183.000  4.1383821300e-01  5.7065696720e-03 
1184.000  4.3248980500e-01  6.0263919830e-03 
1185.000  4.3821248700e-01  6.2712683680e-03 
1186.000  4.3560485400e-01  6.1760587690e-03 
1187.000  4.3575898000e-01  5.9992260930e-03 
1188.000  4.3352366300e-01  5.9090523720e-03 
1189.000  4.0816068700e-01  5.6336703300e-03 
1190.000  4.2823262200e-01  6.1400427820e-03 
1191.000  4.3490925800e-01  6.2787995340e-03 
1192.000  4.3254178600e-01  6.3262801170e-03 
1193.000  4.3270805100e-01  6.2603645320e-03 
1194.000  4.3189542800e-01  6.2248554230e-03 
1195.000  4.2705421600e-01  6.0467081070e-03 
1196.000  4.2678467300e-01  6.0630779270e-03 
1197.000  4.2667110000e-01  6.0117831230e-03 
1198.000  4.1234146300e-01  5.8022279740e-03 
1199.000  3.9701834200e-01  5.5284261700e-03 
1200.000  4.2204625600e-01  5.9157233240e-03 
1201.000  4.2507528800e-01  5.9782285690e-03 
1202.000  4.2589078100e-01  6.0179591180e-03 
1203.000  4.0510503300e-01  5.7031474110e-03 
1204.000  4.1181876100e-01  5.8332328800e-03 
1205.000  4.2137143000e-01  6.1652450560e-03 
1206.000  4.1880818300e-01  6.2205147740e-03 
1207.000  4.2162064800e-01  6.3016252520e-03 
1208.000  4.1548306100e-01  6.1797256470e-03 
1209.000  3.8952466600e-01  5.7468752860e-03 
1210.000  4.1680151500e-01  6.0681300160e-03 
1211.000  4.0287823200e-01  5.8604478840e-03 
1212.000  4.1549275800e-01  6.0793180470e-03 
1213.000  4.1702802000e-01  6.1965327260e-03 
1214.000  4.1524356400e-01  6.1743168830e-03 
1215.000  4.1666981900e-01  6.2422666550e-03 
1216.000  4.1543846300e-01  6.3735885620e-03 
1217.000  4.1457453800e-01  6.4825606350e-03 
1218.000  4.1312443000e-01  6.5118999480e-03 
1219.000  4.0925864800e-01  6.4786133770e-03 
1220.000  4.1200955000e-01  6.5123825070e-03 
1221.000  4.1115651100e-01  6.4995727540e-03 
1222.000  4.0887911000e-01  6.4556255340e-03 
1223.000  4.0687753800e-01  6.4535980220e-03 
1224.000  4.0981827600e-01  6.5971632000e-03 
1225.000  4.0749513700e-01  6.5943436620e-03 
1226.000  4.0882325900e-01  6.6596736910e-03 
1227.000  3.9479495900e-01  6.4915704730e-03 
1228.000  4.0689362600e-01  6.7630467410e-03 
1229.000  4.0621723400e-01  6.8017306330e-03 
1230.000  4.0458903200e-01  6.8324475290e-03 
1231.000  4.0445666600e-01  6.8653674130e-03 
1232.000  3.9985793500e-01  6.8034324650e-03 
1233.000  4.0297728100e-01  6.8680014610e-03 
1234.000  4.0151039700e-01  6.9163851740e-03 
1235.000  3.9863884400e-01  6.8891925810e-03 
1236.000  4.0089736000e-01  6.9380993840e-03 
1237.000  4.0079166700e-01  6.9588418010e-03 
1238.000  4.0050736900e-01  6.9600152970e-03 
1239.000  3.9592444400e-01  6.8821253780e-03 
1240.000  3.9414725100e-01  6.8949604030e-03 
1241.000  3.9775525700e-01  6.9987788200e-03 
1242.000  3.9553678300e-01  6.9975428580e-03 
1243.000  3.9120697900e-01  6.9596848490e-03 
1244.000  3.8785867900e-01  6.9280176160e-03 
1245.000  3.9463816700e-01  7.0698032380e-03 
1246.000  3.9170444700e-01  6.9703354840e-03 
1247.000  3.8991725500e-01  6.8900609020e-03 
1248.000  3.9308492800e-01  6.8971023560e-03 
1249.000  3.9175427100e-01  6.8342514040e-03 
1250.000  3.9036004700e-01  6.7630214690e-03 
1251.000  3.8782889300e-01  6.6845421790e-03 
1252.000  3.8683196100e-01  6.6305480000e-03 
1253.000  3.8380843400e-01  6.5402507780e-03 
1254.000  3.8513495700e-01  6.4965863230e-03 
1255.000  3.8472373490e-01  6.4429459570e-03 
1256.000  3.8412976770e-01  6.3934059140e-03 
1257.000  3.8001535780e-01  6.2358193400e-03 
1258.000  3.8200779740e-01  6.1260986330e-03 
1259.000  3.7811241610e-01  5.9428682330e-03 
1260.000  3.7892899950e-01  5.8291635510e-03 
1261.000  3.7848179840e-01  5.6942667960e-03 
1262.000  3.7038384510e-01  5.4197931290e-03 
1263.000  3.7487621730e-01  5.4744501110e-03 
1264.000  3.6903963330e-01  5.3932147030e-03 
1265.000  3.6971207290e-01  5.4200706480e-03 
1266.000  3.7209989680e-01  5.4362497330e-03 
1267.000  3.6513119840e-01  5.3140635490e-03 
1268.000  3.6153567650e-01  5.2300581930e-03 
1269.000  3.6492005680e-01  5.2649083140e-03 
1270.000  3.6893022490e-01  5.4434394840e-03 
1271.000  3.7097838210e-01  5.5330843930e-03 
1272.000  3.6988139020e-01  5.5765652660e-03 
1273.000  3.6956308610e-01  5.6375455860e-03 
1274.000  3.6735584900e-01  5.6708374020e-03 
1275.000  3.6951760060e-01  5.7275385860e-03 
1276.000  3.7011078080e-01  5.7421174050e-03 
1277.000  3.6983449320e-01  5.7295975690e-03 
1278.000  3.6877409700e-01  5.7008519170e-03 
1279.000  3.6630545520e-01  5.6839137080e-03 
1280.000  3.6414218080e-01  5.7437620160e-03 
1281.000  3.5375666870e-01  5.6690969470e-03 
1282.000  3.1414278870e-01  5.1135711670e-03 
1283.000  3.4476586960e-01  5.6751141550e-03 
1284.000  3.5899273550e-01  5.9529900550e-03 
1285.000  3.6162505990e-01  6.0160603520e-03 
1286.000  3.6150692400e-01  5.9810366630e-03 
1287.000  3.6371804740e-01  5.9608278270e-03 
1288.000  3.6143790270e-01  5.7414064410e-03 
1289.000  3.6359239210e-01  5.7210459710e-03 
1290.000  3.5526146330e-01  5.5712585450e-03 
1291.000  3.6012436550e-01  5.6240267750e-03 
1292.000  3.6162730770e-01  5.6626982690e-03 
1293.000  3.6195065890e-01  5.6239051820e-03 
1294.000  3.5620584600e-01  5.4131207470e-03 
1295.000  3.6004086510e-01  5.3211107250e-03 
1296.000  3.6030587010e-01  5.2161197660e-03 
1297.000  3.5808454260e-01  5.1217937470e-03 
1298.000  3.5488539150e-01  5.0812368390e-03 
1299.000  3.5844852400e-01  5.1356263160e-03 
1300.000  3.5700921010e-01  5.1190567020e-03 
1301.000  3.5644023610e-01  5.0928015710e-03 
1302.000  3.5186814250e-01  4.9398522380e-03 
1303.000  3.4997903990e-01  4.7346320150e-03 
1304.000  3.5020640840e-01  4.6443929670e-03 
1305.000  3.5236398120e-01  4.6196360590e-03 
1306.000  3.5269889100e-01  4.5660037990e-03 
1307.000  3.5165781430e-01  4.5142478940e-03 
1308.000  3.5135872960e-01  4.4270224570e-03 
1309.000  3.5104526620e-01  4.3039922710e-03 
1310.000  3.4958812200e-01  4.2840003970e-03 
1311.000  3.4851670350e-01  4.2777347560e-03 
1312.000  3.4743130310e-01  4.1215143200e-03 
1313.000  3.3459935700e-01  3.7956352230e-03 
1314.000  3.4504410820e-01  3.7661724090e-03 
1315.000  3.3342613730e-01  3.7107427120e-03 
1316.000  3.4118241050e-01  3.9077920910e-03 
1317.000  3.4485306840e-01  3.9502356050e-03 
1318.000  3.3997333080e-01  3.7119612690e-03 
1319.000  3.4463080920e-01  3.5287494660e-03 
1320.000  3.4208687200e-01  3.2666058540e-03 
1321.000  3.4058437820e-01  3.1686697010e-03 
1322.000  3.3990413140e-01  3.2909727100e-03 
1323.000  3.4065629930e-01  3.4491274360e-03 
1324.000  3.4083680010e-01  3.5409789090e-03 
1325.000  3.3974772000e-01  3.4656496050e-03 
1326.000  3.3815908210e-01  3.2915093900e-03 
1327.000  3.3545887990e-01  2.9609451290e-03 
1328.000  3.3634484620e-01  2.7010865210e-03 
1329.000  3.2406932540e-01  2.2159924510e-03 
1330.000  3.2914398370e-01  2.1196835040e-03 
1331.000  3.3060978310e-01  2.0529696940e-03 
1332.000  3.2306394920e-01  2.0274055000e-03 
1333.000  3.3160181880e-01  2.1491844650e-03 
1334.000  3.3201621980e-01  2.2457752230e-03 
1335.000  3.3230167970e-01  2.3182675840e-03 
1336.000  3.2870405890e-01  2.3164024350e-03 
1337.000  3.2976842690e-01  2.3270311360e-03 
1338.000  3.2952477450e-01  2.3778686520e-03 
1339.000  3.2598414910e-01  2.3538320060e-03 
1340.000  3.2364415590e-01  2.3812360760e-03 
1341.000  3.2852899970e-01  2.3551495080e-03 
1342.000  3.2772537260e-01  2.3558208940e-03 
1343.000  3.2769671090e-01  2.1686913970e-03 
1344.000  3.2619910570e-01  2.0080022810e-03 
1345.000  3.2370010030e-01  1.7309975620e-03 
1346.000  3.1852893660e-01  1.5917468070e-03 
1347.000  3.1913493940e-01  1.5445972680e-03 
1348.000  3.1555779800e-01  1.4778671260e-03 
1349.000  3.1341586520e-01  1.4476994280e-03 
1350.000  3.0701802680e-01  1.3791663650e-03 
1351.000  3.0485014170e-01  1.3443170790e-03 
1352.000  3.0540787880e-01  1.3094623090e-03 
1353.000  2.9955546350e-01  1.2400767800e-03 
1354.000  2.9593812020e-01  1.1997179990e-03 
1355.000  2.9029845200e-01  1.1495450740e-03 
1356.000  2.8602450300e-01  1.1030699010e-03 
1357.000  2.7932593260e-01  1.0411683320e-03 
1358.000  2.7972370520e-01  1.0042105910e-03 
1359.000  2.7200750500e-01  9.1148138050e-04 
1360.000  2.6203985510e-01  8.3707308770e-04 
1361.000  2.6423764380e-01  8.1718945500e-04 
1362.000  2.6197407220e-01  8.0254954100e-04 
1363.000  2.6223685650e-01  8.4443050620e-04 
1364.000  2.6750697390e-01  8.7520706650e-04 
1365.000  2.6737034210e-01  8.8224530220e-04 
1366.000  2.6924823150e-01  9.0420138840e-04 
1367.000  2.6429834210e-01  8.6724573370e-04 
1368.000  2.6432241060e-01  8.4840089080e-04 
1369.000  2.5955994550e-01  8.3758187290e-04 
1370.000  2.6507130780e-01  9.0272730590e-04 
1371.000  2.7285088280e-01  9.9429965020e-04 
1372.000  2.8368841200e-01  1.1017187830e-03 
1373.000  2.8779140650e-01  1.1596372130e-03 
1374.000  2.9107893060e-01  1.1952105760e-03 
1375.000  2.8698818790e-01  1.1882950070e-03 
1376.000  2.8269953810e-01  1.1629304890e-03 
1377.000  2.8527876000e-01  1.1572886710e-03 
1378.000  2.8038057240e-01  1.1069184540e-03 
1379.000  2.7852671920e-01  1.0543406010e-03 
1380.000  2.6853903840e-01  9.5494329930e-04 
1381.000  2.6248536180e-01  8.7386572360e-04 
1382.000  2.5434157090e-01  8.1403017040e-04 
1383.000  2.5656684150e-01  8.1739962100e-04 
1384.000  2.6226282670e-01  8.8501656060e-04 
1385.000  2.6434577790e-01  9.3023896220e-04 
1386.000  2.7232403100e-01  1.0036515000e-03 
1387.000  2.7622626470e-01  1.0863441230e-03 
1388.000  2.8201663220e-01  1.1407314540e-03 
1389.000  2.8426160230e-01  1.1635867360e-03 
1390.000  2.7924929250e-01  1.1472116710e-03 
1391.000  2.8198551300e-01  1.1471897360e-03 
1392.000  2.7754484370e-01  1.0965461730e-03 
1393.000  2.7300159020e-01  1.0473083260e-03 
1394.000  2.6695009520e-01  9.9503022430e-04 
1395.000  2.6825094450e-01  1.0128177400e-03 
1396.000  2.7417999890e-01  1.0700978040e-03 
1397.000  2.7724739260e-01  1.1101281640e-03 
1398.000  2.7745883660e-01  1.1141026020e-03 
1399.000  2.7564549670e-01  1.0971742870e-03 
1400.000  2.6764212430e-01  1.0605151650e-03 
1401.000  2.6885434930e-01  1.0679689650e-03 
1402.000  2.7541857630e-01  1.1156780720e-03 
1403.000  2.7471893210e-01  1.1257551910e-03 
1404.000  2.7263660220e-01  1.1091089250e-03 
1405.000  2.7280188870e-01  1.1105538610e-03 
1406.000  2.7241799650e-01  1.0985529420e-03 
1407.000  2.7268835020e-01  1.0986372230e-03 
1408.000  2.7353020850e-01  1.1225663420e-03 
1409.000  2.7644524120e-01  1.1492081880e-03 
1410.000  2.7763660740e-01  1.1798431870e-03 
1411.000  2.7970772040e-01  1.2067917590e-03 
1412.000  2.6877810690e-01  1.1573327780e-03 
1413.000  2.7396855820e-01  1.1853612660e-03 
1414.000  2.7755138110e-01  1.1933840510e-03 
1415.000  2.7739047830e-01  1.2028199430e-03 
1416.000  2.7688151400e-01  1.2098114490e-03 
1417.000  2.7890275810e-01  1.2167958020e-03 
1418.000  2.7901145610e-01  1.2154256110e-03 
1419.000  2.7503784010e-01  1.1959747080e-03 
1420.000  2.7443419490e-01  1.1948329210e-03 
1421.000  2.7898884220e-01  1.2306339740e-03 
1422.000  2.7275497060e-01  1.2093360420e-03 
1423.000  2.7109456870e-01  1.2019960880e-03 
1424.000  2.7133957800e-01  1.1976206300e-03 
1425.000  2.7657535950e-01  1.2088480000e-03 
1426.000  2.6538410750e-01  1.1567993160e-03 
1427.000  2.6952487870e-01  1.1811136010e-03 
1428.000  2.7537487610e-01  1.2112661600e-03 
1429.000  2.6891654450e-01  1.1895817520e-03 
1430.000  2.6307532840e-01  1.1573319440e-03 
1431.000  2.6247239530e-01  1.1289722920e-03 
1432.000  2.6724379650e-01  1.1338039640e-03 
1433.000  2.6737958670e-01  1.1294596200e-03 
1434.000  2.6199077470e-01  1.0968945030e-03 
1435.000  2.6518717870e-01  1.1206082110e-03 
1436.000  2.6522294930e-01  1.1229974030e-03 
1437.000  2.6627064800e-01  1.1264343260e-03 
1438.000  2.6562269500e-01  1.1382991080e-03 
1439.000  2.6876312740e-01  1.1501917840e-03 
1440.000  2.5212656830e-01  1.0827312470e-03 
1441.000  2.6483170100e-01  1.1369763610e-03 
1442.000  2.5866575780e-01  1.0992929940e-03 
1443.000  2.6296104720e-01  1.1131579880e-03 
1444.000  2.6423978650e-01  1.1203483340e-03 
1445.000  2.6344223560e-01  1.1141874790e-03 
1446.000  2.6627019860e-01  1.1360450980e-03 
1447.000  2.6505289880e-01  1.1410789490e-03 
1448.000  2.6707933450e-01  1.1476024390e-03 
1449.000  2.6697311790e-01  1.1324012280e-03 
1450.000  2.6517680180e-01  1.1043448450e-03 
1451.000  2.6346703290e-01  1.0982542040e-03 
1452.000  2.6022309410e-01  1.1076897380e-03 
1453.000  2.6517590080e-01  1.1835786100e-03 
1454.000  2.6620644910e-01  1.2674853800e-03 
1455.000  2.6283940010e-01  1.3105310200e-03 
1456.000  2.6271924730e-01  1.3773577210e-03 
1457.000  2.6523834930e-01  1.3943767550e-03 
1458.000  2.6886516810e-01  1.4239710570e-03 
1459.000  2.6986409900e-01  1.3667818310e-03 
1460.000  2.6527279410e-01  1.2921037670e-03 
1461.000  2.6469317050e-01  1.2581293580e-03 
1462.000  2.6180239920e-01  1.1794570680e-03 
1463.000  2.6005684130e-01  1.1652382610e-03 
1464.000  2.5988578540e-01  1.1424109940e-03 
1465.000  2.6289092420e-01  1.1138951780e-03 
1466.000  2.5662976640e-01  1.0441633460e-03 
1467.000  2.6278079330e-01  1.0400695800e-03 
1468.000  2.5631387840e-01  9.8641681670e-04 
1469.000  2.5914043080e-01  9.6135222910e-04 
1470.000  2.5764570960e-01  9.4051283600e-04 
1471.000  2.5357137490e-01  9.5220535990e-04 
1472.000  2.5510369940e-01  1.0069705250e-03 
1473.000  2.5734828280e-01  1.1120456460e-03 
1474.000  2.5026286300e-01  1.1728371380e-03 
1475.000  2.5558394060e-01  1.1934094430e-03 
1476.000  2.5598817570e-01  1.1897481680e-03 
1477.000  2.5673943620e-01  1.1565254930e-03 
1478.000  2.5302597630e-01  1.1052788500e-03 
1479.000  2.5592474780e-01  1.0728945730e-03 
1480.000  2.5732712670e-01  1.0997694730e-03 
1481.000  2.5349084590e-01  1.1263765100e-03 
1482.000  2.5664677770e-01  1.1968823670e-03 
1483.000  2.5136087650e-01  1.1855760810e-03 
1484.000  2.5368417160e-01  1.1993439200e-03 
1485.000  2.5851344880e-01  1.2107187510e-03 
1486.000  2.5425351170e-01  1.2480183840e-03 
1487.000  2.5454439000e-01  1.3731943370e-03 
1488.000  2.2252277830e-01  1.2125557660e-03 
1489.000  2.5550328910e-01  1.5785995720e-03 
1490.000  2.5609793020e-01  1.7633925680e-03 
1491.000  2.5864356880e-01  1.9134590630e-03 
1492.000  2.5263368820e-01  1.8929562570e-03 
1493.000  2.5831082770e-01  2.0313315390e-03 
1494.000  2.5732986870e-01  2.0322330000e-03 
1495.000  2.5552931140e-01  2.1032140250e-03 
1496.000  2.4797271800e-01  2.1886680130e-03 
1497.000  2.5379674990e-01  2.2308044430e-03 
1498.000  2.5636741090e-01  2.3919136520e-03 
1499.000  2.5205544180e-01  2.4779455660e-03 
1500.000  2.5635395440e-01  2.6119983200e-03 
1501.000  2.5598790910e-01  2.5559322830e-03 
1502.000  2.5401058500e-01  2.4670112130e-03 
1503.000  2.2808687650e-01  2.1639642720e-03 
1504.000  2.3763075410e-01  2.2746768000e-03 
1505.000  2.3689253040e-01  2.3835558890e-03 
1506.000  2.4008644740e-01  2.4441359040e-03 
1507.000  2.5109759220e-01  2.6709041600e-03 
1508.000  2.4717706720e-01  2.6990728380e-03 
1509.000  2.4824482140e-01  2.7888212200e-03 
1510.000  2.5208084360e-01  2.8721537590e-03 
1511.000  2.5322712900e-01  2.9494140150e-03 
1512.000  2.4847358500e-01  2.9395098690e-03 
1513.000  2.4805778560e-01  2.9738910200e-03 
1514.000  2.4466231370e-01  2.9552209380e-03 
1515.000  2.4947015850e-01  3.0318524840e-03 
1516.000  2.4715519800e-01  2.9721372130e-03 
1517.000  2.4569149190e-01  2.9365460870e-03 
1518.000  2.5021974070e-01  3.0004355910e-03 
1519.000  2.4650654380e-01  2.9720788000e-03 
1520.000  2.4802291180e-01  3.0646967890e-03 
1521.000  2.4329885660e-01  3.1021893020e-03 
1522.000  2.4187503270e-01  3.1334996220e-03 
1523.000  2.4776250890e-01  3.2763841150e-03 
1524.000  2.4600380460e-01  3.2850797180e-03 
1525.000  2.4052165050e-01  3.2245290280e-03 
1526.000  2.4729676630e-01  3.2915503980e-03 
1527.000  2.4462402100e-01  3.2513997550e-03 
1528.000  2.4610721000e-01  3.2750208380e-03 
1529.000  2.4532836460e-01  3.2347483630e-03 
1530.000  2.2949740190e-01  3.0231077670e-03 
1531.000  2.4522176160e-01  3.1978883740e-03 
1532.000  2.4364878170e-01  3.1474719050e-03 
1533.000  2.4241799070e-01  3.0900015830e-03 
1534.000  2.3856542110e-01  2.9983851910e-03 
1535.000  2.3917982110e-01  2.9641797540e-03 
1536.000  2.4237817400e-01  3.0392327310e-03 
1537.000  2.4294097110e-01  3.0974838730e-03 
1538.000  2.3609643610e-01  3.0625882150e-03 
1539.000  2.4092428430e-01  3.1760580540e-03 
1540.000  2.3209611740e-01  3.1009180550e-03 
1541.000  2.3685851090e-01  3.1660368440e-03 
1542.000  2.3826679490e-01  3.1751089100e-03 
1543.000  2.3738033000e-01  3.1616394520e-03 
1544.000  2.4006530930e-01  3.2007317540e-03 
1545.000  2.4046679470e-01  3.2181181910e-03 
1546.000  2.4025991910e-01  3.2436211110e-03 
1547.000  2.3760802300e-01  3.2349681850e-03 
1548.000  2.3040314160e-01  3.1612961290e-03 
1549.000  2.3630840200e-01  3.2575240140e-03 
1550.000  2.3499636990e-01  3.2521171570e-03 
1551.000  2.3376619300e-01  3.2208487990e-03 
1552.000  2.3773970730e-01  3.2479074000e-03 
1553.000  2.3639844120e-01  3.2075989250e-03 
1554.000  2.2773676840e-01  3.0628211500e-03 
1555.000  2.3138921930e-01  3.0932452680e-03 
1556.000  2.2688427300e-01  3.0549678800e-03 
1557.000  2.3424909140e-01  3.2095623020e-03 
1558.000  2.3245479780e-01  3.2321043010e-03 
1559.000  2.3256599160e-01  3.2785203460e-03 
1560.000  2.2854990630e-01  3.2718667980e-03 
1561.000  2.3398749740e-01  3.3598766330e-03 
1562.000  2.3406256990e-01  3.3283717630e-03 
1563.000  2.3072337320e-01  3.2557351590e-03 
1564.000  2.2637998180e-01  3.1608445640e-03 
1565.000  2.3029356940e-01  3.1749346260e-03 
1566.000  2.2592976800e-01  3.1169157030e-03 
1567.000  2.2658263870e-01  3.1294441220e-03 
1568.000  2.2277372730e-01  3.0677669050e-03 
1569.000  2.2460226750e-01  3.0798144340e-03 
1570.000  2.1956512390e-01  3.0101468560e-03 
1571.000  2.2544831280e-01  3.1182546620e-03 
1572.000  2.2565106920e-01  3.1312477590e-03 
1573.000  2.2187474250e-01  3.1080455780e-03 
1574.000  2.2209627170e-01  3.1490283010e-03 
1575.000  2.0597681620e-01  2.9489192960e-03 
1576.000  2.2128736860e-01  3.1679134370e-03 
1577.000  1.9972660420e-01  2.8194656370e-03 
1578.000  2.1844283470e-01  3.0404603480e-03 
1579.000  2.1937672010e-01  3.0159573550e-03 
1580.000  2.2328232600e-01  3.0410640240e-03 
1581.000  2.2180170330e-01  2.9825093750e-03 
1582.000  2.1670406250e-01  2.9446306230e-03 
1583.000  2.1879292440e-01  3.0023777480e-03 
1584.000  2.1633045520e-01  2.9981884960e-03 
1585.000  2.2235415670e-01  3.1057477000e-03 
1586.000  2.1956124200e-01  3.0755052570e-03 
1587.000  2.1688558980e-01  3.0633440020e-03 
1588.000  2.1341651670e-01  3.0372281070e-03 
1589.000  1.9520369130e-01  2.7860805990e-03 
1590.000  2.1035643860e-01  3.0116555690e-03 
1591.000  2.0564289200e-01  2.9561929700e-03 
1592.000  2.1654972260e-01  3.1194336410e-03 
1593.000  2.2146750000e-01  3.1924278740e-03 
1594.000  2.1991319110e-01  3.1715049740e-03 
1595.000  2.2137819350e-01  3.1934728620e-03 
1596.000  2.0737265470e-01  3.0061016080e-03 
1597.000  2.1583035350e-01  3.1221697330e-03 
1598.000  2.1990352650e-01  3.1660487650e-03 
1599.000  2.1254196530e-01  3.0401601790e-03 
1600.000  2.1608425770e-01  3.0784356590e-03 
1601.000  2.0698793380e-01  2.9645688530e-03 
1602.000  2.1228109260e-01  3.0771863460e-03 
1603.000  2.1067088430e-01  3.1076307300e-03 
1604.000  2.1325799270e-01  3.2064580920e-03 
1605.000  2.1010502960e-01  3.2004897590e-03 
1606.000  2.0924956460e-01  3.2307167050e-03 
1607.000  2.1012912480e-01  3.2064845560e-03 
1608.000  2.1252335820e-01  3.2060067650e-03 
1609.000  2.1170631360e-01  3.1631798740e-03 
1610.000  1.9849599900e-01  2.9407892230e-03 
1611.000  2.0420230630e-01  3.0159733300e-03 
1612.000  2.0594835790e-01  3.0340435500e-03 
1613.000  2.1034393520e-01  3.0891666410e-03 
1614.000  2.0827963870e-01  3.0253436570e-03 
1615.000  2.1154362850e-01  3.0574767590e-03 
1616.000  1.9820266270e-01  2.8477547170e-03 
1617.000  2.0391522440e-01  2.9752242570e-03 
1618.000  2.1026883360e-01  3.0951344970e-03 
1619.000  2.0952496500e-01  3.1311535840e-03 
1620.000  2.0417443120e-01  3.0965075490e-03 
1621.000  2.0111374510e-01  3.0885570050e-03 
1622.000  2.0617586070e-01  3.1719253060e-03 
1623.000  2.1030400860e-01  3.2498683930e-03 
1624.000  2.1175735770e-01  3.2819931510e-03 
1625.000  2.0643950710e-01  3.2247586250e-03 
1626.000  2.0897091350e-01  3.2544274330e-03 
1627.000  2.0870133060e-01  3.2703931330e-03 
1628.000  2.1037839140e-01  3.3079428670e-03 
1629.000  2.1034785890e-01  3.3169670100e-03 
1630.000  2.0463706240e-01  3.2292988300e-03 
1631.000  2.0783765660e-01  3.2922520640e-03 
1632.000  2.0789012860e-01  3.2348542210e-03 
1633.000  2.0521467100e-01  3.1497812270e-03 
1634.000  2.0041258780e-01  3.0297992230e-03 
1635.000  2.0578599140e-01  3.0703694820e-03 
1636.000  2.0524168850e-01  3.0151126380e-03 
1637.000  1.9610411270e-01  2.8384523390e-03 
1638.000  1.9467097830e-01  2.7840228080e-03 
1639.000  1.9273101940e-01  2.7090532780e-03 
1640.000  1.9388714320e-01  2.6866230960e-03 
1641.000  1.9268720250e-01  2.6438732150e-03 
1642.000  1.9244705610e-01  2.7109975810e-03 
1643.000  1.9739332350e-01  2.8480257990e-03 
1644.000  1.9433858290e-01  2.8684031960e-03 
1645.000  1.9477178500e-01  2.9356064800e-03 
1646.000  1.9711271720e-01  3.0288929940e-03 
1647.000  1.9896355380e-01  3.0526781080e-03 
1648.000  1.9819483860e-01  3.0292046070e-03 
1649.000  1.9366724930e-01  2.9541502000e-03 
1650.000  1.9857472620e-01  3.0254161360e-03 
1651.000  1.9410059650e-01  2.9539470670e-03 
1652.000  1.9797446920e-01  3.0080566410e-03 
1653.000  1.9575148290e-01  2.9811079500e-03 
1654.000  1.9794786000e-01  3.0159859660e-03 
1655.000  1.9398021170e-01  2.9650437830e-03 
1656.000  1.9770598020e-01  3.0280163290e-03 
1657.000  1.9627292540e-01  3.0055489540e-03 
1658.000  1.9733348500e-01  3.0292022230e-03 
1659.000  1.9369857520e-01  2.9736046790e-03 
1660.000  1.9606234990e-01  3.0023078920e-03 
1661.000  1.9683208120e-01  2.9935836790e-03 
1662.000  1.9550949590e-01  2.9076082710e-03 
1663.000  1.9427883770e-01  2.8310394290e-03 
1664.000  1.9345656230e-01  2.7600612640e-03 
1665.000  1.9148092880e-01  2.6725952630e-03 
1666.000  1.9054895870e-01  2.6491563320e-03 
1667.000  1.9207148910e-01  2.7290806770e-03 
1668.000  1.8881732350e-01  2.7237370010e-03 
1669.000  1.8911975570e-01  2.7765338420e-03 
1670.000  1.9319186790e-01  2.8852438930e-03 
1671.000  1.9171686510e-01  2.9158930780e-03 
1672.000  1.8263608360e-01  2.8382186890e-03 
1673.000  1.8801643070e-01  2.9732844830e-03 
1674.000  1.8889014330e-01  3.0423302650e-03 
1675.000  1.8714007490e-01  3.0756084920e-03 
1676.000  1.8415895870e-01  3.0464160440e-03 
1677.000  1.8504401380e-01  3.0574195380e-03 
1678.000  1.8591281150e-01  3.0747399330e-03 
1679.000  1.8344012300e-01  3.0259115700e-03 
1680.000  1.7703141200e-01  2.9216134550e-03 
1681.000  1.7082623740e-01  2.8192386630e-03 
1682.000  1.7575930110e-01  2.8973822590e-03 
1683.000  1.8015250810e-01  2.9626350400e-03 
1684.000  1.8351331660e-01  3.0115237240e-03 
1685.000  1.8423225350e-01  3.0057821270e-03 
1686.000  1.8200946360e-01  2.9546191690e-03 
1687.000  1.8302568880e-01  2.9296045300e-03 
1688.000  1.8336748960e-01  2.8986973760e-03 
1689.000  1.8115758050e-01  2.8443653580e-03 
1690.000  1.8132087370e-01  2.8081405160e-03 
1691.000  1.8369359100e-01  2.8545928000e-03 
1692.000  1.8402797360e-01  2.8781366350e-03 
1693.000  1.8332841950e-01  2.8889174460e-03 
1694.000  1.8305107950e-01  2.9030885700e-03 
1695.000  1.8326019080e-01  2.9129433630e-03 
1696.000  1.8218849170e-01  2.8570094110e-03 
1697.000  1.8114790100e-01  2.7899742130e-03 
1698.000  1.8224111370e-01  2.7596290110e-03 
1699.000  1.8106336580e-01  2.6983830930e-03 
1700.000  1.7874233520e-01  2.6230938430e-03 
