 lambda   Irr_dw            Rad_up 
 550.000  1.5575180700e+00  7.7613426210e-02 
 551.000  1.5472045900e+00  7.6941833500e-02 
 552.000  1.6132278700e+00  8.0166633610e-02 
 553.000  1.5494737500e+00  7.6818260190e-02 
 554.000  1.5995369700e+00  7.9222183230e-02 
 555.000  1.6035075200e+00  7.9206787110e-02 
 556.000  1.5588336500e+00  7.6797737120e-02 
 557.000  1.5121939000e+00  7.4431930540e-02 
 558.000  1.5692500000e+00  7.7037498470e-02 
 559.000  1.4829478000e+00  7.2664451600e-02 
 560.000  1.4892015300e+00  7.2897361760e-02 
 561.000  1.6364754300e+00  7.9883941650e-02 
 562.000  1.5023180200e+00  7.3228660580e-02 
 563.000  1.5716659200e+00  7.6401817320e-02 
 564.000  1.5496108400e+00  7.5068374630e-02 
 565.000  1.5683760500e+00  7.5874977110e-02 
 566.000  1.4460902200e+00  6.9768844600e-02 
 567.000  1.5524944600e+00  7.4570739750e-02 
 568.000  1.5530636000e+00  7.3938262940e-02 
 569.000  1.5316289200e+00  7.1725364690e-02 
 570.000  1.5381537800e+00  7.2019828800e-02 
 571.000  1.4770806300e+00  6.9763763430e-02 
 572.000  1.5680470700e+00  7.3317680360e-02 
 573.000  1.5829058000e+00  7.4129226680e-02 
 574.000  1.5738158000e+00  7.3640510560e-02 
 575.000  1.5359256000e+00  7.1707786560e-02 
 576.000  1.5082616400e+00  7.0317832950e-02 
 577.000  1.5689925400e+00  7.3194915770e-02 
 578.000  1.5204524600e+00  7.1230407710e-02 
 579.000  1.5066029200e+00  7.0645256040e-02 
 580.000  1.5565138800e+00  7.3213630680e-02 
 581.000  1.5253319000e+00  7.1908210750e-02 
 582.000  1.5463051500e+00  7.2814086910e-02 
 583.000  1.5562106700e+00  7.3317810060e-02 
 584.000  1.5505327900e+00  7.2882164000e-02 
 585.000  1.5398959100e+00  7.2238075260e-02 
 586.000  1.4733960500e+00  6.9065330510e-02 
 587.000  1.5340839100e+00  7.1360717770e-02 
 588.000  1.5322107800e+00  6.9885932920e-02 
 589.000  1.3775140100e+00  6.1215431210e-02 
 590.000  1.4395051700e+00  6.3849212650e-02 
 591.000  1.5149127500e+00  6.8170082090e-02 
 592.000  1.4934914000e+00  6.6460914610e-02 
 593.000  1.4927311300e+00  6.7562126160e-02 
 594.000  1.5100318300e+00  6.7998825070e-02 
 595.000  1.4926546300e+00  6.6242637630e-02 
 596.000  1.5128975800e+00  6.8355064390e-02 
 597.000  1.5209536200e+00  6.8251373290e-02 
 598.000  1.4829608900e+00  6.7042854310e-02 
 599.000  1.4804628200e+00  6.7089279170e-02 
 600.000  1.4745443100e+00  6.7297523500e-02 
 601.000  1.4620923000e+00  6.7075859070e-02 
 602.000  1.4445871700e+00  6.6291984560e-02 
 603.000  1.4518236000e+00  6.6740531920e-02 
 604.000  1.4965307800e+00  6.8935760500e-02 
 605.000  1.4920904900e+00  6.8601081850e-02 
 606.000  1.4745620800e+00  6.7820648190e-02 
 607.000  1.4660800100e+00  6.7329818730e-02 
 608.000  1.4605663300e+00  6.6948661800e-02 
 609.000  1.4454794500e+00  6.6214851380e-02 
 610.000  1.4222258700e+00  6.5027709960e-02 
 611.000  1.4452217300e+00  6.6024147030e-02 
 612.000  1.4263529200e+00  6.5116325380e-02 
 613.000  1.4054708400e+00  6.4057144170e-02 
 614.000  1.3542316400e+00  6.1694198610e-02 
 615.000  1.4196251100e+00  6.4530632020e-02 
 616.000  1.3497991100e+00  6.1338336940e-02 
 617.000  1.3574853500e+00  6.1633163450e-02 
 618.000  1.4216314900e+00  6.4375709530e-02 
 619.000  1.4087851900e+00  6.3796131130e-02 
 620.000  1.4298080900e+00  6.4573745730e-02 
 621.000  1.4546971200e+00  6.5634315490e-02 
 622.000  1.3782835000e+00  6.2070945740e-02 
 623.000  1.3895074500e+00  6.2364048000e-02 
 624.000  1.3914456200e+00  6.2460353850e-02 
 625.000  1.3541807700e+00  6.0727500920e-02 
 626.000  1.3621076500e+00  6.0830928800e-02 
 627.000  1.3905920400e+00  6.1512554170e-02 
 628.000  1.3971006100e+00  6.0123237610e-02 
 629.000  1.4180400200e+00  6.1701732640e-02 
 630.000  1.3671358200e+00  5.9853240970e-02 
 631.000  1.4129693300e+00  6.2012702940e-02 
 632.000  1.3183234200e+00  5.7611953740e-02 
 633.000  1.4085374200e+00  6.1976295470e-02 
 634.000  1.3639075600e+00  6.0176239010e-02 
 635.000  1.3884228500e+00  6.1271427150e-02 
 636.000  1.3381435700e+00  5.9133438110e-02 
 637.000  1.3814768300e+00  6.1104980470e-02 
 638.000  1.4002179700e+00  6.2111209870e-02 
 639.000  1.3883619300e+00  6.1442039490e-02 
 640.000  1.3433685000e+00  5.9686897280e-02 
 641.000  1.3626154700e+00  6.0487075810e-02 
 642.000  1.3452468100e+00  5.9746704100e-02 
 643.000  1.3704485100e+00  6.0654254910e-02 
 644.000  1.3546470600e+00  5.9830291750e-02 
 645.000  1.3688770900e+00  6.0267578120e-02 
 646.000  1.3266328600e+00  5.7401062010e-02 
 647.000  1.3519117600e+00  5.7826522830e-02 
 648.000  1.3574822400e+00  5.7541049960e-02 
 649.000  1.3774922100e+00  5.8721733090e-02 
 650.000  1.2641104800e+00  5.4831287380e-02 
 651.000  1.3617921900e+00  5.9027805330e-02 
 652.000  1.3472143500e+00  5.7467098240e-02 
 653.000  1.3608806600e+00  5.9043239590e-02 
 654.000  1.3446297500e+00  5.8063930510e-02 
 655.000  1.3139860600e+00  5.6316978450e-02 
 656.000  1.1142379500e+00  4.7809463500e-02 
 657.000  1.1869796700e+00  5.1088367460e-02 
 658.000  1.3177468500e+00  5.7124591830e-02 
 659.000  1.3184001200e+00  5.7299289700e-02 
 660.000  1.3276889500e+00  5.7785121920e-02 
 661.000  1.3302882000e+00  5.8205902100e-02 
 662.000  1.3479699200e+00  5.9088218690e-02 
 663.000  1.3333895900e+00  5.8325588230e-02 
 664.000  1.3116917000e+00  5.7380924220e-02 
 665.000  1.3170319900e+00  5.7595703120e-02 
 666.000  1.3323196900e+00  5.8374355320e-02 
 667.000  1.3054690600e+00  5.7111358640e-02 
 668.000  1.3123314700e+00  5.7516338350e-02 
 669.000  1.3309504500e+00  5.8364418030e-02 
 670.000  1.3149060400e+00  5.7519535060e-02 
 671.000  1.3008073200e+00  5.6900112150e-02 
 672.000  1.2965008600e+00  5.6662925720e-02 
 673.000  1.3057077600e+00  5.6998020170e-02 
 674.000  1.3081862900e+00  5.7084095000e-02 
 675.000  1.2881321100e+00  5.6125183110e-02 
 676.000  1.3123803300e+00  5.7159557340e-02 
 677.000  1.2862032900e+00  5.6005237580e-02 
 678.000  1.3074131900e+00  5.6860237120e-02 
 679.000  1.2889841800e+00  5.5956344600e-02 
 680.000  1.2795349900e+00  5.5484794620e-02 
 681.000  1.2815080100e+00  5.5468967440e-02 
 682.000  1.2790633400e+00  5.5240306850e-02 
 683.000  1.2877572100e+00  5.5497116090e-02 
 684.000  1.2655245300e+00  5.4476222990e-02 
 685.000  1.2792086700e+00  5.5020320890e-02 
 686.000  1.2259513800e+00  5.2313392640e-02 
 687.000  1.2268484300e+00  4.7868129730e-02 
 688.000  1.2277721300e+00  4.9033664700e-02 
 689.000  1.2313073700e+00  4.8893478390e-02 
 690.000  1.2372654300e+00  4.9732254030e-02 
 691.000  1.2422528400e+00  5.0739585880e-02 
 692.000  1.2347907400e+00  5.0852859500e-02 
 693.000  1.2429717500e+00  5.0333442690e-02 
 694.000  1.2566315100e+00  5.0199962620e-02 
 695.000  1.2336211400e+00  4.9688644410e-02 
 696.000  1.2474327400e+00  5.0498699190e-02 
 697.000  1.2463636400e+00  5.2099063870e-02 
 698.000  1.2240496000e+00  5.0721332550e-02 
 699.000  1.2499278500e+00  5.0416652680e-02 
 700.000  1.2349643300e+00  4.9975891110e-02 
 701.000  1.2080328500e+00  4.8543399810e-02 
 702.000  1.2018124000e+00  4.8475570680e-02 
 703.000  1.2164046700e+00  5.0094375610e-02 
 704.000  1.2199501900e+00  5.0292697910e-02 
 705.000  1.2304180900e+00  5.0220310210e-02 
 706.000  1.2172740500e+00  4.9757907870e-02 
 707.000  1.1986202300e+00  4.9151729580e-02 
 708.000  1.2331702200e+00  5.0742092130e-02 
 709.000  1.1886007900e+00  4.9252166750e-02 
 710.000  1.2169118200e+00  4.9929107670e-02 
 711.000  1.2038601900e+00  4.9778350830e-02 
 712.000  1.1864258000e+00  4.9444221500e-02 
 713.000  1.1820245400e+00  4.8912940980e-02 
 714.000  1.2023386000e+00  4.9565425870e-02 
 715.000  1.1611877600e+00  4.7352176670e-02 
 716.000  1.1923689100e+00  4.8096488950e-02 
 717.000  1.1626415800e+00  4.4426406860e-02 
 718.000  1.1564803700e+00  4.2740264890e-02 
 719.000  1.1431644300e+00  4.1661357880e-02 
 720.000  1.1514985100e+00  4.1299163820e-02 
 721.000  1.1498345900e+00  4.4450881960e-02 
 722.000  1.1659111300e+00  4.6179229740e-02 
 723.000  1.1635511700e+00  4.5326404570e-02 
 724.000  1.1706116100e+00  4.3646011350e-02 
 725.000  1.1578313300e+00  4.3415508270e-02 
 726.000  1.1557060900e+00  4.3230384830e-02 
 727.000  1.1728005300e+00  4.4060428620e-02 
 728.000  1.1526517800e+00  4.3036720280e-02 
 729.000  1.1068370900e+00  4.1955314640e-02 
 730.000  1.1477344400e+00  4.3364398960e-02 
 731.000  1.1288048400e+00  4.2563865660e-02 
 732.000  1.1499301300e+00  4.4501575470e-02 
 733.000  1.1320645600e+00  4.5063465120e-02 
 734.000  1.1552792800e+00  4.6580604550e-02 
 735.000  1.1460612500e+00  4.5926101680e-02 
 736.000  1.1250155900e+00  4.4681308750e-02 
 737.000  1.1396160900e+00  4.5506519320e-02 
 738.000  1.1361547900e+00  4.5789260860e-02 
 739.000  1.0992621100e+00  4.4513267520e-02 
 740.000  1.1092399300e+00  4.5348159790e-02 
 741.000  1.1001532500e+00  4.5322025300e-02 
 742.000  1.0819695700e+00  4.4701572420e-02 
 743.000  1.1134457400e+00  4.6306941990e-02 
 744.000  1.1238825700e+00  4.6887386320e-02 
 745.000  1.0945300000e+00  4.5796466830e-02 
 746.000  1.1096622000e+00  4.6473983760e-02 
 747.000  1.1262805700e+00  4.7139438630e-02 
 748.000  1.1060386900e+00  4.6301345830e-02 
 749.000  1.1062311800e+00  4.6327362060e-02 
 750.000  1.0900732300e+00  4.5557548520e-02 
 751.000  1.0872638500e+00  4.5422927860e-02 
 752.000  1.1037302400e+00  4.6160316470e-02 
 753.000  1.0932805300e+00  4.5724239350e-02 
 754.000  1.1103935600e+00  4.6433425900e-02 
 755.000  1.1040182300e+00  4.6149692540e-02 
 756.000  1.0823996900e+00  4.5231269840e-02 
 757.000  1.0903973200e+00  4.5546943660e-02 
 758.000  1.0892561200e+00  4.5402641300e-02 
 759.000  1.0479821100e+00  4.1410552980e-02 
 760.000  8.2434589100e-01  2.2729175570e-02 
 761.000  7.9438932700e-01  2.0947233200e-02 
 762.000  9.2672995800e-01  3.0702100750e-02 
 763.000  9.1183333900e-01  2.8280424120e-02 
 764.000  9.3523756800e-01  2.9943107600e-02 
 765.000  9.8158255000e-01  3.3904922490e-02 
 766.000  9.7330243000e-01  3.6541790010e-02 
 767.000  1.0032168400e+00  3.9068923950e-02 
 768.000  1.0521862000e+00  4.2082927700e-02 
 769.000  1.0536606800e+00  4.2997322080e-02 
 770.000  1.0509863900e+00  4.3336677550e-02 
 771.000  1.0524472200e+00  4.3648944850e-02 
 772.000  1.0485541500e+00  4.3532863620e-02 
 773.000  1.0442349600e+00  4.3361259460e-02 
 774.000  1.0552484500e+00  4.3830108640e-02 
 775.000  1.0155030200e+00  4.2177299500e-02 
 776.000  1.0572489000e+00  4.3941040040e-02 
 777.000  1.0499253200e+00  4.3604522710e-02 
 778.000  1.0443711500e+00  4.3317840580e-02 
 779.000  1.0478476700e+00  4.3394950870e-02 
 780.000  1.0349611200e+00  4.2862731930e-02 
 781.000  1.0330962000e+00  4.2777671810e-02 
 782.000  1.0456395800e+00  4.3215110780e-02 
 783.000  1.0212796000e+00  4.2273956300e-02 
 784.000  1.0271911100e+00  4.2457275390e-02 
 785.000  1.0305675500e+00  4.2376823430e-02 
 786.000  1.0136928500e+00  4.1514514920e-02 
 787.000  1.0305904000e+00  4.1712780000e-02 
 788.000  1.0161086300e+00  4.0941860200e-02 
 789.000  1.0252503700e+00  4.0651069640e-02 
 790.000  1.0151943300e+00  4.0153228760e-02 
 791.000  1.0094540800e+00  4.0038265230e-02 
 792.000  9.9298651000e-01  3.9424644470e-02 
 793.000  9.9109742000e-01  3.9561031340e-02 
 794.000  9.7814898700e-01  3.9628158570e-02 
 795.000  9.7444026700e-01  3.9005786900e-02 
 796.000  9.9516874000e-01  3.9082984920e-02 
 797.000  1.0003066100e+00  3.9515373230e-02 
 798.000  9.9827881000e-01  3.9931690220e-02 
 799.000  9.9812806800e-01  3.9738212590e-02 
 800.000  9.7391906300e-01  3.8370731350e-02 
 801.000  9.9194553700e-01  3.9111480710e-02 
 802.000  9.9017438900e-01  3.8954208370e-02 
 803.000  9.7585532100e-01  3.8449195860e-02 
 804.000  9.8384806000e-01  3.8976398470e-02 
 805.000  9.5537368300e-01  3.8203891750e-02 
 806.000  9.8031460200e-01  3.9370651250e-02 
 807.000  9.7424816400e-01  3.9156219480e-02 
 808.000  9.6909483700e-01  3.8770111080e-02 
 809.000  9.5329388000e-01  3.7956912990e-02 
 810.000  9.4965354600e-01  3.7608551030e-02 
 811.000  9.6607462400e-01  3.7927108760e-02 
 812.000  9.6431261400e-01  3.7493686680e-02 
 813.000  9.6178299500e-01  3.6883907320e-02 
 814.000  9.6241465600e-01  3.6420650480e-02 
 815.000  9.5419153300e-01  3.5514141080e-02 
 816.000  9.4810305000e-01  3.4572502140e-02 
 817.000  9.5369405700e-01  3.4790157320e-02 
 818.000  9.4769182000e-01  3.4548084260e-02 
 819.000  9.2152581300e-01  3.3871719360e-02 
 820.000  9.0187671300e-01  3.3900070190e-02 
 821.000  9.2968905100e-01  3.5864143370e-02 
 822.000  9.0505999100e-01  3.4118923190e-02 
 823.000  9.2129716500e-01  3.2969245910e-02 
 824.000  9.3187912300e-01  3.4856941220e-02 
 825.000  9.2795737600e-01  3.5952438350e-02 
 826.000  9.3426381900e-01  3.5932754520e-02 
 827.000  9.3160729300e-01  3.5648983000e-02 
 828.000  9.3148284400e-01  3.4888858800e-02 
 829.000  9.3040775000e-01  3.5071342470e-02 
 830.000  9.1492728200e-01  3.4780376430e-02 
 831.000  8.9869249700e-01  3.4218143460e-02 
 832.000  9.1699601200e-01  3.4917171480e-02 
 833.000  8.8802463800e-01  3.4064662930e-02 
 834.000  9.0051190800e-01  3.4761417390e-02 
 835.000  9.0045286800e-01  3.5083984380e-02 
 836.000  9.1158926200e-01  3.5494571690e-02 
 837.000  9.0414628500e-01  3.5151390080e-02 
 838.000  9.0637066800e-01  3.5479385380e-02 
 839.000  8.7742944200e-01  3.4451045990e-02 
 840.000  9.0066071000e-01  3.5357543950e-02 
 841.000  9.0397483100e-01  3.5316246030e-02 
 842.000  8.9748790000e-01  3.5168781280e-02 
 843.000  8.8924974700e-01  3.5273380280e-02 
 844.000  8.7354991000e-01  3.4823570250e-02 
 845.000  8.8632970800e-01  3.5409793850e-02 
 846.000  8.9368448100e-01  3.5842372890e-02 
 847.000  8.6228259400e-01  3.4732223510e-02 
 848.000  8.8879205500e-01  3.5594921110e-02 
 849.000  8.9030638500e-01  3.5749549870e-02 
 850.000  7.7025677900e-01  3.0787311550e-02 
 851.000  8.8314440600e-01  3.5159942630e-02 
 852.000  8.4961111400e-01  3.3884475710e-02 
 853.000  8.5831297200e-01  3.4299507140e-02 
 854.000  6.9011565400e-01  2.7601903920e-02 
 855.000  7.5915626600e-01  3.0468204500e-02 
 856.000  8.6009632900e-01  3.4585159300e-02 
 857.000  8.7321032300e-01  3.5261505130e-02 
 858.000  8.5891597600e-01  3.4691337590e-02 
 859.000  8.5804247800e-01  3.4724941250e-02 
 860.000  8.4999303400e-01  3.4484939580e-02 
 861.000  8.4983950100e-01  3.4462833400e-02 
 862.000  8.4682969100e-01  3.4293453220e-02 
 863.000  8.6301137800e-01  3.5035049440e-02 
 864.000  8.6113403800e-01  3.4837299350e-02 
 865.000  8.4497642500e-01  3.4299694060e-02 
 866.000  7.0874970500e-01  2.8808107380e-02 
 867.000  7.5478880200e-01  3.0499263760e-02 
 868.000  8.1860590700e-01  3.3153583530e-02 
 869.000  8.0709775300e-01  3.2678295140e-02 
 870.000  8.4044555300e-01  3.4125625610e-02 
 871.000  8.3924099200e-01  3.4012519840e-02 
 872.000  8.3577618400e-01  3.3675285340e-02 
 873.000  8.3926037200e-01  3.3914463040e-02 
 874.000  8.2094457600e-01  3.3096546170e-02 
 875.000  8.1343040500e-01  3.2911186220e-02 
 876.000  8.2039733500e-01  3.3110969540e-02 
 877.000  8.3686714900e-01  3.3638431550e-02 
 878.000  8.2309525100e-01  3.3124820710e-02 
 879.000  8.2505122200e-01  3.3244979860e-02 
 880.000  8.2079782000e-01  3.2893295290e-02 
 881.000  7.7840756800e-01  3.1217596050e-02 
 882.000  8.2168396500e-01  3.2771327970e-02 
 883.000  8.0269592800e-01  3.2171997070e-02 
 884.000  8.0942538600e-01  3.2619350430e-02 
 885.000  8.1878186800e-01  3.2562419890e-02 
 886.000  7.9326915700e-01  3.1545650480e-02 
 887.000  7.8418483600e-01  3.1179443360e-02 
 888.000  8.0775498200e-01  3.1950597760e-02 
 889.000  8.1287558700e-01  3.2396759030e-02 
 890.000  8.1104286900e-01  3.2226284030e-02 
 891.000  8.0800365200e-01  3.1872610090e-02 
 892.000  8.0735735900e-01  3.1584730150e-02 
 893.000  7.8175436800e-01  2.9727140430e-02 
 894.000  8.1018491500e-01  3.0524044040e-02 
 895.000  7.7518078500e-01  2.8508901600e-02 
 896.000  8.0596706500e-01  2.8788246150e-02 
 897.000  7.8739021000e-01  2.7571205140e-02 
 898.000  7.8874477700e-01  2.7229679110e-02 
 899.000  7.8803129500e-01  2.6293140410e-02 
 900.000  7.6835185200e-01  2.5658618930e-02 
 901.000  7.5189095700e-01  2.4919424060e-02 
 902.000  7.3805060800e-01  2.4498306270e-02 
 903.000  7.7416153800e-01  2.7037885670e-02 
 904.000  7.8853710200e-01  2.8386274340e-02 
 905.000  7.8643948400e-01  2.8509935380e-02 
 906.000  7.6561124700e-01  2.7215503690e-02 
 907.000  7.7858517000e-01  2.6653766630e-02 
 908.000  7.5953782300e-01  2.5327934270e-02 
 909.000  7.4463617500e-01  2.4833669660e-02 
 910.000  7.5344545500e-01  2.5206111910e-02 
 911.000  7.5144533600e-01  2.5675397870e-02 
 912.000  7.5307061900e-01  2.5334526060e-02 
 913.000  7.7069690600e-01  2.5135999680e-02 
 914.000  7.6573675600e-01  2.5328538890e-02 
 915.000  7.5309674100e-01  2.5394481660e-02 
 916.000  7.6145498400e-01  2.5702686310e-02 
 917.000  7.4953470400e-01  2.5458290100e-02 
 918.000  7.4573034900e-01  2.5561182020e-02 
 919.000  7.5556427000e-01  2.7018310550e-02 
 920.000  7.4835497200e-01  2.7151523590e-02 
 921.000  7.3196449300e-01  2.6405038830e-02 
 922.000  7.2542289200e-01  2.6240634920e-02 
 923.000  6.9500842500e-01  2.4675977710e-02 
 924.000  7.2441427500e-01  2.5572011950e-02 
 925.000  7.3403156500e-01  2.5810007100e-02 
 926.000  7.0782678200e-01  2.4740823750e-02 
 927.000  7.3419178000e-01  2.5395698550e-02 
 928.000  7.3871050700e-01  2.4698659900e-02 
 929.000  7.2838991700e-01  2.3286428450e-02 
 930.000  7.2655559600e-01  2.2088191990e-02 
 931.000  7.2625250200e-01  2.1165342330e-02 
 932.000  7.1913421400e-01  1.9950189590e-02 
 933.000  7.2108891000e-01  1.9378551480e-02 
 934.000  7.1477040900e-01  1.8645483020e-02 
 935.000  7.0417797600e-01  1.8313432690e-02 
 936.000  6.9911072100e-01  1.8384450910e-02 
 937.000  7.1471357300e-01  1.8741647720e-02 
 938.000  7.0721845600e-01  1.9184303280e-02 
 939.000  7.1350069500e-01  2.1385881420e-02 
 940.000  7.0985790400e-01  2.1672533040e-02 
 941.000  6.9371876300e-01  2.0859731670e-02 
 942.000  6.6716795800e-01  1.9381658550e-02 
 943.000  7.0295228900e-01  1.9397806170e-02 
 944.000  6.8362970900e-01  1.8791858670e-02 
 945.000  6.9018041800e-01  1.9301502230e-02 
 946.000  6.9953861300e-01  1.9584749220e-02 
 947.000  6.9531110200e-01  1.9793827060e-02 
 948.000  6.9951356000e-01  2.0112497330e-02 
 949.000  7.0172891100e-01  2.0156042100e-02 
 950.000  6.9710285200e-01  2.0074670790e-02 
 951.000  6.9296744200e-01  2.0424861910e-02 
 952.000  6.9288885300e-01  1.9933252330e-02 
 953.000  6.9097834300e-01  2.0232103350e-02 
 954.000  6.8430515300e-01  2.0447341920e-02 
 955.000  6.3917531400e-01  1.8805644990e-02 
 956.000  6.8185029400e-01  2.0011125560e-02 
 957.000  6.8150049300e-01  2.1124124530e-02 
 958.000  6.8675387000e-01  2.1473260880e-02 
 959.000  6.8940650000e-01  2.1350772860e-02 
 960.000  6.8289181700e-01  2.1095895770e-02 
 961.000  6.7556571000e-01  2.0766494750e-02 
 962.000  6.7892719200e-01  2.0962617870e-02 
 963.000  6.7752579000e-01  2.1665016170e-02 
 964.000  6.6977370400e-01  2.1532226560e-02 
 965.000  6.7795942700e-01  2.1716140750e-02 
 966.000  6.5838728800e-01  2.1133771900e-02 
 967.000  6.7796799500e-01  2.2385154720e-02 
 968.000  6.7049775700e-01  2.3174674990e-02 
 969.000  6.7459799400e-01  2.3769826890e-02 
 970.000  6.7642837400e-01  2.3854526520e-02 
 971.000  6.7043589100e-01  2.3623138430e-02 
 972.000  6.7518434800e-01  2.3644214630e-02 
 973.000  6.6894455100e-01  2.3119285580e-02 
 974.000  6.5868720600e-01  2.2400970460e-02 
 975.000  6.6198077600e-01  2.2266645430e-02 
 976.000  6.6999304500e-01  2.2815509800e-02 
 977.000  6.5300619800e-01  2.2677694320e-02 
 978.000  6.6915591300e-01  2.3198949810e-02 
 979.000  6.4971140400e-01  2.2639656070e-02 
 980.000  6.5888285900e-01  2.3435438160e-02 
 981.000  6.6336583500e-01  2.3711023330e-02 
 982.000  6.6192949000e-01  2.3546075820e-02 
 983.000  6.6014032900e-01  2.3754072190e-02 
 984.000  6.5571942100e-01  2.3902458190e-02 
 985.000  6.5540689200e-01  2.4081232070e-02 
 986.000  6.5005841700e-01  2.4155233380e-02 
 987.000  6.5744862900e-01  2.4555551530e-02 
 988.000  6.4934183800e-01  2.4276624680e-02 
 989.000  6.4109728800e-01  2.3979900360e-02 
 990.000  6.4655870900e-01  2.4208829880e-02 
 991.000  6.5180594000e-01  2.4494148250e-02 
 992.000  6.4576851600e-01  2.4268573760e-02 
 993.000  6.4572633900e-01  2.4245445250e-02 
 994.000  6.4895882800e-01  2.4435428620e-02 
 995.000  6.4413908200e-01  2.4314157490e-02 
 996.000  6.4403158000e-01  2.4273233410e-02 
 997.000  6.4474552100e-01  2.4203722000e-02 
 998.000  6.4238236900e-01  2.4031318660e-02 
 999.000  6.4081114100e-01  2.3915172580e-02 
1000.000  6.3569541900e-01  2.3707378390e-02 
1001.000  6.3930741600e-01  2.3716529850e-02 
1002.000  6.3870379500e-01  2.3505222320e-02 
1003.000  6.3117461700e-01  2.3262914660e-02 
1004.000  6.2574233200e-01  2.3157306670e-02 
1005.000  5.8459814700e-01  2.1673425670e-02 
1006.000  6.1507667000e-01  2.2813343050e-02 
1007.000  6.2633894600e-01  2.3189926150e-02 
1008.000  6.2922953000e-01  2.3147396090e-02 
1009.000  6.2572424900e-01  2.2836894990e-02 
1010.000  6.2791731000e-01  2.2988016130e-02 
1011.000  6.2419897900e-01  2.3042572020e-02 
1012.000  6.2424121800e-01  2.3119501110e-02 
1013.000  6.1962230400e-01  2.3009477620e-02 
1014.000  6.2352534200e-01  2.3212312700e-02 
1015.000  6.1200595600e-01  2.2822158810e-02 
1016.000  6.1586738000e-01  2.3030450820e-02 
1017.000  6.0973661900e-01  2.2837322240e-02 
1018.000  6.1780227600e-01  2.3149028780e-02 
1019.000  6.0392481100e-01  2.2585519790e-02 
1020.000  6.0257733700e-01  2.2527147290e-02 
1021.000  6.0840396800e-01  2.2728488920e-02 
1022.000  5.9956261500e-01  2.2238046650e-02 
1023.000  6.1133187600e-01  2.2531497960e-02 
1024.000  6.0838740100e-01  2.2312274930e-02 
1025.000  6.0766579300e-01  2.2343782420e-02 
1026.000  6.0813143000e-01  2.2400365830e-02 
1027.000  6.0456809900e-01  2.2283729550e-02 
1028.000  6.0589942200e-01  2.2395063400e-02 
1029.000  5.9644050800e-01  2.2136051180e-02 
1030.000  6.0219172800e-01  2.2455516820e-02 
1031.000  6.0016368900e-01  2.2457454680e-02 
1032.000  5.9794879900e-01  2.2427045820e-02 
1033.000  5.8691109200e-01  2.1994461060e-02 
1034.000  5.9305417500e-01  2.2216964720e-02 
1035.000  5.8666062100e-01  2.1968009950e-02 
1036.000  5.9435872600e-01  2.2218801500e-02 
1037.000  5.8183526300e-01  2.1728431700e-02 
1038.000  5.8755364000e-01  2.1920072560e-02 
1039.000  5.9006413200e-01  2.1980930330e-02 
1040.000  5.8317018800e-01  2.1693702700e-02 
1041.000  5.8630191000e-01  2.1782100680e-02 
1042.000  5.8807126100e-01  2.1823434830e-02 
1043.000  5.7793439800e-01  2.1424886700e-02 
1044.000  5.8375293000e-01  2.1613878250e-02 
1045.000  5.8141916600e-01  2.1556291580e-02 
1046.000  5.6461887600e-01  2.0973133090e-02 
1047.000  5.7513423200e-01  2.1402444840e-02 
1048.000  5.8102575100e-01  2.1662076950e-02 
1049.000  5.7745958300e-01  2.1571573260e-02 
1050.000  5.7419455300e-01  2.1480920790e-02 
1051.000  5.7452312400e-01  2.1462627410e-02 
1052.000  5.7202056600e-01  2.1329002380e-02 
1053.000  5.7230050300e-01  2.1314752580e-02 
1054.000  5.6670251700e-01  2.1056646350e-02 
1055.000  5.7115004200e-01  2.1172966000e-02 
1056.000  5.6986784900e-01  2.1083068850e-02 
1057.000  5.6944614300e-01  2.1018207550e-02 
1058.000  5.6448684300e-01  2.0760522840e-02 
1059.000  5.4667899700e-01  2.0128040310e-02 
1060.000  5.6587938400e-01  2.0899784090e-02 
1061.000  5.4617099100e-01  2.0176076890e-02 
1062.000  5.6194025400e-01  2.0718318940e-02 
1063.000  5.5267233100e-01  2.0347602840e-02 
1064.000  5.6010003700e-01  2.0531736370e-02 
1065.000  5.6001107600e-01  2.0428295140e-02 
1066.000  5.4280317600e-01  1.9762708660e-02 
1067.000  5.5598800800e-01  2.0187244420e-02 
1068.000  5.5464643300e-01  2.0001184460e-02 
1069.000  5.1327679900e-01  1.8450899120e-02 
1070.000  5.4359758200e-01  1.9582820890e-02 
1071.000  5.4500653400e-01  1.9614013670e-02 
1072.000  5.4736959700e-01  1.9680980680e-02 
1073.000  5.2945773300e-01  1.9061237340e-02 
1074.000  5.4793748900e-01  1.9770679470e-02 
1075.000  5.3018725300e-01  1.9236314770e-02 
1076.000  5.4232444300e-01  1.9642543790e-02 
1077.000  5.4173943900e-01  1.9572067260e-02 
1078.000  5.4386544600e-01  1.9591625210e-02 
1079.000  5.2302924400e-01  1.8846967700e-02 
1080.000  5.4043674600e-01  1.9309171680e-02 
1081.000  5.2065263500e-01  1.8586088180e-02 
1082.000  5.2648978600e-01  1.8825105670e-02 
1083.000  5.1320797200e-01  1.8219175340e-02 
1084.000  5.3383498100e-01  1.8814832690e-02 
1085.000  5.2922606200e-01  1.8408668520e-02 
1086.000  5.3557492000e-01  1.8632263180e-02 
1087.000  5.0028377400e-01  1.7590927120e-02 
1088.000  5.3050277700e-01  1.8707731250e-02 
1089.000  5.1328047100e-01  1.7872882840e-02 
1090.000  5.2501520900e-01  1.8272003170e-02 
1091.000  5.2782007000e-01  1.8462936400e-02 
1092.000  5.1705764800e-01  1.8005111690e-02 
1093.000  5.1392510600e-01  1.7665191650e-02 
1094.000  4.6890621500e-01  1.5987185480e-02 
1095.000  5.0732196900e-01  1.7278089520e-02 
1096.000  5.0805597800e-01  1.7286821370e-02 
1097.000  4.9884993700e-01  1.6880435940e-02 
1098.000  4.9789844000e-01  1.6236150740e-02 
1099.000  5.0238772900e-01  1.5833786010e-02 
1100.000  5.1080099900e-01  1.6133382800e-02 
1101.000  5.0921912800e-01  1.6152454380e-02 
1102.000  4.8829789800e-01  1.5449437140e-02 
1103.000  5.0733843000e-01  1.6092859270e-02 
1104.000  5.0409284600e-01  1.5898001670e-02 
1105.000  5.0445291600e-01  1.5692990300e-02 
1106.000  5.0134247500e-01  1.5397323610e-02 
1107.000  5.0044361100e-01  1.5406748770e-02 
1108.000  4.9860382400e-01  1.5369948390e-02 
1109.000  4.9991973100e-01  1.5559313770e-02 
1110.000  5.0248493900e-01  1.5589468000e-02 
1111.000  4.9644812900e-01  1.5295413020e-02 
1112.000  4.9203348300e-01  1.4765335080e-02 
1113.000  4.9030742900e-01  1.4238048550e-02 
1114.000  4.9561635400e-01  1.4243229870e-02 
1115.000  4.9062366300e-01  1.3631263730e-02 
1116.000  4.8441489600e-01  1.3209255220e-02 
1117.000  4.9015866400e-01  1.2857347490e-02 
1118.000  4.8502288800e-01  1.2307865140e-02 
1119.000  4.7145531100e-01  1.1777695660e-02 
1120.000  4.7240587400e-01  1.1590318680e-02 
1121.000  4.7541053800e-01  1.1620557790e-02 
1122.000  4.7320406400e-01  1.1358439450e-02 
1123.000  4.7542770400e-01  1.1532303810e-02 
1124.000  4.7634493200e-01  1.1634946820e-02 
1125.000  4.6641970600e-01  1.1353415490e-02 
1126.000  4.5749737500e-01  1.1120669360e-02 
1127.000  4.7298522300e-01  1.1513286590e-02 
1128.000  4.6433828700e-01  1.1334041600e-02 
1129.000  4.6723766200e-01  1.1614768030e-02 
1130.000  4.6815749100e-01  1.2183317180e-02 
1131.000  4.7328960100e-01  1.2484081270e-02 
1132.000  4.7428821300e-01  1.2276577000e-02 
1133.000  4.6203400400e-01  1.1567959790e-02 
1134.000  4.5663042900e-01  1.0802510260e-02 
1135.000  4.6261292600e-01  1.0988498690e-02 
1136.000  4.6453602100e-01  1.1678199770e-02 
1137.000  4.7133821900e-01  1.2255355830e-02 
1138.000  4.5527555600e-01  1.2257099150e-02 
1139.000  4.6549358300e-01  1.2693177220e-02 
1140.000  4.6671983300e-01  1.2636617660e-02 
1141.000  4.5322686200e-01  1.2107524870e-02 
1142.000  4.6549356500e-01  1.2371852870e-02 
1143.000  4.5711250200e-01  1.1960924150e-02 
1144.000  4.5383572600e-01  1.1674495700e-02 
1145.000  4.5645370200e-01  1.1470187190e-02 
1146.000  4.6113004700e-01  1.1647228240e-02 
1147.000  4.6347044700e-01  1.1925468440e-02 
1148.000  4.5906320400e-01  1.2015906330e-02 
1149.000  4.6053749800e-01  1.2140227320e-02 
1150.000  4.5858280100e-01  1.2103116040e-02 
1151.000  4.5723677900e-01  1.2210166930e-02 
1152.000  4.5638302400e-01  1.2259042740e-02 
1153.000  4.5558663900e-01  1.2343744280e-02 
1154.000  4.5906429600e-01  1.2420538900e-02 
1155.000  4.6064497800e-01  1.2682879450e-02 
1156.000  4.5440174600e-01  1.2760133740e-02 
1157.000  4.5866281100e-01  1.3459529880e-02 
1158.000  4.5873567400e-01  1.3772295950e-02 
1159.000  4.5224918400e-01  1.3878294940e-02 
1160.000  4.4650388800e-01  1.3840159420e-02 
1161.000  4.3687463700e-01  1.3865728380e-02 
1162.000  4.5269035200e-01  1.4641466140e-02 
1163.000  4.5456947300e-01  1.5021309850e-02 
1164.000  4.4533710000e-01  1.4780852320e-02 
1165.000  4.5393204000e-01  1.5118861200e-02 
1166.000  4.4215696900e-01  1.4807643890e-02 
1167.000  4.4932910100e-01  1.5099208830e-02 
1168.000  4.5325585000e-01  1.5218461990e-02 
1169.000  4.3758252300e-01  1.4741693500e-02 
1170.000  4.4935020100e-01  1.5182026860e-02 
1171.000  4.5142953200e-01  1.5353559490e-02 
1172.000  4.5001560100e-01  1.5245512010e-02 
1173.000  4.4688115300e-01  1.5083058360e-02 
1174.000  4.4710750600e-01  1.5093166350e-02 
1175.000  4.4187394000e-01  1.5067817690e-02 
1176.000  4.3120651400e-01  1.4842809680e-02 
1177.000  4.4451996400e-01  1.5229163170e-02 
1178.000  4.3701094700e-01  1.4832672120e-02 
1179.000  4.3505132700e-01  1.4764759060e-02 
1180.000  4.4115824600e-01  1.4919738770e-02 
1181.000  4.3890385500e-01  1.4717782020e-02 
1182.000  4.3945925200e-01  1.4607240680e-02 
1183.000  4.1394354900e-01  1.3768246650e-02 
1184.000  4.3260018600e-01  1.4454230310e-02 
1185.000  4.3832437300e-01  1.4815855980e-02 
1186.000  4.3571420600e-01  1.4670041080e-02 
1187.000  4.3587016800e-01  1.4492478370e-02 
1188.000  4.3363248200e-01  1.4361620900e-02 
1189.000  4.0826429100e-01  1.3601232530e-02 
1190.000  4.2834045500e-01  1.4513457300e-02 
1191.000  4.3502005600e-01  1.4787720680e-02 
1192.000  4.3265142600e-01  1.4793622970e-02 
1193.000  4.3281844400e-01  1.4734880450e-02 
1194.000  4.3200316000e-01  1.4680439000e-02 
1195.000  4.2716065500e-01  1.4400784490e-02 
1196.000  4.2689069500e-01  1.4406945230e-02 
1197.000  4.2677851500e-01  1.4347135540e-02 
1198.000  4.1244352300e-01  1.3852271080e-02 
1199.000  3.9711674000e-01  1.3273002620e-02 
1200.000  4.2215018300e-01  1.4144702910e-02 
1201.000  4.2517815400e-01  1.4264090540e-02 
1202.000  4.2599388600e-01  1.4311894420e-02 
1203.000  4.0520271900e-01  1.3585301400e-02 
1204.000  4.1191727300e-01  1.3841593740e-02 
1205.000  4.2147253900e-01  1.4362298010e-02 
1206.000  4.1890830800e-01  1.4369077680e-02 
1207.000  4.2172161400e-01  1.4505331040e-02 
1208.000  4.1558242300e-01  1.4264966960e-02 
1209.000  3.8961764300e-01  1.3327212330e-02 
1210.000  4.1690126800e-01  1.4181253430e-02 
1211.000  4.0297451200e-01  1.3698576930e-02 
1212.000  4.1559130900e-01  1.4156727790e-02 
1213.000  4.1712778500e-01  1.4298126220e-02 
1214.000  4.1534207600e-01  1.4234355930e-02 
1215.000  4.1676940900e-01  1.4322693820e-02 
1216.000  4.1553637100e-01  1.4419005390e-02 
1217.000  4.1467208100e-01  1.4503363610e-02 
1218.000  4.1322107100e-01  1.4499056820e-02 
1219.000  4.0935316700e-01  1.4386211400e-02 
1220.000  4.1210498900e-01  1.4472128870e-02 
1221.000  4.1125197300e-01  1.4443519590e-02 
1222.000  4.0897361000e-01  1.4356516840e-02 
1223.000  4.0697163100e-01  1.4309806820e-02 
1224.000  4.0991317500e-01  1.4504633900e-02 
1225.000  4.0758883300e-01  1.4451207160e-02 
1226.000  4.0891794600e-01  1.4536091800e-02 
1227.000  3.9488573000e-01  1.4092050550e-02 
1228.000  4.0698635000e-01  1.4591353420e-02 
1229.000  4.0631110200e-01  1.4614193920e-02 
1230.000  4.0468131300e-01  1.4611151700e-02 
1231.000  4.0454838600e-01  1.4639632230e-02 
1232.000  3.9994824100e-01  1.4486971860e-02 
1233.000  4.0306871300e-01  1.4609073640e-02 
1234.000  4.0160166500e-01  1.4630564690e-02 
1235.000  3.9872762400e-01  1.4548996930e-02 
1236.000  4.0098763900e-01  1.4638340950e-02 
1237.000  4.0088164100e-01  1.4659591670e-02 
1238.000  4.0059717100e-01  1.4656041150e-02 
1239.000  3.9601275700e-01  1.4490281110e-02 
1240.000  3.9423511800e-01  1.4459502220e-02 
1241.000  3.9784344300e-01  1.4619471550e-02 
1242.000  3.9562416300e-01  1.4562586780e-02 
1243.000  3.9129301300e-01  1.4428957940e-02 
1244.000  3.8794371700e-01  1.4319370270e-02 
1245.000  3.9472410600e-01  1.4579813000e-02 
1246.000  3.9178976400e-01  1.4426185610e-02 
1247.000  3.9000199300e-01  1.4313961980e-02 
1248.000  3.9316999000e-01  1.4381339070e-02 
1249.000  3.9183887500e-01  1.4295282360e-02 
1250.000  3.9044410300e-01  1.4198637010e-02 
1251.000  3.8791200900e-01  1.4072391510e-02 
1252.000  3.8691456900e-01  1.3997607230e-02 
1253.000  3.8389010400e-01  1.3847826000e-02 
1254.000  3.8521648100e-01  1.3824428560e-02 
1255.000  3.8480481600e-01  1.3759531970e-02 
1256.000  3.8421021500e-01  1.3695492740e-02 
1257.000  3.8009480600e-01  1.3466861720e-02 
1258.000  3.8208669300e-01  1.3394970890e-02 
1259.000  3.7818949300e-01  1.3139764790e-02 
1260.000  3.7900502500e-01  1.3044069290e-02 
1261.000  3.7855752000e-01  1.2901302340e-02 
1262.000  3.7045577000e-01  1.2462672230e-02 
1263.000  3.7494857600e-01  1.2587852480e-02 
1264.000  3.6911062230e-01  1.2383058550e-02 
1265.000  3.6978298570e-01  1.2413578990e-02 
1266.000  3.7217062600e-01  1.2461890220e-02 
1267.000  3.6520031900e-01  1.2193856240e-02 
1268.000  3.6160307800e-01  1.2027958870e-02 
1269.000  3.6498766010e-01  1.2119438170e-02 
1270.000  3.6900025660e-01  1.2396840100e-02 
1271.000  3.7104979050e-01  1.2535622600e-02 
1272.000  3.6995240420e-01  1.2564840320e-02 
1273.000  3.6963443830e-01  1.2622762680e-02 
1274.000  3.6742726510e-01  1.2621308330e-02 
1275.000  3.6959004650e-01  1.2725173950e-02 
1276.000  3.7018391370e-01  1.2756930350e-02 
1277.000  3.6990726590e-01  1.2745780940e-02 
1278.000  3.6884722870e-01  1.2705044750e-02 
1279.000  3.6637841130e-01  1.2641750340e-02 
1280.000  3.6421452050e-01  1.2653296470e-02 
1281.000  3.5382684510e-01  1.2374876020e-02 
1282.000  3.1420550250e-01  1.1061761860e-02 
1283.000  3.4483514920e-01  1.2197361950e-02 
1284.000  3.5906417680e-01  1.2736563680e-02 
1285.000  3.6169850340e-01  1.2849081990e-02 
1286.000  3.6157912960e-01  1.2813304900e-02 
1287.000  3.6379004410e-01  1.2837010380e-02 
1288.000  3.6150939200e-01  1.2580657960e-02 
1289.000  3.6366462690e-01  1.2604043960e-02 
1290.000  3.5533171210e-01  1.2299410820e-02 
1291.000  3.6019611500e-01  1.2456839560e-02 
1292.000  3.6169891060e-01  1.2535905840e-02 
1293.000  3.6202209190e-01  1.2517045020e-02 
1294.000  3.5627624530e-01  1.2212369920e-02 
1295.000  3.6011161280e-01  1.2209999080e-02 
1296.000  3.6037635490e-01  1.2117371560e-02 
1297.000  3.5815457120e-01  1.1982338910e-02 
1298.000  3.5495389970e-01  1.1881320000e-02 
1299.000  3.5851769200e-01  1.2004551890e-02 
1300.000  3.5707848980e-01  1.1960481640e-02 
1301.000  3.5651067990e-01  1.1919285770e-02 
1302.000  3.5193531710e-01  1.1683714870e-02 
1303.000  3.5004429960e-01  1.1446531300e-02 
1304.000  3.5027400930e-01  1.1364184380e-02 
1305.000  3.5242931620e-01  1.1384187700e-02 
1306.000  3.5276672800e-01  1.1340909000e-02 
1307.000  3.5172441600e-01  1.1266825680e-02 
1308.000  3.5142404410e-01  1.1166623120e-02 
1309.000  3.5111145810e-01  1.1031040190e-02 
1310.000  3.4965253470e-01  1.0977228160e-02 
1311.000  3.4858235410e-01  1.0947513580e-02 
1312.000  3.4749647840e-01  1.0766540530e-02 
1313.000  3.3466184800e-01  1.0200715070e-02 
1314.000  3.4510806910e-01  1.0366121290e-02 
1315.000  3.3348779040e-01  1.0085547450e-02 
1316.000  3.4124568540e-01  1.0427927020e-02 
1317.000  3.4491664560e-01  1.0538610460e-02 
1318.000  3.4003603670e-01  1.0210525510e-02 
1319.000  3.4469350610e-01  1.0119408610e-02 
1320.000  3.4214875820e-01  9.8092060090e-03 
1321.000  3.4064545910e-01  9.6802778240e-03 
1322.000  3.3996531880e-01  9.7912330630e-03 
1323.000  3.4071791560e-01  9.9638347630e-03 
1324.000  3.4090040170e-01  1.0056223870e-02 
1325.000  3.3980986400e-01  9.9614009860e-03 
1326.000  3.3821932090e-01  9.7565174100e-03 
1327.000  3.3551886900e-01  9.3711786270e-03 
1328.000  3.3640182110e-01  9.1124858860e-03 
1329.000  3.2412512670e-01  8.3480987550e-03 
1330.000  3.2919544430e-01  8.3290281300e-03 
1331.000  3.3066273130e-01  8.2743024830e-03 
1332.000  3.2311662530e-01  8.1147689820e-03 
1333.000  3.3165705210e-01  8.4097948070e-03 
1334.000  3.3207285840e-01  8.5343256000e-03 
1335.000  3.3235712220e-01  8.6251468660e-03 
1336.000  3.2875964070e-01  8.5611581800e-03 
1337.000  3.2982388060e-01  8.6009569170e-03 
1338.000  3.2958081240e-01  8.6541070940e-03 
1339.000  3.2603935760e-01  8.5790395740e-03 
1340.000  3.2369912300e-01  8.5674076080e-03 
1341.000  3.2858548560e-01  8.6546163560e-03 
1342.000  3.2778080580e-01  8.6402034760e-03 
1343.000  3.2775190490e-01  8.4611454010e-03 
1344.000  3.2625330120e-01  8.2514486310e-03 
1345.000  3.2374959080e-01  7.8190741540e-03 
1346.000  3.1857722730e-01  7.5024518970e-03 
1347.000  3.1918122260e-01  7.3742012980e-03 
1348.000  3.1560304210e-01  7.1390738490e-03 
1349.000  3.1345979800e-01  7.0087184910e-03 
1350.000  3.0705907810e-01  6.7042522430e-03 
1351.000  3.0489037310e-01  6.5434451100e-03 
1352.000  3.0544640830e-01  6.3847246170e-03 
1353.000  2.9959260280e-01  6.0508837700e-03 
1354.000  2.9597225610e-01  5.8532614710e-03 
1355.000  2.9032897780e-01  5.6041674610e-03 
1356.000  2.8605515490e-01  5.3684973720e-03 
1357.000  2.7935301640e-01  5.0507707600e-03 
1358.000  2.7974944030e-01  4.8485317230e-03 
1359.000  2.7202963460e-01  4.3616962430e-03 
1360.000  2.6205859700e-01  3.9840402600e-03 
1361.000  2.6425532380e-01  3.8767023090e-03 
1362.000  2.6199144590e-01  3.8041453360e-03 
1363.000  2.6225536040e-01  4.0230255130e-03 
1364.000  2.6752729670e-01  4.1776509280e-03 
1365.000  2.6739086980e-01  4.2159066200e-03 
1366.000  2.6926849860e-01  4.3307938580e-03 
1367.000  2.6431799540e-01  4.1417098050e-03 
1368.000  2.6434107760e-01  4.0415272710e-03 
1369.000  2.5957874250e-01  3.9925293920e-03 
1370.000  2.6509183520e-01  4.3318314550e-03 
1371.000  2.7287449060e-01  4.8161406520e-03 
1372.000  2.8371734040e-01  5.3740863800e-03 
1373.000  2.8782146960e-01  5.6679873470e-03 
1374.000  2.9111017300e-01  5.8442811970e-03 
1375.000  2.8702181080e-01  5.8113102910e-03 
1376.000  2.8273119810e-01  5.6872692110e-03 
1377.000  2.8530907290e-01  5.6590781210e-03 
1378.000  2.8040993460e-01  5.4080090520e-03 
1379.000  2.7855389790e-01  5.1340298650e-03 
1380.000  2.6856185010e-01  4.6135654450e-03 
1381.000  2.6250593430e-01  4.1844792370e-03 
1382.000  2.5435956170e-01  3.8797986510e-03 
1383.000  2.5658425910e-01  3.8936860560e-03 
1384.000  2.6228265990e-01  4.2443947790e-03 
1385.000  2.6436799850e-01  4.4868669510e-03 
1386.000  2.7234833130e-01  4.8709425930e-03 
1387.000  2.7625505850e-01  5.3038749690e-03 
1388.000  2.8204548880e-01  5.5743556020e-03 
1389.000  2.8429121160e-01  5.6864790920e-03 
1390.000  2.7928074120e-01  5.6061973570e-03 
1391.000  2.8201486340e-01  5.6060805320e-03 
1392.000  2.7757285000e-01  5.3548045160e-03 
1393.000  2.7302709100e-01  5.1050410270e-03 
1394.000  2.6697525010e-01  4.8368806840e-03 
1395.000  2.6827560950e-01  4.9309129710e-03 
1396.000  2.7420665440e-01  5.2250542640e-03 
1397.000  2.7727536250e-01  5.4274888040e-03 
1398.000  2.7748679370e-01  5.4479532240e-03 
1399.000  2.7567378260e-01  5.3645071980e-03 
1400.000  2.6766968310e-01  5.1851167680e-03 
1401.000  2.6888104990e-01  5.2226352690e-03 
1402.000  2.7544612800e-01  5.4594178200e-03 
1403.000  2.7474747060e-01  5.5096468930e-03 
1404.000  2.7266349790e-01  5.4287276270e-03 
1405.000  2.7283174090e-01  5.4363522530e-03 
1406.000  2.7244566350e-01  5.3777475360e-03 
1407.000  2.7271638940e-01  5.3786711690e-03 
1408.000  2.7355922110e-01  5.4964666370e-03 
1409.000  2.7647545760e-01  5.6256127360e-03 
1410.000  2.7766706360e-01  5.7720880510e-03 
1411.000  2.7974030390e-01  5.8995070460e-03 
1412.000  2.6880818860e-01  5.6595726010e-03 
1413.000  2.7399888490e-01  5.7933936120e-03 
1414.000  2.7758312200e-01  5.8364143370e-03 
1415.000  2.7742170980e-01  5.8756942750e-03 
1416.000  2.7691355960e-01  5.9049754140e-03 
1417.000  2.7893437600e-01  5.9358620640e-03 
1418.000  2.7904397140e-01  5.9305615430e-03 
1419.000  2.7506908080e-01  5.8331527710e-03 
1420.000  2.7446565370e-01  5.8257842060e-03 
1421.000  2.7902123850e-01  5.9739699360e-03 
1422.000  2.7278730590e-01  5.8571953770e-03 
1423.000  2.7112549530e-01  5.8108148570e-03 
1424.000  2.7137091020e-01  5.7924990650e-03 
1425.000  2.7660732000e-01  5.8555598260e-03 
1426.000  2.6541421560e-01  5.6028718950e-03 
1427.000  2.6955601680e-01  5.7014784810e-03 
1428.000  2.7540594700e-01  5.8303308490e-03 
1429.000  2.6894712890e-01  5.6997771260e-03 
1430.000  2.6310467670e-01  5.5450558660e-03 
1431.000  2.6250086160e-01  5.4454412460e-03 
1432.000  2.6727229800e-01  5.4875249860e-03 
1433.000  2.6740798450e-01  5.4687166210e-03 
1434.000  2.6201834420e-01  5.3230123520e-03 
1435.000  2.6521529500e-01  5.4140071870e-03 
1436.000  2.6525104690e-01  5.4140157700e-03 
1437.000  2.6629870950e-01  5.4242944720e-03 
1438.000  2.6565088600e-01  5.4409627910e-03 
1439.000  2.6879156150e-01  5.4932866100e-03 
1440.000  2.5215326180e-01  5.1557455060e-03 
1441.000  2.6485981480e-01  5.4042906760e-03 
1442.000  2.5869302760e-01  5.2426495550e-03 
1443.000  2.6298851080e-01  5.3066692350e-03 
1444.000  2.6426724590e-01  5.3254194260e-03 
1445.000  2.6346961880e-01  5.2914729120e-03 
1446.000  2.6629792810e-01  5.3568019870e-03 
1447.000  2.6508065570e-01  5.3393754960e-03 
1448.000  2.6710705130e-01  5.3609223370e-03 
1449.000  2.6700036240e-01  5.3176884650e-03 
1450.000  2.6520392410e-01  5.2239928250e-03 
1451.000  2.6349348020e-01  5.1761369710e-03 
1452.000  2.6024993750e-01  5.1332249640e-03 
1453.000  2.6520361990e-01  5.2980837820e-03 
1454.000  2.6623382020e-01  5.3978257180e-03 
1455.000  2.6286662280e-01  5.3783359530e-03 
1456.000  2.6274688450e-01  5.4257225990e-03 
1457.000  2.6526580050e-01  5.4578843120e-03 
1458.000  2.6889268930e-01  5.5158839230e-03 
1459.000  2.6989148270e-01  5.4424705510e-03 
1460.000  2.6529928200e-01  5.2674455640e-03 
1461.000  2.6471990820e-01  5.1955118180e-03 
1462.000  2.6182897800e-01  5.0397996900e-03 
1463.000  2.6008140130e-01  4.9753971100e-03 
1464.000  2.5990936180e-01  4.9237580300e-03 
1465.000  2.6291617420e-01  4.9061589240e-03 
1466.000  2.5665329540e-01  4.7081913950e-03 
1467.000  2.6280523970e-01  4.7588443760e-03 
1468.000  2.5633684960e-01  4.5770149230e-03 
1469.000  2.5916273950e-01  4.5448460580e-03 
1470.000  2.5766791690e-01  4.4713172910e-03 
1471.000  2.5359395640e-01  4.4328575130e-03 
1472.000  2.5512642570e-01  4.5165586470e-03 
1473.000  2.5737158000e-01  4.6573271750e-03 
1474.000  2.5028544150e-01  4.6112875940e-03 
1475.000  2.5560720720e-01  4.6801815030e-03 
1476.000  2.5601112950e-01  4.6604156490e-03 
1477.000  2.5676222450e-01  4.6109375950e-03 
1478.000  2.5304801940e-01  4.4829659460e-03 
1479.000  2.5594677640e-01  4.4638752940e-03 
1480.000  2.5734886930e-01  4.4865832330e-03 
1481.000  2.5351248070e-01  4.4544305800e-03 
1482.000  2.5666931610e-01  4.5521426200e-03 
1483.000  2.5138219920e-01  4.4602832790e-03 
1484.000  2.5370610910e-01  4.4878916740e-03 
1485.000  2.5853467490e-01  4.5499510770e-03 
1486.000  2.5427511750e-01  4.5141682620e-03 
1487.000  2.5456578210e-01  4.6260681150e-03 
1488.000  2.2254177630e-01  4.0419263840e-03 
1489.000  2.5552497530e-01  4.7988128660e-03 
1490.000  2.5612024650e-01  4.9586563110e-03 
1491.000  2.5866553610e-01  5.1181321140e-03 
1492.000  2.5265481920e-01  5.0186853410e-03 
1493.000  2.5833303590e-01  5.2091317180e-03 
1494.000  2.5735093850e-01  5.1961474420e-03 
1495.000  2.5555043240e-01  5.2319607730e-03 
1496.000  2.4799341830e-01  5.2033314700e-03 
1497.000  2.5381804460e-01  5.3198399540e-03 
1498.000  2.5638835790e-01  5.4923677440e-03 
1499.000  2.5207625460e-01  5.5103549960e-03 
1500.000  2.5637472530e-01  5.6847834590e-03 
1501.000  2.5600885580e-01  5.6417379380e-03 
1502.000  2.5403195010e-01  5.5478854180e-03 
1503.000  2.2810508460e-01  4.9464378360e-03 
1504.000  2.3765046020e-01  5.1793260570e-03 
1505.000  2.3691218440e-01  5.2676076890e-03 
1506.000  2.4010588340e-01  5.3660216330e-03 
1507.000  2.5111875540e-01  5.7148795130e-03 
1508.000  2.4719722110e-01  5.6894192700e-03 
1509.000  2.4826522760e-01  5.7844495770e-03 
1510.000  2.5210191510e-01  5.9119014740e-03 
1511.000  2.5324855070e-01  5.9959473610e-03 
1512.000  2.4849434630e-01  5.9244608880e-03 
1513.000  2.4807804020e-01  5.9501605030e-03 
1514.000  2.4468204930e-01  5.8898539540e-03 
1515.000  2.4949046060e-01  6.0283880230e-03 
1516.000  2.4717538680e-01  5.9563641550e-03 
1517.000  2.4571159200e-01  5.9167065620e-03 
1518.000  2.5024015310e-01  6.0452394490e-03 
1519.000  2.4652668090e-01  5.9801816940e-03 
1520.000  2.4804330460e-01  6.0866775510e-03 
1521.000  2.4331843870e-01  6.0521540640e-03 
1522.000  2.4189452450e-01  6.0590491290e-03 
1523.000  2.4778208440e-01  6.2631859780e-03 
1524.000  2.4602336270e-01  6.2457909580e-03 
1525.000  2.4054067100e-01  6.1200332640e-03 
1526.000  2.4731631090e-01  6.2817306520e-03 
1527.000  2.4464349280e-01  6.2195196150e-03 
1528.000  2.4612717550e-01  6.2699084280e-03 
1529.000  2.4534833160e-01  6.2348370550e-03 
1530.000  2.2951567780e-01  5.8389906880e-03 
1531.000  2.4524125720e-01  6.2261576650e-03 
1532.000  2.4366803240e-01  6.1755490300e-03 
1533.000  2.4243707330e-01  6.1240234380e-03 
1534.000  2.3858439770e-01  6.0060930250e-03 
1535.000  2.3919862830e-01  6.0021224020e-03 
1536.000  2.4239718640e-01  6.1170253750e-03 
1537.000  2.4296002200e-01  6.1805338860e-03 
1538.000  2.3611509360e-01  6.0564312930e-03 
1539.000  2.4094303930e-01  6.2287673950e-03 
1540.000  2.3211456530e-01  6.0403833390e-03 
1541.000  2.3687698950e-01  6.1747198100e-03 
1542.000  2.3828568100e-01  6.2123641970e-03 
1543.000  2.3739931750e-01  6.1982712750e-03 
1544.000  2.4008450840e-01  6.2822437290e-03 
1545.000  2.4048606420e-01  6.3147387500e-03 
1546.000  2.4027926320e-01  6.3428149220e-03 
1547.000  2.3762708010e-01  6.3023848530e-03 
1548.000  2.3042169530e-01  6.1398797040e-03 
1549.000  2.3632741490e-01  6.3167834280e-03 
1550.000  2.3501532340e-01  6.2990374570e-03 
1551.000  2.3378504620e-01  6.2636790280e-03 
1552.000  2.3775891420e-01  6.3582100870e-03 
1553.000  2.3641752900e-01  6.3157691960e-03 
1554.000  2.2775524640e-01  6.0722999570e-03 
1555.000  2.3140799170e-01  6.1659379010e-03 
1556.000  2.2690269310e-01  6.0717182160e-03 
1557.000  2.3426814020e-01  6.3197288510e-03 
1558.000  2.3247362400e-01  6.3140935900e-03 
1559.000  2.3258471500e-01  6.3577327730e-03 
1560.000  2.2856832190e-01  6.2937355040e-03 
1561.000  2.3400636840e-01  6.4590272900e-03 
1562.000  2.3408153270e-01  6.4435224530e-03 
1563.000  2.3074147860e-01  6.3422098160e-03 
1564.000  2.2639834090e-01  6.2030816080e-03 
1565.000  2.3031214360e-01  6.2832455640e-03 
1566.000  2.2594810870e-01  6.1747655870e-03 
1567.000  2.2660062060e-01  6.1947407720e-03 
1568.000  2.2279100350e-01  6.0798063280e-03 
1569.000  2.2461943030e-01  6.1148161890e-03 
1570.000  2.1958175210e-01  5.9760460850e-03 
1571.000  2.2546545960e-01  6.1654348370e-03 
1572.000  2.2566809330e-01  6.1842236520e-03 
1573.000  2.2189148640e-01  6.1140646930e-03 
1574.000  2.2211314450e-01  6.1626582150e-03 
1575.000  2.0599253500e-01  5.7479796410e-03 
1576.000  2.2130424580e-01  6.1837148670e-03 
1577.000  1.9974193690e-01  5.5604257580e-03 
1578.000  2.1845977040e-01  6.0592598920e-03 
1579.000  2.1939366780e-01  6.0691242220e-03 
1580.000  2.2329977970e-01  6.1711239810e-03 
1581.000  2.2181907880e-01  6.1082267760e-03 
1582.000  2.1672120690e-01  6.0057234760e-03 
1583.000  2.1881040090e-01  6.1002826690e-03 
1584.000  2.1634805540e-01  6.0680103300e-03 
1585.000  2.2237216760e-01  6.2677521710e-03 
1586.000  2.1957903290e-01  6.2028241160e-03 
1587.000  2.1690371490e-01  6.1577563290e-03 
1588.000  2.1343380900e-01  6.0868158340e-03 
1589.000  1.9521965950e-01  5.5785627370e-03 
1590.000  2.1037296260e-01  6.0268454550e-03 
1591.000  2.0565949980e-01  5.9093208310e-03 
1592.000  2.1656770570e-01  6.2347650530e-03 
1593.000  2.2148569040e-01  6.3842058180e-03 
1594.000  2.1993109390e-01  6.3459062580e-03 
1595.000  2.2139595160e-01  6.3931179050e-03 
1596.000  2.0738930400e-01  6.0083551410e-03 
1597.000  2.1584777950e-01  6.2497863770e-03 
1598.000  2.1992086930e-01  6.3546471600e-03 
1599.000  2.1255862700e-01  6.1235852240e-03 
1600.000  2.1610091310e-01  6.2158408160e-03 
1601.000  2.0700385320e-01  5.9706645010e-03 
1602.000  2.1229733320e-01  6.1535663600e-03 
1603.000  2.1068702490e-01  6.1553502080e-03 
1604.000  2.1327436690e-01  6.2868714330e-03 
1605.000  2.1012109280e-01  6.2302284240e-03 
1606.000  2.0926557980e-01  6.2444105150e-03 
1607.000  2.1014524570e-01  6.2448678020e-03 
1608.000  2.1253959860e-01  6.2913713460e-03 
1609.000  2.1172252200e-01  6.2485446930e-03 
1610.000  1.9851122940e-01  5.8453402520e-03 
1611.000  2.0421810590e-01  6.0152630810e-03 
1612.000  2.0596440220e-01  6.0715126990e-03 
1613.000  2.1036052560e-01  6.2043590550e-03 
1614.000  2.0829596920e-01  6.1210756300e-03 
1615.000  2.1156038670e-01  6.2145729060e-03 
1616.000  1.9821843600e-01  5.8170604710e-03 
1617.000  2.0393158120e-01  6.0280857090e-03 
1618.000  2.1028565840e-01  6.2401981350e-03 
1619.000  2.0954141880e-01  6.2629346850e-03 
1620.000  2.0419078960e-01  6.1461939810e-03 
1621.000  2.0112987390e-01  6.0890560150e-03 
1622.000  2.0619240960e-01  6.2489361760e-03 
1623.000  2.1032085310e-01  6.3903036120e-03 
1624.000  2.1177435880e-01  6.4455132480e-03 
1625.000  2.0645603670e-01  6.3101773260e-03 
1626.000  2.0898760330e-01  6.3783273700e-03 
1627.000  2.0871797050e-01  6.3885955810e-03 
1628.000  2.1039516620e-01  6.4494652750e-03 
1629.000  2.1036466070e-01  6.4563355450e-03 
1630.000  2.0465336580e-01  6.2818384170e-03 
1631.000  2.0785418630e-01  6.3911185260e-03 
1632.000  2.0790664910e-01  6.3452887540e-03 
1633.000  2.0523099610e-01  6.2304673190e-03 
1634.000  2.0042862930e-01  6.0497279170e-03 
1635.000  2.0580225270e-01  6.1818814280e-03 
1636.000  2.0525752540e-01  6.1278657910e-03 
1637.000  1.9611916770e-01  5.8205170630e-03 
1638.000  1.9468613000e-01  5.7532463070e-03 
1639.000  1.9274630520e-01  5.6566095350e-03 
1640.000  1.9390245540e-01  5.6598248480e-03 
1641.000  1.9270249180e-01  5.6066999440e-03 
1642.000  1.9246209790e-01  5.6580414770e-03 
1643.000  1.9740868890e-01  5.8588290210e-03 
1644.000  1.9435385320e-01  5.8212161060e-03 
1645.000  1.9478687030e-01  5.8838257790e-03 
1646.000  1.9712785650e-01  6.0034699440e-03 
1647.000  1.9897875070e-01  6.0602364540e-03 
1648.000  1.9821040110e-01  6.0305495260e-03 
1649.000  1.9368207290e-01  5.8920712470e-03 
1650.000  1.9859006180e-01  6.0427780150e-03 
1651.000  1.9411549460e-01  5.9065995220e-03 
1652.000  1.9798974620e-01  6.0227313040e-03 
1653.000  1.9576654590e-01  5.9643626210e-03 
1654.000  1.9796292760e-01  6.0346035960e-03 
1655.000  1.9399525510e-01  5.9253535270e-03 
1656.000  1.9772193460e-01  6.0475788120e-03 
1657.000  1.9628824520e-01  6.0055508610e-03 
1658.000  1.9734849660e-01  6.0478510860e-03 
1659.000  1.9371357410e-01  5.9391975400e-03 
1660.000  1.9607761780e-01  6.0066347120e-03 
1661.000  1.9684649570e-01  6.0167012210e-03 
1662.000  1.9552430270e-01  5.9258365630e-03 
1663.000  1.9429369650e-01  5.8449559210e-03 
1664.000  1.9347084700e-01  5.7758288380e-03 
1665.000  1.9149592110e-01  5.6731433870e-03 
1666.000  1.9056365080e-01  5.6412391660e-03 
1667.000  1.9208641070e-01  5.7387566570e-03 
1668.000  1.8883195110e-01  5.6754927640e-03 
1669.000  1.8913421040e-01  5.7270507810e-03 
1670.000  1.9320644390e-01  5.8951573370e-03 
1671.000  1.9173105580e-01  5.8918123250e-03 
1672.000  1.8264987980e-01  5.6619153020e-03 
1673.000  1.8803107610e-01  5.8688750270e-03 
1674.000  1.8890453400e-01  5.9400873180e-03 
1675.000  1.8715355460e-01  5.9351863860e-03 
1676.000  1.8417289050e-01  5.8576221470e-03 
1677.000  1.8505840690e-01  5.8858981130e-03 
1678.000  1.8592640600e-01  5.9198832510e-03 
1679.000  1.8345437850e-01  5.8373532300e-03 
1680.000  1.7704532540e-01  5.6382517810e-03 
1681.000  1.7083896980e-01  5.4439554210e-03 
1682.000  1.7577273030e-01  5.6010789870e-03 
1683.000  1.8016591840e-01  5.7371959690e-03 
1684.000  1.8352721600e-01  5.8413310050e-03 
1685.000  1.8424623320e-01  5.8507075310e-03 
1686.000  1.8202359260e-01  5.7709951400e-03 
1687.000  1.8303934560e-01  5.7695117000e-03 
1688.000  1.8338141970e-01  5.7516574860e-03 
1689.000  1.8117138910e-01  5.6696672440e-03 
1690.000  1.8133473860e-01  5.6438055040e-03 
1691.000  1.8370789570e-01  5.7256441120e-03 
1692.000  1.8404199770e-01  5.7509942050e-03 
1693.000  1.8334193640e-01  5.7472558020e-03 
1694.000  1.8306457670e-01  5.7537708280e-03 
1695.000  1.8327409500e-01  5.7643375400e-03 
1696.000  1.8220226350e-01  5.7010135650e-03 
1697.000  1.8116133480e-01  5.6286077500e-03 
1698.000  1.8225458860e-01  5.6262183190e-03 
1699.000  1.8107714400e-01  5.5566778180e-03 
1700.000  1.7875604290e-01  5.4546236990e-03 
