 lambda   Irr_dw            Rad_up 
 550.000  1.5550692600e+00  5.7421718600e-02 
 551.000  1.5447871400e+00  5.6883773800e-02 
 552.000  1.6107255900e+00  5.9267303470e-02 
 553.000  1.5470860600e+00  5.6742958070e-02 
 554.000  1.5970883100e+00  5.8509574890e-02 
 555.000  1.6010703000e+00  5.8436191560e-02 
 556.000  1.5564796600e+00  5.6601352690e-02 
 557.000  1.5099243900e+00  5.4852199550e-02 
 558.000  1.5669123800e+00  5.6714519500e-02 
 559.000  1.4807538100e+00  5.3462005620e-02 
 560.000  1.4870114100e+00  5.3626316070e-02 
 561.000  1.6340819700e+00  5.8700080870e-02 
 562.000  1.5001367400e+00  5.3794361110e-02 
 563.000  1.5693990100e+00  5.6065464020e-02 
 564.000  1.5473875700e+00  5.5006755830e-02 
 565.000  1.5661415700e+00  5.5587238310e-02 
 566.000  1.4440434900e+00  5.1058570860e-02 
 567.000  1.5503073900e+00  5.4487300870e-02 
 568.000  1.5508833300e+00  5.3878795620e-02 
 569.000  1.5294826500e+00  5.1937301640e-02 
 570.000  1.5360137300e+00  5.2149715420e-02 
 571.000  1.4750437800e+00  5.0661354060e-02 
 572.000  1.5658902100e+00  5.3027584080e-02 
 573.000  1.5807457500e+00  5.3626766200e-02 
 574.000  1.5716784500e+00  5.3229393010e-02 
 575.000  1.5338506900e+00  5.1763877870e-02 
 576.000  1.5062342100e+00  5.0709636690e-02 
 577.000  1.5668941100e+00  5.2770561220e-02 
 578.000  1.5184346600e+00  5.1411117550e-02 
 579.000  1.5046105700e+00  5.0958862300e-02 
 580.000  1.5544665300e+00  5.2857219700e-02 
 581.000  1.5233354800e+00  5.1938232420e-02 
 582.000  1.5442919900e+00  5.2538925170e-02 
 583.000  1.5541955800e+00  5.2919208530e-02 
 584.000  1.5485347500e+00  5.2537006380e-02 
 585.000  1.5379179000e+00  5.2022041320e-02 
 586.000  1.4715136400e+00  4.9722846980e-02 
 587.000  1.5321271200e+00  5.1207679750e-02 
 588.000  1.5302548300e+00  4.9760673520e-02 
 589.000  1.3757552300e+00  4.3099483490e-02 
 590.000  1.4376760700e+00  4.4922809600e-02 
 591.000  1.5130057300e+00  4.8261051180e-02 
 592.000  1.4916182400e+00  4.6812816620e-02 
 593.000  1.4908754000e+00  4.7929775240e-02 
 594.000  1.5081677900e+00  4.8141399380e-02 
 595.000  1.4908140500e+00  4.6601486210e-02 
 596.000  1.5110533600e+00  4.8461402890e-02 
 597.000  1.5191085000e+00  4.8234928130e-02 
 598.000  1.4811754000e+00  4.7531860350e-02 
 599.000  1.4786963300e+00  4.7609962460e-02 
 600.000  1.4728021200e+00  4.7891242980e-02 
 601.000  1.4603745600e+00  4.7839939120e-02 
 602.000  1.4429054600e+00  4.7272583010e-02 
 603.000  1.4501440800e+00  4.7626003270e-02 
 604.000  1.4948154400e+00  4.9240306850e-02 
 605.000  1.4903842300e+00  4.8947750090e-02 
 606.000  1.4728874800e+00  4.8411689760e-02 
 607.000  1.4644233800e+00  4.8028556820e-02 
 608.000  1.4589232700e+00  4.7714408870e-02 
 609.000  1.4438608300e+00  4.7185062410e-02 
 610.000  1.4206386200e+00  4.6299537660e-02 
 611.000  1.4436192000e+00  4.6994152070e-02 
 612.000  1.4247782600e+00  4.6336227420e-02 
 613.000  1.4039274700e+00  4.5545848850e-02 
 614.000  1.3527487000e+00  4.3863464360e-02 
 615.000  1.4180809800e+00  4.5826805110e-02 
 616.000  1.3483388900e+00  4.3561611180e-02 
 617.000  1.3560230400e+00  4.3757198330e-02 
 618.000  1.4201072300e+00  4.5642414090e-02 
 619.000  1.4072783500e+00  4.5244594570e-02 
 620.000  1.4282884100e+00  4.5733821870e-02 
 621.000  1.4531566100e+00  4.6479171750e-02 
 622.000  1.3768330700e+00  4.3927623750e-02 
 623.000  1.3880535300e+00  4.4067268370e-02 
 624.000  1.3899951900e+00  4.4161777500e-02 
 625.000  1.3527762900e+00  4.2933902740e-02 
 626.000  1.3607004800e+00  4.2934329990e-02 
 627.000  1.3891617000e+00  4.3271522520e-02 
 628.000  1.3957159900e+00  4.1925418850e-02 
 629.000  1.4166107000e+00  4.3153762820e-02 
 630.000  1.3657681900e+00  4.1988807680e-02 
 631.000  1.4115574800e+00  4.3512054440e-02 
 632.000  1.3170032300e+00  4.0348548890e-02 
 633.000  1.4071333900e+00  4.3500946040e-02 
 634.000  1.3625522300e+00  4.2284084320e-02 
 635.000  1.3870458500e+00  4.3059181210e-02 
 636.000  1.3368241700e+00  4.1574710850e-02 
 637.000  1.3801183800e+00  4.2974201200e-02 
 638.000  1.3988497400e+00  4.3711921690e-02 
 639.000  1.3870090900e+00  4.3179885860e-02 
 640.000  1.3420666600e+00  4.2026306150e-02 
 641.000  1.3613014900e+00  4.2568496700e-02 
 642.000  1.3439549100e+00  4.2044746400e-02 
 643.000  1.3691360300e+00  4.2631668090e-02 
 644.000  1.3533529900e+00  4.2001422880e-02 
 645.000  1.3675761700e+00  4.2262187960e-02 
 646.000  1.3253688400e+00  3.9944660190e-02 
 647.000  1.3506281000e+00  4.0021823880e-02 
 648.000  1.3561948900e+00  3.9667419430e-02 
 649.000  1.3761967900e+00  4.0569881440e-02 
 650.000  1.2629302200e+00  3.8175010680e-02 
 651.000  1.3605240100e+00  4.1088615420e-02 
 652.000  1.3459626800e+00  3.9723545070e-02 
 653.000  1.3596257300e+00  4.1119667050e-02 
 654.000  1.3433957700e+00  4.0342720030e-02 
 655.000  1.3127849900e+00  3.9002613070e-02 
 656.000  1.1132224800e+00  3.3126312260e-02 
 657.000  1.1859049000e+00  3.5449966430e-02 
 658.000  1.3165618200e+00  3.9773262020e-02 
 659.000  1.3172199400e+00  3.9931838990e-02 
 660.000  1.3265089100e+00  4.0298248290e-02 
 661.000  1.3291097500e+00  4.0684520720e-02 
 662.000  1.3467879000e+00  4.1325946810e-02 
 663.000  1.3322223900e+00  4.0751167300e-02 
 664.000  1.3105481900e+00  4.0088275910e-02 
 665.000  1.3158867900e+00  4.0228649140e-02 
 666.000  1.3311705600e+00  4.0815406800e-02 
 667.000  1.3043428900e+00  3.9891498570e-02 
 668.000  1.3112122100e+00  4.0214004520e-02 
 669.000  1.3298137000e+00  4.0820831300e-02 
 670.000  1.3137884400e+00  4.0173221590e-02 
 671.000  1.2997066100e+00  3.9750484470e-02 
 672.000  1.2954077700e+00  3.9573547360e-02 
 673.000  1.3046166800e+00  3.9791278840e-02 
 674.000  1.3070892700e+00  3.9852149960e-02 
 675.000  1.2870568400e+00  3.9159038540e-02 
 676.000  1.3113037000e+00  3.9882747650e-02 
 677.000  1.2851505300e+00  3.9083362580e-02 
 678.000  1.3063504600e+00  3.9661586760e-02 
 679.000  1.2879416500e+00  3.9000770570e-02 
 680.000  1.2784898600e+00  3.8666889190e-02 
 681.000  1.2804742900e+00  3.8624431610e-02 
 682.000  1.2780305200e+00  3.8418846130e-02 
 683.000  1.2867236400e+00  3.8552749630e-02 
 684.000  1.2645074200e+00  3.7839984890e-02 
 685.000  1.2781835400e+00  3.8188545230e-02 
 686.000  1.2249866000e+00  3.6179450990e-02 
 687.000  1.2259884500e+00  3.2115074160e-02 
 688.000  1.2268924000e+00  3.3152095790e-02 
 689.000  1.2304371300e+00  3.3011138920e-02 
 690.000  1.2363828700e+00  3.3713306430e-02 
 691.000  1.2413449000e+00  3.4568283080e-02 
 692.000  1.2338730400e+00  3.4711772920e-02 
 693.000  1.2420311300e+00  3.4011943820e-02 
 694.000  1.2556706900e+00  3.3670635220e-02 
 695.000  1.2326760500e+00  3.3444030760e-02 
 696.000  1.2464822100e+00  3.4068424220e-02 
 697.000  1.2454082400e+00  3.5690155030e-02 
 698.000  1.2231342800e+00  3.4595932010e-02 
 699.000  1.2489825300e+00  3.3939018250e-02 
 700.000  1.2340403200e+00  3.3695991520e-02 
 701.000  1.2071300600e+00  3.2608039860e-02 
 702.000  1.2009156200e+00  3.2633129120e-02 
 703.000  1.2155016800e+00  3.4063095090e-02 
 704.000  1.2190734600e+00  3.4221961980e-02 
 705.000  1.2295180000e+00  3.4010269170e-02 
 706.000  1.2163878500e+00  3.3725799560e-02 
 707.000  1.1978325800e+00  3.3369850160e-02 
 708.000  1.2320883800e+00  3.4511337280e-02 
 709.000  1.1877544900e+00  3.3608280180e-02 
 710.000  1.2160097300e+00  3.3908138280e-02 
 711.000  1.2029936600e+00  3.3923259740e-02 
 712.000  1.1855807700e+00  3.3817729950e-02 
 713.000  1.1811858100e+00  3.3342071530e-02 
 714.000  1.2014880400e+00  3.3714687350e-02 
 715.000  1.1603768400e+00  3.2036064150e-02 
 716.000  1.1915518500e+00  3.2358764650e-02 
 717.000  1.1618286900e+00  2.9061285020e-02 
 718.000  1.1556739600e+00  2.7448558810e-02 
 719.000  1.1423697400e+00  2.6527599330e-02 
 720.000  1.1507032300e+00  2.6051879880e-02 
 721.000  1.1490394700e+00  2.9254217150e-02 
 722.000  1.1651380200e+00  3.0775497440e-02 
 723.000  1.1627660300e+00  2.9954759600e-02 
 724.000  1.1698141800e+00  2.8185564040e-02 
 725.000  1.1570469600e+00  2.8136117940e-02 
 726.000  1.1549274700e+00  2.7990348820e-02 
 727.000  1.1720123700e+00  2.8597970960e-02 
 728.000  1.1518791000e+00  2.7856920240e-02 
 729.000  1.1060931900e+00  2.7384670260e-02 
 730.000  1.1469716500e+00  2.8264862060e-02 
 731.000  1.1280561800e+00  2.7726938250e-02 
 732.000  1.1491838500e+00  2.9382738110e-02 
 733.000  1.1313190100e+00  3.0200086590e-02 
 734.000  1.1545278100e+00  3.1412130360e-02 
 735.000  1.1453195500e+00  3.0875103000e-02 
 736.000  1.1242998600e+00  2.9908605580e-02 
 737.000  1.1388845000e+00  3.0540683750e-02 
 738.000  1.1354305900e+00  3.0873437880e-02 
 739.000  1.0985624100e+00  3.0089548110e-02 
 740.000  1.1085356700e+00  3.0792024610e-02 
 741.000  1.0994601100e+00  3.0888799670e-02 
 742.000  1.0812997000e+00  3.0506559370e-02 
 743.000  1.1127529500e+00  3.1693626400e-02 
 744.000  1.1231806000e+00  3.2140533450e-02 
 745.000  1.0938548500e+00  3.1432012560e-02 
 746.000  1.1089863600e+00  3.1901264190e-02 
 747.000  1.1255933200e+00  3.2343669890e-02 
 748.000  1.1053688000e+00  3.1758897780e-02 
 749.000  1.1055620100e+00  3.1779930110e-02 
 750.000  1.0894151300e+00  3.1219156270e-02 
 751.000  1.0866134600e+00  3.1123268130e-02 
 752.000  1.1030669300e+00  3.1641418460e-02 
 753.000  1.0926275200e+00  3.1343313220e-02 
 754.000  1.1097351000e+00  3.1827573780e-02 
 755.000  1.1033670400e+00  3.1628419880e-02 
 756.000  1.0817620600e+00  3.0995878220e-02 
 757.000  1.0897591500e+00  3.1206758500e-02 
 758.000  1.0886243800e+00  3.1088596340e-02 
 759.000  1.0474169800e+00  2.7841098790e-02 
 760.000  8.2403090600e-01  1.3190093040e-02 
 761.000  7.9411002100e-01  1.1953958510e-02 
 762.000  9.2629653000e-01  1.9265506740e-02 
 763.000  9.1142794000e-01  1.7217140200e-02 
 764.000  9.3481248500e-01  1.8494649890e-02 
 765.000  9.8111908600e-01  2.1668745040e-02 
 766.000  9.7281981900e-01  2.4112226490e-02 
 767.000  1.0027007900e+00  2.6116355900e-02 
 768.000  1.0516296900e+00  2.8402315140e-02 
 769.000  1.0530849800e+00  2.9221446990e-02 
 770.000  1.0504071800e+00  2.9552389140e-02 
 771.000  1.0518546800e+00  2.9821092610e-02 
 772.000  1.0479741800e+00  2.9752092360e-02 
 773.000  1.0436589900e+00  2.9636976240e-02 
 774.000  1.0546721200e+00  2.9960334780e-02 
 775.000  1.0149461600e+00  2.8830493930e-02 
 776.000  1.0566725600e+00  3.0052371980e-02 
 777.000  1.0493539300e+00  2.9812864300e-02 
 778.000  1.0438071200e+00  2.9600267410e-02 
 779.000  1.0472830700e+00  2.9630720140e-02 
 780.000  1.0344066100e+00  2.9275699620e-02 
 781.000  1.0325452000e+00  2.9210275650e-02 
 782.000  1.0450811700e+00  2.9476490020e-02 
 783.000  1.0207387100e+00  2.8868726730e-02 
 784.000  1.0266484300e+00  2.8975769040e-02 
 785.000  1.0300241300e+00  2.8851150510e-02 
 786.000  1.0131573400e+00  2.8222696300e-02 
 787.000  1.0300479100e+00  2.8199800490e-02 
 788.000  1.0155772400e+00  2.7626071930e-02 
 789.000  1.0247143760e+00  2.7214754100e-02 
 790.000  1.0146661310e+00  2.6844291690e-02 
 791.000  1.0089327260e+00  2.6813770290e-02 
 792.000  9.9247544400e-01  2.6414402010e-02 
 793.000  9.9044323700e-01  2.6583784100e-02 
 794.000  9.7765034300e-01  2.6820075990e-02 
 795.000  9.7394638900e-01  2.6242084500e-02 
 796.000  9.9466222100e-01  2.6063482280e-02 
 797.000  9.9980373900e-01  2.6439205170e-02 
 798.000  9.9777327800e-01  2.6886159900e-02 
 799.000  9.9757962700e-01  2.6694067000e-02 
 800.000  9.7343371700e-01  2.5643987660e-02 
 801.000  9.9145246700e-01  2.6152341840e-02 
 802.000  9.8968474600e-01  2.6016374590e-02 
 803.000  9.7537428600e-01  2.5704401020e-02 
 804.000  9.8336378800e-01  2.6137741090e-02 
 805.000  9.5490139700e-01  2.5744186400e-02 
 806.000  9.7983756100e-01  2.6579301830e-02 
 807.000  9.7377307100e-01  2.6452068330e-02 
 808.000  9.6862711600e-01  2.6133094790e-02 
 809.000  9.5282416400e-01  2.5526704790e-02 
 810.000  9.4919170100e-01  2.5225654600e-02 
 811.000  9.6561281800e-01  2.5329408650e-02 
 812.000  9.6385285600e-01  2.4922084810e-02 
 813.000  9.6132364200e-01  2.4332651140e-02 
 814.000  9.6195996900e-01  2.3863771440e-02 
 815.000  9.5374408300e-01  2.3065795900e-02 
 816.000  9.4766412900e-01  2.2208019260e-02 
 817.000  9.5324808900e-01  2.2352832790e-02 
 818.000  9.4724993400e-01  2.2180343630e-02 
 819.000  9.2109708200e-01  2.1852230070e-02 
 820.000  9.0145764600e-01  2.2140510560e-02 
 821.000  9.2926150800e-01  2.3739315030e-02 
 822.000  9.0464407800e-01  2.2294969560e-02 
 823.000  9.2087259000e-01  2.0941638950e-02 
 824.000  9.3145188700e-01  2.2676856990e-02 
 825.000  9.2753501800e-01  2.3848201750e-02 
 826.000  9.3383876900e-01  2.3729818340e-02 
 827.000  9.3118701900e-01  2.3470571520e-02 
 828.000  9.3106316800e-01  2.2696538930e-02 
 829.000  9.2999120700e-01  2.2887735370e-02 
 830.000  9.1451844000e-01  2.2798921590e-02 
 831.000  8.9829137600e-01  2.2448123930e-02 
 832.000  9.1658768500e-01  2.2902719500e-02 
 833.000  8.8763221600e-01  2.2443376540e-02 
 834.000  9.0011269500e-01  2.2978956220e-02 
 835.000  9.0005902000e-01  2.3287437440e-02 
 836.000  9.1118890500e-01  2.3569314960e-02 
 837.000  9.0375213000e-01  2.3318284990e-02 
 838.000  9.0597807500e-01  2.3620121000e-02 
 839.000  8.7704924400e-01  2.2965827940e-02 
 840.000  9.0026985000e-01  2.3560432430e-02 
 841.000  9.0358630800e-01  2.3472442630e-02 
 842.000  8.9710547500e-01  2.3403150560e-02 
 843.000  8.8887131900e-01  2.3621660230e-02 
 844.000  8.7317946500e-01  2.3373258590e-02 
 845.000  8.8595562000e-01  2.3787143710e-02 
 846.000  8.9330980200e-01  2.4126140590e-02 
 847.000  8.6191947800e-01  2.3429704670e-02 
 848.000  8.8842028500e-01  2.3944852830e-02 
 849.000  8.8993596300e-01  2.4087564470e-02 
 850.000  7.6993553600e-01  2.0688108440e-02 
 851.000  8.8277825000e-01  2.3576272960e-02 
 852.000  8.4926134100e-01  2.2747631070e-02 
 853.000  8.5796066700e-01  2.3034030910e-02 
 854.000  6.8983313500e-01  1.8548044200e-02 
 855.000  7.5884513600e-01  2.0511581420e-02 
 856.000  8.5975053500e-01  2.3290594100e-02 
 857.000  8.7285753100e-01  2.3798542020e-02 
 858.000  8.5857062900e-01  2.3409078600e-02 
 859.000  8.5769720700e-01  2.3445175170e-02 
 860.000  8.4965382700e-01  2.3313730240e-02 
 861.000  8.4950258400e-01  2.3289396290e-02 
 862.000  8.4649339100e-01  2.3148500440e-02 
 863.000  8.6266996400e-01  2.3688575740e-02 
 864.000  8.6079497400e-01  2.3495059970e-02 
 865.000  8.4464384600e-01  2.3182895660e-02 
 866.000  7.0847181700e-01  1.9487882610e-02 
 867.000  7.5449416700e-01  2.0550096510e-02 
 868.000  8.1828851100e-01  2.2371784210e-02 
 869.000  8.0678571100e-01  2.2047052380e-02 
 870.000  8.4012171900e-01  2.3069150920e-02 
 871.000  8.3891884100e-01  2.2965911870e-02 
 872.000  8.3545536300e-01  2.2648130420e-02 
 873.000  8.3893966000e-01  2.2862937930e-02 
 874.000  8.2063205300e-01  2.2279459000e-02 
 875.000  8.1312309900e-01  2.2215187070e-02 
 876.000  8.2008739500e-01  2.2318614960e-02 
 877.000  8.3655179300e-01  2.2616573330e-02 
 878.000  8.2278445000e-01  2.2306224820e-02 
 879.000  8.2474321000e-01  2.2410722730e-02 
 880.000  8.2048946300e-01  2.2103866580e-02 
 881.000  7.7811776100e-01  2.0998464580e-02 
 882.000  8.2137792700e-01  2.1968410490e-02 
 883.000  8.0240078800e-01  2.1639932630e-02 
 884.000  8.0912850100e-01  2.2026172640e-02 
 885.000  8.1847599900e-01  2.1811464310e-02 
 886.000  7.9297991000e-01  2.1147773740e-02 
 887.000  7.8390977900e-01  2.0896152500e-02 
 888.000  8.0746498000e-01  2.1340024950e-02 
 889.000  8.1257966300e-01  2.1752204900e-02 
 890.000  8.1075142500e-01  2.1602825160e-02 
 891.000  8.0771265100e-01  2.1284469600e-02 
 892.000  8.0706239200e-01  2.1016155240e-02 
 893.000  7.8147485300e-01  1.9476957320e-02 
 894.000  8.0989640100e-01  1.9907236100e-02 
 895.000  7.7490550200e-01  1.8360113140e-02 
 896.000  8.0567740100e-01  1.8212572100e-02 
 897.000  7.8711346500e-01  1.7264257430e-02 
 898.000  7.8846867700e-01  1.6899311070e-02 
 899.000  7.8776009600e-01  1.5968132020e-02 
 900.000  7.6808794200e-01  1.5579305650e-02 
 901.000  7.5163283000e-01  1.5060408590e-02 
 902.000  7.3779919800e-01  1.4821378710e-02 
 903.000  7.7389250300e-01  1.6888446810e-02 
 904.000  7.8826722200e-01  1.8032501220e-02 
 905.000  7.8617373600e-01  1.8219118120e-02 
 906.000  7.6535233000e-01  1.7197309490e-02 
 907.000  7.7832325000e-01  1.6462722780e-02 
 908.000  7.5928421500e-01  1.5378055570e-02 
 909.000  7.4438924000e-01  1.5079571720e-02 
 910.000  7.5319405900e-01  1.5336878780e-02 
 911.000  7.5119617500e-01  1.5856445310e-02 
 912.000  7.5282401500e-01  1.5464414600e-02 
 913.000  7.7044365900e-01  1.5043231010e-02 
 914.000  7.6548527100e-01  1.5296070100e-02 
 915.000  7.5284944600e-01  1.5553840640e-02 
 916.000  7.6120695800e-01  1.5746427540e-02 
 917.000  7.4929301600e-01  1.5655621530e-02 
 918.000  7.4548912000e-01  1.5808788300e-02 
 919.000  7.5532225700e-01  1.7184478760e-02 
 920.000  7.4811351700e-01  1.7380628590e-02 
 921.000  7.3173969600e-01  1.6844324110e-02 
 922.000  7.2518695900e-01  1.6779569630e-02 
 923.000  6.9478954300e-01  1.5565848350e-02 
 924.000  7.2418606600e-01  1.6116052630e-02 
 925.000  7.3379854100e-01  1.6222625730e-02 
 926.000  7.0759866700e-01  1.5482001300e-02 
 927.000  7.3395946100e-01  1.5831042290e-02 
 928.000  7.3847868400e-01  1.5059544560e-02 
 929.000  7.2816221600e-01  1.3761500360e-02 
 930.000  7.2633284900e-01  1.2566512110e-02 
 931.000  7.2603416300e-01  1.1667938230e-02 
 932.000  7.1892083500e-01  1.0588900570e-02 
 933.000  7.2088116200e-01  1.0046655650e-02 
 934.000  7.1456864700e-01  9.4701547620e-03 
 935.000  7.0397970000e-01  9.2799510960e-03 
 936.000  6.9891238600e-01  9.3789196010e-03 
 937.000  7.1451211100e-01  9.5454988480e-03 
 938.000  7.0701655700e-01  1.0007922170e-02 
 939.000  7.1328630800e-01  1.1993529320e-02 
 940.000  7.0964554600e-01  1.2322664260e-02 
 941.000  6.9351228300e-01  1.1729806900e-02 
 942.000  6.6697251000e-01  1.0627448080e-02 
 943.000  7.0275267500e-01  1.0251350400e-02 
 944.000  6.8343532800e-01  9.9012689590e-03 
 945.000  6.8998394500e-01  1.0292126660e-02 
 946.000  6.9934101600e-01  1.0453729630e-02 
 947.000  6.9511218500e-01  1.0696677210e-02 
 948.000  6.9931513000e-01  1.0948646550e-02 
 949.000  7.0153018000e-01  1.0967532160e-02 
 950.000  6.9690574600e-01  1.0944591520e-02 
 951.000  6.9276972800e-01  1.1326954840e-02 
 952.000  6.9269502400e-01  1.0866271970e-02 
 953.000  6.9078364700e-01  1.1174356460e-02 
 954.000  6.8411128100e-01  1.1465277670e-02 
 955.000  6.3899706300e-01  1.0430294040e-02 
 956.000  6.8165989000e-01  1.1085915570e-02 
 957.000  6.8130807700e-01  1.2177616120e-02 
 958.000  6.8656004000e-01  1.2459835050e-02 
 959.000  6.8921352100e-01  1.2306573870e-02 
 960.000  6.8270122200e-01  1.2140148160e-02 
 961.000  6.7537792200e-01  1.1912294390e-02 
 962.000  6.7873978000e-01  1.2067293170e-02 
 963.000  6.7733854400e-01  1.2788391110e-02 
 964.000  6.6958818800e-01  1.2761071210e-02 
 965.000  6.7777262700e-01  1.2841556550e-02 
 966.000  6.5820745200e-01  1.2519029620e-02 
 967.000  6.7778215300e-01  1.3518702510e-02 
 968.000  6.7031228100e-01  1.4399693490e-02 
 969.000  6.7441070600e-01  1.4939969060e-02 
 970.000  6.7624101100e-01  1.5003743170e-02 
 971.000  6.7025065400e-01  1.4851753230e-02 
 972.000  6.7499951600e-01  1.4812261580e-02 
 973.000  6.6876395500e-01  1.4373603820e-02 
 974.000  6.5851044600e-01  1.3796799660e-02 
 975.000  6.6180306500e-01  1.3622766490e-02 
 976.000  6.6981273200e-01  1.4064291000e-02 
 977.000  6.5283177000e-01  1.4142818450e-02 
 978.000  6.6898122400e-01  1.4454878810e-02 
 979.000  6.4954022800e-01  1.4149582860e-02 
 980.000  6.5870462000e-01  1.4824204440e-02 
 981.000  6.6318738800e-01  1.5042657850e-02 
 982.000  6.6175647600e-01  1.4894838330e-02 
 983.000  6.5996596800e-01  1.5128678320e-02 
 984.000  6.5554598000e-01  1.5337018010e-02 
 985.000  6.5523336600e-01  1.5520809170e-02 
 986.000  6.4988659300e-01  1.5664235120e-02 
 987.000  6.5727640200e-01  1.5966820720e-02 
 988.000  6.4917176500e-01  1.5793625830e-02 
 989.000  6.4093028200e-01  1.5604265210e-02 
 990.000  6.4639393900e-01  1.5761217120e-02 
 991.000  6.5163744500e-01  1.5987334250e-02 
 992.000  6.4560423000e-01  1.5851655010e-02 
 993.000  6.4556000800e-01  1.5840648650e-02 
 994.000  6.4879496100e-01  1.5999954220e-02 
 995.000  6.4397285000e-01  1.5947872160e-02 
 996.000  6.4386023400e-01  1.5919536590e-02 
 997.000  6.4458210400e-01  1.5856567380e-02 
 998.000  6.4222156500e-01  1.5725803380e-02 
 999.000  6.4065171300e-01  1.5642294880e-02 
1000.000  6.3553725600e-01  1.5511294360e-02 
1001.000  6.3921894100e-01  1.5474111560e-02 
1002.000  6.3854562000e-01  1.5272420880e-02 
1003.000  6.3101786200e-01  1.5124042510e-02 
1004.000  6.2558506100e-01  1.5084614750e-02 
1005.000  5.8447174300e-01  1.4128131870e-02 
1006.000  6.1493671500e-01  1.4872147560e-02 
1007.000  6.2618656200e-01  1.5101499560e-02 
1008.000  6.2907655500e-01  1.5021874430e-02 
1009.000  6.2557272400e-01  1.4756133080e-02 
1010.000  6.2776556800e-01  1.4876131060e-02 
1011.000  6.2405006100e-01  1.4972262380e-02 
1012.000  6.2408661800e-01  1.5043718340e-02 
1013.000  6.1947469100e-01  1.4988076210e-02 
1014.000  6.2337528200e-01  1.5141131400e-02 
1015.000  6.1185860200e-01  1.4901664730e-02 
1016.000  6.1572258200e-01  1.5060766220e-02 
1017.000  6.0959270200e-01  1.4951396940e-02 
1018.000  6.1765351500e-01  1.5158618930e-02 
1019.000  6.0378268600e-01  1.4778577800e-02 
1020.000  6.0243539400e-01  1.4729327200e-02 
1021.000  6.0825769000e-01  1.4844570160e-02 
1022.000  5.9942412600e-01  1.4462339400e-02 
1023.000  6.1118886200e-01  1.4595685960e-02 
1024.000  6.0824540600e-01  1.4406437870e-02 
1025.000  6.0752636400e-01  1.4434789660e-02 
1026.000  6.0799116700e-01  1.4481493950e-02 
1027.000  6.0442813900e-01  1.4418696400e-02 
1028.000  6.0575744500e-01  1.4518209460e-02 
1029.000  5.9630630400e-01  1.4388689990e-02 
1030.000  6.0205781700e-01  1.4636190410e-02 
1031.000  6.0002998700e-01  1.4667373660e-02 
1032.000  5.9781324200e-01  1.4666318890e-02 
1033.000  5.8677884100e-01  1.4371294020e-02 
1034.000  5.9291833600e-01  1.4504592900e-02 
1035.000  5.8652510000e-01  1.4334673880e-02 
1036.000  5.9422949600e-01  1.4482392310e-02 
1037.000  5.8170554100e-01  1.4149987220e-02 
1038.000  5.8742471000e-01  1.4261829380e-02 
1039.000  5.8993392000e-01  1.4285496710e-02 
1040.000  5.8304258000e-01  1.4083789830e-02 
1041.000  5.8617450000e-01  1.4127028470e-02 
1042.000  5.8794387600e-01  1.4140926360e-02 
1043.000  5.7781008600e-01  1.3870434760e-02 
1044.000  5.8362773200e-01  1.3979000090e-02 
1045.000  5.8129253200e-01  1.3957671170e-02 
1046.000  5.6449885400e-01  1.3599596020e-02 
1047.000  5.7501185000e-01  1.3897831920e-02 
1048.000  5.8090197300e-01  1.4087228780e-02 
1049.000  5.7733737900e-01  1.4049823760e-02 
1050.000  5.7407398300e-01  1.4007147790e-02 
1051.000  5.7440288100e-01  1.3984311100e-02 
1052.000  5.7190084200e-01  1.3878927230e-02 
1053.000  5.7218178200e-01  1.3854348180e-02 
1054.000  5.6658526700e-01  1.3667825700e-02 
1055.000  5.7103198600e-01  1.3723072050e-02 
1056.000  5.6975048100e-01  1.3645728110e-02 
1057.000  5.6932892600e-01  1.3588068010e-02 
1058.000  5.6437129100e-01  1.3400360110e-02 
1059.000  5.4656757200e-01  1.3000422480e-02 
1060.000  5.6576467000e-01  1.3520366670e-02 
1061.000  5.4606041600e-01  1.3055279730e-02 
1062.000  5.6182685200e-01  1.3396174430e-02 
1063.000  5.5256124500e-01  1.3144566540e-02 
1064.000  5.5998765700e-01  1.3227677350e-02 
1065.000  5.5989892200e-01  1.3120156290e-02 
1066.000  5.4269481300e-01  1.2672102930e-02 
1067.000  5.5587715200e-01  1.2915610310e-02 
1068.000  5.5453518300e-01  1.2741810800e-02 
1069.000  5.1317460400e-01  1.1729824070e-02 
1070.000  5.4348849500e-01  1.2467005730e-02 
1071.000  5.4489961500e-01  1.2481858250e-02 
1072.000  5.4726192900e-01  1.2519866940e-02 
1073.000  5.2935372400e-01  1.2135848050e-02 
1074.000  5.4782892600e-01  1.2604829790e-02 
1075.000  5.3008179600e-01  1.2302530290e-02 
1076.000  5.4222226500e-01  1.2548901560e-02 
1077.000  5.4163579800e-01  1.2485056880e-02 
1078.000  5.4376046900e-01  1.2475810050e-02 
1079.000  5.2292873700e-01  1.2002203940e-02 
1080.000  5.4033277700e-01  1.2234403610e-02 
1081.000  5.2055020700e-01  1.1771826740e-02 
1082.000  5.2638683900e-01  1.1931091310e-02 
1083.000  5.1310914500e-01  1.1495490070e-02 
1084.000  5.3373085600e-01  1.1816723820e-02 
1085.000  5.2912447100e-01  1.1466760640e-02 
1086.000  5.3547215600e-01  1.1603683470e-02 
1087.000  5.0019013100e-01  1.1024905200e-02 
1088.000  5.3040341300e-01  1.1754431720e-02 
1089.000  5.1318534700e-01  1.1153498650e-02 
1090.000  5.2491711000e-01  1.1407814030e-02 
1091.000  5.2771938800e-01  1.1569380760e-02 
1092.000  5.1696106700e-01  1.1257961270e-02 
1093.000  5.1383314600e-01  1.0964049340e-02 
1094.000  4.6882003500e-01  9.8693656920e-03 
1095.000  5.0722745600e-01  1.0653511050e-02 
1096.000  5.0796262300e-01  1.0645910260e-02 
1097.000  4.9875799700e-01  1.0356030460e-02 
1098.000  4.9780675900e-01  9.7303810120e-03 
1099.000  5.0229665700e-01  9.2697229390e-03 
1100.000  5.1071072800e-01  9.4591579440e-03 
1101.000  5.0912895800e-01  9.4986438750e-03 
1102.000  4.8821354400e-01  9.0692415240e-03 
1103.000  5.0725035000e-01  9.4638471600e-03 
1104.000  5.0400446000e-01  9.3120651250e-03 
1105.000  5.0436498000e-01  9.1033401490e-03 
1106.000  5.0125422800e-01  8.8504276280e-03 
1107.000  5.0035648400e-01  8.8707180020e-03 
1108.000  4.9851621400e-01  8.8567628860e-03 
1109.000  4.9983150000e-01  9.0265426640e-03 
1110.000  5.0239586500e-01  9.0210580830e-03 
1111.000  4.9636070400e-01  8.8048343660e-03 
1112.000  4.9194711100e-01  8.3336534500e-03 
1113.000  4.9022346400e-01  7.8344850540e-03 
1114.000  4.9553154800e-01  7.7666435240e-03 
1115.000  4.9054070800e-01  7.2368745800e-03 
1116.000  4.8433406000e-01  6.9118075370e-03 
1117.000  4.9007833700e-01  6.5409245490e-03 
1118.000  4.8494483900e-01  6.1175460820e-03 
1119.000  4.7138345200e-01  5.7935972210e-03 
1120.000  4.7233310800e-01  5.6483068470e-03 
1121.000  4.7533930500e-01  5.6528491970e-03 
1122.000  4.7313432200e-01  5.4922800060e-03 
1123.000  4.7535700400e-01  5.5908265110e-03 
1124.000  4.7627220200e-01  5.6520185470e-03 
1125.000  4.6634846300e-01  5.5084686280e-03 
1126.000  4.5742904800e-01  5.3932266240e-03 
1127.000  4.7291533600e-01  5.5870776180e-03 
1128.000  4.6426950500e-01  5.5070943830e-03 
1129.000  4.6716586200e-01  5.6878833770e-03 
1130.000  4.6808365500e-01  6.1206779480e-03 
1131.000  4.7321388100e-01  6.3259358410e-03 
1132.000  4.7421321400e-01  6.1465344430e-03 
1133.000  4.6196443500e-01  5.6864037510e-03 
1134.000  4.5656511700e-01  5.2072939870e-03 
1135.000  4.6254748700e-01  5.3019514080e-03 
1136.000  4.6446564300e-01  5.7589998250e-03 
1137.000  4.7126420500e-01  6.1688117980e-03 
1138.000  4.5520328700e-01  6.3213300700e-03 
1139.000  4.6541799000e-01  6.6193981170e-03 
1140.000  4.6664507000e-01  6.5583868030e-03 
1141.000  4.5315539000e-01  6.2305159570e-03 
1142.000  4.6542091000e-01  6.3430304530e-03 
1143.000  4.5704278200e-01  6.0657048230e-03 
1144.000  4.5376734700e-01  5.8537907600e-03 
1145.000  4.5638550600e-01  5.6678037640e-03 
1146.000  4.6106307600e-01  5.7728605270e-03 
1147.000  4.6340148600e-01  5.9807324410e-03 
1148.000  4.5899454700e-01  6.0965294840e-03 
1149.000  4.6046784500e-01  6.1928648950e-03 
1150.000  4.5851278600e-01  6.1844253540e-03 
1151.000  4.5716750500e-01  6.2987174990e-03 
1152.000  4.5631321900e-01  6.3549389840e-03 
1153.000  4.5551608100e-01  6.4431157110e-03 
1154.000  4.5899500000e-01  6.4833397870e-03 
1155.000  4.6057440200e-01  6.7147908210e-03 
1156.000  4.5433157000e-01  6.8586282730e-03 
1157.000  4.5859104900e-01  7.4822483060e-03 
1158.000  4.5866295800e-01  7.7960295680e-03 
1159.000  4.5217873100e-01  7.9916563030e-03 
1160.000  4.4643433000e-01  8.0319585800e-03 
1161.000  4.3680603800e-01  8.1853313450e-03 
1162.000  4.5261888300e-01  8.7578907010e-03 
1163.000  4.5449836400e-01  9.1129512790e-03 
1164.000  4.4526641100e-01  8.9923496250e-03 
1165.000  4.5386109000e-01  9.2206287380e-03 
1166.000  4.4208821700e-01  9.0632715230e-03 
1167.000  4.4925865200e-01  9.2627849580e-03 
1168.000  4.5318513100e-01  9.3320789340e-03 
1169.000  4.3751463900e-01  9.0595140460e-03 
1170.000  4.4928010200e-01  9.3476581570e-03 
1171.000  4.5135896200e-01  9.4930696490e-03 
1172.000  4.4994667200e-01  9.4061689380e-03 
1173.000  4.4681232800e-01  9.2872562410e-03 
1174.000  4.4703881800e-01  9.2963352200e-03 
1175.000  4.4180572700e-01  9.3392143250e-03 
1176.000  4.3113954400e-01  9.2537584300e-03 
1177.000  4.4445209500e-01  9.4697761540e-03 
1178.000  4.3694461900e-01  9.1736526490e-03 
1179.000  4.3498514500e-01  9.1329116820e-03 
1180.000  4.4109121200e-01  9.2114667890e-03 
1181.000  4.3883781000e-01  9.0406999590e-03 
1182.000  4.3939285800e-01  8.9251165390e-03 
1183.000  4.1388154700e-01  8.4152793880e-03 
1184.000  4.3253512100e-01  8.8585348130e-03 
1185.000  4.3825813000e-01  9.1432809830e-03 
1186.000  4.3565003900e-01  9.0311365130e-03 
1187.000  4.3580467300e-01  8.8538122180e-03 
1188.000  4.3356827300e-01  8.7502107620e-03 
1189.000  4.0820327300e-01  8.3126850130e-03 
1190.000  4.2827688400e-01  8.9567623140e-03 
1191.000  4.3495499600e-01  9.1415271760e-03 
1192.000  4.3258685000e-01  9.1755361560e-03 
1193.000  4.3275323500e-01  9.1123352050e-03 
1194.000  4.3193966100e-01  9.0703945160e-03 
1195.000  4.2709771300e-01  8.8577823640e-03 
1196.000  4.2682822800e-01  8.8705587390e-03 
1197.000  4.2671530400e-01  8.8159456250e-03 
1198.000  4.1238345800e-01  8.5102787020e-03 
1199.000  3.9705863200e-01  8.1334371570e-03 
1200.000  4.2208892100e-01  8.6835241320e-03 
1201.000  4.2511750700e-01  8.7653388980e-03 
1202.000  4.2593320500e-01  8.8078489300e-03 
1203.000  4.0514537500e-01  8.3545265200e-03 
1204.000  4.1185924800e-01  8.5273027420e-03 
1205.000  4.2141274700e-01  8.9234733580e-03 
1206.000  4.1884890900e-01  8.9628915790e-03 
1207.000  4.2166199500e-01  9.0626802440e-03 
1208.000  4.1552388500e-01  8.9010982510e-03 
1209.000  3.8956265400e-01  8.2983245850e-03 
1210.000  4.1684239400e-01  8.7989959720e-03 
1211.000  4.0291788900e-01  8.4985227580e-03 
1212.000  4.1553326800e-01  8.7975254060e-03 
1213.000  4.1706889400e-01  8.9227075580e-03 
1214.000  4.1528406600e-01  8.8861312870e-03 
1215.000  4.1671054900e-01  8.9606399540e-03 
1216.000  4.1547867200e-01  9.0799331670e-03 
1217.000  4.1461447600e-01  9.1808166500e-03 
1218.000  4.1316374600e-01  9.1991577150e-03 
1219.000  4.0929771900e-01  9.1392402650e-03 
1220.000  4.1204870300e-01  9.1903944020e-03 
1221.000  4.1119555000e-01  9.1724233630e-03 
1222.000  4.0891774400e-01  9.1140956880e-03 
1223.000  4.0691615800e-01  9.0967073440e-03 
1224.000  4.0985729300e-01  9.2575969700e-03 
1225.000  4.0753355400e-01  9.2375516890e-03 
1226.000  4.0886185100e-01  9.3093442920e-03 
1227.000  3.9483215400e-01  9.0484237670e-03 
1228.000  4.0693158200e-01  9.3966732030e-03 
1229.000  4.0625568500e-01  9.4302625660e-03 
1230.000  4.0462677500e-01  9.4500560760e-03 
1231.000  4.0449422900e-01  9.4816379550e-03 
1232.000  3.9989497200e-01  9.3892374040e-03 
1233.000  4.0301482200e-01  9.4730892180e-03 
1234.000  4.0154779000e-01  9.5133428570e-03 
1235.000  3.9867532800e-01  9.4683132170e-03 
1236.000  4.0093424600e-01  9.5306243900e-03 
1237.000  4.0082851400e-01  9.5521450040e-03 
1238.000  4.0054416200e-01  9.5521039960e-03 
1239.000  3.9596057200e-01  9.4447507860e-03 
1240.000  3.9418316400e-01  9.4425182340e-03 
1241.000  3.9779142000e-01  9.5644578930e-03 
1242.000  3.9557258600e-01  9.5437183380e-03 
1243.000  3.9124218100e-01  9.4728116990e-03 
1244.000  3.8789336900e-01  9.4139184950e-03 
1245.000  3.9467319600e-01  9.5949497220e-03 
1246.000  3.9173938500e-01  9.4770460130e-03 
1247.000  3.8995200600e-01  9.3859958650e-03 
1248.000  3.9311981600e-01  9.4129858020e-03 
1249.000  3.9178886000e-01  9.3422422410e-03 
1250.000  3.9039449500e-01  9.2623567580e-03 
1251.000  3.8786299700e-01  9.1676187520e-03 
1252.000  3.8686585500e-01  9.1060791020e-03 
1253.000  3.8384191400e-01  8.9952287670e-03 
1254.000  3.8516846800e-01  8.9572658540e-03 
1255.000  3.8475706800e-01  8.8991899490e-03 
1256.000  3.8416283100e-01  8.8442182540e-03 
1257.000  3.8004802600e-01  8.6631336210e-03 
1258.000  3.8204018900e-01  8.5656032560e-03 
1259.000  3.7814410340e-01  8.3580055240e-03 
1260.000  3.7896029100e-01  8.2502059940e-03 
1261.000  3.7851290450e-01  8.1127595900e-03 
1262.000  3.7041349330e-01  7.7829794880e-03 
1263.000  3.7490598520e-01  7.8607392310e-03 
1264.000  3.6906878930e-01  7.7375750540e-03 
1265.000  3.6974122660e-01  7.7652058600e-03 
1266.000  3.7212899790e-01  7.7916579250e-03 
1267.000  3.6515962130e-01  7.6202068330e-03 
1268.000  3.6156337650e-01  7.5085968970e-03 
1269.000  3.6494783910e-01  7.5623970030e-03 
1270.000  3.6895901420e-01  7.7738823890e-03 
1271.000  3.7100774980e-01  7.8798956870e-03 
1272.000  3.6991062460e-01  7.9185724260e-03 
1273.000  3.6959243950e-01  7.9786524770e-03 
1274.000  3.6738520430e-01  8.0006904600e-03 
1275.000  3.6954737540e-01  8.0735082630e-03 
1276.000  3.7014081090e-01  8.0940752030e-03 
1277.000  3.6986444220e-01  8.0821990970e-03 
1278.000  3.6880420040e-01  8.0495462420e-03 
1279.000  3.6633544440e-01  8.0170154570e-03 
1280.000  3.6417190160e-01  8.0604333880e-03 
1281.000  3.5378552260e-01  7.9170951840e-03 
1282.000  3.1416856220e-01  7.1072702410e-03 
1283.000  3.4479436620e-01  7.8607544900e-03 
1284.000  3.5902208430e-01  8.2256317140e-03 
1285.000  3.6165518110e-01  8.3050451280e-03 
1286.000  3.6153659690e-01  8.2694358830e-03 
1287.000  3.6374767390e-01  8.2634019850e-03 
1288.000  3.6146729990e-01  8.0312995910e-03 
1289.000  3.6362207290e-01  8.0253944400e-03 
1290.000  3.5529041300e-01  7.8238143920e-03 
1291.000  3.6015385890e-01  7.9121279720e-03 
1292.000  3.6165677800e-01  7.9648871420e-03 
1293.000  3.6198002260e-01  7.9333615300e-03 
1294.000  3.5623475390e-01  7.6915340420e-03 
1295.000  3.6006997600e-01  7.6301388740e-03 
1296.000  3.6033486370e-01  7.5293478970e-03 
1297.000  3.5811329400e-01  7.4212498660e-03 
1298.000  3.5491360710e-01  7.3601999280e-03 
1299.000  3.5847701180e-01  7.4373397830e-03 
1300.000  3.5703766990e-01  7.4113774300e-03 
1301.000  3.5646917900e-01  7.3796854020e-03 
1302.000  3.5189580310e-01  7.1993680000e-03 
1303.000  3.5000598940e-01  6.9836630820e-03 
1304.000  3.5023427680e-01  6.8960456850e-03 
1305.000  3.5239097900e-01  6.8865513800e-03 
1306.000  3.5272682440e-01  6.8363723750e-03 
1307.000  3.5168528590e-01  6.7770791050e-03 
1308.000  3.5138570930e-01  6.6848883630e-03 
1309.000  3.5107255790e-01  6.5570464130e-03 
1310.000  3.4961472080e-01  6.5254454610e-03 
1311.000  3.4854378590e-01  6.5110168460e-03 
1312.000  3.4745815910e-01  6.3463010790e-03 
1313.000  3.3462512800e-01  5.9404349330e-03 
1314.000  3.4507047870e-01  5.9762120250e-03 
1315.000  3.3345157610e-01  5.8449654580e-03 
1316.000  3.4120855220e-01  6.0900683400e-03 
1317.000  3.4487933570e-01  6.1552267070e-03 
1318.000  3.3999922130e-01  5.8873977660e-03 
1319.000  3.4465669580e-01  5.7361059190e-03 
1320.000  3.4211246790e-01  5.4592061040e-03 
1321.000  3.4060963590e-01  5.3514394760e-03 
1322.000  3.3992939880e-01  5.4689631460e-03 
1323.000  3.4068179310e-01  5.6307845120e-03 
1324.000  3.4086300490e-01  5.7223253250e-03 
1325.000  3.3977335260e-01  5.6405878070e-03 
1326.000  3.3818397450e-01  5.4571690560e-03 
1327.000  3.3548368030e-01  5.1104168890e-03 
1328.000  3.3636844520e-01  4.8531775470e-03 
1329.000  3.2409238120e-01  4.2781648640e-03 
1330.000  3.2916538340e-01  4.2095432280e-03 
1331.000  3.3063172340e-01  4.1480412480e-03 
1332.000  3.2308577040e-01  4.0770440100e-03 
1333.000  3.3162467220e-01  4.2561459540e-03 
1334.000  3.3203960660e-01  4.3609542850e-03 
1335.000  3.3232460160e-01  4.4387459750e-03 
1336.000  3.2872703170e-01  4.4157347680e-03 
1337.000  3.2979132170e-01  4.4360823630e-03 
1338.000  3.2954789410e-01  4.4871029850e-03 
1339.000  3.2600696690e-01  4.4457707410e-03 
1340.000  3.2366689660e-01  4.4595541950e-03 
1341.000  3.2855235340e-01  4.4720025060e-03 
1342.000  3.2774827910e-01  4.4675850870e-03 
1343.000  3.2771955300e-01  4.2855343820e-03 
1344.000  3.2622154930e-01  4.1107020380e-03 
1345.000  3.2372063580e-01  3.7865555290e-03 
1346.000  3.1854891960e-01  3.5900366310e-03 
1347.000  3.1915413290e-01  3.5169446470e-03 
1348.000  3.1557649550e-01  3.3946433070e-03 
1349.000  3.1343403640e-01  3.3312313560e-03 
1350.000  3.0703501400e-01  3.1840281490e-03 
1351.000  3.0486676260e-01  3.1070489880e-03 
1352.000  3.0542377900e-01  3.0311052800e-03 
1353.000  2.9957071760e-01  2.8731164930e-03 
1354.000  2.9595217000e-01  2.7801513670e-03 
1355.000  2.9031106440e-01  2.6634435650e-03 
1356.000  2.8603705370e-01  2.5541255470e-03 
1357.000  2.7933703520e-01  2.4074854850e-03 
1358.000  2.7973423270e-01  2.3171286580e-03 
1359.000  2.7201653820e-01  2.0948822500e-03 
1360.000  2.6204750940e-01  1.9193243980e-03 
1361.000  2.6424486310e-01  1.8711442950e-03 
1362.000  2.6198115140e-01  1.8372039790e-03 
1363.000  2.6224442900e-01  1.9373030660e-03 
1364.000  2.6751526520e-01  2.0095946790e-03 
1365.000  2.6737871210e-01  2.0268261430e-03 
1366.000  2.6925653220e-01  2.0794475080e-03 
1367.000  2.6430637630e-01  1.9919154640e-03 
1368.000  2.6433003150e-01  1.9465692040e-03 
1369.000  2.5956762250e-01  1.9223437310e-03 
1370.000  2.6507972700e-01  2.0780169960e-03 
1371.000  2.7286060540e-01  2.2985601430e-03 
1372.000  2.8370030110e-01  2.5549647810e-03 
1373.000  2.8780382500e-01  2.6914336680e-03 
1374.000  2.9109184560e-01  2.7741973400e-03 
1375.000  2.8700199730e-01  2.7582256790e-03 
1376.000  2.8271258430e-01  2.6996984480e-03 
1377.000  2.8529126660e-01  2.6869626050e-03 
1378.000  2.8039263190e-01  2.5695629120e-03 
1379.000  2.7853786630e-01  2.4441831110e-03 
1380.000  2.6854839160e-01  2.2060484890e-03 
1381.000  2.6249374000e-01  2.0106568340e-03 
1382.000  2.5434890600e-01  1.8690280910e-03 
1383.000  2.5657396580e-01  1.8762226100e-03 
1384.000  2.6227094460e-01  2.0373718740e-03 
1385.000  2.6435487520e-01  2.1469099520e-03 
1386.000  2.7233400690e-01  2.3227021690e-03 
1387.000  2.7623807670e-01  2.5205192570e-03 
1388.000  2.8202855920e-01  2.6472032070e-03 
1389.000  2.8427384900e-01  2.6998746400e-03 
1390.000  2.7926221270e-01  2.6615843770e-03 
1391.000  2.8199762900e-01  2.6619248390e-03 
1392.000  2.7755636930e-01  2.5442361830e-03 
1393.000  2.7301209850e-01  2.4283437730e-03 
1394.000  2.6696038800e-01  2.3044381140e-03 
1395.000  2.6826108650e-01  2.3473725320e-03 
1396.000  2.7419097390e-01  2.4834187030e-03 
1397.000  2.7725893580e-01  2.5776040550e-03 
1398.000  2.7747037750e-01  2.5871479510e-03 
1399.000  2.7565713570e-01  2.5479388240e-03 
1400.000  2.6765344660e-01  2.4629802700e-03 
1401.000  2.6886537080e-01  2.4809713360e-03 
1402.000  2.7542998940e-01  2.5927197930e-03 
1403.000  2.7473074310e-01  2.6164877410e-03 
1404.000  2.7264778400e-01  2.5786776540e-03 
1405.000  2.7281418120e-01  2.5825963020e-03 
1406.000  2.7242945450e-01  2.5555250640e-03 
1407.000  2.7269994790e-01  2.5563116070e-03 
1408.000  2.7354222820e-01  2.6120944020e-03 
1409.000  2.7645776000e-01  2.6737165450e-03 
1410.000  2.7764926590e-01  2.7436020370e-03 
1411.000  2.7972123870e-01  2.8049790860e-03 
1412.000  2.6879063510e-01  2.6914553640e-03 
1413.000  2.7398121300e-01  2.7560918330e-03 
1414.000  2.7756458940e-01  2.7770330910e-03 
1415.000  2.7740351710e-01  2.7971241470e-03 
1416.000  2.7689488370e-01  2.8121612070e-03 
1417.000  2.7891598330e-01  2.8281817440e-03 
1418.000  2.7902504680e-01  2.8262746330e-03 
1419.000  2.7505093710e-01  2.7810289860e-03 
1420.000  2.7444736760e-01  2.7784664630e-03 
1421.000  2.7900242980e-01  2.8535597320e-03 
1422.000  2.7276851950e-01  2.8006877900e-03 
1423.000  2.7110759790e-01  2.7812612060e-03 
1424.000  2.7135275420e-01  2.7735421660e-03 
1425.000  2.7658880780e-01  2.8041718010e-03 
1426.000  2.6539680740e-01  2.6845605370e-03 
1427.000  2.6953800190e-01  2.7354524140e-03 
1428.000  2.7538800790e-01  2.8007233140e-03 
1429.000  2.6892949260e-01  2.7426545620e-03 
1430.000  2.6308775580e-01  2.6696155070e-03 
1431.000  2.6248447350e-01  2.6186702250e-03 
1432.000  2.6725588660e-01  2.6380410190e-03 
1433.000  2.6739165610e-01  2.6301929950e-03 
1434.000  2.6200249070e-01  2.5600616930e-03 
1435.000  2.6519915210e-01  2.6081523900e-03 
1436.000  2.6523492370e-01  2.6109693050e-03 
1437.000  2.6628262870e-01  2.6181540490e-03 
1438.000  2.6563475440e-01  2.6326520440e-03 
1439.000  2.6877530610e-01  2.6599814890e-03 
1440.000  2.5213801650e-01  2.4998207090e-03 
1441.000  2.6484375580e-01  2.6231393810e-03 
1442.000  2.5867747070e-01  2.5440051560e-03 
1443.000  2.6297287160e-01  2.5769443510e-03 
1444.000  2.6425162720e-01  2.5895969870e-03 
1445.000  2.6345406130e-01  2.5752437110e-03 
1446.000  2.6628218290e-01  2.6135742660e-03 
1447.000  2.6506492150e-01  2.6119949820e-03 
1448.000  2.6709136680e-01  2.6253414150e-03 
1449.000  2.6698495940e-01  2.6021051410e-03 
1450.000  2.6518859480e-01  2.5529160500e-03 
1451.000  2.6347855710e-01  2.5340957640e-03 
1452.000  2.6023478950e-01  2.5265812870e-03 
1453.000  2.6518800030e-01  2.6347844600e-03 
1454.000  2.6621846580e-01  2.7250916960e-03 
1455.000  2.6285139040e-01  2.7472922800e-03 
1456.000  2.6273143160e-01  2.8085360530e-03 
1457.000  2.6525047260e-01  2.8329179290e-03 
1458.000  2.6887735090e-01  2.8747005460e-03 
1459.000  2.6987623050e-01  2.8144228460e-03 
1460.000  2.6528455800e-01  2.7067408560e-03 
1461.000  2.6470503950e-01  2.6616382600e-03 
1462.000  2.6181416640e-01  2.5582835670e-03 
1463.000  2.6006782560e-01  2.5281746390e-03 
1464.000  2.5989640140e-01  2.4972441200e-03 
1465.000  2.6290220490e-01  2.4751446250e-03 
1466.000  2.5664031550e-01  2.3619043830e-03 
1467.000  2.6279176170e-01  2.3798172470e-03 
1468.000  2.5632421140e-01  2.2822942730e-03 
1469.000  2.5915051760e-01  2.2571196560e-03 
1470.000  2.5765574140e-01  2.2192795280e-03 
1471.000  2.5358157020e-01  2.2139701840e-03 
1472.000  2.5511398350e-01  2.2801229950e-03 
1473.000  2.5735885800e-01  2.3986177440e-03 
1474.000  2.5027313960e-01  2.4214251040e-03 
1475.000  2.5559456160e-01  2.4613413810e-03 
1476.000  2.5599867520e-01  2.4536132810e-03 
1477.000  2.5674986560e-01  2.4165539740e-03 
1478.000  2.5303606910e-01  2.3393452170e-03 
1479.000  2.5593487320e-01  2.3139436240e-03 
1480.000  2.5733713230e-01  2.3408300880e-03 
1481.000  2.5350082230e-01  2.3464360240e-03 
1482.000  2.5665714830e-01  2.4274356370e-03 
1483.000  2.5137074980e-01  2.3873994350e-03 
1484.000  2.5369429610e-01  2.4071679120e-03 
1485.000  2.5852330710e-01  2.4381680490e-03 
1486.000  2.5426351620e-01  2.4492259030e-03 
1487.000  2.5455432910e-01  2.5700256820e-03 
1488.000  2.2253161690e-01  2.2543771270e-03 
1489.000  2.5551338050e-01  2.7650682930e-03 
1490.000  2.5610832300e-01  2.9415476320e-03 
1491.000  2.5865383940e-01  3.0953357220e-03 
1492.000  2.5264359540e-01  3.0457487110e-03 
1493.000  2.5832123320e-01  3.2036814690e-03 
1494.000  2.5733978640e-01  3.1994895940e-03 
1495.000  2.5553923590e-01  3.2580833440e-03 
1496.000  2.4798243940e-01  3.3020889760e-03 
1497.000  2.5380675750e-01  3.3719937800e-03 
1498.000  2.5637726810e-01  3.5383653640e-03 
1499.000  2.5206525820e-01  3.6004347800e-03 
1500.000  2.5636375410e-01  3.7506716250e-03 
1501.000  2.5599776960e-01  3.6987493040e-03 
1502.000  2.5402058560e-01  3.6073145870e-03 
1503.000  2.2809546230e-01  3.1932001110e-03 
1504.000  2.3763997840e-01  3.3491868970e-03 
1505.000  2.3690176360e-01  3.4509658810e-03 
1506.000  2.4009556480e-01  3.5252323150e-03 
1507.000  2.5110752070e-01  3.7976536750e-03 
1508.000  2.4718652610e-01  3.8059856890e-03 
1509.000  2.4825438840e-01  3.8978290560e-03 
1510.000  2.5209069680e-01  3.9971868990e-03 
1511.000  2.5323710530e-01  4.0768628120e-03 
1512.000  2.4848328550e-01  4.0437827110e-03 
1513.000  2.4806728330e-01  4.0747380260e-03 
1514.000  2.4467157790e-01  4.0398879050e-03 
1515.000  2.4947964680e-01  4.1392908100e-03 
1516.000  2.4716458180e-01  4.0746326450e-03 
1517.000  2.4570089450e-01  4.0372147560e-03 
1518.000  2.5022929240e-01  4.1249485020e-03 
1519.000  2.4651595780e-01  4.0829586980e-03 
1520.000  2.4803241030e-01  4.1809382440e-03 
1521.000  2.4330795360e-01  4.1916584970e-03 
1522.000  2.4188384010e-01  4.2133946420e-03 
1523.000  2.4777165560e-01  4.3784685130e-03 
1524.000  2.4601292190e-01  4.3767347340e-03 
1525.000  2.4053049800e-01  4.2914748190e-03 
1526.000  2.4730584130e-01  4.3928337100e-03 
1527.000  2.4463301130e-01  4.3442492490e-03 
1528.000  2.4611641450e-01  4.3774847980e-03 
1529.000  2.4533765550e-01  4.3385658260e-03 
1530.000  2.2950595190e-01  4.0589184760e-03 
1531.000  2.4523072970e-01  4.3114624020e-03 
1532.000  2.4365769480e-01  4.2607960700e-03 
1533.000  2.4242675970e-01  4.2049970630e-03 
1534.000  2.3857416950e-01  4.1032667160e-03 
1535.000  2.3918845280e-01  4.0797386170e-03 
1536.000  2.4238700010e-01  4.1687331200e-03 
1537.000  2.4294972770e-01  4.2284879680e-03 
1538.000  2.3610506330e-01  4.1603732110e-03 
1539.000  2.4093288730e-01  4.2949833870e-03 
1540.000  2.3210464880e-01  4.1777014730e-03 
1541.000  2.3686695640e-01  4.2676024440e-03 
1542.000  2.3827549180e-01  4.2863554950e-03 
1543.000  2.3738896570e-01  4.2720584870e-03 
1544.000  2.4007411840e-01  4.3269186020e-03 
1545.000  2.4047556700e-01  4.3494868280e-03 
1546.000  2.4026886170e-01  4.3755345340e-03 
1547.000  2.3761676570e-01  4.3544406890e-03 
1548.000  2.3041156930e-01  4.2479028700e-03 
1549.000  2.3631704570e-01  4.3727684020e-03 
1550.000  2.3500501310e-01  4.3620057110e-03 
1551.000  2.3377477430e-01  4.3285560610e-03 
1552.000  2.3774846750e-01  4.3795852660e-03 
1553.000  2.3640705680e-01  4.3379731180e-03 
1554.000  2.2774514470e-01  4.1566863060e-03 
1555.000  2.3139776090e-01  4.2097849850e-03 
1556.000  2.2689258470e-01  4.1506958010e-03 
1557.000  2.3425770440e-01  4.3386511800e-03 
1558.000  2.3246337840e-01  4.3501806260e-03 
1559.000  2.3257448040e-01  4.3947277070e-03 
1560.000  2.2855823270e-01  4.3666143420e-03 
1561.000  2.3399605460e-01  4.4815731050e-03 
1562.000  2.3407114830e-01  4.4546499250e-03 
1563.000  2.3073178440e-01  4.3710350990e-03 
1564.000  2.2638832010e-01  4.2591137890e-03 
1565.000  2.3030205430e-01  4.2956771850e-03 
1566.000  2.2593799250e-01  4.2189693450e-03 
1567.000  2.2659070140e-01  4.2327480320e-03 
1568.000  2.2278151780e-01  4.1505050660e-03 
1569.000  2.2460990620e-01  4.1694231030e-03 
1570.000  2.1957255130e-01  4.0737581250e-03 
1571.000  2.2545598180e-01  4.2101788520e-03 
1572.000  2.2565867270e-01  4.2243642810e-03 
1573.000  2.2188219490e-01  4.1836490630e-03 
1574.000  2.2210379860e-01  4.2267456050e-03 
1575.000  2.0598380590e-01  3.9492683410e-03 
1576.000  2.2129488070e-01  4.2449660300e-03 
1577.000  1.9973339240e-01  3.7978816030e-03 
1578.000  2.1845037230e-01  4.1175184250e-03 
1579.000  2.1938424130e-01  4.1048216820e-03 
1580.000  2.2329004640e-01  4.1570005420e-03 
1581.000  2.2180942340e-01  4.0963482860e-03 
1582.000  2.1671162600e-01  4.0350604060e-03 
1583.000  2.1880066840e-01  4.1055412290e-03 
1584.000  2.1633824330e-01  4.0910158160e-03 
1585.000  2.2236215630e-01  4.2309422490e-03 
1586.000  2.1956914650e-01  4.1876835820e-03 
1587.000  2.1689349580e-01  4.1633543970e-03 
1588.000  2.1342420640e-01  4.1208405490e-03 
1589.000  1.9521075390e-01  3.7773635390e-03 
1590.000  2.1036364130e-01  4.0815515520e-03 
1591.000  2.0565028160e-01  4.0032334330e-03 
1592.000  2.1655760700e-01  4.2229275700e-03 
1593.000  2.2147554740e-01  4.3218846320e-03 
1594.000  2.1992104790e-01  4.2936882970e-03 
1595.000  2.2138600520e-01  4.3234968190e-03 
1596.000  2.0738000920e-01  4.0655736920e-03 
1597.000  2.1583798260e-01  4.2247586250e-03 
1598.000  2.1991109760e-01  4.2889227870e-03 
1599.000  2.1254928260e-01  4.1247901920e-03 
1600.000  2.1609155820e-01  4.1809439660e-03 
1601.000  2.0699487420e-01  4.0204358100e-03 
1602.000  2.1228818380e-01  4.1570515630e-03 
1603.000  2.1067792360e-01  4.1769318580e-03 
1604.000  2.1326512730e-01  4.2867612840e-03 
1605.000  2.1011201480e-01  4.2624073030e-03 
1606.000  2.0925656750e-01  4.2864561080e-03 
1607.000  2.1013612410e-01  4.2705168720e-03 
1608.000  2.1253042600e-01  4.2860984800e-03 
1609.000  2.1171338010e-01  4.2429828640e-03 
1610.000  1.9850259150e-01  3.9570405480e-03 
1611.000  2.0420916520e-01  4.0655026440e-03 
1612.000  2.0595534650e-01  4.0969681740e-03 
1613.000  2.1035113120e-01  4.1794309620e-03 
1614.000  2.0828669310e-01  4.1086492540e-03 
1615.000  2.1155091700e-01  4.1623744960e-03 
1616.000  1.9820951140e-01  3.8869423870e-03 
1617.000  2.0392227980e-01  4.0435514450e-03 
1618.000  2.1027605070e-01  4.1953053470e-03 
1619.000  2.0953210680e-01  4.2266354560e-03 
1620.000  2.0418160570e-01  4.1632108690e-03 
1621.000  2.0112066530e-01  4.1378841400e-03 
1622.000  2.0618301200e-01  4.2477302550e-03 
1623.000  2.1031131470e-01  4.3477077480e-03 
1624.000  2.1176469810e-01  4.3878145220e-03 
1625.000  2.0644663390e-01  4.3034863470e-03 
1626.000  2.0897812800e-01  4.3459253310e-03 
1627.000  2.0870849280e-01  4.3596410750e-03 
1628.000  2.1038562610e-01  4.4047875400e-03 
1629.000  2.1035515080e-01  4.4125399590e-03 
1630.000  2.0464410000e-01  4.2938551900e-03 
1631.000  2.0784477560e-01  4.3726272580e-03 
1632.000  2.0789729270e-01  4.3187255860e-03 
1633.000  2.0522173010e-01  4.2230873110e-03 
1634.000  2.0041944280e-01  4.0820345880e-03 
1635.000  2.0579298590e-01  4.1544089320e-03 
1636.000  2.0524862700e-01  4.0993714330e-03 
1637.000  1.9611057390e-01  3.8769626620e-03 
1638.000  1.9467751040e-01  3.8179607390e-03 
1639.000  1.9273760290e-01  3.7351086140e-03 
1640.000  1.9389366550e-01  3.7214264870e-03 
1641.000  1.9269375950e-01  3.6748664380e-03 
1642.000  1.9245353180e-01  3.7359790800e-03 
1643.000  1.9739989390e-01  3.8945705890e-03 
1644.000  1.9434512780e-01  3.8941717150e-03 
1645.000  1.9477820490e-01  3.9591038230e-03 
1646.000  1.9711925450e-01  4.0610723500e-03 
1647.000  1.9897013370e-01  4.0961475370e-03 
1648.000  1.9820148680e-01  4.0702447890e-03 
1649.000  1.9367362570e-01  3.9730122090e-03 
1650.000  1.9858134130e-01  4.0717110630e-03 
1651.000  1.9410705600e-01  3.9774224760e-03 
1652.000  1.9798103530e-01  4.0525865550e-03 
1653.000  1.9575791560e-01  4.0144510270e-03 
1654.000  1.9795441310e-01  4.0612311360e-03 
1655.000  1.9398662740e-01  3.9898285870e-03 
1656.000  1.9771274310e-01  4.0730094910e-03 
1657.000  1.9627961320e-01  4.0434479710e-03 
1658.000  1.9733991990e-01  4.0733041760e-03 
1659.000  1.9370509340e-01  3.9990453720e-03 
1660.000  1.9606903670e-01  4.0406918530e-03 
1661.000  1.9683829740e-01  4.0382862090e-03 
1662.000  1.9551580730e-01  3.9506022930e-03 
1663.000  1.9428521770e-01  3.8725984100e-03 
1664.000  1.9346271420e-01  3.8023152350e-03 
1665.000  1.9148743060e-01  3.7096252440e-03 
1666.000  1.9055520240e-01  3.6832079890e-03 
1667.000  1.9207786180e-01  3.7689256670e-03 
1668.000  1.8882350790e-01  3.7430412770e-03 
1669.000  1.8912601870e-01  3.7949805260e-03 
1670.000  1.9319820260e-01  3.9238953590e-03 
1671.000  1.9172291910e-01  3.9421231750e-03 
1672.000  1.8264195030e-01  3.8113267420e-03 
1673.000  1.8802258050e-01  3.9703531270e-03 
1674.000  1.8889626120e-01  4.0394139290e-03 
1675.000  1.8714592090e-01  4.0589132310e-03 
1676.000  1.8416475360e-01  4.0126285550e-03 
1677.000  1.8505012380e-01  4.0293960570e-03 
1678.000  1.8591855050e-01  4.0523924830e-03 
1679.000  1.8344616000e-01  3.9917342660e-03 
1680.000  1.7703728070e-01  3.8547804360e-03 
1681.000  1.7083159220e-01  3.7206895350e-03 
1682.000  1.7576496570e-01  3.8257179260e-03 
1683.000  1.8015814420e-01  3.9150040150e-03 
1684.000  1.8351930950e-01  3.9825532440e-03 
1685.000  1.8423819840e-01  3.9815080170e-03 
1686.000  1.8201544610e-01  3.9204134940e-03 
1687.000  1.8303148460e-01  3.9030060770e-03 
1688.000  1.8337340540e-01  3.8762228490e-03 
1689.000  1.8116346060e-01  3.8122622970e-03 
1690.000  1.8132681190e-01  3.7791962620e-03 
1691.000  1.8369972810e-01  3.8374710080e-03 
1692.000  1.8403390560e-01  3.8612973690e-03 
1693.000  1.8333420120e-01  3.8668143750e-03 
1694.000  1.8305677300e-01  3.8780348300e-03 
1695.000  1.8326609780e-01  3.8876688480e-03 
1696.000  1.8219440690e-01  3.8292872910e-03 
1697.000  1.8115360270e-01  3.7604064940e-03 
1698.000  1.8224690510e-01  3.7396860120e-03 
1699.000  1.8106921720e-01  3.6756911280e-03 
1700.000  1.7874816410e-01  3.5913529400e-03 
