 lambda   Irr_dw            Rad_up 
 550.000  1.5574949900e+00  7.7491035460e-02 
 551.000  1.5471818700e+00  7.6819038390e-02 
 552.000  1.6132029000e+00  8.0036674500e-02 
 553.000  1.5494498700e+00  7.6692810060e-02 
 554.000  1.5995143700e+00  7.9091171260e-02 
 555.000  1.6034857700e+00  7.9075073240e-02 
 556.000  1.5588123900e+00  7.6667289730e-02 
 557.000  1.5121727200e+00  7.4305503850e-02 
 558.000  1.5692288000e+00  7.6904205320e-02 
 559.000  1.4829302100e+00  7.2536979680e-02 
 560.000  1.4891824600e+00  7.2768852230e-02 
 561.000  1.6364521000e+00  7.9744735720e-02 
 562.000  1.5022984300e+00  7.3102455140e-02 
 563.000  1.5716465500e+00  7.6273567200e-02 
 564.000  1.5495873700e+00  7.4942459110e-02 
 565.000  1.5683558000e+00  7.5750205990e-02 
 566.000  1.4460727900e+00  6.9655075070e-02 
 567.000  1.5524749500e+00  7.4451469420e-02 
 568.000  1.5530411500e+00  7.3820823670e-02 
 569.000  1.5316112600e+00  7.1611625670e-02 
 570.000  1.5381355800e+00  7.1907554630e-02 
 571.000  1.4770607400e+00  6.9658653260e-02 
 572.000  1.5680284200e+00  7.3208259580e-02 
 573.000  1.5828873000e+00  7.4021476750e-02 
 574.000  1.5737974900e+00  7.3536003110e-02 
 575.000  1.5359094400e+00  7.1608520510e-02 
 576.000  1.5082468400e+00  7.0222480770e-02 
 577.000  1.5689757100e+00  7.3097694400e-02 
 578.000  1.5204382500e+00  7.1139488220e-02 
 579.000  1.5065879800e+00  7.0557746890e-02 
 580.000  1.5564975400e+00  7.3125396730e-02 
 581.000  1.5253157900e+00  7.1821357730e-02 
 582.000  1.5462905000e+00  7.2724533080e-02 
 583.000  1.5561981900e+00  7.3227401730e-02 
 584.000  1.5505190200e+00  7.2790946960e-02 
 585.000  1.5398797900e+00  7.2146469120e-02 
 586.000  1.4733826500e+00  6.8976242070e-02 
 587.000  1.5340684800e+00  7.1267768860e-02 
 588.000  1.5321946900e+00  6.9792175290e-02 
 589.000  1.3775020100e+00  6.1130519870e-02 
 590.000  1.4394899300e+00  6.3760517120e-02 
 591.000  1.5148980900e+00  6.8076583860e-02 
 592.000  1.4934772500e+00  6.6369422910e-02 
 593.000  1.4927162800e+00  6.7470649720e-02 
 594.000  1.5100196000e+00  6.7907707210e-02 
 595.000  1.4926421000e+00  6.6153457640e-02 
 596.000  1.5128846300e+00  6.8264625550e-02 
 597.000  1.5209412700e+00  6.8161201480e-02 
 598.000  1.4829462100e+00  6.6955238340e-02 
 599.000  1.4804510400e+00  6.7002243040e-02 
 600.000  1.4745317900e+00  6.7211814880e-02 
 601.000  1.4620784200e+00  6.6990325930e-02 
 602.000  1.4445745000e+00  6.6207839970e-02 
 603.000  1.4518125500e+00  6.6656402590e-02 
 604.000  1.4965185300e+00  6.8848037720e-02 
 605.000  1.4920782800e+00  6.8513450620e-02 
 606.000  1.4745513000e+00  6.7733802800e-02 
 607.000  1.4660702600e+00  6.7243408200e-02 
 608.000  1.4605547100e+00  6.6862991330e-02 
 609.000  1.4454668100e+00  6.6129043580e-02 
 610.000  1.4222124100e+00  6.4943496700e-02 
 611.000  1.4452095200e+00  6.5937652590e-02 
 612.000  1.4263386100e+00  6.5030548100e-02 
 613.000  1.4054600900e+00  6.3972465520e-02 
 614.000  1.3542178700e+00  6.1611301420e-02 
 615.000  1.4196132400e+00  6.4442863460e-02 
 616.000  1.3497873500e+00  6.1254459380e-02 
 617.000  1.3574735200e+00  6.1547943120e-02 
 618.000  1.4216191200e+00  6.4285377500e-02 
 619.000  1.4087712100e+00  6.3707008360e-02 
 620.000  1.4297948300e+00  6.4482429500e-02 
 621.000  1.4546810200e+00  6.5542175290e-02 
 622.000  1.3782706200e+00  6.1985271450e-02 
 623.000  1.3894966800e+00  6.2279270170e-02 
 624.000  1.3914333300e+00  6.2376476290e-02 
 625.000  1.3541682300e+00  6.0647369380e-02 
 626.000  1.3620958200e+00  6.0752460480e-02 
 627.000  1.3905802500e+00  6.1433731080e-02 
 628.000  1.3970915800e+00  6.0047847750e-02 
 629.000  1.4180299200e+00  6.1625072480e-02 
 630.000  1.3671259000e+00  5.9781185150e-02 
 631.000  1.4129600400e+00  6.1937080380e-02 
 632.000  1.3183147700e+00  5.7541099550e-02 
 633.000  1.4085268800e+00  6.1899818420e-02 
 634.000  1.3638967300e+00  6.0102058410e-02 
 635.000  1.3884115400e+00  6.1195487980e-02 
 636.000  1.3381340100e+00  5.9060203550e-02 
 637.000  1.3814666800e+00  6.1028388980e-02 
 638.000  1.4002075900e+00  6.2034061430e-02 
 639.000  1.3883533300e+00  6.1364597320e-02 
 640.000  1.3433559800e+00  5.9612388610e-02 
 641.000  1.3626044300e+00  6.0410469060e-02 
 642.000  1.3452353400e+00  5.9670528410e-02 
 643.000  1.3704355700e+00  6.0575542450e-02 
 644.000  1.3546340800e+00  5.9750957490e-02 
 645.000  1.3688637400e+00  6.0187835690e-02 
 646.000  1.3266228100e+00  5.7322433470e-02 
 647.000  1.3519011600e+00  5.7745803830e-02 
 648.000  1.3574700100e+00  5.7459609990e-02 
 649.000  1.3774814400e+00  5.8637554170e-02 
 650.000  1.2641023500e+00  5.4753570560e-02 
 651.000  1.3617801200e+00  5.8945796970e-02 
 652.000  1.3472042200e+00  5.7387508390e-02 
 653.000  1.3608696500e+00  5.8965244290e-02 
 654.000  1.3446189800e+00  5.7988269810e-02 
 655.000  1.3139759000e+00  5.6244438170e-02 
 656.000  1.1142292800e+00  4.7749191280e-02 
 657.000  1.1869701200e+00  5.1025955200e-02 
 658.000  1.3177374700e+00  5.7057136540e-02 
 659.000  1.3183866300e+00  5.7233638760e-02 
 660.000  1.3276770400e+00  5.7720203400e-02 
 661.000  1.3302776100e+00  5.8141510010e-02 
 662.000  1.3479578600e+00  5.9024295810e-02 
 663.000  1.3333769100e+00  5.8261505130e-02 
 664.000  1.3116813600e+00  5.7318637850e-02 
 665.000  1.3170212400e+00  5.7533233640e-02 
 666.000  1.3323076100e+00  5.8311069490e-02 
 667.000  1.3054575900e+00  5.7050415040e-02 
 668.000  1.3123216100e+00  5.7455150600e-02 
 669.000  1.3309418500e+00  5.8302898410e-02 
 670.000  1.3148983800e+00  5.7451759340e-02 
 671.000  1.3007918900e+00  5.6839946750e-02 
 672.000  1.2964888500e+00  5.6603954320e-02 
 673.000  1.3057024500e+00  5.6939422610e-02 
 674.000  1.3081719800e+00  5.7026084900e-02 
 675.000  1.2881175800e+00  5.6069652560e-02 
 676.000  1.3123715100e+00  5.7103881840e-02 
 677.000  1.2861879700e+00  5.5950397490e-02 
 678.000  1.3074027500e+00  5.6805629730e-02 
 679.000  1.2889757900e+00  5.5903766630e-02 
 680.000  1.2795209300e+00  5.5433582310e-02 
 681.000  1.2814953700e+00  5.5414791110e-02 
 682.000  1.2790520700e+00  5.5186897280e-02 
 683.000  1.2877442500e+00  5.5438884740e-02 
 684.000  1.2655161300e+00  5.4418376920e-02 
 685.000  1.2791962400e+00  5.4964878080e-02 
 686.000  1.2259459000e+00  5.2255340580e-02 
 687.000  1.2268433300e+00  4.7820842740e-02 
 688.000  1.2277656100e+00  4.8980514530e-02 
 689.000  1.2313013300e+00  4.8839767460e-02 
 690.000  1.2372597300e+00  4.9674587250e-02 
 691.000  1.2422440700e+00  5.0678371430e-02 
 692.000  1.2347844500e+00  5.0789295200e-02 
 693.000  1.2429593000e+00  5.0267108920e-02 
 694.000  1.2566227300e+00  5.0132801060e-02 
 695.000  1.2336139000e+00  4.9621456150e-02 
 696.000  1.2474223700e+00  5.0433444980e-02 
 697.000  1.2463491900e+00  5.2028137210e-02 
 698.000  1.2240524300e+00  5.0650611880e-02 
 699.000  1.2499162500e+00  5.0350044250e-02 
 700.000  1.2349578100e+00  4.9903732300e-02 
 701.000  1.2080191000e+00  4.8470775600e-02 
 702.000  1.2017996400e+00  4.8407596590e-02 
 703.000  1.2163973300e+00  5.0026031490e-02 
 704.000  1.2198906500e+00  5.0225242610e-02 
 705.000  1.2304085200e+00  5.0153270720e-02 
 706.000  1.2172594500e+00  4.9692306520e-02 
 707.000  1.1986017600e+00  4.9088027950e-02 
 708.000  1.2330522300e+00  5.0677055360e-02 
 709.000  1.1885960400e+00  4.9190277100e-02 
 710.000  1.2168715500e+00  4.9866069790e-02 
 711.000  1.2038492000e+00  4.9715320590e-02 
 712.000  1.1864203400e+00  4.9381202700e-02 
 713.000  1.1820060000e+00  4.8849414830e-02 
 714.000  1.2023199000e+00  4.9499485020e-02 
 715.000  1.1611838800e+00  4.7287536620e-02 
 716.000  1.1923335400e+00  4.8029624940e-02 
 717.000  1.1626362400e+00  4.4361736300e-02 
 718.000  1.1564744200e+00  4.2676254270e-02 
 719.000  1.1431578900e+00  4.1597869870e-02 
 720.000  1.1514926500e+00  4.1234977720e-02 
 721.000  1.1498283700e+00  4.4385787960e-02 
 722.000  1.1658840200e+00  4.6113952640e-02 
 723.000  1.1635475700e+00  4.5263740540e-02 
 724.000  1.1706052300e+00  4.3586597440e-02 
 725.000  1.1578227100e+00  4.3358161930e-02 
 726.000  1.1556983800e+00  4.3174919130e-02 
 727.000  1.1727927600e+00  4.4005897520e-02 
 728.000  1.1526448000e+00  4.2984901430e-02 
 729.000  1.1068304500e+00  4.1907657620e-02 
 730.000  1.1477265600e+00  4.3316528320e-02 
 731.000  1.1288004400e+00  4.2516338350e-02 
 732.000  1.1499261400e+00  4.4451004030e-02 
 733.000  1.1320550500e+00  4.5012248990e-02 
 734.000  1.1552692400e+00  4.6527267460e-02 
 735.000  1.1460582600e+00  4.5871726990e-02 
 736.000  1.1250134000e+00  4.4628311160e-02 
 737.000  1.1396121900e+00  4.5451679230e-02 
 738.000  1.1361481300e+00  4.5732967380e-02 
 739.000  1.0992513900e+00  4.4458591460e-02 
 740.000  1.1092311800e+00  4.5292572020e-02 
 741.000  1.1001698500e+00  4.5265472410e-02 
 742.000  1.0819556200e+00  4.4646011350e-02 
 743.000  1.1134365600e+00  4.6250213620e-02 
 744.000  1.1238722100e+00  4.6828384400e-02 
 745.000  1.0945180200e+00  4.5740226750e-02 
 746.000  1.1096530500e+00  4.6416343690e-02 
 747.000  1.1262715900e+00  4.7081043240e-02 
 748.000  1.1060296500e+00  4.6242954250e-02 
 749.000  1.1062201500e+00  4.6269069670e-02 
 750.000  1.0900622800e+00  4.5499053960e-02 
 751.000  1.0872553500e+00  4.5365406040e-02 
 752.000  1.1037216800e+00  4.6101329800e-02 
 753.000  1.0932719800e+00  4.5664405820e-02 
 754.000  1.1103852600e+00  4.6372081760e-02 
 755.000  1.1040115800e+00  4.6087554930e-02 
 756.000  1.0823928700e+00  4.5170463560e-02 
 757.000  1.0903915100e+00  4.5486415860e-02 
 758.000  1.0892487300e+00  4.5340835570e-02 
 759.000  1.0479762400e+00  4.1354507450e-02 
 760.000  8.2434758600e-01  2.2728647230e-02 
 761.000  7.9439135700e-01  2.0953699110e-02 
 762.000  9.2672786400e-01  3.0670055390e-02 
 763.000  9.1183242400e-01  2.8255182270e-02 
 764.000  9.3523585500e-01  2.9911485670e-02 
 765.000  9.8157948000e-01  3.3860683440e-02 
 766.000  9.7329814000e-01  3.6485149380e-02 
 767.000  1.0032114600e+00  3.9003345490e-02 
 768.000  1.0521806600e+00  4.2008739470e-02 
 769.000  1.0536533100e+00  4.2918571470e-02 
 770.000  1.0509779200e+00  4.3258148190e-02 
 771.000  1.0524398700e+00  4.3569477080e-02 
 772.000  1.0485490100e+00  4.3454730990e-02 
 773.000  1.0442255200e+00  4.3284877780e-02 
 774.000  1.0552441500e+00  4.3753498080e-02 
 775.000  1.0154941200e+00  4.2105552670e-02 
 776.000  1.0572403600e+00  4.3867927550e-02 
 777.000  1.0499168400e+00  4.3532180790e-02 
 778.000  1.0443649500e+00  4.3248226170e-02 
 779.000  1.0478386300e+00  4.3325969700e-02 
 780.000  1.0349521900e+00  4.2797676090e-02 
 781.000  1.0330888600e+00  4.2710597990e-02 
 782.000  1.0456315000e+00  4.3144844060e-02 
 783.000  1.0212722000e+00  4.2205513000e-02 
 784.000  1.0271847300e+00  4.2387062070e-02 
 785.000  1.0305606500e+00  4.2306072240e-02 
 786.000  1.0136862600e+00  4.1444286350e-02 
 787.000  1.0305816400e+00  4.1639980320e-02 
 788.000  1.0161032600e+00  4.0869625090e-02 
 789.000  1.0252433300e+00  4.0577377320e-02 
 790.000  1.0151873600e+00  4.0079841610e-02 
 791.000  1.0094464500e+00  3.9966098790e-02 
 792.000  9.9297958000e-01  3.9353385930e-02 
 793.000  9.9108209000e-01  3.9491050720e-02 
 794.000  9.7814231300e-01  3.9559921260e-02 
 795.000  9.7443265200e-01  3.8938911440e-02 
 796.000  9.9516194000e-01  3.9015537260e-02 
 797.000  1.0003009300e+00  3.9448329930e-02 
 798.000  9.9827117000e-01  3.9866142270e-02 
 799.000  9.9811801300e-01  3.9672855380e-02 
 800.000  9.7391267800e-01  3.8307518010e-02 
 801.000  9.9193989800e-01  3.9047374730e-02 
 802.000  9.9016810300e-01  3.8890232090e-02 
 803.000  9.7584911300e-01  3.8385528560e-02 
 804.000  9.8384133800e-01  3.8911605830e-02 
 805.000  9.5536971500e-01  3.8142326350e-02 
 806.000  9.8030637200e-01  3.9306266780e-02 
 807.000  9.7424135500e-01  3.9092708590e-02 
 808.000  9.6909004500e-01  3.8706542970e-02 
 809.000  9.5328810700e-01  3.7893436430e-02 
 810.000  9.4964744500e-01  3.7545772550e-02 
 811.000  9.6606684600e-01  3.7862308500e-02 
 812.000  9.6430686600e-01  3.7428451540e-02 
 813.000  9.6177685100e-01  3.6818477630e-02 
 814.000  9.6240937900e-01  3.6354103090e-02 
 815.000  9.5418677300e-01  3.5447738650e-02 
 816.000  9.4809546000e-01  3.4507164000e-02 
 817.000  9.5369259000e-01  3.4721099850e-02 
 818.000  9.4768668000e-01  3.4481983180e-02 
 819.000  9.2152221400e-01  3.3804138180e-02 
 820.000  9.0186886700e-01  3.3832401280e-02 
 821.000  9.2968435100e-01  3.5795463560e-02 
 822.000  9.0505557500e-01  3.4053485870e-02 
 823.000  9.2128957100e-01  3.2906188960e-02 
 824.000  9.3187409300e-01  3.4792598720e-02 
 825.000  9.2795290200e-01  3.5888786320e-02 
 826.000  9.3425718600e-01  3.5870117190e-02 
 827.000  9.3160202900e-01  3.5588962550e-02 
 828.000  9.3147602800e-01  3.4830284120e-02 
 829.000  9.3040202500e-01  3.5014263150e-02 
 830.000  9.1492137700e-01  3.4724994660e-02 
 831.000  8.9868703100e-01  3.4163818360e-02 
 832.000  9.1699027300e-01  3.4861785890e-02 
 833.000  8.8802101300e-01  3.4010841370e-02 
 834.000  9.0050693900e-01  3.4706390380e-02 
 835.000  9.0044753900e-01  3.5029006960e-02 
 836.000  9.1158322100e-01  3.5438518520e-02 
 837.000  9.0413967300e-01  3.5095516200e-02 
 838.000  9.0636596800e-01  3.5422950740e-02 
 839.000  8.7742284600e-01  3.4396415710e-02 
 840.000  9.0065481800e-01  3.5301059720e-02 
 841.000  9.0396855800e-01  3.5259845730e-02 
 842.000  8.9748317400e-01  3.5112941740e-02 
 843.000  8.8924373800e-01  3.5217655180e-02 
 844.000  8.7354402000e-01  3.4769069670e-02 
 845.000  8.8632440600e-01  3.5354465480e-02 
 846.000  8.9368039900e-01  3.5786968230e-02 
 847.000  8.6227707200e-01  3.4679008480e-02 
 848.000  8.8878640300e-01  3.5539855960e-02 
 849.000  8.9030154600e-01  3.5694007870e-02 
 850.000  7.7025143800e-01  3.0739496230e-02 
 851.000  8.8313993900e-01  3.5105155940e-02 
 852.000  8.4960616100e-01  3.3832019810e-02 
 853.000  8.5830761400e-01  3.4248058320e-02 
 854.000  6.9011110000e-01  2.7560873030e-02 
 855.000  7.5915166000e-01  3.0423692700e-02 
 856.000  8.6009271100e-01  3.4535339360e-02 
 857.000  8.7320556600e-01  3.5212310790e-02 
 858.000  8.5891123800e-01  3.4643329620e-02 
 859.000  8.5803721200e-01  3.4677352910e-02 
 860.000  8.4998729000e-01  3.4439289090e-02 
 861.000  8.4983428600e-01  3.4415134430e-02 
 862.000  8.4682554500e-01  3.4245941160e-02 
 863.000  8.6300536800e-01  3.4985530850e-02 
 864.000  8.6112786300e-01  3.4786769870e-02 
 865.000  8.4496990100e-01  3.4249050140e-02 
 866.000  7.0874506300e-01  2.8764854430e-02 
 867.000  7.5478318200e-01  3.0453104020e-02 
 868.000  8.1860054500e-01  3.3101890560e-02 
 869.000  8.0709202200e-01  3.2626937870e-02 
 870.000  8.4043958500e-01  3.4071117400e-02 
 871.000  8.3923491700e-01  3.3957572940e-02 
 872.000  8.3577001900e-01  3.3620574950e-02 
 873.000  8.3925493300e-01  3.3859703060e-02 
 874.000  8.2093965200e-01  3.3043415070e-02 
 875.000  8.1342603100e-01  3.2858325960e-02 
 876.000  8.2039190500e-01  3.3057254790e-02 
 877.000  8.3686213000e-01  3.3583171840e-02 
 878.000  8.2308940600e-01  3.3071144100e-02 
 879.000  8.2504559100e-01  3.3190845490e-02 
 880.000  8.2079018000e-01  3.2838577270e-02 
 881.000  7.7840300600e-01  3.1166877750e-02 
 882.000  8.2167858300e-01  3.2718433380e-02 
 883.000  8.0269061500e-01  3.2121490480e-02 
 884.000  8.0942209300e-01  3.2569717410e-02 
 885.000  8.1877328700e-01  3.2513401030e-02 
 886.000  7.9326547800e-01  3.1498363490e-02 
 887.000  7.8418402500e-01  3.1134431840e-02 
 888.000  8.0774479000e-01  3.1904333110e-02 
 889.000  8.1287642700e-01  3.2351036070e-02 
 890.000  8.1103850800e-01  3.2182453160e-02 
 891.000  8.0799930900e-01  3.1829845430e-02 
 892.000  8.0734970600e-01  3.1542049410e-02 
 893.000  7.8175038000e-01  2.9688079830e-02 
 894.000  8.1018092700e-01  3.0484972000e-02 
 895.000  7.7517471200e-01  2.8472614290e-02 
 896.000  8.0596575800e-01  2.8752870560e-02 
 897.000  7.8738744800e-01  2.7538047790e-02 
 898.000  7.8874162200e-01  2.7198167800e-02 
 899.000  7.8802896200e-01  2.6263402940e-02 
 900.000  7.6834877100e-01  2.5630908970e-02 
 901.000  7.5188816900e-01  2.4891775130e-02 
 902.000  7.3804784500e-01  2.4470081330e-02 
 903.000  7.7415685700e-01  2.7005741120e-02 
 904.000  7.8853222600e-01  2.8351110460e-02 
 905.000  7.8643708100e-01  2.8474626540e-02 
 906.000  7.6561041200e-01  2.7180805210e-02 
 907.000  7.7858130400e-01  2.6618469240e-02 
 908.000  7.5953478600e-01  2.5293054580e-02 
 909.000  7.4463297600e-01  2.4798877720e-02 
 910.000  7.5344134700e-01  2.5169881820e-02 
 911.000  7.5144335800e-01  2.5638496400e-02 
 912.000  7.5306848700e-01  2.5297977450e-02 
 913.000  7.7069377400e-01  2.5099508290e-02 
 914.000  7.6573394200e-01  2.5291082380e-02 
 915.000  7.5309408500e-01  2.5357654570e-02 
 916.000  7.6145088200e-01  2.5665039060e-02 
 917.000  7.4953135900e-01  2.5421091080e-02 
 918.000  7.4572637400e-01  2.5523881910e-02 
 919.000  7.5556118400e-01  2.6979789730e-02 
 920.000  7.4835130200e-01  2.7112812040e-02 
 921.000  7.3196869000e-01  2.6366575240e-02 
 922.000  7.2541939100e-01  2.6202934270e-02 
 923.000  6.9501087100e-01  2.4639900210e-02 
 924.000  7.2441152800e-01  2.5534797670e-02 
 925.000  7.3402833400e-01  2.5772405620e-02 
 926.000  7.0782282600e-01  2.4704408650e-02 
 927.000  7.3418948600e-01  2.5358144760e-02 
 928.000  7.3870681200e-01  2.4661903380e-02 
 929.000  7.2838715900e-01  2.3251523970e-02 
 930.000  7.2655302100e-01  2.2055257800e-02 
 931.000  7.2625052000e-01  2.1133722310e-02 
 932.000  7.1913242900e-01  1.9921779630e-02 
 933.000  7.2108735200e-01  1.9352228160e-02 
 934.000  7.1476909000e-01  1.8622135160e-02 
 935.000  7.0417664400e-01  1.8289527890e-02 
 936.000  6.9910934900e-01  1.8357465740e-02 
 937.000  7.1471209100e-01  1.8713336940e-02 
 938.000  7.0721671700e-01  1.9150297160e-02 
 939.000  7.1349836400e-01  2.1340137480e-02 
 940.000  7.0985525800e-01  2.1624364850e-02 
 941.000  6.9371629200e-01  2.0813680650e-02 
 942.000  6.6716598100e-01  1.9339740750e-02 
 943.000  7.0295049000e-01  1.9358722690e-02 
 944.000  6.8362791800e-01  1.8753940580e-02 
 945.000  6.9017855200e-01  1.9260849000e-02 
 946.000  6.9953678800e-01  1.9543319700e-02 
 947.000  6.9530906100e-01  1.9750724790e-02 
 948.000  6.9951138000e-01  2.0067935940e-02 
 949.000  7.0172673900e-01  2.0111335750e-02 
 950.000  6.9710066100e-01  2.0029853820e-02 
 951.000  6.9296555300e-01  2.0378158570e-02 
 952.000  6.9288669500e-01  1.9888696670e-02 
 953.000  6.9097599200e-01  2.0186409000e-02 
 954.000  6.8430273100e-01  2.0400722500e-02 
 955.000  6.3917328400e-01  1.8762990950e-02 
 956.000  6.8184817600e-01  1.9966133120e-02 
 957.000  6.8149810900e-01  2.1075675960e-02 
 958.000  6.8675120400e-01  2.1424131390e-02 
 959.000  6.8940386800e-01  2.1301868440e-02 
 960.000  6.8288901500e-01  2.1047718050e-02 
 961.000  6.7556358300e-01  2.0719385150e-02 
 962.000  6.7892480600e-01  2.0915079120e-02 
 963.000  6.7752356400e-01  2.1616119380e-02 
 964.000  6.6977113200e-01  2.1484027860e-02 
 965.000  6.7795713500e-01  2.1667629240e-02 
 966.000  6.5838491200e-01  2.1086662290e-02 
 967.000  6.7796511300e-01  2.2335998540e-02 
 968.000  6.7049475700e-01  2.3125011440e-02 
 969.000  6.7458857100e-01  2.3719387050e-02 
 970.000  6.7642415400e-01  2.3804132460e-02 
 971.000  6.7042942400e-01  2.3573480610e-02 
 972.000  6.7517934100e-01  2.3594322200e-02 
 973.000  6.6894087600e-01  2.3070438390e-02 
 974.000  6.5868450800e-01  2.2353004460e-02 
 975.000  6.6197753200e-01  2.2219518660e-02 
 976.000  6.6999072200e-01  2.2767557140e-02 
 977.000  6.5300357300e-01  2.2630659100e-02 
 978.000  6.6915446200e-01  2.3150800700e-02 
 979.000  6.4970904300e-01  2.2593105320e-02 
 980.000  6.5887233400e-01  2.3386537550e-02 
 981.000  6.6336201500e-01  2.3662431720e-02 
 982.000  6.6192278600e-01  2.3495550160e-02 
 983.000  6.6013753800e-01  2.3704204560e-02 
 984.000  6.5571619000e-01  2.3851957320e-02 
 985.000  6.5540361100e-01  2.4030332570e-02 
 986.000  6.5005544600e-01  2.4104164120e-02 
 987.000  6.5744536900e-01  2.4503250120e-02 
 988.000  6.4933816200e-01  2.4224330900e-02 
 989.000  6.4109264300e-01  2.3927591320e-02 
 990.000  6.4655695300e-01  2.4155324940e-02 
 991.000  6.5180270900e-01  2.4437303540e-02 
 992.000  6.4576629400e-01  2.4210672380e-02 
 993.000  6.4572055800e-01  2.4184898380e-02 
 994.000  6.4895453400e-01  2.4372320180e-02 
 995.000  6.4413832700e-01  2.4248783110e-02 
 996.000  6.4402394700e-01  2.4204774860e-02 
 997.000  6.4474103400e-01  2.4133659360e-02 
 998.000  6.4237803800e-01  2.3958948140e-02 
 999.000  6.4080616200e-01  2.3840543750e-02 
1000.000  6.3569244600e-01  2.3630897520e-02 
1001.000  6.3931984800e-01  2.3640453340e-02 
1002.000  6.3869990400e-01  2.3429773330e-02 
1003.000  6.3117009400e-01  2.3189043050e-02 
1004.000  6.2573678000e-01  2.3085124970e-02 
1005.000  5.8458670400e-01  2.1606529240e-02 
1006.000  6.1507396400e-01  2.2743999480e-02 
1007.000  6.2633681600e-01  2.3119955060e-02 
1008.000  6.2922654000e-01  2.3077829360e-02 
1009.000  6.2572027000e-01  2.2768381120e-02 
1010.000  6.2791392900e-01  2.2920166020e-02 
1011.000  6.2419546700e-01  2.2975141530e-02 
1012.000  6.2423358000e-01  2.3052148820e-02 
1013.000  6.1961973300e-01  2.2942718510e-02 
1014.000  6.2352072000e-01  2.3145225520e-02 
1015.000  6.1200242300e-01  2.2756305690e-02 
1016.000  6.1586380200e-01  2.2964273450e-02 
1017.000  6.0973279500e-01  2.2771709440e-02 
1018.000  6.1779899100e-01  2.3082719800e-02 
1019.000  6.0392143600e-01  2.2520574570e-02 
1020.000  6.0257155400e-01  2.2462360380e-02 
1021.000  6.0839900800e-01  2.2663299560e-02 
1022.000  5.9955799700e-01  2.2173925400e-02 
1023.000  6.1132945100e-01  2.2466163640e-02 
1024.000  6.0838381300e-01  2.2247240070e-02 
1025.000  6.0766334700e-01  2.2279102330e-02 
1026.000  6.0812750500e-01  2.2335817340e-02 
1027.000  6.0456598600e-01  2.2219900130e-02 
1028.000  6.0589768400e-01  2.2331260680e-02 
1029.000  5.9643767200e-01  2.2073669430e-02 
1030.000  6.0218840800e-01  2.2392692570e-02 
1031.000  6.0016013200e-01  2.2396108630e-02 
1032.000  5.9794439100e-01  2.2367208480e-02 
1033.000  5.8690878600e-01  2.1936315540e-02 
1034.000  5.9305368500e-01  2.2160985950e-02 
1035.000  5.8666223800e-01  2.1894256590e-02 
1036.000  5.9435643200e-01  2.2163829800e-02 
1037.000  5.8183025000e-01  2.1675462720e-02 
1038.000  5.8754886200e-01  2.1867385860e-02 
1039.000  5.9006035000e-01  2.1928934100e-02 
1040.000  5.8316709300e-01  2.1643672940e-02 
1041.000  5.8629904100e-01  2.1731281280e-02 
1042.000  5.8806793800e-01  2.1771507260e-02 
1043.000  5.7793093300e-01  2.1373752590e-02 
1044.000  5.8375075800e-01  2.1561532970e-02 
1045.000  5.8141483800e-01  2.1503826140e-02 
1046.000  5.6461607400e-01  2.0921648030e-02 
1047.000  5.7513149600e-01  2.1349697110e-02 
1048.000  5.8102270600e-01  2.1608089450e-02 
1049.000  5.7745651700e-01  2.1517562870e-02 
1050.000  5.7419194000e-01  2.1421487810e-02 
1051.000  5.7452019200e-01  2.1408351900e-02 
1052.000  5.7201709500e-01  2.1275068280e-02 
1053.000  5.7229778000e-01  2.1256160740e-02 
1054.000  5.6669966300e-01  2.1002183910e-02 
1055.000  5.7114728400e-01  2.1118293760e-02 
1056.000  5.6986482200e-01  2.1028408050e-02 
1057.000  5.6944351100e-01  2.0963241580e-02 
1058.000  5.6448423400e-01  2.0705520630e-02 
1059.000  5.4667650700e-01  2.0074811940e-02 
1060.000  5.6587692400e-01  2.0844806670e-02 
1061.000  5.4616835200e-01  2.0122684480e-02 
1062.000  5.6193769500e-01  2.0663131710e-02 
1063.000  5.5266977500e-01  2.0293037410e-02 
1064.000  5.6009740600e-01  2.0476005550e-02 
1065.000  5.6000844600e-01  2.0372228620e-02 
1066.000  5.4280081500e-01  1.9708179470e-02 
1067.000  5.5598541100e-01  2.0131120680e-02 
1068.000  5.5464395900e-01  1.9944656370e-02 
1069.000  5.1327448800e-01  1.8398326870e-02 
1070.000  5.4359522200e-01  1.9526830670e-02 
1071.000  5.4500424700e-01  1.9558008190e-02 
1072.000  5.4736696200e-01  1.9624626160e-02 
1073.000  5.2945544700e-01  1.9006628040e-02 
1074.000  5.4793509000e-01  1.9714233400e-02 
1075.000  5.3018483900e-01  1.9181730270e-02 
1076.000  5.4232199300e-01  1.9586740490e-02 
1077.000  5.4173706800e-01  1.9516323090e-02 
1078.000  5.4386296700e-01  1.9535600660e-02 
1079.000  5.2302688600e-01  1.8793048860e-02 
1080.000  5.4043459200e-01  1.9253265380e-02 
1081.000  5.2065037500e-01  1.8533514020e-02 
1082.000  5.2648738300e-01  1.8773071290e-02 
1083.000  5.1320584700e-01  1.8169599530e-02 
1084.000  5.3383261500e-01  1.8764394760e-02 
1085.000  5.2922410100e-01  1.8359985350e-02 
1086.000  5.3557227500e-01  1.8584203720e-02 
1087.000  5.0028128900e-01  1.7547050480e-02 
1088.000  5.3050076900e-01  1.8662393570e-02 
1089.000  5.1327836600e-01  1.7830244060e-02 
1090.000  5.2501329000e-01  1.8229623790e-02 
1091.000  5.2781723200e-01  1.8420148850e-02 
1092.000  5.1705555800e-01  1.7962965010e-02 
1093.000  5.1392320200e-01  1.7623275760e-02 
1094.000  4.6890439400e-01  1.5948832510e-02 
1095.000  5.0731994900e-01  1.7236160280e-02 
1096.000  5.0805352400e-01  1.7244352340e-02 
1097.000  4.9884795400e-01  1.6838588710e-02 
1098.000  4.9789671500e-01  1.6194654460e-02 
1099.000  5.0238604900e-01  1.5792143820e-02 
1100.000  5.1079922900e-01  1.6090703960e-02 
1101.000  5.0921744900e-01  1.6109754560e-02 
1102.000  4.8829601800e-01  1.5408558850e-02 
1103.000  5.0733663300e-01  1.6050264360e-02 
1104.000  5.0409141200e-01  1.5855856900e-02 
1105.000  5.0445111900e-01  1.5651099210e-02 
1106.000  5.0134080500e-01  1.5355941770e-02 
1107.000  5.0044183800e-01  1.5365492820e-02 
1108.000  4.9860215900e-01  1.5328651430e-02 
1109.000  4.9991814700e-01  1.5517646790e-02 
1110.000  5.0248342500e-01  1.5547469140e-02 
1111.000  4.9644635800e-01  1.5254307750e-02 
1112.000  4.9203188300e-01  1.4725537300e-02 
1113.000  4.9030601400e-01  1.4199910160e-02 
1114.000  4.9561486900e-01  1.4205206870e-02 
1115.000  4.9062236200e-01  1.3595429420e-02 
1116.000  4.8441367700e-01  1.3175352100e-02 
1117.000  4.9015752100e-01  1.2826520920e-02 
1118.000  4.8502187000e-01  1.2280968670e-02 
1119.000  4.7145440200e-01  1.1753516200e-02 
1120.000  4.7240504200e-01  1.1568803790e-02 
1121.000  4.7540970200e-01  1.1598623280e-02 
1122.000  4.7320332500e-01  1.1338794710e-02 
1123.000  4.7542690600e-01  1.1510035510e-02 
1124.000  4.7634408800e-01  1.1610775950e-02 
1125.000  4.6641887000e-01  1.1329555510e-02 
1126.000  4.5749663500e-01  1.1096796040e-02 
1127.000  4.7298443400e-01  1.1487703320e-02 
1128.000  4.6433747400e-01  1.1307796480e-02 
1129.000  4.6723676000e-01  1.1585033420e-02 
1130.000  4.6815643200e-01  1.2147105220e-02 
1131.000  4.7328844600e-01  1.2446158410e-02 
1132.000  4.7428715100e-01  1.2240756030e-02 
1133.000  4.6203309100e-01  1.1537320140e-02 
1134.000  4.5662978300e-01  1.0781018260e-02 
1135.000  4.6261223000e-01  1.0966216090e-02 
1136.000  4.6453512800e-01  1.1647470470e-02 
1137.000  4.7133713700e-01  1.2220489500e-02 
1138.000  4.5527441400e-01  1.2220517160e-02 
1139.000  4.6549234100e-01  1.2655221940e-02 
1140.000  4.6671860600e-01  1.2599278450e-02 
1141.000  4.5322572500e-01  1.2072625160e-02 
1142.000  4.6549240200e-01  1.2336453440e-02 
1143.000  4.5711138800e-01  1.1927561760e-02 
1144.000  4.5383471000e-01  1.1643071170e-02 
1145.000  4.5645276200e-01  1.1441214560e-02 
1146.000  4.6112905700e-01  1.1617355350e-02 
1147.000  4.6346941200e-01  1.1893479350e-02 
1148.000  4.5906208500e-01  1.1982690810e-02 
1149.000  4.6053638800e-01  1.2106315610e-02 
1150.000  4.5858170700e-01  1.2069523810e-02 
1151.000  4.5723567600e-01  1.2175365450e-02 
1152.000  4.5638187900e-01  1.2223492620e-02 
1153.000  4.5558545300e-01  1.2307197570e-02 
1154.000  4.5906314200e-01  1.2383670810e-02 
1155.000  4.6064379600e-01  1.2644250870e-02 
1156.000  4.5440044700e-01  1.2720375060e-02 
1157.000  4.5866142000e-01  1.3416962620e-02 
1158.000  4.5873422600e-01  1.3728695870e-02 
1159.000  4.5224771800e-01  1.3834436420e-02 
1160.000  4.4650243700e-01  1.3796222690e-02 
1161.000  4.3687314000e-01  1.3821979520e-02 
1162.000  4.5268858400e-01  1.4595270160e-02 
1163.000  4.5456784300e-01  1.4974172590e-02 
1164.000  4.4533532900e-01  1.4734032630e-02 
1165.000  4.5393053600e-01  1.5070592880e-02 
1166.000  4.4215532500e-01  1.4759929660e-02 
1167.000  4.4932742100e-01  1.5050276760e-02 
1168.000  4.5325433200e-01  1.5168476100e-02 
1169.000  4.3758085300e-01  1.4692791940e-02 
1170.000  4.4934877100e-01  1.5131058690e-02 
1171.000  4.5142793700e-01  1.5303250310e-02 
1172.000  4.5001379600e-01  1.5196331020e-02 
1173.000  4.4687957600e-01  1.5035109520e-02 
1174.000  4.4710588900e-01  1.5046016690e-02 
1175.000  4.4187231800e-01  1.5021959300e-02 
1176.000  4.3120493100e-01  1.4798736570e-02 
1177.000  4.4451805800e-01  1.5184711460e-02 
1178.000  4.3700876000e-01  1.4790001870e-02 
1179.000  4.3504980300e-01  1.4723038670e-02 
1180.000  4.4115686300e-01  1.4878312110e-02 
1181.000  4.3890219800e-01  1.4676232340e-02 
1182.000  4.3945793600e-01  1.4565390590e-02 
1183.000  4.1394220700e-01  1.3728523250e-02 
1184.000  4.3259885200e-01  1.4412454610e-02 
1185.000  4.3832306700e-01  1.4773037910e-02 
1186.000  4.3571291300e-01  1.4627152440e-02 
1187.000  4.3586862500e-01  1.4449446680e-02 
1188.000  4.3363098900e-01  1.4318496700e-02 
1189.000  4.0826266700e-01  1.3560205460e-02 
1190.000  4.2833895800e-01  1.4469882970e-02 
1191.000  4.3501869200e-01  1.4744112010e-02 
1192.000  4.3264982800e-01  1.4750879290e-02 
1193.000  4.3281689200e-01  1.4692686080e-02 
1194.000  4.3200174900e-01  1.4639056210e-02 
1195.000  4.2715922800e-01  1.4360649110e-02 
1196.000  4.2688911900e-01  1.4367461200e-02 
1197.000  4.2677692300e-01  1.4308341980e-02 
1198.000  4.1244214600e-01  1.3815429690e-02 
1199.000  3.9711520100e-01  1.3238239290e-02 
1200.000  4.2214874200e-01  1.4108420370e-02 
1201.000  4.2517702000e-01  1.4226933480e-02 
1202.000  4.2599235200e-01  1.4273984910e-02 
1203.000  4.0520146400e-01  1.3548782350e-02 
1204.000  4.1191599100e-01  1.3803991320e-02 
1205.000  4.2147094700e-01  1.4322980880e-02 
1206.000  4.1890731900e-01  1.4329298020e-02 
1207.000  4.2172006700e-01  1.4464548110e-02 
1208.000  4.1558091400e-01  1.4224153520e-02 
1209.000  3.8961630300e-01  1.3288274770e-02 
1210.000  4.1689964800e-01  1.4138946530e-02 
1211.000  4.0297308800e-01  1.3658018110e-02 
1212.000  4.1558983800e-01  1.4115284920e-02 
1213.000  4.1712618900e-01  1.4256952290e-02 
1214.000  4.1534066700e-01  1.4193712230e-02 
1215.000  4.1676754400e-01  1.4282362940e-02 
1216.000  4.1553502000e-01  1.4379185680e-02 
1217.000  4.1467044700e-01  1.4464172360e-02 
1218.000  4.1321974000e-01  1.4460453990e-02 
1219.000  4.0935208000e-01  1.4348458290e-02 
1220.000  4.1210353200e-01  1.4434520720e-02 
1221.000  4.1125047700e-01  1.4405994420e-02 
1222.000  4.0897221400e-01  1.4319108960e-02 
1223.000  4.0697007900e-01  1.4272782330e-02 
1224.000  4.0991198200e-01  1.4467381480e-02 
1225.000  4.0758746200e-01  1.4414344790e-02 
1226.000  4.0891619100e-01  1.4499145510e-02 
1227.000  3.9488434600e-01  1.4056525230e-02 
1228.000  4.0698494300e-01  1.4554831500e-02 
1229.000  4.0630973300e-01  1.4577895160e-02 
1230.000  4.0467991900e-01  1.4575136180e-02 
1231.000  4.0454691000e-01  1.4604000090e-02 
1232.000  3.9994681500e-01  1.4452098850e-02 
1233.000  4.0306730200e-01  1.4574099540e-02 
1234.000  4.0160032100e-01  1.4596190450e-02 
1235.000  3.9872623500e-01  1.4515062330e-02 
1236.000  4.0098611800e-01  1.4604484560e-02 
1237.000  4.0088025900e-01  1.4626007080e-02 
1238.000  4.0059559600e-01  1.4622996330e-02 
1239.000  3.9601133700e-01  1.4457857130e-02 
1240.000  3.9423362300e-01  1.4427525520e-02 
1241.000  3.9784204400e-01  1.4587207790e-02 
1242.000  3.9562268900e-01  1.4530516620e-02 
1243.000  3.9129177100e-01  1.4397346500e-02 
1244.000  3.8794221800e-01  1.4288137440e-02 
1245.000  3.9472279800e-01  1.4548086170e-02 
1246.000  3.9178843900e-01  1.4394665720e-02 
1247.000  3.9000062100e-01  1.4282591820e-02 
1248.000  3.9316868700e-01  1.4349699020e-02 
1249.000  3.9183752200e-01  1.4263671880e-02 
1250.000  3.9044275500e-01  1.4167154310e-02 
1251.000  3.8791074900e-01  1.4040686610e-02 
1252.000  3.8691333800e-01  1.3965550420e-02 
1253.000  3.8388885600e-01  1.3815526010e-02 
1254.000  3.8521525400e-01  1.3791650770e-02 
1255.000  3.8480364400e-01  1.3726425170e-02 
1256.000  3.8420904400e-01  1.3662159920e-02 
1257.000  3.8009369300e-01  1.3433445930e-02 
1258.000  3.8208555400e-01  1.3360937120e-02 
1259.000  3.7818845400e-01  1.3105957030e-02 
1260.000  3.7900397900e-01  1.3009488110e-02 
1261.000  3.7855651300e-01  1.2866902350e-02 
1262.000  3.7045484200e-01  1.2429172520e-02 
1263.000  3.7494768400e-01  1.2554169650e-02 
1264.000  3.6910972420e-01  1.2350105290e-02 
1265.000  3.6978210890e-01  1.2380661960e-02 
1266.000  3.7216972520e-01  1.2428934100e-02 
1267.000  3.6519946800e-01  1.2161722180e-02 
1268.000  3.6160224330e-01  1.1996396060e-02 
1269.000  3.6498680410e-01  1.2087733270e-02 
1270.000  3.6899936090e-01  1.2364331250e-02 
1271.000  3.7104884230e-01  1.2502513890e-02 
1272.000  3.6995142980e-01  1.2531542780e-02 
1273.000  3.6963344060e-01  1.2589307790e-02 
1274.000  3.6742625920e-01  1.2587816240e-02 
1275.000  3.6958900190e-01  1.2691141130e-02 
1276.000  3.7018285100e-01  1.2722596170e-02 
1277.000  3.6990623180e-01  1.2711214070e-02 
1278.000  3.6884614980e-01  1.2670278550e-02 
1279.000  3.6637735690e-01  1.2607002260e-02 
1280.000  3.6421339880e-01  1.2618635180e-02 
1281.000  3.5382577960e-01  1.2341270450e-02 
1282.000  3.1420451440e-01  1.1031862260e-02 
1283.000  3.4483408150e-01  1.2164543150e-02 
1284.000  3.5906306010e-01  1.2702382090e-02 
1285.000  3.6169735660e-01  1.2814537050e-02 
1286.000  3.6157794940e-01  1.2778638840e-02 
1287.000  3.6378886900e-01  1.2801896100e-02 
1288.000  3.6150825130e-01  1.2545653340e-02 
1289.000  3.6366352350e-01  1.2568680760e-02 
1290.000  3.5533062530e-01  1.2264826770e-02 
1291.000  3.6019498090e-01  1.2420402530e-02 
1292.000  3.6169779340e-01  1.2497957230e-02 
1293.000  3.6202091630e-01  1.2477781300e-02 
1294.000  3.5627509630e-01  1.2172355650e-02 
1295.000  3.6011046230e-01  1.2168120380e-02 
1296.000  3.6037529980e-01  1.2074184420e-02 
1297.000  3.5815344180e-01  1.1938220980e-02 
1298.000  3.5495275820e-01  1.1836315160e-02 
1299.000  3.5851657270e-01  1.1957732200e-02 
1300.000  3.5707733280e-01  1.1912711140e-02 
1301.000  3.5650952750e-01  1.1872061730e-02 
1302.000  3.5193419590e-01  1.1637707710e-02 
1303.000  3.5004321640e-01  1.1401302340e-02 
1304.000  3.5027289900e-01  1.1319433210e-02 
1305.000  3.5242820760e-01  1.1339681630e-02 
1306.000  3.5276561500e-01  1.1296783450e-02 
1307.000  3.5172333600e-01  1.1223434450e-02 
1308.000  3.5142300760e-01  1.1123810770e-02 
1309.000  3.5111041080e-01  1.0988829610e-02 
1310.000  3.4965145320e-01  1.0935796740e-02 
1311.000  3.4858134340e-01  1.0905812260e-02 
1312.000  3.4749547010e-01  1.0724635120e-02 
1313.000  3.3466090300e-01  1.0160063740e-02 
1314.000  3.4510706370e-01  1.0323843000e-02 
1315.000  3.3348686190e-01  1.0044261930e-02 
1316.000  3.4124472160e-01  1.0385215760e-02 
1317.000  3.4491564660e-01  1.0495007510e-02 
1318.000  3.4003504650e-01  1.0167299270e-02 
1319.000  3.4469254850e-01  1.0075441360e-02 
1320.000  3.4214788330e-01  9.7655296330e-03 
1321.000  3.4064455950e-01  9.6370830540e-03 
1322.000  3.3996440300e-01  9.7479152680e-03 
1323.000  3.4071694920e-01  9.9202022550e-03 
1324.000  3.4089946130e-01  1.0012605670e-02 
1325.000  3.3980894300e-01  9.9180498120e-03 
1326.000  3.3821841720e-01  9.7136754990e-03 
1327.000  3.3551795810e-01  9.3294677730e-03 
1328.000  3.3640099130e-01  9.0716733930e-03 
1329.000  3.2412440300e-01  8.3109273910e-03 
1330.000  3.2919475910e-01  8.2922611240e-03 
1331.000  3.3066204620e-01  8.2377109530e-03 
1332.000  3.2311592310e-01  8.0784959790e-03 
1333.000  3.3165632410e-01  8.3717432020e-03 
1334.000  3.3207208320e-01  8.4951992030e-03 
1335.000  3.3235634510e-01  8.5850944520e-03 
1336.000  3.2875888870e-01  8.5210876460e-03 
1337.000  3.2982311570e-01  8.5602684020e-03 
1338.000  3.2958004070e-01  8.6128854750e-03 
1339.000  3.2603860670e-01  8.5375747680e-03 
1340.000  3.2369830050e-01  8.5256528850e-03 
1341.000  3.2858466750e-01  8.6115980150e-03 
1342.000  3.2778000830e-01  8.5969667430e-03 
1343.000  3.2775111350e-01  8.4179306030e-03 
1344.000  3.2625254460e-01  8.2091207500e-03 
1345.000  3.2374896090e-01  7.7806406020e-03 
1346.000  3.1857666660e-01  7.4668741230e-03 
1347.000  3.1918068820e-01  7.3407325740e-03 
1348.000  3.1560257400e-01  7.1083908080e-03 
1349.000  3.1345938130e-01  6.9795017240e-03 
1350.000  3.0705875210e-01  6.6783246990e-03 
1351.000  3.0489007970e-01  6.5198235510e-03 
1352.000  3.0544620150e-01  6.3641052250e-03 
1353.000  2.9959246950e-01  6.0341739650e-03 
1354.000  2.9597221590e-01  5.8388886450e-03 
1355.000  2.9032900530e-01  5.5925269130e-03 
1356.000  2.8605524140e-01  5.3600072860e-03 
1357.000  2.7935320020e-01  5.0466699600e-03 
1358.000  2.7974970590e-01  4.8495268820e-03 
1359.000  2.7202998890e-01  4.3716177940e-03 
1360.000  2.6205895640e-01  3.9986450670e-03 
1361.000  2.6425569780e-01  3.8941497800e-03 
1362.000  2.6199182050e-01  3.8220674990e-03 
1363.000  2.6225571620e-01  4.0366272930e-03 
1364.000  2.6752766260e-01  4.1897583010e-03 
1365.000  2.6739122420e-01  4.2269659040e-03 
1366.000  2.6926882290e-01  4.3397521970e-03 
1367.000  2.6431834670e-01  4.1531085970e-03 
1368.000  2.6434142920e-01  4.0551390650e-03 
1369.000  2.5957909460e-01  4.0052957530e-03 
1370.000  2.6509213360e-01  4.3387079240e-03 
1371.000  2.7287469880e-01  4.8140554430e-03 
1372.000  2.8371740710e-01  5.3639278410e-03 
1373.000  2.8782143540e-01  5.6539311410e-03 
1374.000  2.9111009820e-01  5.8281860350e-03 
1375.000  2.8702169740e-01  5.7945747380e-03 
1376.000  2.8273111050e-01  5.6712613110e-03 
1377.000  2.8530900440e-01  5.6440949440e-03 
1378.000  2.8040993860e-01  5.3957371710e-03 
1379.000  2.7855401000e-01  5.1262397770e-03 
1380.000  2.6856208630e-01  4.6139745710e-03 
1381.000  2.6250624450e-01  4.1930961610e-03 
1382.000  2.5435989070e-01  3.8921091560e-03 
1383.000  2.5658458410e-01  3.9064610000e-03 
1384.000  2.6228294850e-01  4.2511291500e-03 
1385.000  2.6436824340e-01  4.4881706240e-03 
1386.000  2.7234850550e-01  4.8660182950e-03 
1387.000  2.7625506460e-01  5.2914705280e-03 
1388.000  2.8204542760e-01  5.5590119360e-03 
1389.000  2.8429110450e-01  5.6698389050e-03 
1390.000  2.7928063070e-01  5.5894236560e-03 
1391.000  2.8201478120e-01  5.5899653430e-03 
1392.000  2.7757282960e-01  5.3415203090e-03 
1393.000  2.7302715130e-01  5.0947966580e-03 
1394.000  2.6697536750e-01  4.8300232890e-03 
1395.000  2.6827570260e-01  4.9224467280e-03 
1396.000  2.7420665650e-01  5.2127943040e-03 
1397.000  2.7727530540e-01  5.4125905040e-03 
1398.000  2.7748672290e-01  5.4327282910e-03 
1399.000  2.7567372870e-01  5.3500456810e-03 
1400.000  2.6766963080e-01  5.1714153290e-03 
1401.000  2.6888101070e-01  5.2091255190e-03 
1402.000  2.7544603820e-01  5.4444074630e-03 
1403.000  2.7474735250e-01  5.4941768650e-03 
1404.000  2.7266340210e-01  5.4145765300e-03 
1405.000  2.7283163580e-01  5.4226579670e-03 
1406.000  2.7244558400e-01  5.3654503820e-03 
1407.000  2.7271631470e-01  5.3669853210e-03 
1408.000  2.7355910370e-01  5.4836997990e-03 
1409.000  2.7647529950e-01  5.6121568680e-03 
1410.000  2.7766686730e-01  5.7572317120e-03 
1411.000  2.7974008790e-01  5.8840370180e-03 
1412.000  2.6880798320e-01  5.6457934380e-03 
1413.000  2.7399866690e-01  5.7798380850e-03 
1414.000  2.7758291710e-01  5.8241853710e-03 
1415.000  2.7742149740e-01  5.8637170790e-03 
1416.000  2.7691334350e-01  5.8932862280e-03 
1417.000  2.7893415610e-01  5.9252810480e-03 
1418.000  2.7904376780e-01  5.9210610390e-03 
1419.000  2.7506889820e-01  5.8249664310e-03 
1420.000  2.7446547560e-01  5.8184657100e-03 
1421.000  2.7902106040e-01  5.9676427840e-03 
1422.000  2.7278714280e-01  5.8526844980e-03 
1423.000  2.7112535100e-01  5.8084030150e-03 
1424.000  2.7137079040e-01  5.7923126220e-03 
1425.000  2.7660723140e-01  5.8579936030e-03 
1426.000  2.6541414430e-01  5.6072688100e-03 
1427.000  2.6955596590e-01  5.7076091770e-03 
1428.000  2.7540589490e-01  5.8385329250e-03 
1429.000  2.6894711100e-01  5.7095746990e-03 
1430.000  2.6310468390e-01  5.5568819050e-03 
1431.000  2.6250088830e-01  5.4597640040e-03 
1432.000  2.6727236230e-01  5.5042533870e-03 
1433.000  2.6740806480e-01  5.4872393610e-03 
1434.000  2.6201843860e-01  5.3430624010e-03 
1435.000  2.6521540270e-01  5.4356064800e-03 
1436.000  2.6525116510e-01  5.4371395110e-03 
1437.000  2.6629884220e-01  5.4491758350e-03 
1438.000  2.6565102550e-01  5.4670696260e-03 
1439.000  2.6879173610e-01  5.5214104650e-03 
1440.000  2.5215343330e-01  5.1835818290e-03 
1441.000  2.6486001360e-01  5.4356298450e-03 
1442.000  2.5869324680e-01  5.2755150790e-03 
1443.000  2.6298874730e-01  5.3422622680e-03 
1444.000  2.6426751080e-01  5.3632507320e-03 
1445.000  2.6346988910e-01  5.3312811850e-03 
1446.000  2.6629824080e-01  5.3990468980e-03 
1447.000  2.6508098720e-01  5.3834156990e-03 
1448.000  2.6710738280e-01  5.4075193410e-03 
1449.000  2.6700072810e-01  5.3664197920e-03 
1450.000  2.6520430800e-01  5.2747030260e-03 
1451.000  2.6349389500e-01  5.2296347620e-03 
1452.000  2.6025038140e-01  5.1890869140e-03 
1453.000  2.6520409620e-01  5.3580656050e-03 
1454.000  2.6623429510e-01  5.4613566400e-03 
1455.000  2.6286713960e-01  5.4444031720e-03 
1456.000  2.6274744070e-01  5.4952597620e-03 
1457.000  2.6526638980e-01  5.5313897130e-03 
1458.000  2.6889330580e-01  5.5937690730e-03 
1459.000  2.6989212720e-01  5.5235915180e-03 
1460.000  2.6529996070e-01  5.3501276970e-03 
1461.000  2.6472062710e-01  5.2808828350e-03 
1462.000  2.6182972410e-01  5.1268310550e-03 
1463.000  2.6008212900e-01  5.0646877290e-03 
1464.000  2.5991009760e-01  5.0157361030e-03 
1465.000  2.6291697380e-01  5.0017962460e-03 
1466.000  2.5665410290e-01  4.8039951320e-03 
1467.000  2.6280611380e-01  4.8595142360e-03 
1468.000  2.5633769680e-01  4.6776475910e-03 
1469.000  2.5916359190e-01  4.6489100460e-03 
1470.000  2.5766878830e-01  4.5772314070e-03 
1471.000  2.5359486760e-01  4.5398035050e-03 
1472.000  2.5512736370e-01  4.6271286010e-03 
1473.000  2.5737257640e-01  4.7723259930e-03 
1474.000  2.5028641050e-01  4.7265796660e-03 
1475.000  2.5560824040e-01  4.8002328870e-03 
1476.000  2.5601218240e-01  4.7830500600e-03 
1477.000  2.5676331110e-01  4.7358961110e-03 
1478.000  2.5304909460e-01  4.6080255510e-03 
1479.000  2.5594788750e-01  4.5921587940e-03 
1480.000  2.5734998730e-01  4.6181488040e-03 
1481.000  2.5351361500e-01  4.5858011250e-03 
1482.000  2.5667050350e-01  4.6870622630e-03 
1483.000  2.5138333720e-01  4.5938043590e-03 
1484.000  2.5370730270e-01  4.6238384250e-03 
1485.000  2.5853583950e-01  4.6895761490e-03 
1486.000  2.5427631580e-01  4.6533751490e-03 
1487.000  2.5456700300e-01  4.7683396340e-03 
1488.000  2.2254288130e-01  4.1674900050e-03 
1489.000  2.5552625570e-01  4.9467358590e-03 
1490.000  2.5612157630e-01  5.1106452940e-03 
1491.000  2.5866685330e-01  5.2731747630e-03 
1492.000  2.5265611260e-01  5.1702466010e-03 
1493.000  2.5833438010e-01  5.3651618960e-03 
1494.000  2.5735221610e-01  5.3515219690e-03 
1495.000  2.5555171850e-01  5.3872709270e-03 
1496.000  2.4799469890e-01  5.3559255600e-03 
1497.000  2.5381936600e-01  5.4758038520e-03 
1498.000  2.5638963070e-01  5.6517100330e-03 
1499.000  2.5207755100e-01  5.6687402730e-03 
1500.000  2.5637606630e-01  5.8471245770e-03 
1501.000  2.5601017660e-01  5.8024907110e-03 
1502.000  2.5403326080e-01  5.7058062550e-03 
1503.000  2.2810623110e-01  5.0869688990e-03 
1504.000  2.3765165410e-01  5.3254766460e-03 
1505.000  2.3691338750e-01  5.4142937660e-03 
1506.000  2.4010704250e-01  5.5143547060e-03 
1507.000  2.5112005750e-01  5.8709068300e-03 
1508.000  2.4719850780e-01  5.8432550430e-03 
1509.000  2.4826647100e-01  5.9392943380e-03 
1510.000  2.5210320920e-01  6.0689344410e-03 
1511.000  2.5324988720e-01  6.1538281440e-03 
1512.000  2.4849563000e-01  6.0792412760e-03 
1513.000  2.4807928130e-01  6.1045608520e-03 
1514.000  2.4468327500e-01  6.0415754320e-03 
1515.000  2.4949165800e-01  6.1827564240e-03 
1516.000  2.4717660230e-01  6.1083488460e-03 
1517.000  2.4571287050e-01  6.0670037270e-03 
1518.000  2.5024140680e-01  6.1979002950e-03 
1519.000  2.4652781850e-01  6.1302289960e-03 
1520.000  2.4804443900e-01  6.2380480770e-03 
1521.000  2.4331965540e-01  6.2011952400e-03 
1522.000  2.4189554110e-01  6.2071533200e-03 
1523.000  2.4778305120e-01  6.4150314330e-03 
1524.000  2.4602444120e-01  6.3961968420e-03 
1525.000  2.4054182060e-01  6.2665958400e-03 
1526.000  2.4731735640e-01  6.4315834050e-03 
1527.000  2.4464463980e-01  6.3671932220e-03 
1528.000  2.4612811760e-01  6.4180154800e-03 
1529.000  2.4534941090e-01  6.3815827370e-03 
1530.000  2.2951670800e-01  5.9757614140e-03 
1531.000  2.4524238430e-01  6.3709521290e-03 
1532.000  2.4366906800e-01  6.3181877140e-03 
1533.000  2.4243801430e-01  6.2644634250e-03 
1534.000  2.3858534590e-01  6.1428751950e-03 
1535.000  2.3919961270e-01  6.1378288270e-03 
1536.000  2.4239820240e-01  6.2538261410e-03 
1537.000  2.4296098310e-01  6.3171167370e-03 
1538.000  2.3611603260e-01  6.1886992450e-03 
1539.000  2.4094400940e-01  6.3632202150e-03 
1540.000  2.3211551750e-01  6.1692724230e-03 
1541.000  2.3687786960e-01  6.3052077290e-03 
1542.000  2.3828652780e-01  6.3424406050e-03 
1543.000  2.3740006050e-01  6.3267717360e-03 
1544.000  2.4008530650e-01  6.4112162590e-03 
1545.000  2.4048693690e-01  6.4430432320e-03 
1546.000  2.4028013260e-01  6.4702477460e-03 
1547.000  2.3762793150e-01  6.4275774960e-03 
1548.000  2.3042247300e-01  6.2605571750e-03 
1549.000  2.3632819620e-01  6.4395451550e-03 
1550.000  2.3501611650e-01  6.4201169010e-03 
1551.000  2.3378581900e-01  6.3833260540e-03 
1552.000  2.3775973290e-01  6.4790654180e-03 
1553.000  2.3641834340e-01  6.4350752830e-03 
1554.000  2.2775601500e-01  6.1862936020e-03 
1555.000  2.3140874070e-01  6.2812023160e-03 
1556.000  2.2690333370e-01  6.1843943600e-03 
1557.000  2.3426873700e-01  6.4358978270e-03 
1558.000  2.3247431230e-01  6.4291849140e-03 
1559.000  2.3258548380e-01  6.4726643560e-03 
1560.000  2.2856901450e-01  6.4065117840e-03 
1561.000  2.3400709360e-01  6.5730161670e-03 
1562.000  2.3408224220e-01  6.5556683540e-03 
1563.000  2.3074214290e-01  6.4510250090e-03 
1564.000  2.2639898110e-01  6.3080248830e-03 
1565.000  2.3031282630e-01  6.3879127500e-03 
1566.000  2.2594868670e-01  6.2761569020e-03 
1567.000  2.2660118750e-01  6.2947916980e-03 
1568.000  2.2279159000e-01  6.1764783860e-03 
1569.000  2.2461998090e-01  6.2105116840e-03 
1570.000  2.1958224520e-01  6.0680475230e-03 
1571.000  2.2546600850e-01  6.2591505050e-03 
1572.000  2.2566859970e-01  6.2770800590e-03 
1573.000  2.2189197020e-01  6.2046723370e-03 
1574.000  2.2211364640e-01  6.2527446750e-03 
1575.000  2.0599296950e-01  5.8308801650e-03 
1576.000  2.2130470910e-01  6.2717986110e-03 
1577.000  1.9974232610e-01  5.6387238500e-03 
1578.000  2.1846022280e-01  6.1435942650e-03 
1579.000  2.1939413770e-01  6.1525955200e-03 
1580.000  2.2330022070e-01  6.2549109460e-03 
1581.000  2.2181952230e-01  6.1903176310e-03 
1582.000  2.1672163920e-01  6.0854506490e-03 
1583.000  2.1881080030e-01  6.1802740100e-03 
1584.000  2.1634845010e-01  6.1465754510e-03 
1585.000  2.2237250200e-01  6.3479113580e-03 
1586.000  2.1957945060e-01  6.2812261580e-03 
1587.000  2.1690387270e-01  6.2346239090e-03 
1588.000  2.1343429270e-01  6.1618552210e-03 
1589.000  1.9521996890e-01  5.6464400290e-03 
1590.000  2.1037332640e-01  6.0992865560e-03 
1591.000  2.0565983590e-01  5.9786467550e-03 
1592.000  2.1656814790e-01  6.3061332700e-03 
1593.000  2.2148590060e-01  6.4554557800e-03 
1594.000  2.1993164650e-01  6.4149250980e-03 
1595.000  2.2139627760e-01  6.4608511920e-03 
1596.000  2.0738964470e-01  6.0703201290e-03 
1597.000  2.1584806080e-01  6.3125143050e-03 
1598.000  2.1992114420e-01  6.4166774750e-03 
1599.000  2.1255890740e-01  6.1816892620e-03 
1600.000  2.1610117070e-01  6.2731142040e-03 
1601.000  2.0700408290e-01  6.0251097680e-03 
1602.000  2.1229754630e-01  6.2091121670e-03 
1603.000  2.1068721990e-01  6.2103714940e-03 
1604.000  2.1327456670e-01  6.3425278660e-03 
1605.000  2.1012133110e-01  6.2848100660e-03 
1606.000  2.0926580150e-01  6.2985258100e-03 
1607.000  2.1014540990e-01  6.2984280590e-03 
1608.000  2.1253977770e-01  6.3446502690e-03 
1609.000  2.1172272380e-01  6.3008594510e-03 
1610.000  1.9851136800e-01  5.8936905860e-03 
1611.000  2.0421827260e-01  6.0646972660e-03 
1612.000  2.0596460280e-01  6.1210484500e-03 
1613.000  2.1036069160e-01  6.2546248440e-03 
1614.000  2.0829611320e-01  6.1703038220e-03 
1615.000  2.1156053620e-01  6.2641830440e-03 
1616.000  1.9821873830e-01  5.8631720540e-03 
1617.000  2.0393174770e-01  6.0756063460e-03 
1618.000  2.1028579740e-01  6.2891240120e-03 
1619.000  2.0954154460e-01  6.3118200300e-03 
1620.000  2.0419098120e-01  6.1938524250e-03 
1621.000  2.0112998480e-01  6.1360092160e-03 
1622.000  2.0619250910e-01  6.2967844010e-03 
1623.000  2.1032099810e-01  6.4389104840e-03 
1624.000  2.1177443180e-01  6.4942784310e-03 
1625.000  2.0645615050e-01  6.3576731680e-03 
1626.000  2.0898771850e-01  6.4258818630e-03 
1627.000  2.0871804240e-01  6.4359641080e-03 
1628.000  2.1039528220e-01  6.4969129560e-03 
1629.000  2.1036474760e-01  6.5034894940e-03 
1630.000  2.0465349270e-01  6.3273382190e-03 
1631.000  2.0785428660e-01  6.4371328350e-03 
1632.000  2.0790680670e-01  6.3904724120e-03 
1633.000  2.0523106690e-01  6.2744913100e-03 
1634.000  2.0042868650e-01  6.0921125410e-03 
1635.000  2.0580236860e-01  6.2248144150e-03 
1636.000  2.0525769050e-01  6.1700487140e-03 
1637.000  1.9611927320e-01  5.8601913450e-03 
1638.000  1.9468628320e-01  5.7921023370e-03 
1639.000  1.9274629750e-01  5.6944313050e-03 
1640.000  1.9390245140e-01  5.6973123550e-03 
1641.000  1.9270255440e-01  5.6432423590e-03 
1642.000  1.9246214690e-01  5.6945123670e-03 
1643.000  1.9740869040e-01  5.8961582180e-03 
1644.000  1.9435385970e-01  5.8578667640e-03 
1645.000  1.9478691200e-01  5.9204206470e-03 
1646.000  1.9712791510e-01  6.0403680800e-03 
1647.000  1.9897870600e-01  6.0969247820e-03 
1648.000  1.9821039320e-01  6.0664691930e-03 
1649.000  1.9368211200e-01  5.9266071320e-03 
1650.000  1.9859010460e-01  6.0776157380e-03 
1651.000  1.9411544780e-01  5.9402623180e-03 
1652.000  1.9798985190e-01  6.0566306110e-03 
1653.000  1.9576653520e-01  5.9975681300e-03 
1654.000  1.9796293650e-01  6.0678181650e-03 
1655.000  1.9399522120e-01  5.9576272960e-03 
1656.000  1.9772190120e-01  6.0801382060e-03 
1657.000  1.9628824140e-01  6.0374994280e-03 
1658.000  1.9734854600e-01  6.0796718600e-03 
1659.000  1.9371360240e-01  5.9700484280e-03 
1660.000  1.9607758750e-01  6.0374259950e-03 
1661.000  1.9684647420e-01  6.0470743180e-03 
1662.000  1.9552426290e-01  5.9551582340e-03 
1663.000  1.9429363640e-01  5.8732919690e-03 
1664.000  1.9347074660e-01  5.8032917980e-03 
1665.000  1.9149596380e-01  5.6995468140e-03 
1666.000  1.9056354310e-01  5.6670761110e-03 
1667.000  1.9208634310e-01  5.7648177150e-03 
1668.000  1.8883197790e-01  5.7009987830e-03 
1669.000  1.8913426350e-01  5.7525243760e-03 
1670.000  1.9320647490e-01  5.9212112430e-03 
1671.000  1.9173095680e-01  5.9175024030e-03 
1672.000  1.8264979140e-01  5.6863775250e-03 
1673.000  1.8803089990e-01  5.8939576150e-03 
1674.000  1.8890449290e-01  5.9652171130e-03 
1675.000  1.8715358680e-01  5.9600682260e-03 
1676.000  1.8417274590e-01  5.8818283080e-03 
1677.000  1.8505835530e-01  5.9098129270e-03 
1678.000  1.8592631490e-01  5.9435234070e-03 
1679.000  1.8345432970e-01  5.8602576260e-03 
1680.000  1.7704519400e-01  5.6600017550e-03 
1681.000  1.7083890710e-01  5.4645953180e-03 
1682.000  1.7577270680e-01  5.6219325070e-03 
1683.000  1.8016582770e-01  5.7581367490e-03 
1684.000  1.8352710310e-01  5.8622217180e-03 
1685.000  1.8424619440e-01  5.8710536960e-03 
1686.000  1.8202341750e-01  5.7906956670e-03 
1687.000  1.8303925420e-01  5.7886118890e-03 
1688.000  1.8338127460e-01  5.7701749800e-03 
1689.000  1.8117130850e-01  5.6874413490e-03 
1690.000  1.8133464920e-01  5.6609005930e-03 
1691.000  1.8370770700e-01  5.7426700590e-03 
1692.000  1.8404193470e-01  5.7678146360e-03 
1693.000  1.8334176370e-01  5.7637901310e-03 
1694.000  1.8306436860e-01  5.7700243000e-03 
1695.000  1.8327410110e-01  5.7802829740e-03 
1696.000  1.8220221210e-01  5.7162971500e-03 
1697.000  1.8116119020e-01  5.6431040760e-03 
1698.000  1.8225443950e-01  5.6401681900e-03 
1699.000  1.8107705770e-01  5.5699214940e-03 
1700.000  1.7875591160e-01  5.4671192170e-03 
