 lambda   Irr_dw            Rad_up 
 550.000  1.5535984400e+00  4.7518100740e-02 
 551.000  1.5433376700e+00  4.7046314240e-02 
 552.000  1.6092226100e+00  4.9018985750e-02 
 553.000  1.5456547500e+00  4.6898418430e-02 
 554.000  1.5956186100e+00  4.8354492190e-02 
 555.000  1.5996049600e+00  4.8252689360e-02 
 556.000  1.5550648000e+00  4.6698230740e-02 
 557.000  1.5085622900e+00  4.5254020690e-02 
 558.000  1.5655040700e+00  4.6751705170e-02 
 559.000  1.4794318100e+00  4.4049537660e-02 
 560.000  1.4856948700e+00  4.4182193760e-02 
 561.000  1.6326440800e+00  4.8319374080e-02 
 562.000  1.4988235500e+00  4.4275226590e-02 
 563.000  1.5680343100e+00  4.6107784270e-02 
 564.000  1.5460486500e+00  4.5185188290e-02 
 565.000  1.5647943900e+00  4.5659427640e-02 
 566.000  1.4428098200e+00  4.1905342100e-02 
 567.000  1.5489868700e+00  4.4668003080e-02 
 568.000  1.5495654000e+00  4.4087985990e-02 
 569.000  1.5281824000e+00  4.2296558380e-02 
 570.000  1.5347162200e+00  4.2469116210e-02 
 571.000  1.4738094000e+00  4.1343658450e-02 
 572.000  1.5645828400e+00  4.3141719820e-02 
 573.000  1.5794319600e+00  4.3633502960e-02 
 574.000  1.5703815800e+00  4.3278659820e-02 
 575.000  1.5325896200e+00  4.2040012360e-02 
 576.000  1.5050007900e+00  4.1149185180e-02 
 577.000  1.5656165500e+00  4.2809818270e-02 
 578.000  1.5172064600e+00  4.1735645290e-02 
 579.000  1.5034007800e+00  4.1339782710e-02 
 580.000  1.5532207600e+00  4.2906982420e-02 
 581.000  1.5221220400e+00  4.2170627590e-02 
 582.000  1.5430691800e+00  4.2617553710e-02 
 583.000  1.5529714700e+00  4.2938678740e-02 
 584.000  1.5473163000e+00  4.2582328800e-02 
 585.000  1.5367149500e+00  4.2131240840e-02 
 586.000  1.4703673300e+00  4.0260898590e-02 
 587.000  1.5309373400e+00  4.1355384830e-02 
 588.000  1.5290605500e+00  3.9944419860e-02 
 589.000  1.3746787000e+00  3.4280349730e-02 
 590.000  1.4365576000e+00  3.5711624150e-02 
 591.000  1.5118400000e+00  3.8560810090e-02 
 592.000  1.4904714000e+00  3.7244491580e-02 
 593.000  1.4897439800e+00  3.8355850220e-02 
 594.000  1.5070262600e+00  3.8462284090e-02 
 595.000  1.4896873900e+00  3.7036426540e-02 
 596.000  1.5099265400e+00  3.8760211940e-02 
 597.000  1.5179782600e+00  3.8476581570e-02 
 598.000  1.4800854900e+00  3.8013660430e-02 
 599.000  1.4776168400e+00  3.8103393550e-02 
 600.000  1.4717349800e+00  3.8410507200e-02 
 601.000  1.4593319900e+00  3.8438484190e-02 
 602.000  1.4418822000e+00  3.7972885130e-02 
 603.000  1.4491229400e+00  3.8277164460e-02 
 604.000  1.4937657300e+00  3.9606407170e-02 
 605.000  1.4893452300e+00  3.9332931520e-02 
 606.000  1.4718672200e+00  3.8918792720e-02 
 607.000  1.4634099400e+00  3.8590129850e-02 
 608.000  1.4579208200e+00  3.8309188840e-02 
 609.000  1.4428746900e+00  3.7881938930e-02 
 610.000  1.4196724700e+00  3.7145057680e-02 
 611.000  1.4426415200e+00  3.7692333220e-02 
 612.000  1.4238165600e+00  3.7157527920e-02 
 613.000  1.4029866400e+00  3.6498863220e-02 
 614.000  1.3518453500e+00  3.5150218960e-02 
 615.000  1.4171368300e+00  3.6687763210e-02 
 616.000  1.3474468900e+00  3.4876197810e-02 
 617.000  1.3551297500e+00  3.5023838040e-02 
 618.000  1.4191753100e+00  3.6490921020e-02 
 619.000  1.4063614200e+00  3.6183525090e-02 
 620.000  1.4273605300e+00  3.6532779690e-02 
 621.000  1.4522182700e+00  3.7127235410e-02 
 622.000  1.3759462400e+00  3.5071983340e-02 
 623.000  1.3871639900e+00  3.5138328550e-02 
 624.000  1.3891086400e+00  3.5236766820e-02 
 625.000  1.3519191200e+00  3.4258308410e-02 
 626.000  1.3598425800e+00  3.4212436680e-02 
 627.000  1.3882834000e+00  3.4397022250e-02 
 628.000  1.3948659800e+00  3.3099353790e-02 
 629.000  1.4157318600e+00  3.4147670750e-02 
 630.000  1.3649304800e+00  3.3312583920e-02 
 631.000  1.4106906900e+00  3.4519828800e-02 
 632.000  1.3161918600e+00  3.1964029310e-02 
 633.000  1.4062693000e+00  3.4516422270e-02 
 634.000  1.3617205600e+00  3.3580661770e-02 
 635.000  1.3862023200e+00  3.4202007290e-02 
 636.000  1.3360122700e+00  3.3032184600e-02 
 637.000  1.3792855000e+00  3.4153453830e-02 
 638.000  1.3980117600e+00  3.4751869200e-02 
 639.000  1.3861818000e+00  3.4284782410e-02 
 640.000  1.3412696000e+00  3.3422557830e-02 
 641.000  1.3604935000e+00  3.3840320590e-02 
 642.000  1.3431634200e+00  3.3420711520e-02 
 643.000  1.3683290200e+00  3.3857830050e-02 
 644.000  1.3525602200e+00  3.3322013850e-02 
 645.000  1.3667768800e+00  3.3503627780e-02 
 646.000  1.3245915700e+00  3.1468694690e-02 
 647.000  1.3498348600e+00  3.1383497240e-02 
 648.000  1.3553997400e+00  3.1004220960e-02 
 649.000  1.3753938100e+00  3.1765142440e-02 
 650.000  1.2622021900e+00  3.0085229870e-02 
 651.000  1.3597447200e+00  3.2376384740e-02 
 652.000  1.3451897900e+00  3.1120052340e-02 
 653.000  1.3588564700e+00  3.2414585110e-02 
 654.000  1.3426350800e+00  3.1737804410e-02 
 655.000  1.3120425800e+00  3.0602436070e-02 
 656.000  1.1125978300e+00  2.6002033230e-02 
 657.000  1.1852428400e+00  2.7860084530e-02 
 658.000  1.3158338600e+00  3.1346988680e-02 
 659.000  1.3164952100e+00  3.1494213100e-02 
 660.000  1.3257775300e+00  3.1802093510e-02 
 661.000  1.3283895500e+00  3.2166099550e-02 
 662.000  1.3460575900e+00  3.2685737610e-02 
 663.000  1.3315046600e+00  3.2204704280e-02 
 664.000  1.3098454700e+00  3.1678333280e-02 
 665.000  1.3151880600e+00  3.1781736370e-02 
 666.000  1.3304605400e+00  3.2274387360e-02 
 667.000  1.3036581100e+00  3.1514766690e-02 
 668.000  1.3105198700e+00  3.1798141480e-02 
 669.000  1.3291183500e+00  3.2289768220e-02 
 670.000  1.3131079400e+00  3.1732391360e-02 
 671.000  1.2990310300e+00  3.1408370970e-02 
 672.000  1.2947441600e+00  3.1261600490e-02 
 673.000  1.3039462300e+00  3.1423290250e-02 
 674.000  1.3064137700e+00  3.1475221630e-02 
 675.000  1.2863969300e+00  3.0910905840e-02 
 676.000  1.3106331700e+00  3.1486448290e-02 
 677.000  1.2845004200e+00  3.0859621050e-02 
 678.000  1.3056858200e+00  3.1304687500e-02 
 679.000  1.2872883000e+00  3.0762559890e-02 
 680.000  1.2778484900e+00  3.0498783110e-02 
 681.000  1.2798335400e+00  3.0445804600e-02 
 682.000  1.2773979000e+00  3.0250080110e-02 
 683.000  1.2860860000e+00  3.0325105670e-02 
 684.000  1.2638930800e+00  2.9765779500e-02 
 685.000  1.2775635100e+00  3.0017517090e-02 
 686.000  1.2243929100e+00  2.8350896840e-02 
 687.000  1.2254552900e+00  2.4516357420e-02 
 688.000  1.2263485200e+00  2.5483942030e-02 
 689.000  1.2298983200e+00  2.5346195220e-02 
 690.000  1.2358355200e+00  2.5978542330e-02 
 691.000  1.2407861300e+00  2.6754713060e-02 
 692.000  1.2333040800e+00  2.6910337450e-02 
 693.000  1.2414456900e+00  2.6128324510e-02 
 694.000  1.2550741600e+00  2.5693601610e-02 
 695.000  1.2320872200e+00  2.5601360320e-02 
 696.000  1.2458891000e+00  2.6129194260e-02 
 697.000  1.2448350900e+00  2.7751863480e-02 
 698.000  1.2225473100e+00  2.6799123760e-02 
 699.000  1.2483928600e+00  2.5988801960e-02 
 700.000  1.2334591700e+00  2.5836814880e-02 
 701.000  1.2065641300e+00  2.4919406890e-02 
 702.000  1.2003581100e+00  2.4986846920e-02 
 703.000  1.2149660500e+00  2.6316764830e-02 
 704.000  1.2185079000e+00  2.6457225800e-02 
 705.000  1.2289551200e+00  2.6184034350e-02 
 706.000  1.2158412200e+00  2.5985708240e-02 
 707.000  1.1972691200e+00  2.5750373840e-02 
 708.000  1.2316791300e+00  2.6674270630e-02 
 709.000  1.1872123700e+00  2.6050052640e-02 
 710.000  1.2154875300e+00  2.6173875810e-02 
 711.000  1.2024623000e+00  2.6263677600e-02 
 712.000  1.1850589300e+00  2.6263404850e-02 
 713.000  1.1806624300e+00  2.5818277360e-02 
 714.000  1.2009611200e+00  2.6057466510e-02 
 715.000  1.1598636500e+00  2.4639310840e-02 
 716.000  1.1910554400e+00  2.4765077590e-02 
 717.000  1.1613159800e+00  2.1665643690e-02 
 718.000  1.1551654900e+00  2.0098314290e-02 
 719.000  1.1418666900e+00  1.9254203800e-02 
 720.000  1.1501957500e+00  1.8726753230e-02 
 721.000  1.1485419600e+00  2.1937337880e-02 
 722.000  1.1646371500e+00  2.3351299290e-02 
 723.000  1.1622490100e+00  2.2552198410e-02 
 724.000  1.1693114700e+00  2.0755531310e-02 
 725.000  1.1565492800e+00  2.0794313430e-02 
 726.000  1.1544355300e+00  2.0670070650e-02 
 727.000  1.1715179100e+00  2.1169963840e-02 
 728.000  1.1513931500e+00  2.0569866180e-02 
 729.000  1.1056358700e+00  2.0385942460e-02 
 730.000  1.1464892600e+00  2.1014917370e-02 
 731.000  1.1275913600e+00  2.0604541780e-02 
 732.000  1.1487201600e+00  2.2114889140e-02 
 733.000  1.1308611700e+00  2.3047414780e-02 
 734.000  1.1540569300e+00  2.4105207440e-02 
 735.000  1.1448534200e+00  2.3624246600e-02 
 736.000  1.1238466600e+00  2.2797424320e-02 
 737.000  1.1384256300e+00  2.3333341600e-02 
 738.000  1.1349752400e+00  2.3685758590e-02 
 739.000  1.0981262100e+00  2.3137514110e-02 
 740.000  1.1080975700e+00  2.3769023900e-02 
 741.000  1.0990264600e+00  2.3922634120e-02 
 742.000  1.0808712900e+00  2.3654840470e-02 
 743.000  1.1123235400e+00  2.4633880620e-02 
 744.000  1.1227448400e+00  2.5015132900e-02 
 745.000  1.0934330800e+00  2.4489574430e-02 
 746.000  1.1085640200e+00  2.4854242320e-02 
 747.000  1.1251638100e+00  2.5190784450e-02 
 748.000  1.1049465400e+00  2.4726230620e-02 
 749.000  1.1051473900e+00  2.4744743350e-02 
 750.000  1.0890053000e+00  2.4286567690e-02 
 751.000  1.0862075800e+00  2.4209081650e-02 
 752.000  1.1026618200e+00  2.4621213910e-02 
 753.000  1.0922235000e+00  2.4388507840e-02 
 754.000  1.1093264100e+00  2.4764076230e-02 
 755.000  1.1029623500e+00  2.4607294080e-02 
 756.000  1.0813683200e+00  2.4112140660e-02 
 757.000  1.0893623300e+00  2.4273082730e-02 
 758.000  1.0882221000e+00  2.4169717790e-02 
 759.000  1.0470651000e+00  2.1319822310e-02 
 760.000  8.2383467500e-01  8.6341972350e-03 
 761.000  7.9393670000e-01  7.6530280110e-03 
 762.000  9.2602361500e-01  1.3806133270e-02 
 763.000  9.1117304500e-01  1.1938977240e-02 
 764.000  9.3454488200e-01  1.3031718250e-02 
 765.000  9.8082782800e-01  1.5821475030e-02 
 766.000  9.7251872500e-01  1.8149080280e-02 
 767.000  1.0023783190e+00  1.9894802090e-02 
 768.000  1.0512786700e+00  2.1822725300e-02 
 769.000  1.0527313200e+00  2.2583726880e-02 
 770.000  1.0500455000e+00  2.2900224690e-02 
 771.000  1.0514850400e+00  2.3141824720e-02 
 772.000  1.0476156200e+00  2.3095634460e-02 
 773.000  1.0433001800e+00  2.3007314680e-02 
 774.000  1.0543108700e+00  2.3259815220e-02 
 775.000  1.0145994100e+00  2.2384439470e-02 
 776.000  1.0563155200e+00  2.3346155170e-02 
 777.000  1.0489988000e+00  2.3154100420e-02 
 778.000  1.0434564700e+00  2.2977169040e-02 
 779.000  1.0469294500e+00  2.2984056470e-02 
 780.000  1.0340592600e+00  2.2718399050e-02 
 781.000  1.0321998400e+00  2.2661485670e-02 
 782.000  1.0447350200e+00  2.2843910220e-02 
 783.000  1.0204007620e+00  2.2398691180e-02 
 784.000  1.0263098040e+00  2.2468654630e-02 
 785.000  1.0296835800e+00  2.2328435900e-02 
 786.000  1.0128249630e+00  2.1817245480e-02 
 787.000  1.0297079570e+00  2.1695108410e-02 
 788.000  1.0152416620e+00  2.1219949720e-02 
 789.000  1.0243761260e+00  2.0757867810e-02 
 790.000  1.0143357350e+00  2.0448740010e-02 
 791.000  1.0086038620e+00  2.0459342960e-02 
 792.000  9.9215191200e-01  2.0162240980e-02 
 793.000  9.8998718800e-01  2.0346067430e-02 
 794.000  9.7733733800e-01  2.0655763630e-02 
 795.000  9.7363634200e-01  2.0105234150e-02 
 796.000  9.9434503100e-01  1.9814752580e-02 
 797.000  9.9948606300e-01  2.0163225170e-02 
 798.000  9.9746073800e-01  2.0619691850e-02 
 799.000  9.9727420700e-01  2.0430604930e-02 
 800.000  9.7312532100e-01  1.9537681580e-02 
 801.000  9.9114194200e-01  1.9935186390e-02 
 802.000  9.8937719100e-01  1.9808979030e-02 
 803.000  9.7507227600e-01  1.9590116500e-02 
 804.000  9.8305695000e-01  1.9978088380e-02 
 805.000  9.5460962200e-01  1.9762166980e-02 
 806.000  9.7953790800e-01  2.0434778210e-02 
 807.000  9.7347783800e-01  2.0350427630e-02 
 808.000  9.6833310800e-01  2.0064741130e-02 
 809.000  9.5253558100e-01  1.9560314180e-02 
 810.000  9.4890823500e-01  1.9284130100e-02 
 811.000  9.6532107900e-01  1.9288881300e-02 
 812.000  9.6356263200e-01  1.8898946760e-02 
 813.000  9.6103513800e-01  1.8320850370e-02 
 814.000  9.6167191200e-01  1.7853769300e-02 
 815.000  9.5346037100e-01  1.7111885070e-02 
 816.000  9.4737957700e-01  1.6298398970e-02 
 817.000  9.5297837700e-01  1.6408752440e-02 
 818.000  9.4696447900e-01  1.6267751690e-02 
 819.000  9.2082702900e-01  1.6107467650e-02 
 820.000  9.0119487800e-01  1.6516204830e-02 
 821.000  9.2899078500e-01  1.7935247420e-02 
 822.000  9.0438061700e-01  1.6638267520e-02 
 823.000  9.2060678400e-01  1.5198848720e-02 
 824.000  9.3118310200e-01  1.6852386470e-02 
 825.000  9.2726981700e-01  1.8056829450e-02 
 826.000  9.3356961900e-01  1.7891859050e-02 
 827.000  9.3092084700e-01  1.7645442960e-02 
 828.000  9.3079946900e-01  1.6867376330e-02 
 829.000  9.2972692600e-01  1.7061454770e-02 
 830.000  9.1426189500e-01  1.7068910600e-02 
 831.000  8.9803911300e-01  1.6818799970e-02 
 832.000  9.1632883900e-01  1.7155349730e-02 
 833.000  8.8738413000e-01  1.6884286880e-02 
 834.000  8.9986296300e-01  1.7342174530e-02 
 835.000  8.9980829800e-01  1.7637744900e-02 
 836.000  9.1093605600e-01  1.7862068180e-02 
 837.000  9.0350374500e-01  1.7654300690e-02 
 838.000  9.0573095300e-01  1.7942108150e-02 
 839.000  8.7681231400e-01  1.7465017320e-02 
 840.000  9.0002327100e-01  1.7909036640e-02 
 841.000  9.0334183400e-01  1.7800182340e-02 
 842.000  8.9685815200e-01  1.7767089840e-02 
 843.000  8.8863237700e-01  1.8036872860e-02 
 844.000  8.7294712100e-01  1.7882024770e-02 
 845.000  8.8571825400e-01  1.8212194440e-02 
 846.000  8.9307243100e-01  1.8505224230e-02 
 847.000  8.6169169200e-01  1.8006126400e-02 
 848.000  8.8818528900e-01  1.8357696530e-02 
 849.000  8.8970329400e-01  1.8496175770e-02 
 850.000  7.6973429600e-01  1.5847529410e-02 
 851.000  8.8254892700e-01  1.8024744030e-02 
 852.000  8.4904084600e-01  1.7410362240e-02 
 853.000  8.5773899500e-01  1.7630397800e-02 
 854.000  6.8965491800e-01  1.4206035610e-02 
 855.000  7.5864995300e-01  1.5735657690e-02 
 856.000  8.5952823000e-01  1.7867805480e-02 
 857.000  8.7263630600e-01  1.8294261930e-02 
 858.000  8.5835232200e-01  1.7988708500e-02 
 859.000  8.5748280400e-01  1.8022268300e-02 
 860.000  8.4944050500e-01  1.7941923140e-02 
 861.000  8.4928959400e-01  1.7916288380e-02 
 862.000  8.4628244500e-01  1.7788003920e-02 
 863.000  8.6245552400e-01  1.8230884550e-02 
 864.000  8.6058112200e-01  1.8037059780e-02 
 865.000  8.4443575800e-01  1.7834556580e-02 
 866.000  7.0829712900e-01  1.5004609110e-02 
 867.000  7.5430896600e-01  1.5762120250e-02 
 868.000  8.1808884200e-01  1.7184913640e-02 
 869.000  8.0658923800e-01  1.6930728910e-02 
 870.000  8.3991764900e-01  1.7749948500e-02 
 871.000  8.3871535600e-01  1.7651561740e-02 
 872.000  8.3525387000e-01  1.7341741560e-02 
 873.000  8.3873877500e-01  1.7544189450e-02 
 874.000  8.2043566500e-01  1.7075077060e-02 
 875.000  8.1292974400e-01  1.7069318770e-02 
 876.000  8.1989226900e-01  1.7127174380e-02 
 877.000  8.3635303700e-01  1.7313144680e-02 
 878.000  8.2259168200e-01  1.7103530880e-02 
 879.000  8.2454907400e-01  1.7202087400e-02 
 880.000  8.2029756700e-01  1.6916517260e-02 
 881.000  7.7793518200e-01  1.6087041850e-02 
 882.000  8.2118944400e-01  1.6776187900e-02 
 883.000  8.0221550300e-01  1.6579216000e-02 
 884.000  8.0894082800e-01  1.6939334870e-02 
 885.000  8.1829229700e-01  1.6647378920e-02 
 886.000  7.9279845000e-01  1.6157400130e-02 
 887.000  7.8372712900e-01  1.5959146500e-02 
 888.000  8.0729260500e-01  1.6245403290e-02 
 889.000  8.1239538400e-01  1.6642871860e-02 
 890.000  8.1056753700e-01  1.6503894810e-02 
 891.000  8.0752967000e-01  1.6205839160e-02 
 892.000  8.0687639300e-01  1.5953897480e-02 
 893.000  7.8129643400e-01  1.4573560710e-02 
 894.000  8.0971277200e-01  1.4832886700e-02 
 895.000  7.7473024500e-01  1.3515144350e-02 
 896.000  8.0548379100e-01  1.3164501190e-02 
 897.000  7.8694083200e-01  1.2351989750e-02 
 898.000  7.8829268800e-01  1.1977429390e-02 
 899.000  7.8758482900e-01  1.1050165180e-02 
 900.000  7.6791856900e-01  1.0777842520e-02 
 901.000  7.5146818000e-01  1.0365793230e-02 
 902.000  7.3763719400e-01  1.0211184500e-02 
 903.000  7.7372290900e-01  1.2049741740e-02 
 904.000  7.8808887400e-01  1.3091666220e-02 
 905.000  7.8600189000e-01  1.3311791420e-02 
 906.000  7.6518728000e-01  1.2421367650e-02 
 907.000  7.7815470300e-01  1.1606946950e-02 
 908.000  7.5912254200e-01  1.0636791230e-02 
 909.000  7.4423000500e-01  1.0431484220e-02 
 910.000  7.5303269200e-01  1.0633878710e-02 
 911.000  7.5103698000e-01  1.1180342670e-02 
 912.000  7.5266505900e-01  1.0760786060e-02 
 913.000  7.7028153300e-01  1.0235547070e-02 
 914.000  7.6532413900e-01  1.0517317770e-02 
 915.000  7.5269137500e-01  1.0870189670e-02 
 916.000  7.6104846700e-01  1.1006810190e-02 
 917.000  7.4913641200e-01  1.0988038060e-02 
 918.000  7.4533350100e-01  1.1165454860e-02 
 919.000  7.5516156300e-01  1.2505949020e-02 
 920.000  7.4795847600e-01  1.2726201060e-02 
 921.000  7.3157475800e-01  1.2289699550e-02 
 922.000  7.2504146500e-01  1.2274456980e-02 
 923.000  6.9464638900e-01  1.1222847940e-02 
 924.000  7.2403709700e-01  1.1614709850e-02 
 925.000  7.3365031100e-01  1.1658957480e-02 
 926.000  7.0745731300e-01  1.1074463840e-02 
 927.000  7.3381125600e-01  1.1285161970e-02 
 928.000  7.3833017000e-01  1.0480264660e-02 
 929.000  7.2801628500e-01  9.2341032030e-03 
 930.000  7.2618959400e-01  8.0330610280e-03 
 931.000  7.2589360900e-01  7.1399412160e-03 
 932.000  7.1878324000e-01  6.1169714930e-03 
 933.000  7.2074677400e-01  5.5815877910e-03 
 934.000  7.1443833200e-01  5.0724272730e-03 
 935.000  7.0385175900e-01  4.9494295120e-03 
 936.000  6.9878441300e-01  5.0646615030e-03 
 937.000  7.1438208100e-01  5.1392807960e-03 
 938.000  7.0688613700e-01  5.6197981830e-03 
 939.000  7.1314760100e-01  7.5227394100e-03 
 940.000  7.0950856200e-01  7.8754863740e-03 
 941.000  6.9337904100e-01  7.3840312960e-03 
 942.000  6.6684652600e-01  6.4542374610e-03 
 943.000  7.0262390600e-01  5.8813333510e-03 
 944.000  6.8331001300e-01  5.6524872780e-03 
 945.000  6.8985710200e-01  5.9899592400e-03 
 946.000  6.9921347600e-01  6.0935144420e-03 
 947.000  6.9498388500e-01  6.3555550580e-03 
 948.000  6.9918703300e-01  6.5773463250e-03 
 949.000  7.0140200100e-01  6.5841326710e-03 
 950.000  6.9677848500e-01  6.5893473630e-03 
 951.000  6.9264198900e-01  6.9912581440e-03 
 952.000  6.9256989600e-01  6.5414085390e-03 
 953.000  6.9065809400e-01  6.8570342060e-03 
 954.000  6.8398640000e-01  7.1873431210e-03 
 955.000  6.3888170200e-01  6.4391722680e-03 
 956.000  6.8153698700e-01  6.8325057030e-03 
 957.000  6.8118436000e-01  7.9216213230e-03 
 958.000  6.8643570300e-01  8.1728744510e-03 
 959.000  6.8908958400e-01  8.0037412640e-03 
 960.000  6.8257869400e-01  7.8790717120e-03 
 961.000  6.7525696800e-01  7.6991806030e-03 
 962.000  6.7861906100e-01  7.8351159100e-03 
 963.000  6.7721738500e-01  8.5682039260e-03 
 964.000  6.6946830300e-01  8.5913105010e-03 
 965.000  6.7765198600e-01  8.6224193570e-03 
 966.000  6.5809232100e-01  8.4233684540e-03 
 967.000  6.7766291400e-01  9.3037881850e-03 
 968.000  6.7019473400e-01  1.0223968510e-02 
 969.000  6.7428488300e-01  1.0736268040e-02 
 970.000  6.7611650700e-01  1.0789778710e-02 
 971.000  6.7013115200e-01  1.0675945280e-02 
 972.000  6.7488345600e-01  1.0609413150e-02 
 973.000  6.6864597600e-01  1.0212751390e-02 
 974.000  6.5839718400e-01  9.7037754060e-03 
 975.000  6.6168911500e-01  9.5137462620e-03 
 976.000  6.6969677600e-01  9.9034299850e-03 
 977.000  6.5272040500e-01  1.0082698820e-02 
 978.000  6.6886623100e-01  1.0295384410e-02 
 979.000  6.4942908200e-01  1.0110158920e-02 
 980.000  6.5859268100e-01  1.0726867680e-02 
 981.000  6.6307505500e-01  1.0916027070e-02 
 982.000  6.6165071300e-01  1.0776698110e-02 
 983.000  6.5985424800e-01  1.1020709040e-02 
 984.000  6.5543499200e-01  1.1255337720e-02 
 985.000  6.5512308000e-01  1.1439464570e-02 
 986.000  6.4977863400e-01  1.1612364770e-02 
 987.000  6.5716758900e-01  1.1865629200e-02 
 988.000  6.4906516500e-01  1.1741794590e-02 
 989.000  6.4082531200e-01  1.1603074070e-02 
 990.000  6.4628705700e-01  1.1724514010e-02 
 991.000  6.5153162000e-01  1.1922350880e-02 
 992.000  6.4549913300e-01  1.1830989840e-02 
 993.000  6.4545488300e-01  1.1827486040e-02 
 994.000  6.4869071100e-01  1.1972838400e-02 
 995.000  6.4387479700e-01  1.1953179360e-02 
 996.000  6.4376038200e-01  1.1933839800e-02 
 997.000  6.4448173400e-01  1.1877535820e-02 
 998.000  6.4211926500e-01  1.1769292830e-02 
 999.000  6.4055061800e-01  1.1704223630e-02 
1000.000  6.3543851200e-01  1.1611691470e-02 
1001.000  6.3910841300e-01  1.1554475780e-02 
1002.000  6.3844545900e-01  1.1360223770e-02 
1003.000  6.3092058300e-01  1.1255455020e-02 
1004.000  6.2548739500e-01  1.1245062830e-02 
1005.000  5.8433853600e-01  1.0538258550e-02 
1006.000  6.1483091600e-01  1.1093308450e-02 
1007.000  6.2608866700e-01  1.1252906800e-02 
1008.000  6.2898003900e-01  1.1157953260e-02 
1009.000  6.2547690000e-01  1.0915478710e-02 
1010.000  6.2766923500e-01  1.1019148830e-02 
1011.000  6.2395728700e-01  1.1131989480e-02 
1012.000  6.2399431300e-01  1.1198749540e-02 
1013.000  6.1938192600e-01  1.1167576790e-02 
1014.000  6.2328284300e-01  1.1296542170e-02 
1015.000  6.1176654700e-01  1.1129211430e-02 
1016.000  6.1563161800e-01  1.1264377590e-02 
1017.000  6.0950420900e-01  1.1195652010e-02 
1018.000  6.1756594600e-01  1.1353719710e-02 
1019.000  6.0369563300e-01  1.1062997820e-02 
1020.000  6.0234516500e-01  1.1017154690e-02 
1021.000  6.0817193600e-01  1.1089174270e-02 
1022.000  5.9933590000e-01  1.0759856220e-02 
1023.000  6.1109895000e-01  1.0817749020e-02 
1024.000  6.0815849500e-01  1.0642816540e-02 
1025.000  6.0743858200e-01  1.0666685100e-02 
1026.000  6.0790161700e-01  1.0707365040e-02 
1027.000  6.0433939300e-01  1.0671593670e-02 
1028.000  6.0566665500e-01  1.0766017910e-02 
1029.000  5.9622093200e-01  1.0698170660e-02 
1030.000  6.0197025800e-01  1.0910244940e-02 
1031.000  5.9994293500e-01  1.0954998970e-02 
1032.000  5.9772733500e-01  1.0967342380e-02 
1033.000  5.8669577000e-01  1.0737680440e-02 
1034.000  5.9284065000e-01  1.0833298680e-02 
1035.000  5.8645240700e-01  1.0689291950e-02 
1036.000  5.9414855700e-01  1.0793455120e-02 
1037.000  5.8162786800e-01  1.0536181450e-02 
1038.000  5.8734174100e-01  1.0609514240e-02 
1039.000  5.8985242500e-01  1.0615877150e-02 
1040.000  5.8296288000e-01  1.0455289840e-02 
1041.000  5.8609424700e-01  1.0476614950e-02 
1042.000  5.8786289700e-01  1.0476543430e-02 
1043.000  5.7773161900e-01  1.0266602520e-02 
1044.000  5.8354896000e-01  1.0336607930e-02 
1045.000  5.8121587000e-01  1.0333454130e-02 
1046.000  5.6442249800e-01  1.0083703990e-02 
1047.000  5.7493387000e-01  1.0320343020e-02 
1048.000  5.8082382000e-01  1.0477155690e-02 
1049.000  5.7726056800e-01  1.0465581890e-02 
1050.000  5.7399748300e-01  1.0463288310e-02 
1051.000  5.7432669400e-01  1.0421578410e-02 
1052.000  5.7182498400e-01  1.0330842020e-02 
1053.000  5.7210659500e-01  1.0292427060e-02 
1054.000  5.6651018800e-01  1.0147719380e-02 
1055.000  5.7095694600e-01  1.0173769950e-02 
1056.000  5.6967540700e-01  1.0102947240e-02 
1057.000  5.6925484100e-01  1.0049627300e-02 
1058.000  5.6429768400e-01  9.8979692460e-03 
1059.000  5.4649673400e-01  9.6086759570e-03 
1060.000  5.6569181200e-01  1.0007145880e-02 
1061.000  5.4599020400e-01  9.6658315660e-03 
1062.000  5.6175471600e-01  9.9125261310e-03 
1063.000  5.5249055800e-01  9.7175674440e-03 
1064.000  5.5991620600e-01  9.7537593840e-03 
1065.000  5.5982741400e-01  9.6452569960e-03 
1066.000  5.4262580700e-01  9.2997798920e-03 
1067.000  5.5580654300e-01  9.4559583660e-03 
1068.000  5.5446420400e-01  9.2892866130e-03 
1069.000  5.1310949900e-01  8.5338449480e-03 
1070.000  5.4341898400e-01  9.0838775630e-03 
1071.000  5.4483139100e-01  9.0918121340e-03 
1072.000  5.4719324300e-01  9.1169681550e-03 
1073.000  5.2928734300e-01  8.8453226090e-03 
1074.000  5.4775965200e-01  9.1999998090e-03 
1075.000  5.3001464100e-01  9.0069484710e-03 
1076.000  5.4215675000e-01  9.1778230670e-03 
1077.000  5.4156963000e-01  9.1176052090e-03 
1078.000  5.4369341200e-01  9.0950498580e-03 
1079.000  5.2286422800e-01  8.7499570850e-03 
1080.000  5.4026606100e-01  8.8742208480e-03 
1081.000  5.2048467900e-01  8.5363626480e-03 
1082.000  5.2632131900e-01  8.6574592590e-03 
1083.000  5.1304644700e-01  8.3035459520e-03 
1084.000  5.3366420000e-01  8.4951696400e-03 
1085.000  5.2905911500e-01  8.1729450230e-03 
1086.000  5.3540678100e-01  8.2689323430e-03 
1087.000  5.0012973900e-01  7.9092364310e-03 
1088.000  5.3033929500e-01  8.4571533200e-03 
1089.000  5.1312434200e-01  7.9697098730e-03 
1090.000  5.2485398200e-01  8.1575756070e-03 
1091.000  5.2765554500e-01  8.3061103820e-03 
1092.000  5.1689913200e-01  8.0650615690e-03 
1093.000  5.1377374800e-01  7.7941102980e-03 
1094.000  4.6876483400e-01  6.9752221110e-03 
1095.000  5.0716669200e-01  7.5192909240e-03 
1096.000  5.0790295100e-01  7.5040307040e-03 
1097.000  4.9869853600e-01  7.2685604100e-03 
1098.000  4.9774760900e-01  6.6538023950e-03 
1099.000  5.0223795600e-01  6.1659817700e-03 
1100.000  5.1065256300e-01  6.3035454750e-03 
1101.000  5.0907070100e-01  6.3524909020e-03 
1102.000  4.8815898800e-01  6.0522322650e-03 
1103.000  5.0719325600e-01  6.3290958400e-03 
1104.000  5.0394715500e-01  6.1972832680e-03 
1105.000  5.0430808700e-01  5.9861927030e-03 
1106.000  5.0119725100e-01  5.7527871130e-03 
1107.000  5.0030021300e-01  5.7782464030e-03 
1108.000  4.9845941200e-01  5.7751431470e-03 
1109.000  4.9977443300e-01  5.9363822940e-03 
1110.000  5.0233806800e-01  5.9141540530e-03 
1111.000  4.9630429500e-01  5.7350759510e-03 
1112.000  4.9189135700e-01  5.2903962140e-03 
1113.000  4.9016901900e-01  4.8019022940e-03 
1114.000  4.9547656500e-01  4.6991295810e-03 
1115.000  4.9048694000e-01  4.2043409350e-03 
1116.000  4.8428175100e-01  3.9229927060e-03 
1117.000  4.9002642300e-01  3.5371110440e-03 
1118.000  4.8489444100e-01  3.1680028440e-03 
1119.000  4.7133679400e-01  2.9395248890e-03 
1120.000  4.7228600500e-01  2.8114573960e-03 
1121.000  4.7529312000e-01  2.8029613490e-03 
1122.000  4.7308915100e-01  2.6881725790e-03 
1123.000  4.7531116700e-01  2.7518572810e-03 
1124.000  4.7622524700e-01  2.7940375800e-03 
1125.000  4.6630248900e-01  2.7156753540e-03 
1126.000  4.5738486000e-01  2.6561849120e-03 
1127.000  4.7287005400e-01  2.7550985810e-03 
1128.000  4.6422493200e-01  2.7227752210e-03 
1129.000  4.6711945000e-01  2.8586297040e-03 
1130.000  4.6803571200e-01  3.2346336840e-03 
1131.000  4.7316481700e-01  3.3968501090e-03 
1132.000  4.7416473200e-01  3.2275512220e-03 
1133.000  4.6191936300e-01  2.8800733090e-03 
1134.000  4.5652301400e-01  2.5299935340e-03 
1135.000  4.6250513500e-01  2.5814499860e-03 
1136.000  4.6442006400e-01  2.9358925820e-03 
1137.000  4.7121635800e-01  3.2722589970e-03 
1138.000  4.5515643000e-01  3.5025579930e-03 
1139.000  4.6536902200e-01  3.7373878960e-03 
1140.000  4.6659672100e-01  3.6731536390e-03 
1141.000  4.5310912200e-01  3.4390733240e-03 
1142.000  4.6537384800e-01  3.4790003300e-03 
1143.000  4.5699760900e-01  3.2627775670e-03 
1144.000  4.5372304200e-01  3.0837476250e-03 
1145.000  4.5634143600e-01  2.9021508690e-03 
1146.000  4.6101954800e-01  2.9744954110e-03 
1147.000  4.6335679500e-01  3.1524775030e-03 
1148.000  4.5895004300e-01  3.2836625580e-03 
1149.000  4.6042268100e-01  3.3683035370e-03 
1150.000  4.5846740000e-01  3.3740584850e-03 
1151.000  4.5712260900e-01  3.4936943050e-03 
1152.000  4.5626805700e-01  3.5542178150e-03 
1153.000  4.5547056300e-01  3.6453874110e-03 
1154.000  4.5895003500e-01  3.6683020590e-03 
1155.000  4.6052878400e-01  3.8872098920e-03 
1156.000  4.5428612700e-01  4.0651350020e-03 
1157.000  4.5854453200e-01  4.6583352090e-03 
1158.000  4.5861588000e-01  4.9746737480e-03 
1159.000  4.5213318300e-01  5.2137546540e-03 
1160.000  4.4638924700e-01  5.2913212780e-03 
1161.000  4.3676159400e-01  5.5054693220e-03 
1162.000  4.5257265400e-01  5.9814510350e-03 
1163.000  4.5445230600e-01  6.3232235910e-03 
1164.000  4.4522100300e-01  6.2590365410e-03 
1165.000  4.5381488900e-01  6.4346928600e-03 
1166.000  4.4204380500e-01  6.3490839000e-03 
1167.000  4.4921334400e-01  6.5044760700e-03 
1168.000  4.5313954800e-01  6.5502028470e-03 
1169.000  4.3747069200e-01  6.3736615180e-03 
1170.000  4.4923473300e-01  6.5894331930e-03 
1171.000  4.5131373300e-01  6.7221007350e-03 
1172.000  4.4990248600e-01  6.6451697350e-03 
1173.000  4.4676818100e-01  6.5468945500e-03 
1174.000  4.4699447500e-01  6.5552849770e-03 
1175.000  4.4176165900e-01  6.6298432350e-03 
1176.000  4.3109676900e-01  6.6101508140e-03 
1177.000  4.4440837000e-01  6.7455372810e-03 
1178.000  4.3690189700e-01  6.4969820980e-03 
1179.000  4.3494239300e-01  6.4692039490e-03 
1180.000  4.4104832600e-01  6.5117554660e-03 
1181.000  4.3879507800e-01  6.3559889790e-03 
1182.000  4.3935021300e-01  6.2381100650e-03 
1183.000  4.1384178700e-01  5.8834648130e-03 
1184.000  4.3249330100e-01  6.2111048700e-03 
1185.000  4.3821582200e-01  6.4582338330e-03 
1186.000  4.3560820800e-01  6.3618497850e-03 
1187.000  4.3576244500e-01  6.1847853660e-03 
1188.000  4.3352711500e-01  6.0935792920e-03 
1189.000  4.0816409600e-01  5.8074498180e-03 
1190.000  4.2823604200e-01  6.3224668500e-03 
1191.000  4.3491294700e-01  6.4643454550e-03 
1192.000  4.3254532100e-01  6.5110030170e-03 
1193.000  4.3271122700e-01  6.4453902240e-03 
1194.000  4.3189848600e-01  6.4096412660e-03 
1195.000  4.2705748500e-01  6.2293815610e-03 
1196.000  4.2678814000e-01  6.2456216810e-03 
1197.000  4.2667481600e-01  6.1941294670e-03 
1198.000  4.1234494200e-01  5.9784297940e-03 
1199.000  3.9702113600e-01  5.6981449130e-03 
1200.000  4.2204961200e-01  6.0959973340e-03 
1201.000  4.2507821900e-01  6.1594781880e-03 
1202.000  4.2589383900e-01  6.1989655490e-03 
1203.000  4.0510826700e-01  5.8749313350e-03 
1204.000  4.1182174500e-01  6.0072474480e-03 
1205.000  4.2137458200e-01  6.3431448940e-03 
1206.000  4.1881092700e-01  6.3969688420e-03 
1207.000  4.2162348200e-01  6.4789600370e-03 
1208.000  4.1548594400e-01  6.3542227750e-03 
1209.000  3.8952772000e-01  5.9100785260e-03 
1210.000  4.1680437800e-01  6.2424793240e-03 
1211.000  4.0288133400e-01  6.0290126800e-03 
1212.000  4.1549570200e-01  6.2529597280e-03 
1213.000  4.1703100000e-01  6.3707070350e-03 
1214.000  4.1524656200e-01  6.3475594520e-03 
1215.000  4.1667272100e-01  6.4159750940e-03 
1216.000  4.1544126700e-01  6.5464205740e-03 
1217.000  4.1457741400e-01  6.6548600200e-03 
1218.000  4.1312717200e-01  6.6835613250e-03 
1219.000  4.0926144700e-01  6.6486172680e-03 
1220.000  4.1201242000e-01  6.6835103030e-03 
1221.000  4.1115938900e-01  6.6702904700e-03 
1222.000  4.0888193200e-01  6.6257700920e-03 
1223.000  4.0688035500e-01  6.6222653390e-03 
1224.000  4.0982124900e-01  6.7667489050e-03 
1225.000  4.0749798900e-01  6.7627367970e-03 
1226.000  4.0882612900e-01  6.8284115790e-03 
1227.000  3.9479785600e-01  6.6542282100e-03 
1228.000  4.0689622700e-01  6.9305167200e-03 
1229.000  4.0622004200e-01  6.9687070850e-03 
1230.000  4.0459168700e-01  6.9986543660e-03 
1231.000  4.0445942000e-01  7.0315475460e-03 
1232.000  3.9986061500e-01  6.9676070210e-03 
1233.000  4.0298009600e-01  7.0334405900e-03 
1234.000  4.0151302500e-01  7.0812687870e-03 
1235.000  3.9864151100e-01  7.0529198650e-03 
1236.000  4.0090001400e-01  7.1026754380e-03 
1237.000  4.0079434800e-01  7.1235527990e-03 
1238.000  4.0051002000e-01  7.1246466640e-03 
1239.000  3.9592701100e-01  7.0449066160e-03 
1240.000  3.9414994200e-01  7.0567026140e-03 
1241.000  3.9775780800e-01  7.1615700720e-03 
1242.000  3.9553934900e-01  7.1589269640e-03 
1243.000  3.9120949000e-01  7.1188082700e-03 
1244.000  3.8786111500e-01  7.0852828030e-03 
1245.000  3.9464051000e-01  7.2294378280e-03 
1246.000  3.9170696200e-01  7.1287794110e-03 
1247.000  3.8991978500e-01  7.0477161410e-03 
1248.000  3.9308739800e-01  7.0559458730e-03 
1249.000  3.9175673400e-01  6.9925222400e-03 
1250.000  3.9036255600e-01  6.9206571580e-03 
1251.000  3.8783133300e-01  6.8412671090e-03 
1252.000  3.8683450200e-01  6.7867813110e-03 
1253.000  3.8381087600e-01  6.6951885220e-03 
1254.000  3.8513741000e-01  6.6519465450e-03 
1255.000  3.8472615960e-01  6.5980377200e-03 
1256.000  3.8413211040e-01  6.5482239720e-03 
1257.000  3.8001774770e-01  6.3891987800e-03 
1258.000  3.8201017290e-01  6.2803654670e-03 
1259.000  3.7811472490e-01  6.0957489010e-03 
1260.000  3.7893128380e-01  5.9824585910e-03 
1261.000  3.7848405700e-01  5.8473701480e-03 
1262.000  3.7038602340e-01  5.5693626400e-03 
1263.000  3.7487837640e-01  5.6253113750e-03 
1264.000  3.6904175240e-01  5.5412030220e-03 
1265.000  3.6971421170e-01  5.5679607390e-03 
1266.000  3.7210205580e-01  5.5846195220e-03 
1267.000  3.6513331270e-01  5.4591898920e-03 
1268.000  3.6153772090e-01  5.3733320240e-03 
1269.000  3.6492210500e-01  5.4091873170e-03 
1270.000  3.6893232680e-01  5.5894727710e-03 
1271.000  3.7098052220e-01  5.6801033020e-03 
1272.000  3.6988353990e-01  5.7233161930e-03 
1273.000  3.6956521530e-01  5.7842259410e-03 
1274.000  3.6735797100e-01  5.8168053630e-03 
1275.000  3.6951979100e-01  5.8746042250e-03 
1276.000  3.7011296200e-01  5.8896026610e-03 
1277.000  3.6983667020e-01  5.8771934510e-03 
1278.000  3.6877625970e-01  5.8483028410e-03 
1279.000  3.6630764500e-01  5.8304195400e-03 
1280.000  3.6414433340e-01  5.8892259600e-03 
1281.000  3.5375876580e-01  5.8103070260e-03 
1282.000  3.1414469310e-01  5.2388401030e-03 
1283.000  3.4476790820e-01  5.8125376700e-03 
1284.000  3.5899486000e-01  6.0960044860e-03 
1285.000  3.6162724480e-01  6.1602172850e-03 
1286.000  3.6150908050e-01  6.1252918240e-03 
1287.000  3.6372018680e-01  6.1061282160e-03 
1288.000  3.6144003330e-01  5.8861742020e-03 
1289.000  3.6359451200e-01  5.8669338230e-03 
1290.000  3.5526357970e-01  5.7140526770e-03 
1291.000  3.6012651400e-01  5.7688388820e-03 
1292.000  3.6162945980e-01  5.8081622120e-03 
1293.000  3.6195278960e-01  5.7696323390e-03 
1294.000  3.5620791600e-01  5.5567693710e-03 
1295.000  3.6004302480e-01  5.4665689470e-03 
1296.000  3.6030796010e-01  5.3617258070e-03 
1297.000  3.5808659080e-01  5.2663307190e-03 
1298.000  3.5488742760e-01  5.2242364880e-03 
1299.000  3.5845060620e-01  5.2798080440e-03 
1300.000  3.5701122880e-01  5.2623748780e-03 
1301.000  3.5644227470e-01  5.2358756070e-03 
1302.000  3.5187015920e-01  5.0813603400e-03 
1303.000  3.4998104260e-01  4.8757548330e-03 
1304.000  3.5020850410e-01  4.7858042720e-03 
1305.000  3.5236593670e-01  4.7622008320e-03 
1306.000  3.5270088560e-01  4.7088813780e-03 
1307.000  3.5165982350e-01  4.6567401890e-03 
1308.000  3.5136071650e-01  4.5693168640e-03 
1309.000  3.5104727370e-01  4.4461035730e-03 
1310.000  3.4959005870e-01  4.4255008700e-03 
1311.000  3.4851868800e-01  4.4187431340e-03 
1312.000  3.4743326230e-01  4.2621130940e-03 
1313.000  3.3460127500e-01  3.9313395020e-03 
1314.000  3.4504601810e-01  3.9061970710e-03 
1315.000  3.3342801340e-01  3.8458726410e-03 
1316.000  3.4118434070e-01  4.0458340640e-03 
1317.000  3.4485501540e-01  4.0897207260e-03 
1318.000  3.3997524080e-01  3.8497817520e-03 
1319.000  3.4463273010e-01  3.6689162250e-03 
1320.000  3.4208880630e-01  3.4061446190e-03 
1321.000  3.4058626800e-01  3.3077220920e-03 
1322.000  3.3990601280e-01  3.4295220380e-03 
1323.000  3.4065819520e-01  3.5876567360e-03 
1324.000  3.4083868910e-01  3.6794011590e-03 
1325.000  3.3974958790e-01  3.6037082670e-03 
1326.000  3.3816094130e-01  3.4292232990e-03 
1327.000  3.3546070590e-01  3.0980720520e-03 
1328.000  3.3634662320e-01  2.8388192650e-03 
1329.000  3.2407106460e-01  2.3487799170e-03 
1330.000  3.2914560750e-01  2.2545547490e-03 
1331.000  3.3061145320e-01  2.1883912090e-03 
1332.000  3.2306560520e-01  2.1597852710e-03 
1333.000  3.3160356300e-01  2.2850787640e-03 
1334.000  3.3201798230e-01  2.3819038870e-03 
1335.000  3.3230339200e-01  2.4545440670e-03 
1336.000  3.2870579400e-01  2.4512295720e-03 
1337.000  3.2977015250e-01  2.4624168870e-03 
1338.000  3.2952649140e-01  2.5131130220e-03 
1339.000  3.2598582960e-01  2.4878766540e-03 
1340.000  3.2364589180e-01  2.5143094060e-03 
1341.000  3.2853078020e-01  2.4906411170e-03 
1342.000  3.2772709630e-01  2.4909243580e-03 
1343.000  3.2769843310e-01  2.3044075970e-03 
1344.000  3.2620084020e-01  2.1431479450e-03 
1345.000  3.2370166650e-01  1.8641004560e-03 
1346.000  3.1853047680e-01  1.7217173580e-03 
1347.000  3.1913642160e-01  1.6733058690e-03 
1348.000  3.1555924650e-01  1.6034079790e-03 
1349.000  3.1341728070e-01  1.5713276860e-03 
1350.000  3.0701936960e-01  1.4981515410e-03 
1351.000  3.0485145090e-01  1.4609528780e-03 
1352.000  3.0540915500e-01  1.4240092040e-03 
1353.000  2.9955671220e-01  1.3494875430e-03 
1354.000  2.9593928260e-01  1.3061004880e-03 
1355.000  2.9029952150e-01  1.2520332340e-03 
1356.000  2.8602555480e-01  1.2020300630e-03 
1357.000  2.7932690050e-01  1.1353176830e-03 
1358.000  2.7972463250e-01  1.0958718060e-03 
1359.000  2.7200833620e-01  9.9620312450e-04 
1360.000  2.6204057350e-01  9.1583412890e-04 
1361.000  2.6423832340e-01  8.9458942410e-04 
1362.000  2.6197473070e-01  8.7867689130e-04 
1363.000  2.6223756230e-01  9.2358893160e-04 
1364.000  2.6750773480e-01  9.5687747000e-04 
1365.000  2.6737110740e-01  9.6434539560e-04 
1366.000  2.6924899200e-01  9.8791003230e-04 
1367.000  2.6429908310e-01  9.4796001910e-04 
1368.000  2.6432311350e-01  9.2773675920e-04 
1369.000  2.5956065390e-01  9.1575467590e-04 
1370.000  2.6507206800e-01  9.8578411340e-04 
1371.000  2.7285174110e-01  1.0841656920e-03 
1372.000  2.8368941450e-01  1.1998734470e-03 
1373.000  2.8779243650e-01  1.2621285920e-03 
1374.000  2.9107998860e-01  1.3003774880e-03 
1375.000  2.8698930710e-01  1.2926101680e-03 
1376.000  2.8270060520e-01  1.2650821210e-03 
1377.000  2.8527978430e-01  1.2591549160e-03 
1378.000  2.8038158000e-01  1.2047873740e-03 
1379.000  2.7852767390e-01  1.1482822900e-03 
1380.000  2.6853986700e-01  1.0412311550e-03 
1381.000  2.6248612140e-01  9.5424878600e-04 
1382.000  2.5434224800e-01  8.8969975710e-04 
1383.000  2.5656749860e-01  8.9351779220e-04 
1384.000  2.6226355900e-01  9.6627551320e-04 
1385.000  2.6434659590e-01  1.0148183110e-03 
1386.000  2.7232489510e-01  1.0939384700e-03 
1387.000  2.7622723330e-01  1.1828416590e-03 
1388.000  2.8201761800e-01  1.2415895460e-03 
1389.000  2.8426260690e-01  1.2662880420e-03 
1390.000  2.7925033520e-01  1.2484644650e-03 
1391.000  2.8198650540e-01  1.2485582830e-03 
1392.000  2.7754579520e-01  1.1939053540e-03 
1393.000  2.7300247800e-01  1.1407527920e-03 
1394.000  2.6695097580e-01  1.0842804910e-03 
1395.000  2.6825181050e-01  1.1033160690e-03 
1396.000  2.7418091190e-01  1.1650329830e-03 
1397.000  2.7724833650e-01  1.2080506090e-03 
1398.000  2.7745977780e-01  1.2122466560e-03 
1399.000  2.7564645480e-01  1.1938953400e-03 
1400.000  2.6764305130e-01  1.1540141110e-03 
1401.000  2.6885525870e-01  1.1617571120e-03 
1402.000  2.7541949870e-01  1.2129547600e-03 
1403.000  2.7471987830e-01  1.2233393190e-03 
1404.000  2.7263749440e-01  1.2050671580e-03 
1405.000  2.7280286090e-01  1.2062798740e-03 
1406.000  2.7241890270e-01  1.1931004520e-03 
1407.000  2.7268927050e-01  1.1928731200e-03 
1408.000  2.7353114380e-01  1.2181395290e-03 
1409.000  2.7644621210e-01  1.2463923690e-03 
1410.000  2.7763757140e-01  1.2787154910e-03 
1411.000  2.7970873420e-01  1.3069008590e-03 
1412.000  2.6877904710e-01  1.2528535130e-03 
1413.000  2.7396948940e-01  1.2824411390e-03 
1414.000  2.7755235630e-01  1.2907559870e-03 
1415.000  2.7739143240e-01  1.3000482320e-03 
1416.000  2.7688248110e-01  1.3067010640e-03 
1417.000  2.7890370900e-01  1.3136582370e-03 
1418.000  2.7901242330e-01  1.3116526600e-03 
1419.000  2.7503876900e-01  1.2900563480e-03 
1420.000  2.7443511640e-01  1.2881655690e-03 
1421.000  2.7898978290e-01  1.3251789810e-03 
1422.000  2.7275590180e-01  1.3010807040e-03 
1423.000  2.7109545080e-01  1.2922128440e-03 
1424.000  2.7134045890e-01  1.2868331670e-03 
1425.000  2.7657625010e-01  1.2984526160e-03 
1426.000  2.6538495350e-01  1.2418043610e-03 
1427.000  2.6952572790e-01  1.2666580680e-03 
1428.000  2.7537572510e-01  1.2978098390e-03 
1429.000  2.6891738730e-01  1.2732168440e-03 
1430.000  2.6307610750e-01  1.2380058770e-03 
1431.000  2.6247317330e-01  1.2078788280e-03 
1432.000  2.6724454970e-01  1.2127809520e-03 
1433.000  2.6738033970e-01  1.2074201110e-03 
1434.000  2.6199149570e-01  1.1721472740e-03 
1435.000  2.6518791570e-01  1.1960703130e-03 
1436.000  2.6522367660e-01  1.1975514890e-03 
1437.000  2.6627136540e-01  1.2002877000e-03 
1438.000  2.6562340330e-01  1.2111936810e-03 
1439.000  2.6876383010e-01  1.2229260210e-03 
1440.000  2.5212723470e-01  1.1500908140e-03 
1441.000  2.6483238800e-01  1.2067201140e-03 
1442.000  2.5866641420e-01  1.1663328410e-03 
1443.000  2.6296170790e-01  1.1802583930e-03 
1444.000  2.6424044850e-01  1.1867736580e-03 
1445.000  2.6344288090e-01  1.1793757680e-03 
1446.000  2.6627083130e-01  1.2009398940e-03 
1447.000  2.6505353250e-01  1.2046531440e-03 
1448.000  2.6707997400e-01  1.2105675940e-03 
1449.000  2.6697374620e-01  1.1942782400e-03 
1450.000  2.6517741830e-01  1.1646798850e-03 
1451.000  2.6346762720e-01  1.1569895740e-03 
1452.000  2.6022365760e-01  1.1644538640e-03 
1453.000  2.6517647300e-01  1.2399505380e-03 
1454.000  2.6620702850e-01  1.3222219940e-03 
1455.000  2.6283995540e-01  1.3627926110e-03 
1456.000  2.6271978140e-01  1.4276604650e-03 
1457.000  2.6523887330e-01  1.4437289240e-03 
1458.000  2.6886566500e-01  1.4726818800e-03 
1459.000  2.6986460060e-01  1.4147387740e-03 
1460.000  2.6527328630e-01  1.3383898740e-03 
1461.000  2.6469365630e-01  1.3034307960e-03 
1462.000  2.6180288160e-01  1.2237435580e-03 
1463.000  2.6005728830e-01  1.2081547980e-03 
1464.000  2.5988622230e-01  1.1843911410e-03 
1465.000  2.6289138850e-01  1.1556384560e-03 
1466.000  2.5663018780e-01  1.0842274430e-03 
1467.000  2.6278122170e-01  1.0802478790e-03 
1468.000  2.5631427060e-01  1.0247743130e-03 
1469.000  2.5914081870e-01  9.9932867290e-04 
1470.000  2.5764608950e-01  9.7733485700e-04 
1471.000  2.5357174290e-01  9.8742997650e-04 
1472.000  2.5510403850e-01  1.0410799980e-03 
1473.000  2.5734864950e-01  1.1444675920e-03 
1474.000  2.5026319680e-01  1.2023360730e-03 
1475.000  2.5558427800e-01  1.2226836680e-03 
1476.000  2.5598850890e-01  1.2182335850e-03 
1477.000  2.5673976090e-01  1.1846624610e-03 
1478.000  2.5302629680e-01  1.1325680020e-03 
1479.000  2.5592506890e-01  1.1002039910e-03 
1480.000  2.5732743660e-01  1.1260398630e-03 
1481.000  2.5349115680e-01  1.1512464280e-03 
1482.000  2.5664706740e-01  1.2207964660e-03 
1483.000  2.5136116540e-01  1.2083832030e-03 
1484.000  2.5368446130e-01  1.2218744750e-03 
1485.000  2.5851372780e-01  1.2334060670e-03 
1486.000  2.5425378100e-01  1.2690451150e-03 
1487.000  2.5454464000e-01  1.3920118810e-03 
1488.000  2.2252299510e-01  1.2284320590e-03 
1489.000  2.5550351210e-01  1.5936280490e-03 
1490.000  2.5609815120e-01  1.7752914430e-03 
1491.000  2.5864379720e-01  1.9234904050e-03 
1492.000  2.5263388910e-01  1.9023783210e-03 
1493.000  2.5831101470e-01  2.0395259860e-03 
1494.000  2.5733006040e-01  2.0402579310e-03 
1495.000  2.5552952240e-01  2.1099290850e-03 
1496.000  2.4797291360e-01  2.1929926870e-03 
1497.000  2.5379693250e-01  2.2353913780e-03 
1498.000  2.5636756380e-01  2.3945248130e-03 
1499.000  2.5205557600e-01  2.4786880020e-03 
1500.000  2.5635406230e-01  2.6114392280e-03 
1501.000  2.5598801690e-01  2.5563378330e-03 
1502.000  2.5401073980e-01  2.4686028960e-03 
1503.000  2.2808700690e-01  2.1663184170e-03 
1504.000  2.3763088410e-01  2.2770216460e-03 
1505.000  2.3689264330e-01  2.3843731880e-03 
1506.000  2.4008653660e-01  2.4446997640e-03 
1507.000  2.5109774860e-01  2.6700015070e-03 
1508.000  2.4717715480e-01  2.6973323820e-03 
1509.000  2.4824489180e-01  2.7860944270e-03 
1510.000  2.5208092040e-01  2.8689773080e-03 
1511.000  2.5322720990e-01  2.9455537800e-03 
1512.000  2.4847369010e-01  2.9353096490e-03 
1513.000  2.4805786150e-01  2.9692780970e-03 
1514.000  2.4466238080e-01  2.9507246020e-03 
1515.000  2.4947024970e-01  3.0272774700e-03 
1516.000  2.4715527950e-01  2.9683690070e-03 
1517.000  2.4569154030e-01  2.9333603380e-03 
1518.000  2.5021977970e-01  2.9973649980e-03 
1519.000  2.4650659950e-01  2.9691307540e-03 
1520.000  2.4802298000e-01  3.0609560010e-03 
1521.000  2.4329880910e-01  3.0974416730e-03 
1522.000  2.4187509010e-01  3.1283566950e-03 
1523.000  2.4776265700e-01  3.2704546450e-03 
1524.000  2.4600394170e-01  3.2790253160e-03 
1525.000  2.4052170690e-01  3.2187218670e-03 
1526.000  2.4729676560e-01  3.2862558360e-03 
1527.000  2.4462410590e-01  3.2465794090e-03 
1528.000  2.4610722430e-01  3.2704672810e-03 
1529.000  2.4532849170e-01  3.2309749130e-03 
1530.000  2.2949746940e-01  3.0199398990e-03 
1531.000  2.4522186570e-01  3.1953616140e-03 
1532.000  2.4364893100e-01  3.1459512710e-03 
1533.000  2.4241804450e-01  3.0892927650e-03 
1534.000  2.3856546170e-01  2.9986648560e-03 
1535.000  2.3917982880e-01  2.9654169080e-03 
1536.000  2.4237819860e-01  3.0403287410e-03 
1537.000  2.4294090590e-01  3.0982193950e-03 
1538.000  2.3609649760e-01  3.0629253390e-03 
1539.000  2.4092420510e-01  3.1760392190e-03 
1540.000  2.3209622990e-01  3.1006612780e-03 
1541.000  2.3685858010e-01  3.1661851410e-03 
1542.000  2.3826685310e-01  3.1758313180e-03 
1543.000  2.3738044010e-01  3.1628136630e-03 
1544.000  2.4006544880e-01  3.2023165230e-03 
1545.000  2.4046678070e-01  3.2200520040e-03 
1546.000  2.4026000850e-01  3.2456216810e-03 
1547.000  2.3760805570e-01  3.2370176320e-03 
1548.000  2.3040318920e-01  3.1633968350e-03 
1549.000  2.3630848340e-01  3.2599134450e-03 
1550.000  2.3499646700e-01  3.2547390460e-03 
1551.000  2.3376627350e-01  3.2240445610e-03 
1552.000  2.3773972370e-01  3.2519936560e-03 
1553.000  2.3639847370e-01  3.2123503680e-03 
1554.000  2.2773690960e-01  3.0682139400e-03 
1555.000  2.3138933080e-01  3.0994186400e-03 
1556.000  2.2688433550e-01  3.0611209870e-03 
1557.000  2.3424918810e-01  3.2156486510e-03 
1558.000  2.3245490980e-01  3.2378916740e-03 
1559.000  2.3256607170e-01  3.2841396330e-03 
1560.000  2.2855001650e-01  3.2771577840e-03 
1561.000  2.3398764250e-01  3.3656091690e-03 
1562.000  2.3406271510e-01  3.3349351880e-03 
1563.000  2.3072359500e-01  3.2630627160e-03 
1564.000  2.2638021320e-01  3.1688804630e-03 
1565.000  2.3029376740e-01  3.1843125820e-03 
1566.000  2.2592996120e-01  3.1263582710e-03 
1567.000  2.2658269820e-01  3.1391849520e-03 
1568.000  2.2277388600e-01  3.0777745250e-03 
1569.000  2.2460237580e-01  3.0904619690e-03 
1570.000  2.1956524900e-01  3.0208637710e-03 
1571.000  2.2544844210e-01  3.1294071670e-03 
1572.000  2.2565124330e-01  3.1426451210e-03 
1573.000  2.2187486690e-01  3.1194558140e-03 
1574.000  2.2209641530e-01  3.1604278090e-03 
1575.000  2.0597693320e-01  2.9596881870e-03 
1576.000  2.2128748890e-01  3.1799530980e-03 
1577.000  1.9972666600e-01  2.8313148020e-03 
1578.000  2.1844299810e-01  3.0544447900e-03 
1579.000  2.1937686790e-01  3.0309729580e-03 
1580.000  2.2328249800e-01  3.0573029520e-03 
1581.000  2.2180184890e-01  2.9994845390e-03 
1582.000  2.1670421250e-01  2.9613494870e-03 
1583.000  2.1879304790e-01  3.0194172860e-03 
1584.000  2.1633071300e-01  3.0151643750e-03 
1585.000  2.2235435810e-01  3.1234271530e-03 
1586.000  2.1956141660e-01  3.0932846070e-03 
1587.000  2.1688577250e-01  3.0810849670e-03 
1588.000  2.1341655650e-01  3.0549185280e-03 
1589.000  1.9520381240e-01  2.8025107380e-03 
1590.000  2.1035643010e-01  3.0296614170e-03 
1591.000  2.0564302080e-01  2.9738397600e-03 
1592.000  2.1655004030e-01  3.1380693910e-03 
1593.000  2.2146769340e-01  3.2116014960e-03 
1594.000  2.1991327390e-01  3.1906354430e-03 
1595.000  2.2137836680e-01  3.2128324510e-03 
1596.000  2.0737277300e-01  3.0242247580e-03 
1597.000  2.1583060230e-01  3.1411688330e-03 
1598.000  2.1990369960e-01  3.1856362820e-03 
1599.000  2.1254215990e-01  3.0593411920e-03 
1600.000  2.1608444880e-01  3.0981543060e-03 
1601.000  2.0698812190e-01  2.9835715290e-03 
1602.000  2.1228126730e-01  3.0965297220e-03 
1603.000  2.1067108630e-01  3.1265609260e-03 
1604.000  2.1325817240e-01  3.2253208160e-03 
1605.000  2.1010525320e-01  3.2189247610e-03 
1606.000  2.0924975450e-01  3.2489254470e-03 
1607.000  2.1012931470e-01  3.2254753110e-03 
1608.000  2.1252351710e-01  3.2259335520e-03 
1609.000  2.1170649010e-01  3.1836779120e-03 
1610.000  1.9849615400e-01  2.9606020450e-03 
1611.000  2.0420249470e-01  3.0367906090e-03 
1612.000  2.0594857260e-01  3.0553753380e-03 
1613.000  2.1034415160e-01  3.1113808160e-03 
1614.000  2.0827979910e-01  3.0479085450e-03 
1615.000  2.1154380400e-01  3.0808491710e-03 
1616.000  1.9820287910e-01  2.8701121810e-03 
1617.000  2.0391536660e-01  2.9980053900e-03 
1618.000  2.1026898970e-01  3.1185483930e-03 
1619.000  2.0952515060e-01  3.1542651650e-03 
1620.000  2.0417463940e-01  3.1188371180e-03 
1621.000  2.0111388380e-01  3.1103432180e-03 
1622.000  2.0617601710e-01  3.1943452360e-03 
1623.000  2.1030416810e-01  3.2727749350e-03 
1624.000  2.1175753280e-01  3.3051302430e-03 
1625.000  2.0643966360e-01  3.2472844120e-03 
1626.000  2.0897108630e-01  3.2774059770e-03 
1627.000  2.0870148880e-01  3.2932906150e-03 
1628.000  2.1037857990e-01  3.3310277460e-03 
1629.000  2.1034803290e-01  3.3400831220e-03 
1630.000  2.0463724580e-01  3.2518434520e-03 
1631.000  2.0783784290e-01  3.3151922230e-03 
1632.000  2.0789034350e-01  3.2585349080e-03 
1633.000  2.0521482660e-01  3.1737720970e-03 
1634.000  2.0041278220e-01  3.0538761620e-03 
1635.000  2.0578602790e-01  3.0957031250e-03 
1636.000  2.0524185990e-01  3.0410118100e-03 
1637.000  1.9610424380e-01  2.8637659550e-03 
1638.000  1.9467112220e-01  2.8096716400e-03 
1639.000  1.9273121360e-01  2.7350442410e-03 
1640.000  1.9388728790e-01  2.7132992740e-03 
1641.000  1.9268739460e-01  2.6707174780e-03 
1642.000  1.9244725920e-01  2.7371821400e-03 
1643.000  1.9739346410e-01  2.8742785450e-03 
1644.000  1.9433875420e-01  2.8936440940e-03 
1645.000  1.9477194800e-01  2.9603500370e-03 
1646.000  1.9711287260e-01  3.0534508230e-03 
1647.000  1.9896369490e-01  3.0776047710e-03 
1648.000  1.9819511340e-01  3.0542428490e-03 
1649.000  1.9366743780e-01  2.9787793160e-03 
1650.000  1.9857493460e-01  3.0508236890e-03 
1651.000  1.9410086310e-01  2.9789972310e-03 
1652.000  1.9797469680e-01  3.0338151450e-03 
1653.000  1.9575169680e-01  3.0067348480e-03 
1654.000  1.9794805240e-01  3.0420765880e-03 
1655.000  1.9398043570e-01  2.9907262330e-03 
1656.000  1.9770611550e-01  3.0543563370e-03 
1657.000  1.9627322100e-01  3.0318882470e-03 
1658.000  1.9733369620e-01  3.0558319090e-03 
1659.000  1.9369879960e-01  2.9999318120e-03 
1660.000  1.9606264890e-01  3.0292034150e-03 
1661.000  1.9683236190e-01  3.0210304260e-03 
1662.000  1.9550968020e-01  2.9357397560e-03 
1663.000  1.9427900340e-01  2.8597936630e-03 
1664.000  1.9345677310e-01  2.7895159720e-03 
1665.000  1.9148121280e-01  2.7025575640e-03 
1666.000  1.9054913680e-01  2.6793315410e-03 
1667.000  1.9207175190e-01  2.7592420580e-03 
1668.000  1.8881742270e-01  2.7531988620e-03 
1669.000  1.8911982210e-01  2.8058245180e-03 
1670.000  1.9319208570e-01  2.9149863720e-03 
1671.000  1.9171697240e-01  2.9450225830e-03 
1672.000  1.8263621720e-01  2.8655178550e-03 
1673.000  1.8801651730e-01  3.0009810920e-03 
1674.000  1.8889024790e-01  3.0697476860e-03 
1675.000  1.8714025610e-01  3.1023323540e-03 
1676.000  1.8415912340e-01  3.0726490020e-03 
1677.000  1.8504426460e-01  3.0839822290e-03 
1678.000  1.8591294010e-01  3.1015968320e-03 
1679.000  1.8344038970e-01  3.0526323320e-03 
1680.000  1.7703157820e-01  2.9475684170e-03 
1681.000  1.7082630160e-01  2.8444497590e-03 
1682.000  1.7575943480e-01  2.9235007760e-03 
1683.000  1.8015253260e-01  2.9896130560e-03 
1684.000  1.8351361800e-01  3.0391926770e-03 
1685.000  1.8423249170e-01  3.0338270660e-03 
1686.000  1.8200978110e-01  2.9826271530e-03 
1687.000  1.8302590100e-01  2.9582185750e-03 
1688.000  1.8336769870e-01  2.9277918340e-03 
1689.000  1.8115776730e-01  2.8734538560e-03 
1690.000  1.8132094680e-01  2.8376917840e-03 
1691.000  1.8369380410e-01  2.8845722680e-03 
1692.000  1.8402821050e-01  2.9081337450e-03 
1693.000  1.8332863850e-01  2.9187407490e-03 
1694.000  1.8305122610e-01  2.9328343870e-03 
1695.000  1.8326039460e-01  2.9427440170e-03 
1696.000  1.8218864780e-01  2.8871505260e-03 
1697.000  1.8114814260e-01  2.8205158710e-03 
1698.000  1.8224136570e-01  2.7909345630e-03 
1699.000  1.8106363300e-01  2.7300357820e-03 
1700.000  1.7874255490e-01  2.6548378470e-03 
