 lambda   Irr_dw            Rad_up 
 550.000  1.5536001100e+00  4.7493526460e-02 
 551.000  1.5433371200e+00  4.7022830960e-02 
 552.000  1.6092236500e+00  4.8995563510e-02 
 553.000  1.5456517500e+00  4.6876243590e-02 
 554.000  1.5956189600e+00  4.8332153320e-02 
 555.000  1.5996040400e+00  4.8231323240e-02 
 556.000  1.5550632300e+00  4.6678516390e-02 
 557.000  1.5085599100e+00  4.5235179900e-02 
 558.000  1.5655038500e+00  4.6732860570e-02 
 559.000  1.4794319100e+00  4.4032581330e-02 
 560.000  1.4856959400e+00  4.4165431980e-02 
 561.000  1.6326434900e+00  4.8300514220e-02 
 562.000  1.4988237700e+00  4.4257038120e-02 
 563.000  1.5680341900e+00  4.6088371280e-02 
 564.000  1.5460477600e+00  4.5165355680e-02 
 565.000  1.5647941700e+00  4.5638748170e-02 
 566.000  1.4428096100e+00  4.1885768890e-02 
 567.000  1.5489850800e+00  4.4646205900e-02 
 568.000  1.5495640500e+00  4.4066539760e-02 
 569.000  1.5281809200e+00  4.2274204250e-02 
 570.000  1.5347145100e+00  4.2446105960e-02 
 571.000  1.4738087600e+00  4.1322242740e-02 
 572.000  1.5645822000e+00  4.3119682310e-02 
 573.000  1.5794313600e+00  4.3612243650e-02 
 574.000  1.5703798200e+00  4.3258075710e-02 
 575.000  1.5325888600e+00  4.2020641330e-02 
 576.000  1.5050010000e+00  4.1130523680e-02 
 577.000  1.5656174600e+00  4.2790405270e-02 
 578.000  1.5172058000e+00  4.1718673710e-02 
 579.000  1.5034003500e+00  4.1323532100e-02 
 580.000  1.5532207600e+00  4.2890544890e-02 
 581.000  1.5221229300e+00  4.2154792790e-02 
 582.000  1.5430687300e+00  4.2601955410e-02 
 583.000  1.5529706800e+00  4.2923591610e-02 
 584.000  1.5473159600e+00  4.2568122860e-02 
 585.000  1.5367148400e+00  4.2117160800e-02 
 586.000  1.4703688100e+00  4.0247974400e-02 
 587.000  1.5309375700e+00  4.1342609410e-02 
 588.000  1.5290613700e+00  3.9932098390e-02 
 589.000  1.3746776700e+00  3.4269218440e-02 
 590.000  1.4365566900e+00  3.5700645450e-02 
 591.000  1.5118394100e+00  3.8549160000e-02 
 592.000  1.4904695900e+00  3.7232765200e-02 
 593.000  1.4897428800e+00  3.8343513490e-02 
 594.000  1.5070256400e+00  3.8450000760e-02 
 595.000  1.4896870500e+00  3.7023887630e-02 
 596.000  1.5099251600e+00  3.8747608180e-02 
 597.000  1.5179790600e+00  3.8463214870e-02 
 598.000  1.4800858600e+00  3.8000740050e-02 
 599.000  1.4776162800e+00  3.8090072630e-02 
 600.000  1.4717363900e+00  3.8397209170e-02 
 601.000  1.4593325200e+00  3.8425365450e-02 
 602.000  1.4418848200e+00  3.7959926610e-02 
 603.000  1.4491234600e+00  3.8264739990e-02 
 604.000  1.4937695300e+00  3.9593582150e-02 
 605.000  1.4893473900e+00  3.9320480350e-02 
 606.000  1.4718681800e+00  3.8906330110e-02 
 607.000  1.4634134400e+00  3.8577655790e-02 
 608.000  1.4579211400e+00  3.8297710420e-02 
 609.000  1.4428762600e+00  3.7870399480e-02 
 610.000  1.4196743200e+00  3.7134155270e-02 
 611.000  1.4426417300e+00  3.7681358340e-02 
 612.000  1.4238185200e+00  3.7147033690e-02 
 613.000  1.4029865400e+00  3.6488674160e-02 
 614.000  1.3518457400e+00  3.5140590670e-02 
 615.000  1.4171383600e+00  3.6677757260e-02 
 616.000  1.3474460200e+00  3.4867080690e-02 
 617.000  1.3551290700e+00  3.5015304570e-02 
 618.000  1.4191773600e+00  3.6481826780e-02 
 619.000  1.4063629400e+00  3.6174606320e-02 
 620.000  1.4273607400e+00  3.6523906710e-02 
 621.000  1.4522185900e+00  3.7117340090e-02 
 622.000  1.3759491100e+00  3.5062057500e-02 
 623.000  1.3871642900e+00  3.5127498630e-02 
 624.000  1.3891097400e+00  3.5225364690e-02 
 625.000  1.3519206800e+00  3.4246318820e-02 
 626.000  1.3598399400e+00  3.4199737550e-02 
 627.000  1.3882846700e+00  3.4383419040e-02 
 628.000  1.3948652400e+00  3.3084323880e-02 
 629.000  1.4157325700e+00  3.4132110600e-02 
 630.000  1.3649297500e+00  3.3296546940e-02 
 631.000  1.4106903200e+00  3.4503952030e-02 
 632.000  1.3161911500e+00  3.1949638370e-02 
 633.000  1.4062692500e+00  3.4501522060e-02 
 634.000  1.3617203600e+00  3.3566284180e-02 
 635.000  1.3862020200e+00  3.4187732700e-02 
 636.000  1.3360113100e+00  3.3018684390e-02 
 637.000  1.3792853000e+00  3.4139820100e-02 
 638.000  1.3980117600e+00  3.4738636020e-02 
 639.000  1.3861809100e+00  3.4271572110e-02 
 640.000  1.3412695000e+00  3.3410327910e-02 
 641.000  1.3604953400e+00  3.3828014370e-02 
 642.000  1.3431636100e+00  3.3409404750e-02 
 643.000  1.3683298000e+00  3.3846488950e-02 
 644.000  1.3525609900e+00  3.3311008450e-02 
 645.000  1.3667764900e+00  3.3493087770e-02 
 646.000  1.3245911600e+00  3.1458856580e-02 
 647.000  1.3498344700e+00  3.1373840330e-02 
 648.000  1.3554004300e+00  3.0994169240e-02 
 649.000  1.3753934200e+00  3.1756275180e-02 
 650.000  1.2622014600e+00  3.0077348710e-02 
 651.000  1.3597453900e+00  3.2367095950e-02 
 652.000  1.3451904200e+00  3.1110025410e-02 
 653.000  1.3588558100e+00  3.2404136660e-02 
 654.000  1.3426366000e+00  3.1726982120e-02 
 655.000  1.3120436300e+00  3.0591308590e-02 
 656.000  1.1125984100e+00  2.5991922380e-02 
 657.000  1.1852425200e+00  2.7849117280e-02 
 658.000  1.3158339400e+00  3.1334373470e-02 
 659.000  1.3164950800e+00  3.1480955120e-02 
 660.000  1.3257784100e+00  3.1787849430e-02 
 661.000  1.3283905800e+00  3.2152053830e-02 
 662.000  1.3460594900e+00  3.2671947480e-02 
 663.000  1.3315050300e+00  3.2190593720e-02 
 664.000  1.3098439000e+00  3.1665008540e-02 
 665.000  1.3151887100e+00  3.1767885210e-02 
 666.000  1.3304603500e+00  3.2260570530e-02 
 667.000  1.3036596700e+00  3.1501398090e-02 
 668.000  1.3105191300e+00  3.1784868240e-02 
 669.000  1.3291185400e+00  3.2277385710e-02 
 670.000  1.3131094200e+00  3.1715427400e-02 
 671.000  1.2990306600e+00  3.1394155500e-02 
 672.000  1.2947397900e+00  3.1248512270e-02 
 673.000  1.3039470500e+00  3.1409893040e-02 
 674.000  1.3064190900e+00  3.1460632320e-02 
 675.000  1.2864016200e+00  3.0896394730e-02 
 676.000  1.3106331700e+00  3.1471094130e-02 
 677.000  1.2844967300e+00  3.0844739910e-02 
 678.000  1.3056918600e+00  3.1289012910e-02 
 679.000  1.2872894800e+00  3.0746608730e-02 
 680.000  1.2778510000e+00  3.0482557300e-02 
 681.000  1.2798397300e+00  3.0431032180e-02 
 682.000  1.2774004000e+00  3.0235649110e-02 
 683.000  1.2860878900e+00  3.0311149600e-02 
 684.000  1.2638914900e+00  2.9752601620e-02 
 685.000  1.2775579700e+00  3.0005376820e-02 
 686.000  1.2243941100e+00  2.8339189530e-02 
 687.000  1.2254547600e+00  2.4501731870e-02 
 688.000  1.2263473400e+00  2.5471002580e-02 
 689.000  1.2298973300e+00  2.5333578110e-02 
 690.000  1.2358349700e+00  2.5966999050e-02 
 691.000  1.2407855700e+00  2.6744976040e-02 
 692.000  1.2333052500e+00  2.6901384350e-02 
 693.000  1.2414468500e+00  2.6120023730e-02 
 694.000  1.2550736900e+00  2.5686077120e-02 
 695.000  1.2320884900e+00  2.5594577790e-02 
 696.000  1.2458907300e+00  2.6128850940e-02 
 697.000  1.2448290500e+00  2.7746620180e-02 
 698.000  1.2225500300e+00  2.6794660570e-02 
 699.000  1.2483964700e+00  2.5984237670e-02 
 700.000  1.2334626000e+00  2.5833621980e-02 
 701.000  1.2065588500e+00  2.4918466570e-02 
 702.000  1.2003620100e+00  2.4982324600e-02 
 703.000  1.2149646500e+00  2.6312211990e-02 
 704.000  1.2185013900e+00  2.6452131270e-02 
 705.000  1.2289613600e+00  2.6178623200e-02 
 706.000  1.2158408200e+00  2.5979856490e-02 
 707.000  1.1972433800e+00  2.5743877410e-02 
 708.000  1.2316861700e+00  2.6667533870e-02 
 709.000  1.1872181400e+00  2.6042964940e-02 
 710.000  1.2154625000e+00  2.6166372300e-02 
 711.000  1.2024597400e+00  2.6256952290e-02 
 712.000  1.1850558300e+00  2.6257549290e-02 
 713.000  1.1806593600e+00  2.5813432690e-02 
 714.000  1.2009623400e+00  2.6053186420e-02 
 715.000  1.1598641400e+00  2.4639028550e-02 
 716.000  1.1910329000e+00  2.4762205120e-02 
 717.000  1.1613171900e+00  2.1663026810e-02 
 718.000  1.1551642800e+00  2.0095811840e-02 
 719.000  1.1418650400e+00  1.9252380370e-02 
 720.000  1.1501972200e+00  1.8725345610e-02 
 721.000  1.1485448800e+00  2.1935829160e-02 
 722.000  1.1646683800e+00  2.3349460600e-02 
 723.000  1.1622550400e+00  2.2549247740e-02 
 724.000  1.1693127400e+00  2.0750280380e-02 
 725.000  1.1565520200e+00  2.0788116460e-02 
 726.000  1.1544354000e+00  2.0662900920e-02 
 727.000  1.1715178900e+00  2.1161634450e-02 
 728.000  1.1513925700e+00  2.0560571670e-02 
 729.000  1.1056362900e+00  2.0376405720e-02 
 730.000  1.1464922100e+00  2.1003704070e-02 
 731.000  1.1275907400e+00  2.0593576430e-02 
 732.000  1.1487159600e+00  2.2104562760e-02 
 733.000  1.1308597400e+00  2.3037672040e-02 
 734.000  1.1540604900e+00  2.4095191960e-02 
 735.000  1.1448560200e+00  2.3616312030e-02 
 736.000  1.1238470000e+00  2.2788057330e-02 
 737.000  1.1384300500e+00  2.3324201580e-02 
 738.000  1.1349741400e+00  2.3676906590e-02 
 739.000  1.0981270900e+00  2.3129299160e-02 
 740.000  1.1080992300e+00  2.3761205670e-02 
 741.000  1.0990360100e+00  2.3915319440e-02 
 742.000  1.0808725400e+00  2.3647073750e-02 
 743.000  1.1123258600e+00  2.4625658040e-02 
 744.000  1.1227549700e+00  2.5007360460e-02 
 745.000  1.0934371000e+00  2.4481912610e-02 
 746.000  1.1085630900e+00  2.4846561430e-02 
 747.000  1.1251645900e+00  2.5182392120e-02 
 748.000  1.1049489900e+00  2.4718339920e-02 
 749.000  1.1051476200e+00  2.4736803050e-02 
 750.000  1.0890083900e+00  2.4279096600e-02 
 751.000  1.0862070500e+00  2.4201768880e-02 
 752.000  1.1026612100e+00  2.4614105220e-02 
 753.000  1.0922257700e+00  2.4381202700e-02 
 754.000  1.1093279500e+00  2.4757745740e-02 
 755.000  1.1029637200e+00  2.4600418090e-02 
 756.000  1.0813682500e+00  2.4105485920e-02 
 757.000  1.0893648900e+00  2.4267610550e-02 
 758.000  1.0882192300e+00  2.4163713460e-02 
 759.000  1.0470642600e+00  2.1312961580e-02 
 760.000  8.2383254700e-01  8.6143178940e-03 
 761.000  7.9393452400e-01  7.6316409110e-03 
 762.000  9.2602274500e-01  1.3794389720e-02 
 763.000  9.1117161900e-01  1.1925396920e-02 
 764.000  9.3454378900e-01  1.3019800190e-02 
 765.000  9.8082739100e-01  1.5812749860e-02 
 766.000  9.7251853400e-01  1.8144804000e-02 
 767.000  1.0023792190e+00  1.9892961500e-02 
 768.000  1.0512822200e+00  2.1822566990e-02 
 769.000  1.0527342600e+00  2.2584922790e-02 
 770.000  1.0500483900e+00  2.2900928500e-02 
 771.000  1.0514846000e+00  2.3143762590e-02 
 772.000  1.0476164200e+00  2.3095989230e-02 
 773.000  1.0433031300e+00  2.3008115770e-02 
 774.000  1.0543129100e+00  2.3260026930e-02 
 775.000  1.0146017900e+00  2.2383777620e-02 
 776.000  1.0563154500e+00  2.3344961170e-02 
 777.000  1.0489995300e+00  2.3152175900e-02 
 778.000  1.0434571900e+00  2.2975301740e-02 
 779.000  1.0469313300e+00  2.2983236310e-02 
 780.000  1.0340613400e+00  2.2715797420e-02 
 781.000  1.0322024800e+00  2.2659355160e-02 
 782.000  1.0447365300e+00  2.2841669080e-02 
 783.000  1.0204022420e+00  2.2397777560e-02 
 784.000  1.0263107250e+00  2.2467473980e-02 
 785.000  1.0296863530e+00  2.2327611920e-02 
 786.000  1.0128267810e+00  2.1817474370e-02 
 787.000  1.0297108590e+00  2.1695430760e-02 
 788.000  1.0152442140e+00  2.1220968250e-02 
 789.000  1.0243780610e+00  2.0759157180e-02 
 790.000  1.0143358970e+00  2.0450496670e-02 
 791.000  1.0086059710e+00  2.0460350040e-02 
 792.000  9.9215191300e-01  2.0162761690e-02 
 793.000  9.8998881700e-01  2.0346078870e-02 
 794.000  9.7733930200e-01  2.0655170440e-02 
 795.000  9.7363924200e-01  2.0103851320e-02 
 796.000  9.9434682100e-01  1.9812587740e-02 
 797.000  9.9948648700e-01  2.0160552980e-02 
 798.000  9.9745895600e-01  2.0616638180e-02 
 799.000  9.9728427300e-01  2.0426795960e-02 
 800.000  9.7312815300e-01  1.9533357620e-02 
 801.000  9.9114478200e-01  1.9930494310e-02 
 802.000  9.8937766200e-01  1.9804559710e-02 
 803.000  9.7507362400e-01  1.9586242680e-02 
 804.000  9.8305909500e-01  1.9973918910e-02 
 805.000  9.5461003200e-01  1.9758611680e-02 
 806.000  9.7953893400e-01  2.0431386950e-02 
 807.000  9.7347729600e-01  2.0346965790e-02 
 808.000  9.6833606000e-01  2.0061727520e-02 
 809.000  9.5254095600e-01  1.9557327270e-02 
 810.000  9.4890596300e-01  1.9281158450e-02 
 811.000  9.6532143000e-01  1.9285682680e-02 
 812.000  9.6356496600e-01  1.8896167760e-02 
 813.000  9.6103575900e-01  1.8317836760e-02 
 814.000  9.6167290700e-01  1.7850486760e-02 
 815.000  9.5345996900e-01  1.7108890530e-02 
 816.000  9.4738425500e-01  1.6294994350e-02 
 817.000  9.5297323700e-01  1.6405006410e-02 
 818.000  9.4696605600e-01  1.6265113830e-02 
 819.000  9.2082853800e-01  1.6104898450e-02 
 820.000  9.0119605500e-01  1.6514450070e-02 
 821.000  9.2899112900e-01  1.7933649060e-02 
 822.000  9.0438219200e-01  1.6636156080e-02 
 823.000  9.2060393700e-01  1.5195931430e-02 
 824.000  9.3118366100e-01  1.6849924090e-02 
 825.000  9.2727046300e-01  1.8054782870e-02 
 826.000  9.3357052300e-01  1.7889539720e-02 
 827.000  9.3092124600e-01  1.7642910000e-02 
 828.000  9.3079952500e-01  1.6863964080e-02 
 829.000  9.2972758300e-01  1.7058309560e-02 
 830.000  9.1426250600e-01  1.7065757750e-02 
 831.000  8.9803860200e-01  1.6815797810e-02 
 832.000  9.1632998200e-01  1.7152307510e-02 
 833.000  8.8738510200e-01  1.6881700520e-02 
 834.000  8.9986425400e-01  1.7339687350e-02 
 835.000  8.9980952200e-01  1.7635725020e-02 
 836.000  9.1093720900e-01  1.7860672000e-02 
 837.000  9.0350496300e-01  1.7652732850e-02 
 838.000  9.0573164800e-01  1.7940635680e-02 
 839.000  8.7681345600e-01  1.7463880540e-02 
 840.000  9.0002468700e-01  1.7907917020e-02 
 841.000  9.0334416300e-01  1.7799510960e-02 
 842.000  8.9685999200e-01  1.7766128540e-02 
 843.000  8.8863324800e-01  1.8036239620e-02 
 844.000  8.7294767900e-01  1.7881172180e-02 
 845.000  8.8571899400e-01  1.8211492540e-02 
 846.000  8.9307267900e-01  1.8504518510e-02 
 847.000  8.6169255600e-01  1.8005855560e-02 
 848.000  8.8818670100e-01  1.8357473370e-02 
 849.000  8.8970427400e-01  1.8496007920e-02 
 850.000  7.6973511200e-01  1.5847361560e-02 
 851.000  8.8255027600e-01  1.8024515150e-02 
 852.000  8.4904212200e-01  1.7410537720e-02 
 853.000  8.5774065200e-01  1.7630699160e-02 
 854.000  6.8965686500e-01  1.4206258770e-02 
 855.000  7.5865145000e-01  1.5736053470e-02 
 856.000  8.5953036600e-01  1.7868379590e-02 
 857.000  8.7263672700e-01  1.8294986720e-02 
 858.000  8.5835451300e-01  1.7989698410e-02 
 859.000  8.5748428300e-01  1.8023500440e-02 
 860.000  8.4944226300e-01  1.7943078990e-02 
 861.000  8.4929158700e-01  1.7917516710e-02 
 862.000  8.4628419600e-01  1.7789720540e-02 
 863.000  8.6245701200e-01  1.8233173370e-02 
 864.000  8.6058308100e-01  1.8039360050e-02 
 865.000  8.4443808800e-01  1.7837953570e-02 
 866.000  7.0829869300e-01  1.5007136340e-02 
 867.000  7.5431000700e-01  1.5764991760e-02 
 868.000  8.1808980100e-01  1.7188781740e-02 
 869.000  8.0659107500e-01  1.6934711460e-02 
 870.000  8.3991909800e-01  1.7754110340e-02 
 871.000  8.3871767000e-01  1.7655538560e-02 
 872.000  8.3525433000e-01  1.7345745090e-02 
 873.000  8.3873987400e-01  1.7549419400e-02 
 874.000  8.2043713600e-01  1.7079715730e-02 
 875.000  8.1293125800e-01  1.7074516300e-02 
 876.000  8.1989368300e-01  1.7132984160e-02 
 877.000  8.3635430700e-01  1.7318973540e-02 
 878.000  8.2259281600e-01  1.7109493260e-02 
 879.000  8.2454941600e-01  1.7208225250e-02 
 880.000  8.2030017000e-01  1.6922790530e-02 
 881.000  7.7793689900e-01  1.6093154910e-02 
 882.000  8.2119023700e-01  1.6782421110e-02 
 883.000  8.0221550300e-01  1.6585445400e-02 
 884.000  8.0894188800e-01  1.6945022580e-02 
 885.000  8.1829224100e-01  1.6653079990e-02 
 886.000  7.9279980200e-01  1.6162603380e-02 
 887.000  7.8372242500e-01  1.5964441300e-02 
 888.000  8.0728280200e-01  1.6250837330e-02 
 889.000  8.1239465500e-01  1.6648138050e-02 
 890.000  8.1056886500e-01  1.6508832930e-02 
 891.000  8.0753144400e-01  1.6209962840e-02 
 892.000  8.0687953300e-01  1.5957517620e-02 
 893.000  7.8129727700e-01  1.4576239590e-02 
 894.000  8.0971389400e-01  1.4835033420e-02 
 895.000  7.7473179300e-01  1.3516243930e-02 
 896.000  8.0549310400e-01  1.3164634700e-02 
 897.000  7.8693989100e-01  1.2351204870e-02 
 898.000  7.8829357200e-01  1.1975799560e-02 
 899.000  7.8758515400e-01  1.1047330860e-02 
 900.000  7.6791950800e-01  1.0774625780e-02 
 901.000  7.5146856300e-01  1.0360554700e-02 
 902.000  7.3763752600e-01  1.0208375930e-02 
 903.000  7.7372387800e-01  1.2047991750e-02 
 904.000  7.8809030900e-01  1.3090858460e-02 
 905.000  7.8600491300e-01  1.3311189650e-02 
 906.000  7.6518576100e-01  1.2420814510e-02 
 907.000  7.7815464100e-01  1.1606047630e-02 
 908.000  7.5912263100e-01  1.0636153220e-02 
 909.000  7.4423025600e-01  1.0431004520e-02 
 910.000  7.5303342300e-01  1.0633644100e-02 
 911.000  7.5103744200e-01  1.1180413250e-02 
 912.000  7.5266512400e-01  1.0760696410e-02 
 913.000  7.7028143300e-01  1.0234869000e-02 
 914.000  7.6532424200e-01  1.0516544340e-02 
 915.000  7.5269130500e-01  1.0869991300e-02 
 916.000  7.6104902100e-01  1.1006628040e-02 
 917.000  7.4913723000e-01  1.0988042830e-02 
 918.000  7.4533405400e-01  1.1165419580e-02 
 919.000  7.5516341200e-01  1.2506196020e-02 
 920.000  7.4795854100e-01  1.2726516720e-02 
 921.000  7.3157603000e-01  1.2290045740e-02 
 922.000  7.2504212300e-01  1.2274819370e-02 
 923.000  6.9464767700e-01  1.1223021510e-02 
 924.000  7.2403813500e-01  1.1614955900e-02 
 925.000  7.3364943100e-01  1.1658934590e-02 
 926.000  7.0745701500e-01  1.1074422840e-02 
 927.000  7.3381152900e-01  1.1285120960e-02 
 928.000  7.3833058000e-01  1.0479446410e-02 
 929.000  7.2801648300e-01  9.2327337270e-03 
 930.000  7.2618951300e-01  8.0307550430e-03 
 931.000  7.2589373900e-01  7.1369371410e-03 
 932.000  7.1878326100e-01  6.1128578190e-03 
 933.000  7.2074668100e-01  5.5766325000e-03 
 934.000  7.1443809200e-01  5.0661396980e-03 
 935.000  7.0385154900e-01  4.9436817170e-03 
 936.000  6.9878420700e-01  5.0600533490e-03 
 937.000  7.1438192000e-01  5.1347780230e-03 
 938.000  7.0688613100e-01  5.6173548700e-03 
 939.000  7.1314807000e-01  7.5244722370e-03 
 940.000  7.0950894200e-01  7.8779931070e-03 
 941.000  6.9337906600e-01  7.3862938880e-03 
 942.000  6.6684678800e-01  6.4557142260e-03 
 943.000  7.0262397200e-01  5.8810539250e-03 
 944.000  6.8331001000e-01  5.6524491310e-03 
 945.000  6.8985717900e-01  5.9909129140e-03 
 946.000  6.9921361600e-01  6.0947933200e-03 
 947.000  6.9498401000e-01  6.3576684000e-03 
 948.000  6.9918716600e-01  6.5800070760e-03 
 949.000  7.0140221700e-01  6.5869417190e-03 
 950.000  6.9677869900e-01  6.5925731660e-03 
 951.000  6.9264222600e-01  6.9950799940e-03 
 952.000  6.9257006700e-01  6.5440769200e-03 
 953.000  6.9065844200e-01  6.8599672320e-03 
 954.000  6.8398681500e-01  7.1905026440e-03 
 955.000  6.3888213300e-01  6.4414987560e-03 
 956.000  6.8153733600e-01  6.8345599170e-03 
 957.000  6.8118486400e-01  7.9248547550e-03 
 958.000  6.8643608600e-01  8.1760387420e-03 
 959.000  6.8908978700e-01  8.0064601900e-03 
 960.000  6.8257913300e-01  7.8813853260e-03 
 961.000  6.7525738700e-01  7.7014021870e-03 
 962.000  6.7861893900e-01  7.8375425340e-03 
 963.000  6.7721816000e-01  8.5712585450e-03 
 964.000  6.6946834700e-01  8.5943384170e-03 
 965.000  6.7765256700e-01  8.6254787450e-03 
 966.000  6.5809266800e-01  8.4263725280e-03 
 967.000  6.7766388400e-01  9.3072042470e-03 
 968.000  6.7019551300e-01  1.0228024480e-02 
 969.000  6.7429024500e-01  1.0740649220e-02 
 970.000  6.7611846600e-01  1.0794268610e-02 
 971.000  6.7013109200e-01  1.0680273060e-02 
 972.000  6.7488328100e-01  1.0612308500e-02 
 973.000  6.6864838000e-01  1.0216687200e-02 
 974.000  6.5839761700e-01  9.7080574040e-03 
 975.000  6.6168930700e-01  9.5170917510e-03 
 976.000  6.6969792400e-01  9.9070510860e-03 
 977.000  6.5272100300e-01  1.0086524010e-02 
 978.000  6.6886719400e-01  1.0299262050e-02 
 979.000  6.4942823100e-01  1.0114062310e-02 
 980.000  6.5858760900e-01  1.0731271740e-02 
 981.000  6.6307665500e-01  1.0920541760e-02 
 982.000  6.6164841400e-01  1.0781717300e-02 
 983.000  6.5985444100e-01  1.1026067730e-02 
 984.000  6.5543620400e-01  1.1261353490e-02 
 985.000  6.5512353800e-01  1.1445891380e-02 
 986.000  6.4977930800e-01  1.1619150160e-02 
 987.000  6.5716842200e-01  1.1873015400e-02 
 988.000  6.4906562900e-01  1.1749587060e-02 
 989.000  6.4082674100e-01  1.1611107830e-02 
 990.000  6.4628785100e-01  1.1733057980e-02 
 991.000  6.5152856000e-01  1.1931253430e-02 
 992.000  6.4550037000e-01  1.1839640620e-02 
 993.000  6.4545455000e-01  1.1836183550e-02 
 994.000  6.4868932500e-01  1.1981540680e-02 
 995.000  6.4387315500e-01  1.1961676600e-02 
 996.000  6.4376415400e-01  1.1942270280e-02 
 997.000  6.4448044600e-01  1.1886420250e-02 
 998.000  6.4212090200e-01  1.1777929310e-02 
 999.000  6.4055235900e-01  1.1712834360e-02 
1000.000  6.3544054800e-01  1.1620332720e-02 
1001.000  6.3911096000e-01  1.1563282970e-02 
1002.000  6.3844636300e-01  1.1368871690e-02 
1003.000  6.3092178100e-01  1.1264177320e-02 
1004.000  6.2548873700e-01  1.1253841400e-02 
1005.000  5.8434204600e-01  1.0546484950e-02 
1006.000  6.1483594700e-01  1.1102026940e-02 
1007.000  6.2608781300e-01  1.1261912350e-02 
1008.000  6.2898091300e-01  1.1167040820e-02 
1009.000  6.2547762300e-01  1.0924564360e-02 
1010.000  6.2766993800e-01  1.1028300290e-02 
1011.000  6.2395850300e-01  1.1141157150e-02 
1012.000  6.2399378700e-01  1.1207915310e-02 
1013.000  6.1938125200e-01  1.1176845550e-02 
1014.000  6.2328356000e-01  1.1305855750e-02 
1015.000  6.1176739300e-01  1.1138342860e-02 
1016.000  6.1563166800e-01  1.1273610120e-02 
1017.000  6.0950399900e-01  1.1204857830e-02 
1018.000  6.1756679900e-01  1.1363101960e-02 
1019.000  6.0369505200e-01  1.1072208400e-02 
1020.000  6.0234590200e-01  1.1026293750e-02 
1021.000  6.0817268200e-01  1.1098464970e-02 
1022.000  5.9933670000e-01  1.0769024850e-02 
1023.000  6.1110110700e-01  1.0827250480e-02 
1024.000  6.0815958800e-01  1.0652178760e-02 
1025.000  6.0743789100e-01  1.0675999640e-02 
1026.000  6.0790278900e-01  1.0716652870e-02 
1027.000  6.0434103200e-01  1.0681010250e-02 
1028.000  6.0566927700e-01  1.0775347710e-02 
1029.000  5.9622154800e-01  1.0707298280e-02 
1030.000  6.0197104600e-01  1.0919903760e-02 
1031.000  5.9994343100e-01  1.0963953970e-02 
1032.000  5.9773578100e-01  1.0976246830e-02 
1033.000  5.8669884400e-01  1.0746022220e-02 
1034.000  5.9283999600e-01  1.0841056820e-02 
1035.000  5.8645131500e-01  1.0699895860e-02 
1036.000  5.9414667300e-01  1.0801280980e-02 
1037.000  5.8162843000e-01  1.0543434140e-02 
1038.000  5.8734295500e-01  1.0616580010e-02 
1039.000  5.8985364500e-01  1.0622640610e-02 
1040.000  5.8296292000e-01  1.0461666110e-02 
1041.000  5.8609505500e-01  1.0483357430e-02 
1042.000  5.8786391000e-01  1.0483845710e-02 
1043.000  5.7773213700e-01  1.0274086000e-02 
1044.000  5.8354968400e-01  1.0344339370e-02 
1045.000  5.8121703200e-01  1.0341576580e-02 
1046.000  5.6442374300e-01  1.0092125890e-02 
1047.000  5.7493537600e-01  1.0329129220e-02 
1048.000  5.8082506200e-01  1.0486329080e-02 
1049.000  5.7726116500e-01  1.0475289340e-02 
1050.000  5.7399827500e-01  1.0446015360e-02 
1051.000  5.7432740700e-01  1.0432070730e-02 
1052.000  5.7182616700e-01  1.0341274260e-02 
1053.000  5.7210722600e-01  1.0310794830e-02 
1054.000  5.6651147700e-01  1.0158753400e-02 
1055.000  5.7095781200e-01  1.0184901240e-02 
1056.000  5.6967682200e-01  1.0114375110e-02 
1057.000  5.6925570500e-01  1.0061120030e-02 
1058.000  5.6429861900e-01  9.9096956250e-03 
1059.000  5.4649741300e-01  9.6203422550e-03 
1060.000  5.6569271000e-01  1.0019407270e-02 
1061.000  5.4599095700e-01  9.6777362820e-03 
1062.000  5.6175564600e-01  9.9248876570e-03 
1063.000  5.5249132100e-01  9.7298374180e-03 
1064.000  5.5991705700e-01  9.7663059230e-03 
1065.000  5.5982826500e-01  9.6579179760e-03 
1066.000  5.4262655600e-01  9.3121910100e-03 
1067.000  5.5580741600e-01  9.4687442780e-03 
1068.000  5.5446491600e-01  9.3022327420e-03 
1069.000  5.1311021100e-01  8.5459861760e-03 
1070.000  5.4341969600e-01  9.0967645650e-03 
1071.000  5.4483215600e-01  9.1048660280e-03 
1072.000  5.4719404400e-01  9.1302242280e-03 
1073.000  5.2928803800e-01  8.8582582470e-03 
1074.000  5.4776035600e-01  9.2136707310e-03 
1075.000  5.3001538700e-01  9.0201625820e-03 
1076.000  5.4215757900e-01  9.1915025710e-03 
1077.000  5.4157032600e-01  9.1314935680e-03 
1078.000  5.4369419500e-01  9.1090564730e-03 
1079.000  5.2286494300e-01  8.7636203770e-03 
1080.000  5.4026661600e-01  8.8883934020e-03 
1081.000  5.2048552200e-01  8.5495109560e-03 
1082.000  5.2632180500e-01  8.6701250080e-03 
1083.000  5.1304705900e-01  8.3150434490e-03 
1084.000  5.3366495300e-01  8.5064973830e-03 
1085.000  5.2906001100e-01  8.1835556030e-03 
1086.000  5.3540727000e-01  8.2791128160e-03 
1087.000  5.0013062300e-01  7.9187927250e-03 
1088.000  5.3033947200e-01  8.4660682680e-03 
1089.000  5.1312498700e-01  7.9786324500e-03 
1090.000  5.2485474400e-01  8.1650285720e-03 
1091.000  5.2765640400e-01  8.3137140270e-03 
1092.000  5.1689977500e-01  8.0726032260e-03 
1093.000  5.1377435200e-01  7.8014616970e-03 
1094.000  4.6876523700e-01  6.9819808010e-03 
1095.000  5.0716717600e-01  7.5266633030e-03 
1096.000  5.0790370200e-01  7.5115675930e-03 
1097.000  4.9869882900e-01  7.2760119440e-03 
1098.000  4.9774805300e-01  6.6609873770e-03 
1099.000  5.0223845000e-01  6.1729784010e-03 
1100.000  5.1065308100e-01  6.3107905390e-03 
1101.000  5.0907115200e-01  6.3598399160e-03 
1102.000  4.8815941200e-01  6.0594401360e-03 
1103.000  5.0719361500e-01  6.3368105890e-03 
1104.000  5.0394758000e-01  6.2050333020e-03 
1105.000  5.0430864700e-01  5.9939918520e-03 
1106.000  5.0119772400e-01  5.7604689600e-03 
1107.000  5.0030070200e-01  5.7861380580e-03 
1108.000  4.9845988200e-01  5.7832055090e-03 
1109.000  4.9977494400e-01  5.9447922710e-03 
1110.000  5.0233863600e-01  5.9228129390e-03 
1111.000  4.9630476700e-01  5.7434229850e-03 
1112.000  4.9189171200e-01  5.2982740400e-03 
1113.000  4.9016937100e-01  4.8091526030e-03 
1114.000  4.9547696800e-01  4.7062568660e-03 
1115.000  4.9048725700e-01  4.2106857300e-03 
1116.000  4.8428197200e-01  3.9286823270e-03 
1117.000  4.9002663000e-01  3.5415499210e-03 
1118.000  4.8489457600e-01  3.1711478230e-03 
1119.000  4.7133688100e-01  2.9419014450e-03 
1120.000  4.7228608600e-01  2.8128802780e-03 
1121.000  4.7529318700e-01  2.8045098780e-03 
1122.000  4.7308916200e-01  2.6889355180e-03 
1123.000  4.7531121500e-01  2.7535905840e-03 
1124.000  4.7622531300e-01  2.7964661120e-03 
1125.000  4.6630254500e-01  2.7181017400e-03 
1126.000  4.5738487600e-01  2.6587843890e-03 
1127.000  4.7287011000e-01  2.7581617830e-03 
1128.000  4.6422500300e-01  2.7261950970e-03 
1129.000  4.6711953600e-01  2.8633365630e-03 
1130.000  4.6803591600e-01  3.2417519090e-03 
1131.000  4.7316504600e-01  3.4045367240e-03 
1132.000  4.7416488300e-01  3.2344028950e-03 
1133.000  4.6191951200e-01  2.8851354120e-03 
1134.000  4.5652302300e-01  2.5317673680e-03 
1135.000  4.6250512600e-01  2.5834014420e-03 
1136.000  4.6442021100e-01  2.9408707620e-03 
1137.000  4.7121650200e-01  3.2786967750e-03 
1138.000  4.5515671400e-01  3.5098896030e-03 
1139.000  4.6536933200e-01  3.7450766560e-03 
1140.000  4.6659702300e-01  3.6805408000e-03 
1141.000  4.5310939300e-01  3.4457564350e-03 
1142.000  4.6537407600e-01  3.4856245520e-03 
1143.000  4.5699780700e-01  3.2687587740e-03 
1144.000  4.5372323100e-01  3.0890493390e-03 
1145.000  4.5634157500e-01  2.9065008160e-03 
1146.000  4.6101970000e-01  2.9791285990e-03 
1147.000  4.6335697900e-01  3.1578261850e-03 
1148.000  4.5895024200e-01  3.2895834450e-03 
1149.000  4.6042292600e-01  3.3744156360e-03 
1150.000  4.5846765500e-01  3.3800804620e-03 
1151.000  4.5712288500e-01  3.5002527240e-03 
1152.000  4.5626830700e-01  3.5610804560e-03 
1153.000  4.5547078400e-01  3.6527123450e-03 
1154.000  4.5895031200e-01  3.6756894590e-03 
1155.000  4.6052905200e-01  3.8952245710e-03 
1156.000  4.5428648900e-01  4.0737438200e-03 
1157.000  4.5854496000e-01  4.6680674550e-03 
1158.000  4.5861637100e-01  4.9849138260e-03 
1159.000  4.5213367800e-01  5.2242932320e-03 
1160.000  4.4638969500e-01  5.3021101950e-03 
1161.000  4.3676217400e-01  5.5163846020e-03 
1162.000  4.5257330000e-01  5.9931211470e-03 
1163.000  4.5445292700e-01  6.3354430200e-03 
1164.000  4.4522155600e-01  6.2712502480e-03 
1165.000  4.5381554600e-01  6.4473156930e-03 
1166.000  4.4204439300e-01  6.3616709710e-03 
1167.000  4.4921390200e-01  6.5175089840e-03 
1168.000  4.5314013000e-01  6.5635743140e-03 
1169.000  4.3747127200e-01  6.3867716790e-03 
1170.000  4.4923542600e-01  6.6031899450e-03 
1171.000  4.5131434000e-01  6.7358179090e-03 
1172.000  4.4990307100e-01  6.6587696080e-03 
1173.000  4.4676879800e-01  6.5602879520e-03 
1174.000  4.4699539900e-01  6.5686612130e-03 
1175.000  4.4176246800e-01  6.6429967880e-03 
1176.000  4.3109735000e-01  6.6230130200e-03 
1177.000  4.4440880600e-01  6.7586517330e-03 
1178.000  4.3690263900e-01  6.5097227100e-03 
1179.000  4.3494283800e-01  6.4816942210e-03 
1180.000  4.4104899000e-01  6.5243539810e-03 
1181.000  4.3879563200e-01  6.3687324520e-03 
1182.000  4.3935061400e-01  6.2511143680e-03 
1183.000  4.1384212200e-01  5.8959631920e-03 
1184.000  4.3249381800e-01  6.2245693210e-03 
1185.000  4.3821636600e-01  6.4723591800e-03 
1186.000  4.3560892400e-01  6.3761291500e-03 
1187.000  4.3576288700e-01  6.1992754940e-03 
1188.000  4.3352751600e-01  6.1082768440e-03 
1189.000  4.0816464000e-01  5.8216371540e-03 
1190.000  4.2823660500e-01  6.3379044530e-03 
1191.000  4.3491341900e-01  6.4798269270e-03 
1192.000  4.3254575700e-01  6.5262370110e-03 
1193.000  4.3271201600e-01  6.4603171350e-03 
1194.000  4.3189908800e-01  6.4242844580e-03 
1195.000  4.2705797400e-01  6.2434930800e-03 
1196.000  4.2678872300e-01  6.2595491410e-03 
1197.000  4.2667539800e-01  6.2077569960e-03 
1198.000  4.1234533500e-01  5.9913759230e-03 
1199.000  3.9702166100e-01  5.7103700640e-03 
1200.000  4.2205010400e-01  6.1087508200e-03 
1201.000  4.2507902100e-01  6.1728601460e-03 
1202.000  4.2589428500e-01  6.2129492760e-03 
1203.000  4.0510871400e-01  5.8886952400e-03 
1204.000  4.1182233400e-01  6.0218672750e-03 
1205.000  4.2137522800e-01  6.3587617870e-03 
1206.000  4.1881169900e-01  6.4131879810e-03 
1207.000  4.2162408400e-01  6.4958591460e-03 
1208.000  4.1548674700e-01  6.3713727000e-03 
1209.000  3.8952817000e-01  5.9267301560e-03 
1210.000  4.1680501700e-01  6.2608428000e-03 
1211.000  4.0288177000e-01  6.0465750690e-03 
1212.000  4.1549617700e-01  6.2710323330e-03 
1213.000  4.1703172100e-01  6.3887763020e-03 
1214.000  4.1524723200e-01  6.3655052190e-03 
1215.000  4.1667341500e-01  6.4338488580e-03 
1216.000  4.1544179300e-01  6.5642271040e-03 
1217.000  4.1457820000e-01  6.6725983620e-03 
1218.000  4.1312793600e-01  6.7011103630e-03 
1219.000  4.0926207400e-01  6.6659011840e-03 
1220.000  4.1201297900e-01  6.7008085250e-03 
1221.000  4.1115999300e-01  6.6876983640e-03 
1222.000  4.0888237300e-01  6.6431508060e-03 
1223.000  4.0688093900e-01  6.6396145820e-03 
1224.000  4.0982215100e-01  6.7843832970e-03 
1225.000  4.0749845400e-01  6.7803478240e-03 
1226.000  4.0882668000e-01  6.8462181090e-03 
1227.000  3.9479847400e-01  6.6715230940e-03 
1228.000  4.0689683500e-01  6.9484705920e-03 
1229.000  4.0622070300e-01  6.9867863660e-03 
1230.000  4.0459235000e-01  7.0167298320e-03 
1231.000  4.0446002000e-01  7.0495457650e-03 
1232.000  3.9986140300e-01  6.9854259490e-03 
1233.000  4.0298076900e-01  7.0513234140e-03 
1234.000  4.0151371700e-01  7.0990900990e-03 
1235.000  3.9864223900e-01  7.0705909730e-03 
1236.000  4.0090067800e-01  7.1204266550e-03 
1237.000  4.0079512200e-01  7.1411743160e-03 
1238.000  4.0051073900e-01  7.1422896390e-03 
1239.000  3.9592769300e-01  7.0623264310e-03 
1240.000  3.9415062200e-01  7.0739874840e-03 
1241.000  3.9775857700e-01  7.1790418620e-03 
1242.000  3.9554005800e-01  7.1764736180e-03 
1243.000  3.9121013800e-01  7.1362495420e-03 
1244.000  3.8786178400e-01  7.1025981900e-03 
1245.000  3.9464121800e-01  7.2472071650e-03 
1246.000  3.9170761100e-01  7.1464161870e-03 
1247.000  3.8992035000e-01  7.0654067990e-03 
1248.000  3.9308802300e-01  7.0738668440e-03 
1249.000  3.9175743800e-01  7.0104432110e-03 
1250.000  3.9036314900e-01  6.9386777880e-03 
1251.000  3.8783203000e-01  6.8590712550e-03 
1252.000  3.8683509000e-01  6.8045878410e-03 
1253.000  3.8381146100e-01  6.7128210070e-03 
1254.000  3.8513799600e-01  6.6696000100e-03 
1255.000  3.8472677250e-01  6.6156044010e-03 
1256.000  3.8413272260e-01  6.5657796860e-03 
1257.000  3.8001829870e-01  6.4065322880e-03 
1258.000  3.8201067640e-01  6.2976994510e-03 
1259.000  3.7811518880e-01  6.1123123170e-03 
1260.000  3.7893174960e-01  5.9994664190e-03 
1261.000  3.7848450620e-01  5.8643956180e-03 
1262.000  3.7038644760e-01  5.5859513280e-03 
1263.000  3.7487879440e-01  5.6422057150e-03 
1264.000  3.6904217840e-01  5.5579729080e-03 
1265.000  3.6971461240e-01  5.5848975180e-03 
1266.000  3.7210243060e-01  5.6017451290e-03 
1267.000  3.6513370090e-01  5.4760460850e-03 
1268.000  3.6153810030e-01  5.3900594710e-03 
1269.000  3.6492246890e-01  5.4261989590e-03 
1270.000  3.6893273390e-01  5.6071610450e-03 
1271.000  3.7098097100e-01  5.6980347630e-03 
1272.000  3.6988394620e-01  5.7412629130e-03 
1273.000  3.6956567390e-01  5.8022437100e-03 
1274.000  3.6735840680e-01  5.8348641400e-03 
1275.000  3.6952024520e-01  5.8927040100e-03 
1276.000  3.7011342970e-01  5.9077291490e-03 
1277.000  3.6983712710e-01  5.8953495030e-03 
1278.000  3.6877674890e-01  5.8663597110e-03 
1279.000  3.6630813970e-01  5.8484005930e-03 
1280.000  3.6414484060e-01  5.9071106910e-03 
1281.000  3.5375923750e-01  5.8275337220e-03 
1282.000  3.1414512230e-01  5.2540426250e-03 
1283.000  3.4476841690e-01  5.8290658000e-03 
1284.000  3.5899541780e-01  6.1130175590e-03 
1285.000  3.6162776480e-01  6.1772036550e-03 
1286.000  3.6150960640e-01  6.1420612340e-03 
1287.000  3.6372073370e-01  6.1231002810e-03 
1288.000  3.6144054230e-01  5.9024462700e-03 
1289.000  3.6359502250e-01  5.8830070500e-03 
1290.000  3.5526412120e-01  5.7295885090e-03 
1291.000  3.6012706200e-01  5.7851324080e-03 
1292.000  3.6163005030e-01  5.8251137730e-03 
1293.000  3.6195328710e-01  5.7871460910e-03 
1294.000  3.5620847140e-01  5.5744767190e-03 
1295.000  3.6004353920e-01  5.4849543570e-03 
1296.000  3.6030849260e-01  5.3805580140e-03 
1297.000  3.5808706760e-01  5.2854976650e-03 
1298.000  3.5488796090e-01  5.2437677380e-03 
1299.000  3.5845112800e-01  5.3000645640e-03 
1300.000  3.5701173450e-01  5.2831258770e-03 
1301.000  3.5644284430e-01  5.2563691140e-03 
1302.000  3.5187066020e-01  5.1013259890e-03 
1303.000  3.4998151070e-01  4.8952298160e-03 
1304.000  3.5020898040e-01  4.8050322530e-03 
1305.000  3.5236643340e-01  4.7813014980e-03 
1306.000  3.5270137740e-01  4.7278289790e-03 
1307.000  3.5166031140e-01  4.6753816600e-03 
1308.000  3.5136115180e-01  4.5876131060e-03 
1309.000  3.5104769310e-01  4.4640879630e-03 
1310.000  3.4959048750e-01  4.4431195260e-03 
1311.000  3.4851916240e-01  4.4364423750e-03 
1312.000  3.4743371060e-01  4.2795534130e-03 
1313.000  3.3460165000e-01  3.9479916100e-03 
1314.000  3.4504645410e-01  3.9231724740e-03 
1315.000  3.3342843380e-01  3.8624210360e-03 
1316.000  3.4118471120e-01  4.0629277230e-03 
1317.000  3.4485544460e-01  4.1070404050e-03 
1318.000  3.3997563520e-01  3.8666400910e-03 
1319.000  3.4463309520e-01  3.6857852940e-03 
1320.000  3.4208911780e-01  3.4225697520e-03 
1321.000  3.4058659170e-01  3.3238418100e-03 
1322.000  3.3990635410e-01  3.4458251000e-03 
1323.000  3.4065855230e-01  3.6041903500e-03 
1324.000  3.4083909380e-01  3.6960265640e-03 
1325.000  3.3974998620e-01  3.6203010080e-03 
1326.000  3.3816131820e-01  3.4454829690e-03 
1327.000  3.3546106430e-01  3.1135737900e-03 
1328.000  3.3634690070e-01  2.8537757400e-03 
1329.000  3.2407131350e-01  2.3620901110e-03 
1330.000  3.2914584220e-01  2.2676296230e-03 
1331.000  3.3061170700e-01  2.2012720110e-03 
1332.000  3.2306586450e-01  2.1725451950e-03 
1333.000  3.3160382530e-01  2.2984855180e-03 
1334.000  3.3201825850e-01  2.3957879540e-03 
1335.000  3.3230366320e-01  2.4687867160e-03 
1336.000  3.2870607710e-01  2.4654803280e-03 
1337.000  3.2977042620e-01  2.4768469330e-03 
1338.000  3.2952680420e-01  2.5278010370e-03 
1339.000  3.2598613870e-01  2.5026421550e-03 
1340.000  3.2364619020e-01  2.5291578770e-03 
1341.000  3.2853107250e-01  2.5059316160e-03 
1342.000  3.2772737740e-01  2.5062754150e-03 
1343.000  3.2769870440e-01  2.3195717330e-03 
1344.000  3.2620110040e-01  2.1578223710e-03 
1345.000  3.2370188100e-01  1.8771308660e-03 
1346.000  3.1853064460e-01  1.7335877420e-03 
1347.000  3.1913657480e-01  1.6842881440e-03 
1348.000  3.1555937150e-01  1.6133056880e-03 
1349.000  3.1341737680e-01  1.5806304220e-03 
1350.000  3.0701941490e-01  1.5061781410e-03 
1351.000  3.0485148260e-01  1.4680299760e-03 
1352.000  3.0540913690e-01  1.4297903780e-03 
1353.000  2.9955665210e-01  1.3536462780e-03 
1354.000  2.9593919440e-01  1.3092528580e-03 
1355.000  2.9029939600e-01  1.2540642020e-03 
1356.000  2.8602540420e-01  1.2027474640e-03 
1357.000  2.7932669850e-01  1.1343586440e-03 
1358.000  2.7972441470e-01  1.0929007530e-03 
1359.000  2.7200808580e-01  9.8988252880e-04 
1360.000  2.6204032300e-01  9.0779441600e-04 
1361.000  2.6423808330e-01  8.8549911980e-04 
1362.000  2.6197450180e-01  8.6946773530e-04 
1363.000  2.6223732270e-01  9.1608756780e-04 
1364.000  2.6750748430e-01  9.4995570180e-04 
1365.000  2.6737086790e-01  9.5788395400e-04 
1366.000  2.6924875490e-01  9.8229175810e-04 
1367.000  2.6429883580e-01  9.4150871040e-04 
1368.000  2.6432287150e-01  9.2049348350e-04 
1369.000  2.5956041670e-01  9.0892952680e-04 
1370.000  2.6507185060e-01  9.8124367000e-04 
1371.000  2.7285154760e-01  1.0830664630e-03 
1372.000  2.8368928140e-01  1.2019697430e-03 
1373.000  2.8779234880e-01  1.2659384010e-03 
1374.000  2.9107991810e-01  1.3051058050e-03 
1375.000  2.8698925090e-01  1.2977316380e-03 
1376.000  2.8270053270e-01  1.2699923520e-03 
1377.000  2.8527970080e-01  1.2636812930e-03 
1378.000  2.8038146350e-01  1.2082784180e-03 
1379.000  2.7852751890e-01  1.1499856710e-03 
1380.000  2.6853967450e-01  1.0398281810e-03 
1381.000  2.6248589660e-01  9.4958496090e-04 
1382.000  2.5434202450e-01  8.8353073600e-04 
1383.000  2.5656728030e-01  8.8706260920e-04 
1384.000  2.6226334550e-01  9.6203351020e-04 
1385.000  2.6434638680e-01  1.0125395060e-03 
1386.000  2.7232472250e-01  1.0938986540e-03 
1387.000  2.7622713540e-01  1.1856682300e-03 
1388.000  2.8201753970e-01  1.2454800610e-03 
1389.000  2.8426255100e-01  1.2705709930e-03 
1390.000  2.7925028040e-01  1.2527067660e-03 
1391.000  2.8198644980e-01  1.2526105640e-03 
1392.000  2.7754570670e-01  1.1969057320e-03 
1393.000  2.7300235170e-01  1.1426244970e-03 
1394.000  2.6695082440e-01  1.0849467520e-03 
1395.000  2.6825167600e-01  1.1047050950e-03 
1396.000  2.7418081040e-01  1.1680164340e-03 
1397.000  2.7724826890e-01  1.2122131590e-03 
1398.000  2.7745971960e-01  1.2166478630e-03 
1399.000  2.7564637990e-01  1.1980776790e-03 
1400.000  2.6764298560e-01  1.1580260990e-03 
1401.000  2.6885518570e-01  1.1663017270e-03 
1402.000  2.7541945790e-01  1.2188125850e-03 
1403.000  2.7471986370e-01  1.2300853730e-03 
1404.000  2.7263747060e-01  1.2119073870e-03 
1405.000  2.7280285170e-01  1.2136063580e-03 
1406.000  2.7241888410e-01  1.2004766460e-03 
1407.000  2.7268924870e-01  1.2006635670e-03 
1408.000  2.7353116210e-01  1.2271404270e-03 
1409.000  2.7644625460e-01  1.2564879660e-03 
1410.000  2.7763763100e-01  1.2902779580e-03 
1411.000  2.7970882890e-01  1.3199689390e-03 
1412.000  2.6877913810e-01  1.2660251860e-03 
1413.000  2.7396961400e-01  1.2968149190e-03 
1414.000  2.7755246640e-01  1.3057546620e-03 
1415.000  2.7739156140e-01  1.3161348100e-03 
1416.000  2.7688263160e-01  1.3238735200e-03 
1417.000  2.7890386370e-01  1.3315800430e-03 
1418.000  2.7901260350e-01  1.3302466870e-03 
1419.000  2.7503894660e-01  1.3090000150e-03 
1420.000  2.7443529730e-01  1.3078618050e-03 
1421.000  2.7899000350e-01  1.3466777800e-03 
1422.000  2.7275612390e-01  1.3232370620e-03 
1423.000  2.7109567820e-01  1.3150820730e-03 
1424.000  2.7134068660e-01  1.3104659320e-03 
1425.000  2.7657650090e-01  1.3230211730e-03 
1426.000  2.6538518540e-01  1.2661721710e-03 
1427.000  2.6952598750e-01  1.2924791570e-03 
1428.000  2.7537598830e-01  1.3252317910e-03 
1429.000  2.6891764880e-01  1.3010265830e-03 
1430.000  2.6307638960e-01  1.2658249140e-03 
1431.000  2.6247343140e-01  1.2357800010e-03 
1432.000  2.6724480760e-01  1.2416566610e-03 
1433.000  2.6738059770e-01  1.2371544840e-03 
1434.000  2.6199176350e-01  1.2019346950e-03 
1435.000  2.6518819230e-01  1.2276020050e-03 
1436.000  2.6522396180e-01  1.2301806210e-03 
1437.000  2.6627166070e-01  1.2340025900e-03 
1438.000  2.6562371940e-01  1.2462714910e-03 
1439.000  2.6876416110e-01  1.2593916650e-03 
1440.000  2.5212753540e-01  1.1853760480e-03 
1441.000  2.6483272190e-01  1.2446901800e-03 
1442.000  2.5866675470e-01  1.2040114400e-03 
1443.000  2.6296205900e-01  1.2193051580e-03 
1444.000  2.6424079540e-01  1.2269667390e-03 
1445.000  2.6344323760e-01  1.2202676530e-03 
1446.000  2.6627120620e-01  1.2434453960e-03 
1447.000  2.6505393210e-01  1.2481164930e-03 
1448.000  2.6708036530e-01  1.2551680800e-03 
1449.000  2.6697412180e-01  1.2393871550e-03 
1450.000  2.6517780900e-01  1.2097450490e-03 
1451.000  2.6346800420e-01  1.2027188540e-03 
1452.000  2.6022407550e-01  1.2110096220e-03 
1453.000  2.6517693070e-01  1.2893879410e-03 
1454.000  2.6620749060e-01  1.3739134070e-03 
1455.000  2.6284043540e-01  1.4154974220e-03 
1456.000  2.6272029170e-01  1.4819805620e-03 
1457.000  2.6523939000e-01  1.4994781020e-03 
1458.000  2.6886619270e-01  1.5300853250e-03 
1459.000  2.6986512530e-01  1.4724074600e-03 
1460.000  2.6527379420e-01  1.3952060940e-03 
1461.000  2.6469417860e-01  1.3603299860e-03 
1462.000  2.6180339930e-01  1.2797147040e-03 
1463.000  2.6005776490e-01  1.2642695900e-03 
1464.000  2.5988667940e-01  1.2407721280e-03 
1465.000  2.6289186940e-01  1.2126042840e-03 
1466.000  2.5663064560e-01  1.1395589110e-03 
1467.000  2.6278168070e-01  1.1369339230e-03 
1468.000  2.5631471480e-01  1.0799685720e-03 
1469.000  2.5914124810e-01  1.0547057390e-03 
1470.000  2.5764652360e-01  1.0325272080e-03 
1471.000  2.5357219790e-01  1.0430767540e-03 
1472.000  2.5510451530e-01  1.0987658500e-03 
1473.000  2.5734914770e-01  1.2049674990e-03 
1474.000  2.5026369500e-01  1.2630881070e-03 
1475.000  2.5558479320e-01  1.2849782710e-03 
1476.000  2.5598902680e-01  1.2809472080e-03 
1477.000  2.5674028290e-01  1.2473134990e-03 
1478.000  2.5302680020e-01  1.1940612790e-03 
1479.000  2.5592556430e-01  1.1620352270e-03 
1480.000  2.5732793250e-01  1.1888538600e-03 
1481.000  2.5349164960e-01  1.2139739990e-03 
1482.000  2.5664760300e-01  1.2852089410e-03 
1483.000  2.5136166730e-01  1.2718069550e-03 
1484.000  2.5368497420e-01  1.2858724590e-03 
1485.000  2.5851424610e-01  1.2986525300e-03 
1486.000  2.5425430700e-01  1.3340458870e-03 
1487.000  2.5454518010e-01  1.4589546920e-03 
1488.000  2.2252348530e-01  1.2871650460e-03 
1489.000  2.5550409780e-01  1.6636352540e-03 
1490.000  2.5609875000e-01  1.8478829860e-03 
1491.000  2.5864439850e-01  1.9982774260e-03 
1492.000  2.5263449580e-01  1.9757088420e-03 
1493.000  2.5831165750e-01  2.1155338290e-03 
1494.000  2.5733066650e-01  2.1160898210e-03 
1495.000  2.5553011280e-01  2.1862404350e-03 
1496.000  2.4797353260e-01  2.2687973980e-03 
1497.000  2.5379760150e-01  2.3129675390e-03 
1498.000  2.5636821810e-01  2.4745550160e-03 
1499.000  2.5205623480e-01  2.5589654450e-03 
1500.000  2.5635475770e-01  2.6942689420e-03 
1501.000  2.5598869350e-01  2.6385674480e-03 
1502.000  2.5401140620e-01  2.5495014190e-03 
1503.000  2.2808756010e-01  2.2384788990e-03 
1504.000  2.3763148250e-01  2.3525621890e-03 
1505.000  2.3689327960e-01  2.4610724450e-03 
1506.000  2.4008718170e-01  2.5227200980e-03 
1507.000  2.5109848220e-01  2.7529487610e-03 
1508.000  2.4717782810e-01  2.7797796730e-03 
1509.000  2.4824560770e-01  2.8697352410e-03 
1510.000  2.5208165920e-01  2.9543931480e-03 
1511.000  2.5322791940e-01  3.0318303110e-03 
1512.000  2.4847439560e-01  3.0203287600e-03 
1513.000  2.4805854410e-01  3.0542209150e-03 
1514.000  2.4466308750e-01  3.0343451500e-03 
1515.000  2.4947094800e-01  3.1129138470e-03 
1516.000  2.4715597920e-01  3.0528459550e-03 
1517.000  2.4569225620e-01  3.0171692370e-03 
1518.000  2.5022059670e-01  3.0828452110e-03 
1519.000  2.4650727320e-01  3.0535910130e-03 
1520.000  2.4802367360e-01  3.1466310020e-03 
1521.000  2.4329966170e-01  3.1822118760e-03 
1522.000  2.4187571170e-01  3.2128019330e-03 
1523.000  2.4776351070e-01  3.3573281760e-03 
1524.000  2.4600451490e-01  3.3652582170e-03 
1525.000  2.4052238490e-01  3.3028838630e-03 
1526.000  2.4729753570e-01  3.3724365230e-03 
1527.000  2.4462473060e-01  3.3316745760e-03 
1528.000  2.4610800250e-01  3.3560485840e-03 
1529.000  2.4532927520e-01  3.3158750530e-03 
1530.000  2.2949816020e-01  3.0992460250e-03 
1531.000  2.4522254650e-01  3.2798461910e-03 
1532.000  2.4364955390e-01  3.2294805050e-03 
1533.000  2.4241869140e-01  3.1722130780e-03 
1534.000  2.3856625240e-01  3.0799283980e-03 
1535.000  2.3918055560e-01  3.0465905670e-03 
1536.000  2.4237893660e-01  3.1227357390e-03 
1537.000  2.4294155180e-01  3.1811804770e-03 
1538.000  2.3609721170e-01  3.1439049240e-03 
1539.000  2.4092499020e-01  3.2590196130e-03 
1540.000  2.3209695240e-01  3.1808264260e-03 
1541.000  2.3685918030e-01  3.2478420730e-03 
1542.000  2.3826764660e-01  3.2576611040e-03 
1543.000  2.3738128350e-01  3.2441461090e-03 
1544.000  2.4006604900e-01  3.2844800950e-03 
1545.000  2.4046753070e-01  3.3023228650e-03 
1546.000  2.4026062450e-01  3.3279032710e-03 
1547.000  2.3760875970e-01  3.3183472160e-03 
1548.000  2.3040385580e-01  3.2422831060e-03 
1549.000  2.3630913450e-01  3.3406767850e-03 
1550.000  2.3499716300e-01  3.3349008560e-03 
1551.000  2.3376696580e-01  3.3034014700e-03 
1552.000  2.3774054240e-01  3.3322443960e-03 
1553.000  2.3639919030e-01  3.2917647360e-03 
1554.000  2.2773755270e-01  3.1442649360e-03 
1555.000  2.3138998420e-01  3.1763565540e-03 
1556.000  2.2688497610e-01  3.1364955900e-03 
1557.000  2.3425002690e-01  3.2935922150e-03 
1558.000  2.3245563020e-01  3.3152692320e-03 
1559.000  2.3256679250e-01  3.3614916800e-03 
1560.000  2.2855064610e-01  3.3532266620e-03 
1561.000  2.3398823870e-01  3.4433429240e-03 
1562.000  2.3406331170e-01  3.4121735100e-03 
1563.000  2.3072421750e-01  3.3388600350e-03 
1564.000  2.2638101190e-01  3.2427752020e-03 
1565.000  2.3029448570e-01  3.2584595680e-03 
1566.000  2.2593060280e-01  3.1993069650e-03 
1567.000  2.2658330390e-01  3.2119252680e-03 
1568.000  2.2277446010e-01  3.1487603190e-03 
1569.000  2.2460295570e-01  3.1613628860e-03 
1570.000  2.1956578260e-01  3.0897731780e-03 
1571.000  2.2544900390e-01  3.1999731060e-03 
1572.000  2.2565175150e-01  3.2130374910e-03 
1573.000  2.2187540380e-01  3.1885375980e-03 
1574.000  2.2209694000e-01  3.2297091480e-03 
1575.000  2.0597748440e-01  3.0238144400e-03 
1576.000  2.2128806200e-01  3.2485294340e-03 
1577.000  1.9972721250e-01  2.8927037720e-03 
1578.000  2.1844350960e-01  3.1210861210e-03 
1579.000  2.1937739610e-01  3.0974719520e-03 
1580.000  2.2328304840e-01  3.1246116160e-03 
1581.000  2.2180236660e-01  3.0658657550e-03 
1582.000  2.1670469660e-01  3.0262541770e-03 
1583.000  2.1879360950e-01  3.0849826340e-03 
1584.000  2.1633124540e-01  3.0800356860e-03 
1585.000  2.2235489100e-01  3.1900012490e-03 
1586.000  2.1956193340e-01  3.1587629320e-03 
1587.000  2.1688628260e-01  3.1456866260e-03 
1588.000  2.1341721670e-01  3.1183459760e-03 
1589.000  1.9520435050e-01  2.8602697850e-03 
1590.000  2.1035688810e-01  3.0917046070e-03 
1591.000  2.0564360860e-01  3.0347528460e-03 
1592.000  2.1655059340e-01  3.2024414540e-03 
1593.000  2.2146837140e-01  3.2776191230e-03 
1594.000  2.1991396570e-01  3.2563383580e-03 
1595.000  2.2137897460e-01  3.2791159150e-03 
1596.000  2.0737338200e-01  3.0866169930e-03 
1597.000  2.1583103450e-01  3.2061336040e-03 
1598.000  2.1990423810e-01  3.2517590520e-03 
1599.000  2.1254265270e-01  3.1231129170e-03 
1600.000  2.1608495340e-01  3.1629612450e-03 
1601.000  2.0698860870e-01  3.0454871650e-03 
1602.000  2.1228174190e-01  3.1599228380e-03 
1603.000  2.1067156580e-01  3.1895470620e-03 
1604.000  2.1325867810e-01  3.2892122270e-03 
1605.000  2.1010570480e-01  3.2817950250e-03 
1606.000  2.0925024440e-01  3.3115692140e-03 
1607.000  2.1012978700e-01  3.2879126070e-03 
1608.000  2.1252402620e-01  3.2886102200e-03 
1609.000  2.1170698080e-01  3.2457375530e-03 
1610.000  1.9849662420e-01  3.0185110570e-03 
1611.000  2.0420297850e-01  3.0962541100e-03 
1612.000  2.0594901750e-01  3.1152670380e-03 
1613.000  2.1034463150e-01  3.1724936960e-03 
1614.000  2.0828027930e-01  3.1081101890e-03 
1615.000  2.1154430460e-01  3.1419084070e-03 
1616.000  1.9820341010e-01  2.9271526340e-03 
1617.000  2.0391589610e-01  3.0568819050e-03 
1618.000  2.1026950790e-01  3.1791524890e-03 
1619.000  2.0952565520e-01  3.2148356440e-03 
1620.000  2.0417513360e-01  3.1779971120e-03 
1621.000  2.0111442460e-01  3.1687324050e-03 
1622.000  2.0617657150e-01  3.2541050910e-03 
1623.000  2.1030470440e-01  3.3337643150e-03 
1624.000  2.1175807280e-01  3.3664703370e-03 
1625.000  2.0644023260e-01  3.3072080610e-03 
1626.000  2.0897159030e-01  3.3377878670e-03 
1627.000  2.0870197780e-01  3.3535938260e-03 
1628.000  2.1037911630e-01  3.3917057510e-03 
1629.000  2.1034861270e-01  3.4005944730e-03 
1630.000  2.0463778170e-01  3.3105275630e-03 
1631.000  2.0783831550e-01  3.3746800420e-03 
1632.000  2.0789084500e-01  3.3175063130e-03 
1633.000  2.0521535000e-01  3.2315869330e-03 
1634.000  2.0041329700e-01  3.1099882130e-03 
1635.000  2.0578656580e-01  3.1529624460e-03 
1636.000  2.0524243780e-01  3.0976815220e-03 
1637.000  1.9610474230e-01  2.9175083640e-03 
1638.000  1.9467161080e-01  2.8626997470e-03 
1639.000  1.9273164680e-01  2.7871038910e-03 
1640.000  1.9388775970e-01  2.7653000350e-03 
1641.000  1.9268783820e-01  2.7222821710e-03 
1642.000  1.9244767700e-01  2.7890133860e-03 
1643.000  1.9739395500e-01  2.9277403350e-03 
1644.000  1.9433925000e-01  2.9465706350e-03 
1645.000  1.9477245460e-01  3.0136573310e-03 
1646.000  1.9711339560e-01  3.1076588630e-03 
1647.000  1.9896412210e-01  3.1323461530e-03 
1648.000  1.9819554140e-01  3.1087148190e-03 
1649.000  1.9366791490e-01  3.0320055480e-03 
1650.000  1.9857543460e-01  3.1054282190e-03 
1651.000  1.9410126340e-01  3.0322017670e-03 
1652.000  1.9797504260e-01  3.0878858570e-03 
1653.000  1.9575206540e-01  3.0600879190e-03 
1654.000  1.9794846870e-01  3.0958645340e-03 
1655.000  1.9398084250e-01  3.0433535580e-03 
1656.000  1.9770650830e-01  3.1078662870e-03 
1657.000  1.9627359650e-01  3.0848410130e-03 
1658.000  1.9733414370e-01  3.1089687350e-03 
1659.000  1.9369926390e-01  3.0519282820e-03 
1660.000  1.9606293970e-01  3.0816140170e-03 
1661.000  1.9683264450e-01  3.0733463760e-03 
1662.000  1.9551004820e-01  2.9872026440e-03 
1663.000  1.9427945360e-01  2.9104883670e-03 
1664.000  1.9345724280e-01  2.8395364280e-03 
1665.000  1.9148159310e-01  2.7516279220e-03 
1666.000  1.9054952470e-01  2.7279586790e-03 
1667.000  1.9207211830e-01  2.8083307740e-03 
1668.000  1.8881791520e-01  2.8014025690e-03 
1669.000  1.8912034950e-01  2.8541059490e-03 
1670.000  1.9319254910e-01  2.9643294810e-03 
1671.000  1.9171758280e-01  2.9940636160e-03 
1672.000  1.8263653570e-01  2.9123635290e-03 
1673.000  1.8801695330e-01  3.0492570400e-03 
1674.000  1.8889069520e-01  3.1183133130e-03 
1675.000  1.8714075140e-01  3.1505584720e-03 
1676.000  1.8415960050e-01  3.1200637820e-03 
1677.000  1.8504465020e-01  3.1315212250e-03 
1678.000  1.8591336670e-01  3.1493070130e-03 
1679.000  1.8344074540e-01  3.0995814800e-03 
1680.000  1.7703194840e-01  2.9928073880e-03 
1681.000  1.7082665640e-01  2.8880259990e-03 
1682.000  1.7575980270e-01  2.9682374000e-03 
1683.000  1.8015294550e-01  3.0353250500e-03 
1684.000  1.8351390890e-01  3.0856411460e-03 
1685.000  1.8423292730e-01  3.0802731510e-03 
1686.000  1.8201012880e-01  3.0283622740e-03 
1687.000  1.8302629290e-01  3.0039131640e-03 
1688.000  1.8336814760e-01  2.9733312130e-03 
1689.000  1.8115816230e-01  2.9182715420e-03 
1690.000  1.8132143380e-01  2.8822796340e-03 
1691.000  1.8369419830e-01  2.9296369550e-03 
1692.000  1.8402851500e-01  2.9531893730e-03 
1693.000  1.8332900250e-01  2.9635734560e-03 
1694.000  1.8305164160e-01  2.9775104520e-03 
1695.000  1.8326086700e-01  2.9873387810e-03 
1696.000  1.8218911790e-01  2.9312121870e-03 
1697.000  1.8114847160e-01  2.8640117650e-03 
1698.000  1.8224167220e-01  2.8344032760e-03 
1699.000  1.8106385850e-01  2.7729430200e-03 
1700.000  1.7874291160e-01  2.6969816680e-03 
