 lambda   Irr_dw            Rad_up 
 550.000  1.5535801600e+00  4.7383949280e-02 
 551.000  1.5433187200e+00  4.6912998200e-02 
 552.000  1.6092030800e+00  4.8880413060e-02 
 553.000  1.5456338700e+00  4.6765602110e-02 
 554.000  1.5955971600e+00  4.8217052460e-02 
 555.000  1.5995862100e+00  4.8116127010e-02 
 556.000  1.5550465600e+00  4.6565109250e-02 
 557.000  1.5085418700e+00  4.5124992370e-02 
 558.000  1.5654871500e+00  4.6617691040e-02 
 559.000  1.4794138900e+00  4.3923465730e-02 
 560.000  1.4856771900e+00  4.4055511470e-02 
 561.000  1.6326246400e+00  4.8179988860e-02 
 562.000  1.4988064600e+00  4.4147113800e-02 
 563.000  1.5680149300e+00  4.5973621370e-02 
 564.000  1.5460294300e+00  4.5052646640e-02 
 565.000  1.5647752700e+00  4.5525325780e-02 
 566.000  1.4427911300e+00  4.1781307220e-02 
 567.000  1.5489698300e+00  4.4534740450e-02 
 568.000  1.5495469900e+00  4.3955703740e-02 
 569.000  1.5281645200e+00  4.2165664670e-02 
 570.000  1.5346978500e+00  4.2337600710e-02 
 571.000  1.4737936800e+00  4.1217086790e-02 
 572.000  1.5645632300e+00  4.3007125850e-02 
 573.000  1.5794141500e+00  4.3497608180e-02 
 574.000  1.5703616500e+00  4.3143180850e-02 
 575.000  1.5325721800e+00  4.1907772060e-02 
 576.000  1.5049837300e+00  4.1019065860e-02 
 577.000  1.5655976800e+00  4.2673980710e-02 
 578.000  1.5171878500e+00  4.1603763580e-02 
 579.000  1.5033826700e+00  4.1208412170e-02 
 580.000  1.5532033000e+00  4.2771160130e-02 
 581.000  1.5221052700e+00  4.2037631990e-02 
 582.000  1.5430515100e+00  4.2481864930e-02 
 583.000  1.5529544900e+00  4.2802799220e-02 
 584.000  1.5472991600e+00  4.2446643830e-02 
 585.000  1.5367004900e+00  4.1996429440e-02 
 586.000  1.4703519000e+00  4.0132324220e-02 
 587.000  1.5309210400e+00  4.1221443180e-02 
 588.000  1.5290446900e+00  3.9811401370e-02 
 589.000  1.3746630500e+00  3.4160808560e-02 
 590.000  1.4365405200e+00  3.5587017060e-02 
 591.000  1.5118236800e+00  3.8429637910e-02 
 592.000  1.4904538000e+00  3.7114944460e-02 
 593.000  1.4897292200e+00  3.8225936890e-02 
 594.000  1.5070091700e+00  3.8331226350e-02 
 595.000  1.4896712500e+00  3.6907135010e-02 
 596.000  1.5099093400e+00  3.8628681180e-02 
 597.000  1.5179635600e+00  3.8344188690e-02 
 598.000  1.4800707600e+00  3.7884506230e-02 
 599.000  1.4776015400e+00  3.7974227910e-02 
 600.000  1.4717221200e+00  3.8282020570e-02 
 601.000  1.4593188600e+00  3.8310417180e-02 
 602.000  1.4418667000e+00  3.7846599580e-02 
 603.000  1.4491085200e+00  3.8150070190e-02 
 604.000  1.4937510900e+00  3.9475822450e-02 
 605.000  1.4893331300e+00  3.9202880860e-02 
 606.000  1.4718537700e+00  3.8789878850e-02 
 607.000  1.4633992300e+00  3.8461898800e-02 
 608.000  1.4579068800e+00  3.8181503300e-02 
 609.000  1.4428607900e+00  3.7755981450e-02 
 610.000  1.4196589000e+00  3.7020942690e-02 
 611.000  1.4426297300e+00  3.7566036220e-02 
 612.000  1.4238066800e+00  3.7033702850e-02 
 613.000  1.4029740600e+00  3.6376617430e-02 
 614.000  1.3518343100e+00  3.5032886510e-02 
 615.000  1.4171248500e+00  3.6564044950e-02 
 616.000  1.3474350300e+00  3.4758956910e-02 
 617.000  1.3551168500e+00  3.4906379700e-02 
 618.000  1.4191645700e+00  3.6367313390e-02 
 619.000  1.4063485500e+00  3.6061565400e-02 
 620.000  1.4273480900e+00  3.6408676150e-02 
 621.000  1.4522036400e+00  3.7000621800e-02 
 622.000  1.3759374300e+00  3.4951889040e-02 
 623.000  1.3871503200e+00  3.5017013550e-02 
 624.000  1.3890957500e+00  3.5115615840e-02 
 625.000  1.3519072600e+00  3.4140182500e-02 
 626.000  1.3598302700e+00  3.4093383790e-02 
 627.000  1.3882738600e+00  3.4276138310e-02 
 628.000  1.3948537900e+00  3.2978588100e-02 
 629.000  1.4157203900e+00  3.4024417880e-02 
 630.000  1.3649178000e+00  3.3193389890e-02 
 631.000  1.4106776200e+00  3.4396301270e-02 
 632.000  1.3161799600e+00  3.1849033360e-02 
 633.000  1.4062578100e+00  3.4393173220e-02 
 634.000  1.3617081700e+00  3.3461093900e-02 
 635.000  1.3861887300e+00  3.4080116270e-02 
 636.000  1.3360018600e+00  3.2915130620e-02 
 637.000  1.3792763300e+00  3.4032215120e-02 
 638.000  1.3980002900e+00  3.4629013060e-02 
 639.000  1.3861687500e+00  3.4162483220e-02 
 640.000  1.3412583200e+00  3.3304710390e-02 
 641.000  1.3604837200e+00  3.3721057890e-02 
 642.000  1.3431531900e+00  3.3302940370e-02 
 643.000  1.3683193900e+00  3.3738296510e-02 
 644.000  1.3525475300e+00  3.3203632350e-02 
 645.000  1.3667640500e+00  3.3384597780e-02 
 646.000  1.3245817600e+00  3.1354091640e-02 
 647.000  1.3498233200e+00  3.1267080310e-02 
 648.000  1.3553899300e+00  3.0886848450e-02 
 649.000  1.3753820400e+00  3.1646867750e-02 
 650.000  1.2621919900e+00  2.9976699830e-02 
 651.000  1.3597359700e+00  3.2259037020e-02 
 652.000  1.3451790500e+00  3.1004011150e-02 
 653.000  1.3588451800e+00  3.2296791080e-02 
 654.000  1.3426251700e+00  3.1621038440e-02 
 655.000  1.3120326200e+00  3.0488424300e-02 
 656.000  1.1125895700e+00  2.5904829030e-02 
 657.000  1.1852344200e+00  2.7756523130e-02 
 658.000  1.3158253100e+00  3.1231571200e-02 
 659.000  1.3164856300e+00  3.1378259660e-02 
 660.000  1.3257695300e+00  3.1685047150e-02 
 661.000  1.3283782100e+00  3.2049083710e-02 
 662.000  1.3460464800e+00  3.2566680910e-02 
 663.000  1.3314970500e+00  3.2086776730e-02 
 664.000  1.3098319000e+00  3.1563001630e-02 
 665.000  1.3151778700e+00  3.1665260310e-02 
 666.000  1.3304517300e+00  3.2156448360e-02 
 667.000  1.3036471900e+00  3.1399538040e-02 
 668.000  1.3105129500e+00  3.1681459430e-02 
 669.000  1.3291163000e+00  3.2171806340e-02 
 670.000  1.3130928900e+00  3.1612585070e-02 
 671.000  1.2990225300e+00  3.1291902540e-02 
 672.000  1.2947383300e+00  3.1148290630e-02 
 673.000  1.3039362500e+00  3.1307973860e-02 
 674.000  1.3064100200e+00  3.1359039310e-02 
 675.000  1.2863912400e+00  3.0797483440e-02 
 676.000  1.3106253500e+00  3.1370691300e-02 
 677.000  1.2844923200e+00  3.0745765690e-02 
 678.000  1.3056833500e+00  3.1189249040e-02 
 679.000  1.2872753100e+00  3.0648097990e-02 
 680.000  1.2778458100e+00  3.0386243820e-02 
 681.000  1.2798356900e+00  3.0333095550e-02 
 682.000  1.2773859100e+00  3.0136800770e-02 
 683.000  1.2860779800e+00  3.0211729050e-02 
 684.000  1.2638803400e+00  2.9655035020e-02 
 685.000  1.2775491300e+00  2.9905864720e-02 
 686.000  1.2243839100e+00  2.8243730550e-02 
 687.000  1.2254478200e+00  2.4411333080e-02 
 688.000  1.2263402700e+00  2.5378484730e-02 
 689.000  1.2298897400e+00  2.5240871430e-02 
 690.000  1.2358268500e+00  2.5872802730e-02 
 691.000  1.2407778600e+00  2.6648662570e-02 
 692.000  1.2332950300e+00  2.6804727550e-02 
 693.000  1.2414380600e+00  2.6021696090e-02 
 694.000  1.2550652800e+00  2.5586109160e-02 
 695.000  1.2320823000e+00  2.5496006010e-02 
 696.000  1.2458818600e+00  2.6022809980e-02 
 697.000  1.2448237400e+00  2.7645309450e-02 
 698.000  1.2225425700e+00  2.6694948200e-02 
 699.000  1.2483897100e+00  2.5882270810e-02 
 700.000  1.2334538000e+00  2.5732189180e-02 
 701.000  1.2065530500e+00  2.4818708420e-02 
 702.000  1.2003504000e+00  2.4884725570e-02 
 703.000  1.2149626400e+00  2.6213750840e-02 
 704.000  1.2184654100e+00  2.6353239060e-02 
 705.000  1.2289519000e+00  2.6079727170e-02 
 706.000  1.2158293900e+00  2.5882095340e-02 
 707.000  1.1972303200e+00  2.5648012160e-02 
 708.000  1.2317111300e+00  2.6569316860e-02 
 709.000  1.1872129100e+00  2.5948446270e-02 
 710.000  1.2154375600e+00  2.6069894790e-02 
 711.000  1.2024497800e+00  2.6160924910e-02 
 712.000  1.1850479300e+00  2.6161638260e-02 
 713.000  1.1806516500e+00  2.5717731480e-02 
 714.000  1.2009452300e+00  2.5954978940e-02 
 715.000  1.1598557000e+00  2.4543321610e-02 
 716.000  1.1910432900e+00  2.4663616180e-02 
 717.000  1.1613052800e+00  2.1567077640e-02 
 718.000  1.1551560100e+00  2.0000402450e-02 
 719.000  1.1418576900e+00  1.9157438280e-02 
 720.000  1.1501887300e+00  1.8629480360e-02 
 721.000  1.1485337700e+00  2.1839624400e-02 
 722.000  1.1646650300e+00  2.3252159120e-02 
 723.000  1.1622495400e+00  2.2453411100e-02 
 724.000  1.1693044900e+00  2.0655622480e-02 
 725.000  1.1565419100e+00  2.0695569990e-02 
 726.000  1.1544286900e+00  2.0571266170e-02 
 727.000  1.1715097800e+00  2.1069564820e-02 
 728.000  1.1513864200e+00  2.0470914840e-02 
 729.000  1.1056235100e+00  2.0290857320e-02 
 730.000  1.1464837600e+00  2.0916336060e-02 
 731.000  1.1275858400e+00  2.0507345200e-02 
 732.000  1.1487031600e+00  2.2016429900e-02 
 733.000  1.1308510700e+00  2.2950214390e-02 
 734.000  1.1540512200e+00  2.4006271360e-02 
 735.000  1.1448510300e+00  2.3526634220e-02 
 736.000  1.1238399300e+00  2.2701143260e-02 
 737.000  1.1384186400e+00  2.3235830310e-02 
 738.000  1.1349702500e+00  2.3588968280e-02 
 739.000  1.0981195900e+00  2.3043724060e-02 
 740.000  1.1080954100e+00  2.3674842830e-02 
 741.000  1.0990138200e+00  2.3829357150e-02 
 742.000  1.0808657600e+00  2.3562803270e-02 
 743.000  1.1123180400e+00  2.4538679120e-02 
 744.000  1.1227416500e+00  2.4919799800e-02 
 745.000  1.0934262500e+00  2.4396572110e-02 
 746.000  1.1085572500e+00  2.4760372160e-02 
 747.000  1.1251605300e+00  2.5094333650e-02 
 748.000  1.1049408000e+00  2.4631486890e-02 
 749.000  1.1051410300e+00  2.4650148390e-02 
 750.000  1.0890008400e+00  2.4193988800e-02 
 751.000  1.0862007200e+00  2.4117084500e-02 
 752.000  1.1026549400e+00  2.4526695250e-02 
 753.000  1.0922173600e+00  2.4295940400e-02 
 754.000  1.1093221900e+00  2.4670003890e-02 
 755.000  1.1029606600e+00  2.4513814930e-02 
 756.000  1.0813634500e+00  2.4019863130e-02 
 757.000  1.0893581800e+00  2.4182149890e-02 
 758.000  1.0882251900e+00  2.4077836990e-02 
 759.000  1.0470599300e+00  2.1232995990e-02 
 760.000  8.2383084100e-01  8.5671453480e-03 
 761.000  7.9393314200e-01  7.5885233880e-03 
 762.000  9.2601932100e-01  1.3731136320e-02 
 763.000  9.1116865300e-01  1.1865505220e-02 
 764.000  9.3454052300e-01  1.2956606860e-02 
 765.000  9.8082348100e-01  1.5742648120e-02 
 766.000  9.7251436500e-01  1.8070323940e-02 
 767.000  1.0023739580e+00  1.9813760760e-02 
 768.000  1.0512760000e+00  2.1737463000e-02 
 769.000  1.0527258500e+00  2.2498514180e-02 
 770.000  1.0500426400e+00  2.2815088270e-02 
 771.000  1.0514978400e+00  2.3056085590e-02 
 772.000  1.0476131600e+00  2.3009458540e-02 
 773.000  1.0432978700e+00  2.2921369550e-02 
 774.000  1.0543053300e+00  2.3172838210e-02 
 775.000  1.0145948500e+00  2.2300296780e-02 
 776.000  1.0563098300e+00  2.3257867810e-02 
 777.000  1.0489947400e+00  2.3066699980e-02 
 778.000  1.0434518600e+00  2.2890321730e-02 
 779.000  1.0469254700e+00  2.2898641590e-02 
 780.000  1.0340544800e+00  2.2631580350e-02 
 781.000  1.0321966300e+00  2.2575248720e-02 
 782.000  1.0447316300e+00  2.2756565090e-02 
 783.000  1.0203968860e+00  2.2313716890e-02 
 784.000  1.0263054090e+00  2.2382781980e-02 
 785.000  1.0296806650e+00  2.2243093490e-02 
 786.000  1.0128202920e+00  2.1733657840e-02 
 787.000  1.0297059240e+00  2.1610139850e-02 
 788.000  1.0152376840e+00  2.1136903760e-02 
 789.000  1.0243720350e+00  2.0674345020e-02 
 790.000  1.0143313660e+00  2.0366073610e-02 
 791.000  1.0085999660e+00  2.0376739500e-02 
 792.000  9.9214637800e-01  2.0080978390e-02 
 793.000  9.9010373000e-01  2.0265068050e-02 
 794.000  9.7733321300e-01  2.0575674060e-02 
 795.000  9.7363072600e-01  2.0025026320e-02 
 796.000  9.9434122400e-01  1.9733331680e-02 
 797.000  9.9948182300e-01  2.0081663130e-02 
 798.000  9.9745187300e-01  2.0538185120e-02 
 799.000  9.9728756900e-01  2.0348716740e-02 
 800.000  9.7312288200e-01  1.9458017350e-02 
 801.000  9.9113932400e-01  1.9853740690e-02 
 802.000  9.8937276600e-01  1.9727935790e-02 
 803.000  9.7506877100e-01  1.9510412220e-02 
 804.000  9.8305446600e-01  1.9897699360e-02 
 805.000  9.5460744600e-01  1.9684087750e-02 
 806.000  9.7953526200e-01  2.0354721070e-02 
 807.000  9.7347288700e-01  2.0270442960e-02 
 808.000  9.6832895500e-01  1.9985839840e-02 
 809.000  9.5253721100e-01  1.9483051300e-02 
 810.000  9.4890153500e-01  1.9206680300e-02 
 811.000  9.6531773500e-01  1.9210044860e-02 
 812.000  9.6355978000e-01  1.8820638660e-02 
 813.000  9.6103196300e-01  1.8242488860e-02 
 814.000  9.6166985100e-01  1.7775297160e-02 
 815.000  9.5345523500e-01  1.7034435270e-02 
 816.000  9.4737563500e-01  1.6221786500e-02 
 817.000  9.5296252400e-01  1.6330572130e-02 
 818.000  9.4696666700e-01  1.6190881730e-02 
 819.000  9.2082745100e-01  1.6033071520e-02 
 820.000  9.0119270700e-01  1.6443691250e-02 
 821.000  9.2898627900e-01  1.7860263820e-02 
 822.000  9.0437724600e-01  1.6565374370e-02 
 823.000  9.2060287900e-01  1.5124634740e-02 
 824.000  9.3118080500e-01  1.6777402880e-02 
 825.000  9.2726582200e-01  1.7982635500e-02 
 826.000  9.3356758600e-01  1.7816564560e-02 
 827.000  9.3091839400e-01  1.7570693970e-02 
 828.000  9.3079159200e-01  1.6792198180e-02 
 829.000  9.2972250700e-01  1.6986734390e-02 
 830.000  9.1425741200e-01  1.6995407100e-02 
 831.000  8.9803486800e-01  1.6746639250e-02 
 832.000  9.1632746300e-01  1.7081270220e-02 
 833.000  8.8737990200e-01  1.6813076020e-02 
 834.000  8.9986029700e-01  1.7269647600e-02 
 835.000  8.9980577800e-01  1.7565515520e-02 
 836.000  9.1093472200e-01  1.7789587020e-02 
 837.000  9.0349935800e-01  1.7581743240e-02 
 838.000  9.0572756100e-01  1.7869331360e-02 
 839.000  8.7680802300e-01  1.7394380570e-02 
 840.000  9.0002161800e-01  1.7836393360e-02 
 841.000  9.0333910400e-01  1.7727548600e-02 
 842.000  8.9685684600e-01  1.7694637300e-02 
 843.000  8.8863027400e-01  1.7965084080e-02 
 844.000  8.7294435900e-01  1.7811307910e-02 
 845.000  8.8571558500e-01  1.8140483860e-02 
 846.000  8.9307005500e-01  1.8432897570e-02 
 847.000  8.6168881400e-01  1.7936342240e-02 
 848.000  8.8818288900e-01  1.8286075590e-02 
 849.000  8.8970057300e-01  1.8424547200e-02 
 850.000  7.6973221800e-01  1.5785444260e-02 
 851.000  8.8254667100e-01  1.7953165050e-02 
 852.000  8.4903780000e-01  1.7341459270e-02 
 853.000  8.5773661000e-01  1.7560516360e-02 
 854.000  6.8965302500e-01  1.4149688720e-02 
 855.000  7.5864744500e-01  1.5673675540e-02 
 856.000  8.5952858600e-01  1.7797435760e-02 
 857.000  8.7263227200e-01  1.8222551350e-02 
 858.000  8.5835036700e-01  1.7918119430e-02 
 859.000  8.5748020100e-01  1.7951440810e-02 
 860.000  8.4943851300e-01  1.7871631620e-02 
 861.000  8.4928772000e-01  1.7846010210e-02 
 862.000  8.4627987500e-01  1.7717998500e-02 
 863.000  8.6245284600e-01  1.8160329820e-02 
 864.000  8.6057851000e-01  1.7966520310e-02 
 865.000  8.4443383500e-01  1.7765411380e-02 
 866.000  7.0829595600e-01  1.4946388240e-02 
 867.000  7.5430698900e-01  1.5700291630e-02 
 868.000  8.1808618900e-01  1.7118028640e-02 
 869.000  8.0658717900e-01  1.6864809040e-02 
 870.000  8.3991481000e-01  1.7681917190e-02 
 871.000  8.3871460400e-01  1.7583049770e-02 
 872.000  8.3525156500e-01  1.7273426060e-02 
 873.000  8.3873663400e-01  1.7476650240e-02 
 874.000  8.2043243900e-01  1.7008193970e-02 
 875.000  8.1292806100e-01  1.7003824230e-02 
 876.000  8.1989029000e-01  1.7061115260e-02 
 877.000  8.3635038300e-01  1.7245649340e-02 
 878.000  8.2258980900e-01  1.7037323000e-02 
 879.000  8.2454810700e-01  1.7135475160e-02 
 880.000  8.2029564300e-01  1.6850803380e-02 
 881.000  7.7793341100e-01  1.6024942400e-02 
 882.000  8.2118496800e-01  1.6709972380e-02 
 883.000  8.0220991300e-01  1.6515153880e-02 
 884.000  8.0893898600e-01  1.6874490740e-02 
 885.000  8.1828828900e-01  1.6581216810e-02 
 886.000  7.9279548600e-01  1.6093605040e-02 
 887.000  7.8372372300e-01  1.5896373750e-02 
 888.000  8.0727032700e-01  1.6180471420e-02 
 889.000  8.1239510400e-01  1.6577445980e-02 
 890.000  8.1056535500e-01  1.6438671110e-02 
 891.000  8.0752800900e-01  1.6140600200e-02 
 892.000  8.0687621600e-01  1.5889109610e-02 
 893.000  7.8129532300e-01  1.4510505680e-02 
 894.000  8.0970999000e-01  1.4767457010e-02 
 895.000  7.7472824300e-01  1.3452319150e-02 
 896.000  8.0546969900e-01  1.3098874090e-02 
 897.000  7.8693714100e-01  1.2287612920e-02 
 898.000  7.8829151200e-01  1.1912588120e-02 
 899.000  7.8758332400e-01  1.0984728810e-02 
 900.000  7.6791576700e-01  1.0714132310e-02 
 901.000  7.5146610100e-01  1.0301856990e-02 
 902.000  7.3763431300e-01  1.0150223730e-02 
 903.000  7.7372130700e-01  1.1986323360e-02 
 904.000  7.8808697000e-01  1.3027285580e-02 
 905.000  7.8599786500e-01  1.3247981070e-02 
 906.000  7.6518393100e-01  1.2359295850e-02 
 907.000  7.7815193400e-01  1.1544007300e-02 
 908.000  7.5911950500e-01  1.0575577740e-02 
 909.000  7.4422869500e-01  1.0371521000e-02 
 910.000  7.5303118900e-01  1.0573285100e-02 
 911.000  7.5103460500e-01  1.1120405200e-02 
 912.000  7.5266324400e-01  1.0700365070e-02 
 913.000  7.7027947300e-01  1.0173609730e-02 
 914.000  7.6532202400e-01  1.0455803870e-02 
 915.000  7.5268961600e-01  1.0810222630e-02 
 916.000  7.6104500600e-01  1.0946079250e-02 
 917.000  7.4913570800e-01  1.0928311350e-02 
 918.000  7.4533241000e-01  1.1105986600e-02 
 919.000  7.5516029800e-01  1.2446367260e-02 
 920.000  7.4795671200e-01  1.2666783330e-02 
 921.000  7.3158031200e-01  1.2231739040e-02 
 922.000  7.2504202100e-01  1.2216856960e-02 
 923.000  6.9464959800e-01  1.1167392730e-02 
 924.000  7.2403596000e-01  1.1557451250e-02 
 925.000  7.3364755000e-01  1.1600578310e-02 
 926.000  7.0745471000e-01  1.1018157960e-02 
 927.000  7.3380947600e-01  1.1227396010e-02 
 928.000  7.3832809300e-01  1.0421432500e-02 
 929.000  7.2801426400e-01  9.1757106780e-03 
 930.000  7.2618753000e-01  7.9742331500e-03 
 931.000  7.2589145400e-01  7.0807256700e-03 
 932.000  7.1878127900e-01  6.0580248830e-03 
 933.000  7.2074489200e-01  5.5222253800e-03 
 934.000  7.1443636400e-01  5.0133781430e-03 
 935.000  7.0384982600e-01  4.8913521770e-03 
 936.000  6.9878247700e-01  5.0073804860e-03 
 937.000  7.1438010900e-01  5.0808558460e-03 
 938.000  7.0688418400e-01  5.5625882150e-03 
 939.000  7.1314623900e-01  7.4664754870e-03 
 940.000  7.0950665600e-01  7.8199019430e-03 
 941.000  6.9337712300e-01  7.3295578960e-03 
 942.000  6.6684475800e-01  6.4014921190e-03 
 943.000  7.0262203700e-01  5.8250699040e-03 
 944.000  6.8330817200e-01  5.5978879930e-03 
 945.000  6.8985534300e-01  5.9350390430e-03 
 946.000  6.9921159600e-01  6.0379977230e-03 
 947.000  6.9498209600e-01  6.3005757330e-03 
 948.000  6.9918528300e-01  6.5221366880e-03 
 949.000  7.0140023400e-01  6.5287427900e-03 
 950.000  6.9677675200e-01  6.5344829560e-03 
 951.000  6.9264019000e-01  6.9369874000e-03 
 952.000  6.9256814600e-01  6.4869084360e-03 
 953.000  6.9065651200e-01  6.8028316500e-03 
 954.000  6.8398486100e-01  7.1338710780e-03 
 955.000  6.3888047200e-01  6.3890247340e-03 
 956.000  6.8153542600e-01  6.7790184020e-03 
 957.000  6.8118276200e-01  7.8687672620e-03 
 958.000  6.8643379000e-01  8.1196880340e-03 
 959.000  6.8908758400e-01  7.9502840040e-03 
 960.000  6.8257714700e-01  7.8261117940e-03 
 961.000  6.7525561400e-01  7.6466655730e-03 
 962.000  6.7861763300e-01  7.7824292180e-03 
 963.000  6.7721579300e-01  8.5159387590e-03 
 964.000  6.6946675700e-01  8.5395803450e-03 
 965.000  6.7765059300e-01  8.5700378420e-03 
 966.000  6.5809092600e-01  8.3725471500e-03 
 967.000  6.7766163600e-01  9.2515068050e-03 
 968.000  6.7019314900e-01  1.0172358510e-02 
 969.000  6.7428835800e-01  1.0684433940e-02 
 970.000  6.7611768200e-01  1.0737666130e-02 
 971.000  6.7013066300e-01  1.0624278070e-02 
 972.000  6.7488265000e-01  1.0557074550e-02 
 973.000  6.6864548600e-01  1.0161166190e-02 
 974.000  6.5839595500e-01  9.6529283520e-03 
 975.000  6.6168711100e-01  9.4625968930e-03 
 976.000  6.6969581800e-01  9.8515377040e-03 
 977.000  6.5271867300e-01  1.0032295230e-02 
 978.000  6.6886500600e-01  1.0243764880e-02 
 979.000  6.4942836500e-01  1.0060136800e-02 
 980.000  6.5858984300e-01  1.0676445010e-02 
 981.000  6.6307579500e-01  1.0865092280e-02 
 982.000  6.6164942100e-01  1.0725508690e-02 
 983.000  6.5985281800e-01  1.0970098500e-02 
 984.000  6.5543427700e-01  1.1205230710e-02 
 985.000  6.5512190800e-01  1.1389339450e-02 
 986.000  6.4977725200e-01  1.1562648770e-02 
 987.000  6.5716547300e-01  1.1816075330e-02 
 988.000  6.4906333500e-01  1.1692283630e-02 
 989.000  6.4082340500e-01  1.1554411890e-02 
 990.000  6.4628643200e-01  1.1675468440e-02 
 991.000  6.5152999400e-01  1.1873303410e-02 
 992.000  6.4549862900e-01  1.1782858850e-02 
 993.000  6.4545273100e-01  1.1779979710e-02 
 994.000  6.4869004000e-01  1.1925509450e-02 
 995.000  6.4387444200e-01  1.1906527520e-02 
 996.000  6.4376442100e-01  1.1887805940e-02 
 997.000  6.4448155700e-01  1.1832153320e-02 
 998.000  6.4211791800e-01  1.1724462510e-02 
 999.000  6.4055075600e-01  1.1660041810e-02 
1000.000  6.3543778400e-01  1.1568342210e-02 
1001.000  6.3910120100e-01  1.1510813710e-02 
1002.000  6.3844542200e-01  1.1316669460e-02 
1003.000  6.3091921400e-01  1.1212295530e-02 
1004.000  6.2548545900e-01  1.1202111240e-02 
1005.000  5.8433876200e-01  1.0498030660e-02 
1006.000  6.1483484200e-01  1.1050827030e-02 
1007.000  6.2608765600e-01  1.1209803580e-02 
1008.000  6.2897911400e-01  1.1114570620e-02 
1009.000  6.2547503800e-01  1.0872491840e-02 
1010.000  6.2766760200e-01  1.0975779530e-02 
1011.000  6.2395674300e-01  1.1088715550e-02 
1012.000  6.2399536600e-01  1.1155443190e-02 
1013.000  6.1938141300e-01  1.1124497410e-02 
1014.000  6.2328038300e-01  1.1253129010e-02 
1015.000  6.1176548000e-01  1.1086513520e-02 
1016.000  6.1562920000e-01  1.1221551900e-02 
1017.000  6.0950152000e-01  1.1153066640e-02 
1018.000  6.1756437800e-01  1.1310753820e-02 
1019.000  6.0369593200e-01  1.1021080970e-02 
1020.000  6.0234005100e-01  1.0975044250e-02 
1021.000  6.0816986400e-01  1.1046685220e-02 
1022.000  5.9933617200e-01  1.0718013760e-02 
1023.000  6.1109905400e-01  1.0775200840e-02 
1024.000  6.0815715100e-01  1.0600403790e-02 
1025.000  6.0743711900e-01  1.0624106410e-02 
1026.000  6.0790137800e-01  1.0664731980e-02 
1027.000  6.0433944800e-01  1.0629491810e-02 
1028.000  6.0566835800e-01  1.0723757740e-02 
1029.000  5.9621895800e-01  1.0656829830e-02 
1030.000  6.0196938600e-01  1.0868569370e-02 
1031.000  5.9994132200e-01  1.0913155560e-02 
1032.000  5.9772824100e-01  1.0925261500e-02 
1033.000  5.8669116000e-01  1.0696537020e-02 
1034.000  5.9283178200e-01  1.0788131710e-02 
1035.000  5.8645386200e-01  1.0666731830e-02 
1036.000  5.9414605900e-01  1.0751043320e-02 
1037.000  5.8162081100e-01  1.0494485860e-02 
1038.000  5.8734068800e-01  1.0567207340e-02 
1039.000  5.8985226300e-01  1.0573086740e-02 
1040.000  5.8296239700e-01  1.0412729260e-02 
1041.000  5.8609380200e-01  1.0433951380e-02 
1042.000  5.8786176200e-01  1.0433996200e-02 
1043.000  5.7772982700e-01  1.0224716190e-02 
1044.000  5.8354727000e-01  1.0294374470e-02 
1045.000  5.8121514900e-01  1.0291385650e-02 
1046.000  5.6442168100e-01  1.0043315890e-02 
1047.000  5.7493331500e-01  1.0279270170e-02 
1048.000  5.8082414100e-01  1.0435665130e-02 
1049.000  5.7725945300e-01  1.0424260140e-02 
1050.000  5.7399677000e-01  1.0424353600e-02 
1051.000  5.7432598100e-01  1.0381596570e-02 
1052.000  5.7182502300e-01  1.0290724750e-02 
1053.000  5.7210604200e-01  1.0256207470e-02 
1054.000  5.6650995300e-01  1.0108044620e-02 
1055.000  5.7095607900e-01  1.0133558270e-02 
1056.000  5.6967505300e-01  1.0062948230e-02 
1057.000  5.6925401600e-01  1.0009654050e-02 
1058.000  5.6429721700e-01  9.8586502080e-03 
1059.000  5.4649613000e-01  9.5706462860e-03 
1060.000  5.6569130500e-01  9.9677381520e-03 
1061.000  5.4598956300e-01  9.6278533940e-03 
1062.000  5.6175428900e-01  9.8734207150e-03 
1063.000  5.5249002400e-01  9.6793117520e-03 
1064.000  5.5991558700e-01  9.7149095540e-03 
1065.000  5.5982687300e-01  9.6065883640e-03 
1066.000  5.4262516900e-01  9.2621049880e-03 
1067.000  5.5580610400e-01  9.4173746110e-03 
1068.000  5.5446357600e-01  9.2508974080e-03 
1069.000  5.1310893600e-01  8.4983482360e-03 
1070.000  5.4341839200e-01  9.0462312700e-03 
1071.000  5.4483079600e-01  9.0542621610e-03 
1072.000  5.4719269100e-01  9.0793495180e-03 
1073.000  5.2928676700e-01  8.8088817600e-03 
1074.000  5.4775910500e-01  9.1624965670e-03 
1075.000  5.3001415600e-01  8.9704532620e-03 
1076.000  5.4215611500e-01  9.1406049730e-03 
1077.000  5.4156886500e-01  9.0804815290e-03 
1078.000  5.4369271000e-01  9.0579233170e-03 
1079.000  5.2286386600e-01  8.7140808110e-03 
1080.000  5.4026542000e-01  8.8373003010e-03 
1081.000  5.2048421000e-01  8.5005970000e-03 
1082.000  5.2632048300e-01  8.6210460660e-03 
1083.000  5.1304544500e-01  8.2676963810e-03 
1084.000  5.3366360800e-01  8.4575977330e-03 
1085.000  5.2905881200e-01  8.1356172560e-03 
1086.000  5.3540612000e-01  8.2309789660e-03 
1087.000  5.0012900700e-01  7.8738436700e-03 
1088.000  5.3033832500e-01  8.4193277360e-03 
1089.000  5.1312360500e-01  7.9322695730e-03 
1090.000  5.2485365300e-01  8.1198530200e-03 
1091.000  5.2765505600e-01  8.2682733540e-03 
1092.000  5.1689883000e-01  8.0282659530e-03 
1093.000  5.1377352300e-01  7.7576313020e-03 
1094.000  4.6876422000e-01  6.9419884680e-03 
1095.000  5.0716627000e-01  7.4831233020e-03 
1096.000  5.0790253200e-01  7.4678254130e-03 
1097.000  4.9869789300e-01  7.2332105640e-03 
1098.000  4.9774704200e-01  6.6186361310e-03 
1099.000  5.0223733800e-01  6.1304402350e-03 
1100.000  5.1065189800e-01  6.2675457000e-03 
1101.000  5.0906996600e-01  6.3164882660e-03 
1102.000  4.8815842400e-01  6.0177702900e-03 
1103.000  5.0719266500e-01  6.2932786940e-03 
1104.000  5.0394650600e-01  6.1616425510e-03 
1105.000  5.0430763500e-01  5.9504685400e-03 
1106.000  5.0119661600e-01  5.7171587940e-03 
1107.000  5.0029946300e-01  5.7428584100e-03 
1108.000  4.9845896100e-01  5.7398228650e-03 
1109.000  4.9977389400e-01  5.9009752270e-03 
1110.000  5.0233764500e-01  5.8785529140e-03 
1111.000  4.9630378000e-01  5.6998529430e-03 
1112.000  4.9189069600e-01  5.2553052900e-03 
1113.000  4.9016839200e-01  4.7667799000e-03 
1114.000  4.9547600300e-01  4.6635303500e-03 
1115.000  4.9048634700e-01  4.1688227650e-03 
1116.000  4.8428111200e-01  3.8877546790e-03 
1117.000  4.9002579800e-01  3.5011446480e-03 
1118.000  4.8489382600e-01  3.1322281360e-03 
1119.000  4.7133614900e-01  2.9045870300e-03 
1120.000  4.7228536200e-01  2.7762863640e-03 
1121.000  4.7529250400e-01  2.7676053050e-03 
1122.000  4.7308851900e-01  2.6530058380e-03 
1123.000  4.7531054000e-01  2.7166566850e-03 
1124.000  4.7622460100e-01  2.7588467600e-03 
1125.000  4.6630187900e-01  2.6812441350e-03 
1126.000  4.5738423000e-01  2.6225037570e-03 
1127.000  4.7286942700e-01  2.7204041480e-03 
1128.000  4.6422433200e-01  2.6887981890e-03 
1129.000  4.6711884400e-01  2.8245949750e-03 
1130.000  4.6803509800e-01  3.2010054590e-03 
1131.000  4.7316422600e-01  3.3629522320e-03 
1132.000  4.7416411200e-01  3.1934056280e-03 
1133.000  4.6191878400e-01  2.8466629980e-03 
1134.000  4.5652240700e-01  2.4967005250e-03 
1135.000  4.6250454900e-01  2.5477218630e-03 
1136.000  4.6441946200e-01  2.9022791390e-03 
1137.000  4.7121574800e-01  3.2384724620e-03 
1138.000  4.5515589500e-01  3.4702184200e-03 
1139.000  4.6536851800e-01  3.7044746880e-03 
1140.000  4.6659611600e-01  3.6400837900e-03 
1141.000  4.5310859800e-01  3.4068572520e-03 
1142.000  4.6537333000e-01  3.4458205700e-03 
1143.000  4.5699706000e-01  3.2300658230e-03 
1144.000  4.5372247900e-01  3.0510721210e-03 
1145.000  4.5634091000e-01  2.8691244130e-03 
1146.000  4.6101901300e-01  2.9411711690e-03 
1147.000  4.6335624700e-01  3.1191279890e-03 
1148.000  4.5894950700e-01  3.2507634160e-03 
1149.000  4.6042216500e-01  3.3353748320e-03 
1150.000  4.5846691000e-01  3.3412704470e-03 
1151.000  4.5712212600e-01  3.4611821170e-03 
1152.000  4.5626751100e-01  3.5219004150e-03 
1153.000  4.5547002900e-01  3.6133153440e-03 
1154.000  4.5894954700e-01  3.6360402110e-03 
1155.000  4.6052825700e-01  3.8550639150e-03 
1156.000  4.5428564600e-01  4.0337042810e-03 
1157.000  4.5854404800e-01  4.6269965170e-03 
1158.000  4.5861543100e-01  4.9436526300e-03 
1159.000  4.5213269200e-01  5.1833715440e-03 
1160.000  4.4638881300e-01  5.2614092830e-03 
1161.000  4.3676122700e-01  5.4764699940e-03 
1162.000  4.5257230700e-01  5.9514808650e-03 
1163.000  4.5445199600e-01  6.2932643890e-03 
1164.000  4.4522077800e-01  6.2297921180e-03 
1165.000  4.5381458200e-01  6.4049630170e-03 
1166.000  4.4204381900e-01  6.3202700610e-03 
1167.000  4.4921271200e-01  6.4752378460e-03 
1168.000  4.5313939000e-01  6.5209002490e-03 
1169.000  4.3747030600e-01  6.3454799650e-03 
1170.000  4.4923437700e-01  6.5605273250e-03 
1171.000  4.5131338800e-01  6.6929559710e-03 
1172.000  4.4990178300e-01  6.6160445210e-03 
1173.000  4.4676799700e-01  6.5178227420e-03 
1174.000  4.4699463300e-01  6.5261402130e-03 
1175.000  4.4176159300e-01  6.6009211540e-03 
1176.000  4.3109639000e-01  6.5818033220e-03 
1177.000  4.4440799000e-01  6.7162199020e-03 
1178.000  4.3690162500e-01  6.4682874680e-03 
1179.000  4.3494209600e-01  6.4407243730e-03 
1180.000  4.4104796000e-01  6.4823751450e-03 
1181.000  4.3879479200e-01  6.3268389700e-03 
1182.000  4.3934988100e-01  6.2089533810e-03 
1183.000  4.1384146400e-01  5.8560938840e-03 
1184.000  4.3249308000e-01  6.1825518610e-03 
1185.000  4.3821557200e-01  6.4293861390e-03 
1186.000  4.3560795800e-01  6.3331928250e-03 
1187.000  4.3576210900e-01  6.1562056540e-03 
1188.000  4.3352673500e-01  6.0651850700e-03 
1189.000  4.0816367200e-01  5.7806763650e-03 
1190.000  4.2823567200e-01  6.2944307330e-03 
1191.000  4.3491255500e-01  6.4357428550e-03 
1192.000  4.3254496100e-01  6.4825434680e-03 
1193.000  4.3271097400e-01  6.4167828560e-03 
1194.000  4.3189832700e-01  6.3809847830e-03 
1195.000  4.2705727000e-01  6.2009983060e-03 
1196.000  4.2678799800e-01  6.2171931270e-03 
1197.000  4.2667441000e-01  6.1657438280e-03 
1198.000  4.1234438700e-01  5.9508571620e-03 
1199.000  3.9702102100e-01  5.6715850830e-03 
1200.000  4.2204947700e-01  6.0677437780e-03 
1201.000  4.2507803800e-01  6.1311297420e-03 
1202.000  4.2589367700e-01  6.1707124710e-03 
1203.000  4.0510803200e-01  5.8481330870e-03 
1204.000  4.1182161700e-01  5.9803481100e-03 
1205.000  4.2137432900e-01  6.3156089780e-03 
1206.000  4.1881091400e-01  6.3697314260e-03 
1207.000  4.2162322100e-01  6.4515972140e-03 
1208.000  4.1548595000e-01  6.3274064060e-03 
1209.000  3.8952721300e-01  5.8851046560e-03 
1210.000  4.1680412300e-01  6.2158961300e-03 
1211.000  4.0288107300e-01  6.0032644270e-03 
1212.000  4.1549525500e-01  6.2264895440e-03 
1213.000  4.1703094800e-01  6.3441243170e-03 
1214.000  4.1524618800e-01  6.3211874960e-03 
1215.000  4.1667231900e-01  6.3894915580e-03 
1216.000  4.1544112200e-01  6.5200743680e-03 
1217.000  4.1457715600e-01  6.6285800930e-03 
1218.000  4.1312702300e-01  6.6572971340e-03 
1219.000  4.0926118200e-01  6.6226820950e-03 
1220.000  4.1201195200e-01  6.6574096680e-03 
1221.000  4.1115887000e-01  6.6442670820e-03 
1222.000  4.0888149900e-01  6.5992894170e-03 
1223.000  4.0688020200e-01  6.5964822770e-03 
1224.000  4.0982098600e-01  6.7408165930e-03 
1225.000  4.0749755400e-01  6.7369780540e-03 
1226.000  4.0882587000e-01  6.8026032450e-03 
1227.000  3.9479755300e-01  6.6292748450e-03 
1228.000  4.0689598900e-01  6.9048376080e-03 
1229.000  4.0621990800e-01  6.9431128500e-03 
1230.000  4.0459156500e-01  6.9730920790e-03 
1231.000  4.0445921700e-01  7.0059556960e-03 
1232.000  3.9986059600e-01  6.9423131940e-03 
1233.000  4.0297972500e-01  7.0078825950e-03 
1234.000  4.0151284000e-01  7.0557646750e-03 
1235.000  3.9864123700e-01  7.0276031490e-03 
1236.000  4.0089968300e-01  7.0771956440e-03 
1237.000  4.0079421000e-01  7.0979580880e-03 
1238.000  4.0050991000e-01  7.0990614890e-03 
1239.000  3.9592679200e-01  7.0195193290e-03 
1240.000  3.9414975200e-01  7.0314769740e-03 
1241.000  3.9775767100e-01  7.1361041070e-03 
1242.000  3.9553915700e-01  7.1337795260e-03 
1243.000  3.9120927400e-01  7.0940504070e-03 
1244.000  3.8786098100e-01  7.0607628820e-03 
1245.000  3.9464037400e-01  7.2045817380e-03 
1246.000  3.9170680000e-01  7.1040463450e-03 
1247.000  3.8991959700e-01  7.0231552120e-03 
1248.000  3.9308723500e-01  7.0312852860e-03 
1249.000  3.9175659900e-01  6.9679408070e-03 
1250.000  3.9036239400e-01  6.8961887360e-03 
1251.000  3.8783117200e-01  6.8170046810e-03 
1252.000  3.8683428800e-01  6.7626495360e-03 
1253.000  3.8381069100e-01  6.6713156700e-03 
1254.000  3.8513722300e-01  6.6280932430e-03 
1255.000  3.8472594650e-01  6.5743002890e-03 
1256.000  3.8413197730e-01  6.5246376990e-03 
1257.000  3.8001752260e-01  6.3658690450e-03 
1258.000  3.8200996620e-01  6.2569947240e-03 
1259.000  3.7811448610e-01  6.0727138520e-03 
1260.000  3.7893109220e-01  5.9593906400e-03 
1261.000  3.7848384340e-01  5.8242449760e-03 
1262.000  3.7038580420e-01  5.5467257500e-03 
1263.000  3.7487815890e-01  5.6024026870e-03 
1264.000  3.6904152130e-01  5.5186834340e-03 
1265.000  3.6971397710e-01  5.5453710560e-03 
1266.000  3.7210182690e-01  5.5619177820e-03 
1267.000  3.6513308300e-01  5.4369058610e-03 
1268.000  3.6153751220e-01  5.3512620930e-03 
1269.000  3.6492188070e-01  5.3869004250e-03 
1270.000  3.6893213200e-01  5.5668797490e-03 
1271.000  3.7098032100e-01  5.6574573520e-03 
1272.000  3.6988329560e-01  5.7007503510e-03 
1273.000  3.6956501560e-01  5.7617464070e-03 
1274.000  3.6735777290e-01  5.7945017810e-03 
1275.000  3.6951960390e-01  5.8521432880e-03 
1276.000  3.7011280470e-01  5.8671245570e-03 
1277.000  3.6983647990e-01  5.8547873500e-03 
1278.000  3.6877610030e-01  5.8259334560e-03 
1279.000  3.6630745910e-01  5.8082828520e-03 
1280.000  3.6414414820e-01  5.8672471050e-03 
1281.000  3.5375859310e-01  5.7889537810e-03 
1282.000  3.1414455580e-01  5.2199406620e-03 
1283.000  3.4476776380e-01  5.7918100360e-03 
1284.000  3.5899472570e-01  6.0744299890e-03 
1285.000  3.6162707260e-01  6.1384577750e-03 
1286.000  3.6150893600e-01  6.1035332680e-03 
1287.000  3.6372005030e-01  6.0845661160e-03 
1288.000  3.6143984850e-01  5.8644409180e-03 
1289.000  3.6359439500e-01  5.8450226780e-03 
1290.000  3.5526339460e-01  5.6926126480e-03 
1291.000  3.6012635620e-01  5.7472972870e-03 
1292.000  3.6162934170e-01  5.7867326740e-03 
1293.000  3.6195262710e-01  5.7483677860e-03 
1294.000  3.5620780780e-01  5.5359911920e-03 
1295.000  3.6004286950e-01  5.4457869530e-03 
1296.000  3.6030779670e-01  5.3411164280e-03 
1297.000  3.5808645100e-01  5.2460865970e-03 
1298.000  3.5488728620e-01  5.2044067380e-03 
1299.000  3.5845040620e-01  5.2600245480e-03 
1300.000  3.5701106930e-01  5.2429485320e-03 
1301.000  3.5644215730e-01  5.2164163590e-03 
1302.000  3.5187002160e-01  5.0620641710e-03 
1303.000  3.4998088350e-01  4.8564748760e-03 
1304.000  3.5020837790e-01  4.7663745880e-03 
1305.000  3.5236580130e-01  4.7424788480e-03 
1306.000  3.5270077230e-01  4.6891160010e-03 
1307.000  3.5165968320e-01  4.6369795800e-03 
1308.000  3.5136055080e-01  4.5495314600e-03 
1309.000  3.5104706370e-01  4.4263167380e-03 
1310.000  3.4958988530e-01  4.4057183270e-03 
1311.000  3.4851850680e-01  4.3991003040e-03 
1312.000  3.4743310220e-01  4.2425308230e-03 
1313.000  3.3460114200e-01  3.9124674800e-03 
1314.000  3.4504581380e-01  3.8867278100e-03 
1315.000  3.3342787990e-01  3.8271772860e-03 
1316.000  3.4118417990e-01  4.0267863270e-03 
1317.000  3.4485482000e-01  4.0705494880e-03 
1318.000  3.3997506690e-01  3.8308467860e-03 
1319.000  3.4463258270e-01  3.6496620180e-03 
1320.000  3.4208860160e-01  3.3869445320e-03 
1321.000  3.4058605350e-01  3.2885284420e-03 
1322.000  3.3990584810e-01  3.4104244710e-03 
1323.000  3.4065798770e-01  3.5685877800e-03 
1324.000  3.4083853000e-01  3.6603121760e-03 
1325.000  3.3974943680e-01  3.5846676830e-03 
1326.000  3.3816077860e-01  3.4101629260e-03 
1327.000  3.3546053700e-01  3.0789389610e-03 
1328.000  3.3634647120e-01  2.8194448950e-03 
1329.000  3.2407087830e-01  2.3297941680e-03 
1330.000  3.2914543300e-01  2.2351310250e-03 
1331.000  3.3061125290e-01  2.1688318250e-03 
1332.000  3.2306542350e-01  2.1407170300e-03 
1333.000  3.3160335190e-01  2.2655973430e-03 
1334.000  3.3201780460e-01  2.3625288010e-03 
1335.000  3.3230322260e-01  2.4352693560e-03 
1336.000  3.2870562850e-01  2.4322264190e-03 
1337.000  3.2976996350e-01  2.4433760640e-03 
1338.000  3.2952632370e-01  2.4941678050e-03 
1339.000  3.2598568220e-01  2.4692039490e-03 
1340.000  3.2364571460e-01  2.4958252910e-03 
1341.000  3.2853061450e-01  2.4719078540e-03 
1342.000  3.2772692050e-01  2.4722557070e-03 
1343.000  3.2769827250e-01  2.2856042390e-03 
1344.000  3.2620066900e-01  2.1243162160e-03 
1345.000  3.2370148480e-01  1.8450953960e-03 
1346.000  3.1853030380e-01  1.7028902770e-03 
1347.000  3.1913625160e-01  1.6544193030e-03 
1348.000  3.1555905090e-01  1.5847238300e-03 
1349.000  3.1341708800e-01  1.5527915950e-03 
1350.000  3.0701915300e-01  1.4800289870e-03 
1351.000  3.0485124890e-01  1.4429472680e-03 
1352.000  3.0540893680e-01  1.4059506650e-03 
1353.000  2.9955647210e-01  1.3318357470e-03 
1354.000  2.9593904780e-01  1.2886691090e-03 
1355.000  2.9029929670e-01  1.2349370720e-03 
1356.000  2.8602531880e-01  1.1851301190e-03 
1357.000  2.7932665920e-01  1.1198803190e-03 
1358.000  2.7972440280e-01  1.0790910720e-03 
1359.000  2.7200810200e-01  9.7955042120e-04 
1360.000  2.6204036110e-01  8.9966809750e-04 
1361.000  2.6423811440e-01  8.7829917670e-04 
1362.000  2.6197453270e-01  8.6254650350e-04 
1363.000  2.6223735070e-01  9.0747570990e-04 
1364.000  2.6750751270e-01  9.4049996140e-04 
1365.000  2.6737088620e-01  9.4802427290e-04 
1366.000  2.6924877310e-01  9.7156471010e-04 
1367.000  2.6429886380e-01  9.3184822800e-04 
1368.000  2.6432289980e-01  9.1158980130e-04 
1369.000  2.5956044450e-01  8.9993059640e-04 
1370.000  2.6507185870e-01  9.6982330080e-04 
1371.000  2.7285151880e-01  1.0680875780e-03 
1372.000  2.8368919400e-01  1.1833270790e-03 
1373.000  2.8779222220e-01  1.2453560830e-03 
1374.000  2.9107977370e-01  1.2834006550e-03 
1375.000  2.8698909600e-01  1.2758656740e-03 
1376.000  2.8270039660e-01  1.2486188410e-03 
1377.000  2.8527957990e-01  1.2425786260e-03 
1378.000  2.8038136380e-01  1.1885443930e-03 
1379.000  2.7852745500e-01  1.1321351530e-03 
1380.000  2.6853964590e-01  1.0254117250e-03 
1381.000  2.6248590470e-01  9.3847823140e-04 
1382.000  2.5434204210e-01  8.7431693080e-04 
1383.000  2.5656730040e-01  8.7800019980e-04 
1384.000  2.6226335360e-01  9.5059704780e-04 
1385.000  2.6434637760e-01  9.9922376870e-04 
1386.000  2.7232468420e-01  1.0781065230e-03 
1387.000  2.7622702980e-01  1.1668931250e-03 
1388.000  2.8201741290e-01  1.2252744440e-03 
1389.000  2.8426242400e-01  1.2498313190e-03 
1390.000  2.7925013900e-01  1.2323032620e-03 
1391.000  2.8198631610e-01  1.2322788240e-03 
1392.000  2.7754559860e-01  1.1779398920e-03 
1393.000  2.7300228010e-01  1.1250693800e-03 
1394.000  2.6695076080e-01  1.0689090490e-03 
1395.000  2.6825160510e-01  1.0879552360e-03 
1396.000  2.7418072220e-01  1.1493494510e-03 
1397.000  2.7724814690e-01  1.1921906470e-03 
1398.000  2.7745960190e-01  1.1963913440e-03 
1399.000  2.7564626250e-01  1.1781851050e-03 
1400.000  2.6764286730e-01  1.1387819050e-03 
1401.000  2.6885507100e-01  1.1464794870e-03 
1402.000  2.7541932090e-01  1.1973018650e-03 
1403.000  2.7471971110e-01  1.2077384000e-03 
1404.000  2.7263731880e-01  1.1896163230e-03 
1405.000  2.7280268520e-01  1.1908400060e-03 
1406.000  2.7241872660e-01  1.1777290110e-03 
1407.000  2.7268909090e-01  1.1775062080e-03 
1408.000  2.7353096840e-01  1.2027163510e-03 
1409.000  2.7644603800e-01  1.2308295970e-03 
1410.000  2.7763741790e-01  1.2630875110e-03 
1411.000  2.7970857340e-01  1.2911816840e-03 
1412.000  2.6877889260e-01  1.2377533910e-03 
1413.000  2.7396934830e-01  1.2670705320e-03 
1414.000  2.7755219680e-01  1.2751945260e-03 
1415.000  2.7739127670e-01  1.2845101360e-03 
1416.000  2.7688234150e-01  1.2912119630e-03 
1417.000  2.7890358060e-01  1.2980730530e-03 
1418.000  2.7901228560e-01  1.2960708140e-03 
1419.000  2.7503863320e-01  1.2747091050e-03 
1420.000  2.7443497600e-01  1.2728739980e-03 
1421.000  2.7898964590e-01  1.3096534010e-03 
1422.000  2.7275576830e-01  1.2859234810e-03 
1423.000  2.7109531810e-01  1.2771400210e-03 
1424.000  2.7134033110e-01  1.2717735770e-03 
1425.000  2.7657611060e-01  1.2830878500e-03 
1426.000  2.6538481670e-01  1.2270652060e-03 
1427.000  2.6952559600e-01  1.2517113690e-03 
1428.000  2.7537557730e-01  1.2825576070e-03 
1429.000  2.6891725530e-01  1.2583464380e-03 
1430.000  2.6307596870e-01  1.2234615090e-03 
1431.000  2.6247302790e-01  1.1933716540e-03 
1432.000  2.6724439540e-01  1.1980350020e-03 
1433.000  2.6738019070e-01  1.1926876310e-03 
1434.000  2.6199134990e-01  1.1577327250e-03 
1435.000  2.6518776880e-01  1.1815212970e-03 
1436.000  2.6522353870e-01  1.1830394270e-03 
1437.000  2.6627121120e-01  1.1857526300e-03 
1438.000  2.6562326570e-01  1.1967430110e-03 
1439.000  2.6876367840e-01  1.2083452940e-03 
1440.000  2.5212708660e-01  1.1364408730e-03 
1441.000  2.6483223670e-01  1.1923807860e-03 
1442.000  2.5866626100e-01  1.1523056030e-03 
1443.000  2.6296156950e-01  1.1659755710e-03 
1444.000  2.6424028580e-01  1.1724193100e-03 
1445.000  2.6344272390e-01  1.1650570630e-03 
1446.000  2.6627067300e-01  1.1864714620e-03 
1447.000  2.6505339270e-01  1.1902564760e-03 
1448.000  2.6707979660e-01  1.1960691210e-03 
1449.000  2.6697357960e-01  1.1797405480e-03 
1450.000  2.6517723530e-01  1.1501905920e-03 
1451.000  2.6346747150e-01  1.1425262690e-03 
1452.000  2.6022349580e-01  1.1501276490e-03 
1453.000  2.6517632040e-01  1.2253632550e-03 
1454.000  2.6620684850e-01  1.3076332810e-03 
1455.000  2.6283978670e-01  1.3483922480e-03 
1456.000  2.6271961790e-01  1.4131720070e-03 
1457.000  2.6523869980e-01  1.4291445020e-03 
1458.000  2.6886551300e-01  1.4578088520e-03 
1459.000  2.6986442390e-01  1.3996278050e-03 
1460.000  2.6527310740e-01  1.3233821390e-03 
1461.000  2.6469346070e-01  1.2883409260e-03 
1462.000  2.6180268320e-01  1.2086540460e-03 
1463.000  2.6005712090e-01  1.1930874590e-03 
1464.000  2.5988604180e-01  1.1692367790e-03 
1465.000  2.6289117190e-01  1.1401711700e-03 
1466.000  2.5663000240e-01  1.0689812900e-03 
1467.000  2.6278102880e-01  1.0645382400e-03 
1468.000  2.5631407360e-01  1.0093419550e-03 
1469.000  2.5914061890e-01  9.8360794780e-04 
1470.000  2.5764589690e-01  9.6161091330e-04 
1471.000  2.5357154760e-01  9.7191518550e-04 
1472.000  2.5510385400e-01  1.0254430770e-03 
1473.000  2.5734844620e-01  1.1287566420e-03 
1474.000  2.5026298840e-01  1.1871029140e-03 
1475.000  2.5558407690e-01  1.2070211170e-03 
1476.000  2.5598831210e-01  1.2024633880e-03 
1477.000  2.5673955030e-01  1.1687154770e-03 
1478.000  2.5302608270e-01  1.1167330740e-03 
1479.000  2.5592485210e-01  1.0840533970e-03 
1480.000  2.5732720860e-01  1.1097419260e-03 
1481.000  2.5349091820e-01  1.1351908450e-03 
1482.000  2.5664685080e-01  1.2045440670e-03 
1483.000  2.5136093390e-01  1.1924271580e-03 
1484.000  2.5368424390e-01  1.2057135110e-03 
1485.000  2.5851350150e-01  1.2168780570e-03 
1486.000  2.5425355530e-01  1.2527924780e-03 
1487.000  2.5454442540e-01  1.3757820130e-03 
1488.000  2.2252280750e-01  1.2142083640e-03 
1489.000  2.5550329390e-01  1.5773818490e-03 
1490.000  2.5609791880e-01  1.7590806480e-03 
1491.000  2.5864354280e-01  1.9072097540e-03 
1492.000  2.5263366010e-01  1.8865269420e-03 
1493.000  2.5831077910e-01  2.0233881470e-03 
1494.000  2.5732982380e-01  2.0242123600e-03 
1495.000  2.5552929370e-01  2.0940389630e-03 
1496.000  2.4797266700e-01  2.1776666640e-03 
1497.000  2.5379671210e-01  2.2196958070e-03 
1498.000  2.5636732990e-01  2.3787178990e-03 
1499.000  2.5205537020e-01  2.4631919860e-03 
1500.000  2.5635383320e-01  2.5956943040e-03 
1501.000  2.5598777560e-01  2.5406410690e-03 
1502.000  2.5401049850e-01  2.4530417920e-03 
1503.000  2.2808680600e-01  2.1523637770e-03 
1504.000  2.3763066340e-01  2.2625133990e-03 
1505.000  2.3689242590e-01  2.3699891570e-03 
1506.000  2.4008632740e-01  2.4301877020e-03 
1507.000  2.5109754990e-01  2.6549015050e-03 
1508.000  2.4717695930e-01  2.6825540070e-03 
1509.000  2.4824469560e-01  2.7713339330e-03 
1510.000  2.5208069360e-01  2.8540480140e-03 
1511.000  2.5322700630e-01  2.9306066040e-03 
1512.000  2.4847344530e-01  2.9207355980e-03 
1513.000  2.4805763840e-01  2.9548490050e-03 
1514.000  2.4466222820e-01  2.9362919330e-03 
1515.000  2.4947006090e-01  3.0127699380e-03 
1516.000  2.4715503580e-01  2.9539961810e-03 
1517.000  2.4569135390e-01  2.9190709590e-03 
1518.000  2.5021964140e-01  2.9828243260e-03 
1519.000  2.4650636260e-01  2.9548256400e-03 
1520.000  2.4802281360e-01  3.0466105940e-03 
1521.000  2.4329876840e-01  3.0834517480e-03 
1522.000  2.4187491240e-01  3.1145215030e-03 
1523.000  2.4776228240e-01  3.2563519480e-03 
1524.000  2.4600371520e-01  3.2650885580e-03 
1525.000  2.4052153800e-01  3.2051415440e-03 
1526.000  2.4729654280e-01  3.2723069190e-03 
1527.000  2.4462385990e-01  3.2327876090e-03 
1528.000  2.4610707670e-01  3.2566087250e-03 
1529.000  2.4532828780e-01  3.2171647550e-03 
1530.000  2.2949734870e-01  3.0070266720e-03 
1531.000  2.4522163190e-01  3.1815733910e-03 
1532.000  2.4364872180e-01  3.1321451660e-03 
1533.000  2.4241787320e-01  3.0756642820e-03 
1534.000  2.3856537340e-01  2.9852628710e-03 
1535.000  2.3917960070e-01  2.9519855980e-03 
1536.000  2.4237809730e-01  3.0268111230e-03 
1537.000  2.4294075950e-01  3.0847527980e-03 
1538.000  2.3609630470e-01  3.0499131680e-03 
1539.000  2.4092406920e-01  3.1628386970e-03 
1540.000  2.3209612070e-01  3.0880343910e-03 
1541.000  2.3685829470e-01  3.1533689500e-03 
1542.000  2.3826673360e-01  3.1629679200e-03 
1543.000  2.3738029830e-01  3.1500651840e-03 
1544.000  2.4006521330e-01  3.1894435880e-03 
1545.000  2.4046680490e-01  3.2071940900e-03 
1546.000  2.4026003340e-01  3.2328376770e-03 
1547.000  2.3760797390e-01  3.2244551180e-03 
1548.000  2.3040304630e-01  3.1512737270e-03 
1549.000  2.3630833680e-01  3.2475335600e-03 
1550.000  2.3499625660e-01  3.2425110340e-03 
1551.000  2.3376616070e-01  3.2118427750e-03 
1552.000  2.3773967450e-01  3.2395532130e-03 
1553.000  2.3639837600e-01  3.1999304290e-03 
1554.000  2.2773675270e-01  3.0562136170e-03 
1555.000  2.3138923520e-01  3.0871682170e-03 
1556.000  2.2688422620e-01  3.0491139890e-03 
1557.000  2.3424923650e-01  3.2032718660e-03 
1558.000  2.3245478180e-01  3.2256648540e-03 
1559.000  2.3256594360e-01  3.2719223500e-03 
1560.000  2.2854984340e-01  3.2651865480e-03 
1561.000  2.3398746520e-01  3.3534872530e-03 
1562.000  2.3406258610e-01  3.3228886130e-03 
1563.000  2.3072339570e-01  3.2512433530e-03 
1564.000  2.2638011220e-01  3.1573903560e-03 
1565.000  2.3029367540e-01  3.1725025180e-03 
1566.000  2.2592981880e-01  3.1151249410e-03 
1567.000  2.2658265910e-01  3.1279706950e-03 
1568.000  2.2277376050e-01  3.0669252870e-03 
1569.000  2.2460230660e-01  3.0795989040e-03 
1570.000  2.1956513510e-01  3.0103921890e-03 
1571.000  2.2544836030e-01  3.1186621190e-03 
1572.000  2.2565112320e-01  3.1320114140e-03 
1573.000  2.2187476470e-01  3.1089787480e-03 
1574.000  2.2209631300e-01  3.1500704290e-03 
1575.000  2.0597683920e-01  2.9500491620e-03 
1576.000  2.2128740160e-01  3.1696107390e-03 
1577.000  1.9972661100e-01  2.8219468590e-03 
1578.000  2.1844292280e-01  3.0441751480e-03 
1579.000  2.1937677340e-01  3.0206420420e-03 
1580.000  2.2328242110e-01  3.0467150210e-03 
1581.000  2.2180178080e-01  2.9889991280e-03 
1582.000  2.1670412750e-01  2.9511284830e-03 
1583.000  2.1879298670e-01  3.0091238020e-03 
1584.000  2.1633065440e-01  3.0050263400e-03 
1585.000  2.2235422140e-01  3.1129863260e-03 
1586.000  2.1956131750e-01  3.0830051900e-03 
1587.000  2.1688572010e-01  3.0709602830e-03 
1588.000  2.1341645270e-01  3.0449380870e-03 
1589.000  1.9520375860e-01  2.7934434410e-03 
1590.000  2.1035634720e-01  3.0199100970e-03 
1591.000  2.0564307000e-01  2.9644837380e-03 
1592.000  2.1654977340e-01  3.1284749510e-03 
1593.000  2.2146761920e-01  3.2020454410e-03 
1594.000  2.1991321780e-01  3.1813735960e-03 
1595.000  2.2137832760e-01  3.2037401200e-03 
1596.000  2.0737273960e-01  3.0159375670e-03 
1597.000  2.1583046630e-01  3.1327729230e-03 
1598.000  2.1990365260e-01  3.1773138050e-03 
1599.000  2.1254211690e-01  3.0515220170e-03 
1600.000  2.1608439360e-01  3.0904173850e-03 
1601.000  2.0698808520e-01  2.9761776920e-03 
1602.000  2.1228120870e-01  3.0889928340e-03 
1603.000  2.1067106370e-01  3.1191072460e-03 
1604.000  2.1325811620e-01  3.2178030010e-03 
1605.000  2.1010518230e-01  3.2115485670e-03 
1606.000  2.0924971920e-01  3.2416255470e-03 
1607.000  2.1012926980e-01  3.2181172370e-03 
1608.000  2.1252350210e-01  3.2184665200e-03 
1609.000  2.1170645960e-01  3.1762163640e-03 
1610.000  1.9849609190e-01  2.9535815720e-03 
1611.000  2.0420245610e-01  3.0296390060e-03 
1612.000  2.0594852540e-01  3.0480487350e-03 
1613.000  2.1034410860e-01  3.1038720610e-03 
1614.000  2.0827973180e-01  3.0404551030e-03 
1615.000  2.1154380180e-01  3.0732693670e-03 
1616.000  1.9820284340e-01  2.8629736900e-03 
1617.000  2.0391537150e-01  2.9906690120e-03 
1618.000  2.1026896690e-01  3.1110131740e-03 
1619.000  2.0952514300e-01  3.1467750070e-03 
1620.000  2.0417465830e-01  3.1115527150e-03 
1621.000  2.0111386990e-01  3.1031756400e-03 
1622.000  2.0617603130e-01  3.1870043280e-03 
1623.000  2.1030415360e-01  3.2652976510e-03 
1624.000  2.1175751830e-01  3.2976164820e-03 
1625.000  2.0643966360e-01  3.2399201390e-03 
1626.000  2.0897107190e-01  3.2699830530e-03 
1627.000  2.0870146010e-01  3.2859053610e-03 
1628.000  2.1037856540e-01  3.3235902790e-03 
1629.000  2.1034801840e-01  3.3326742650e-03 
1630.000  2.0463723170e-01  3.2446429730e-03 
1631.000  2.0783781420e-01  3.3078975680e-03 
1632.000  2.0789028620e-01  3.2512423990e-03 
1633.000  2.0521481250e-01  3.1665337090e-03 
1634.000  2.0041285690e-01  3.0467741490e-03 
1635.000  2.0578612870e-01  3.0883696080e-03 
1636.000  2.0524182670e-01  3.0336766240e-03 
1637.000  1.9610424990e-01  2.8567512040e-03 
1638.000  1.9467109400e-01  2.8026871680e-03 
1639.000  1.9273123140e-01  2.7281014920e-03 
1640.000  1.9388733120e-01  2.7063052650e-03 
1641.000  1.9268738670e-01  2.6637835500e-03 
1642.000  1.9244725660e-01  2.7303447720e-03 
1643.000  1.9739346090e-01  2.8673169610e-03 
1644.000  1.9433879840e-01  2.8867959980e-03 
1645.000  1.9477194660e-01  2.9536674020e-03 
1646.000  1.9711291630e-01  3.0467524530e-03 
1647.000  1.9896368180e-01  3.0709111690e-03 
1648.000  1.9819507770e-01  3.0475552080e-03 
1649.000  1.9366741160e-01  2.9722433090e-03 
1650.000  1.9857489810e-01  3.0441515450e-03 
1651.000  1.9410082750e-01  2.9725236890e-03 
1652.000  1.9797459860e-01  3.0272212030e-03 
1653.000  1.9575172330e-01  3.0002231600e-03 
1654.000  1.9794799060e-01  3.0355296130e-03 
1655.000  1.9398040020e-01  2.9842977520e-03 
1656.000  1.9770612720e-01  3.0478005410e-03 
1657.000  1.9627320560e-01  3.0253958700e-03 
1658.000  1.9733371810e-01  3.0493564610e-03 
1659.000  1.9369876420e-01  2.9935765270e-03 
1660.000  1.9606261770e-01  3.0227930550e-03 
1661.000  1.9683239920e-01  3.0145773890e-03 
1662.000  1.9550969440e-01  2.9292931560e-03 
1663.000  1.9427901320e-01  2.8533439640e-03 
1664.000  1.9345679740e-01  2.7830333710e-03 
1665.000  1.9148117700e-01  2.6960988040e-03 
1666.000  1.9054916240e-01  2.6729049680e-03 
1667.000  1.9207167400e-01  2.7527897360e-03 
1668.000  1.8881747850e-01  2.7468802930e-03 
1669.000  1.8911981820e-01  2.7995095250e-03 
1670.000  1.9319213540e-01  2.9085495470e-03 
1671.000  1.9171703050e-01  2.9387140270e-03 
1672.000  1.8263613700e-01  2.8595600130e-03 
1673.000  1.8801662830e-01  2.9949300290e-03 
1674.000  1.8889034900e-01  3.0637354850e-03 
1675.000  1.8714025810e-01  3.0964331630e-03 
1676.000  1.8415913010e-01  3.0668911930e-03 
1677.000  1.8504423340e-01  3.0782198910e-03 
1678.000  1.8591300470e-01  3.0958089830e-03 
1679.000  1.8344033740e-01  3.0469458100e-03 
1680.000  1.7703155480e-01  2.9420895580e-03 
1681.000  1.7082633460e-01  2.8391625880e-03 
1682.000  1.7575949450e-01  2.9180994030e-03 
1683.000  1.8015258410e-01  2.9840738770e-03 
1684.000  1.8351363450e-01  3.0335953240e-03 
1685.000  1.8423258400e-01  3.0282247070e-03 
1686.000  1.8200971190e-01  2.9771082400e-03 
1687.000  1.8302585070e-01  2.9527018070e-03 
1688.000  1.8336775430e-01  2.9222760200e-03 
1689.000  1.8115769470e-01  2.8679831030e-03 
1690.000  1.8132099820e-01  2.8322427270e-03 
1691.000  1.8369379890e-01  2.8790593150e-03 
1692.000  1.8402818900e-01  2.9026317600e-03 
1693.000  1.8332864310e-01  2.9132659440e-03 
1694.000  1.8305128450e-01  2.9273636340e-03 
1695.000  1.8326040940e-01  2.9373066430e-03 
1696.000  1.8218873110e-01  2.8816909790e-03 
1697.000  1.8114809390e-01  2.8150992390e-03 
1698.000  1.8224136290e-01  2.7854185100e-03 
1699.000  1.8106363590e-01  2.7245216370e-03 
1700.000  1.7874254500e-01  2.6493875980e-03 
