 lambda   Irr_dw            Rad_up 
 550.000  1.5536006700e+00  4.7504924770e-02 
 551.000  1.5433415500e+00  4.7034259800e-02 
 552.000  1.6092225000e+00  4.9006984710e-02 
 553.000  1.5456550900e+00  4.6888488770e-02 
 554.000  1.5956209100e+00  4.8345455170e-02 
 555.000  1.5996069200e+00  4.8244701390e-02 
 556.000  1.5550661400e+00  4.6692134860e-02 
 557.000  1.5085629500e+00  4.5248748780e-02 
 558.000  1.5655055400e+00  4.6747406010e-02 
 559.000  1.4794326600e+00  4.4046710970e-02 
 560.000  1.4856960500e+00  4.4180004120e-02 
 561.000  1.6326452600e+00  4.8316612240e-02 
 562.000  1.4988255000e+00  4.4271911620e-02 
 563.000  1.5680347600e+00  4.6103191380e-02 
 564.000  1.5460492100e+00  4.5180397030e-02 
 565.000  1.5647959800e+00  4.5653694150e-02 
 566.000  1.4428121200e+00  4.1899326320e-02 
 567.000  1.5489883300e+00  4.4660644530e-02 
 568.000  1.5495668600e+00  4.4080268860e-02 
 569.000  1.5281826500e+00  4.2287628170e-02 
 570.000  1.5347167100e+00  4.2459415440e-02 
 571.000  1.4738110000e+00  4.1336429600e-02 
 572.000  1.5645832500e+00  4.3135704040e-02 
 573.000  1.5794337200e+00  4.3629848480e-02 
 574.000  1.5703830500e+00  4.3276897430e-02 
 575.000  1.5325925100e+00  4.2040573120e-02 
 576.000  1.5050031300e+00  4.1151535030e-02 
 577.000  1.5656204100e+00  4.2814376830e-02 
 578.000  1.5172103200e+00  4.1742164610e-02 
 579.000  1.5034022000e+00  4.1348419190e-02 
 580.000  1.5532240200e+00  4.2917896270e-02 
 581.000  1.5221263500e+00  4.2181533810e-02 
 582.000  1.5430745500e+00  4.2628955840e-02 
 583.000  1.5529736100e+00  4.2950687410e-02 
 584.000  1.5473217900e+00  4.2594516750e-02 
 585.000  1.5367194000e+00  4.2142803190e-02 
 586.000  1.4703721100e+00  4.0272987370e-02 
 587.000  1.5309424800e+00  4.1368003850e-02 
 588.000  1.5290648100e+00  3.9956848140e-02 
 589.000  1.3746819800e+00  3.4290805820e-02 
 590.000  1.4365608500e+00  3.5722988130e-02 
 591.000  1.5118445600e+00  3.8572719570e-02 
 592.000  1.4904738100e+00  3.7255592350e-02 
 593.000  1.4897488100e+00  3.8367000580e-02 
 594.000  1.5070290800e+00  3.8473247530e-02 
 595.000  1.4896903300e+00  3.7046737670e-02 
 596.000  1.5099286600e+00  3.8770729060e-02 
 597.000  1.5179831600e+00  3.8486469270e-02 
 598.000  1.4800905500e+00  3.8023315430e-02 
 599.000  1.4776209100e+00  3.8112701420e-02 
 600.000  1.4717407600e+00  3.8419841770e-02 
 601.000  1.4593369700e+00  3.8447364810e-02 
 602.000  1.4418876400e+00  3.7981697080e-02 
 603.000  1.4491277800e+00  3.8286071780e-02 
 604.000  1.4937726700e+00  3.9615711210e-02 
 605.000  1.4893491200e+00  3.9342231750e-02 
 606.000  1.4718717000e+00  3.8927993770e-02 
 607.000  1.4634149300e+00  3.8598861690e-02 
 608.000  1.4579244200e+00  3.8318008420e-02 
 609.000  1.4428766800e+00  3.7890731810e-02 
 610.000  1.4196754500e+00  3.7153972630e-02 
 611.000  1.4426454900e+00  3.7701774600e-02 
 612.000  1.4238224300e+00  3.7167709350e-02 
 613.000  1.4029907900e+00  3.6509761810e-02 
 614.000  1.3518500400e+00  3.5161159520e-02 
 615.000  1.4171410200e+00  3.6699413300e-02 
 616.000  1.3474500000e+00  3.4887729640e-02 
 617.000  1.3551336600e+00  3.5036785130e-02 
 618.000  1.4191793000e+00  3.6504428860e-02 
 619.000  1.4063662900e+00  3.6197784420e-02 
 620.000  1.4273623800e+00  3.6547901150e-02 
 621.000  1.4522211000e+00  3.7141868590e-02 
 622.000  1.3759505000e+00  3.5085819240e-02 
 623.000  1.3871662900e+00  3.5151599880e-02 
 624.000  1.3891132300e+00  3.5249851230e-02 
 625.000  1.3519234900e+00  3.4270614620e-02 
 626.000  1.3598435600e+00  3.4224353790e-02 
 627.000  1.3882875800e+00  3.4408630370e-02 
 628.000  1.3948676700e+00  3.3109123230e-02 
 629.000  1.4157350400e+00  3.4158039090e-02 
 630.000  1.3649328300e+00  3.3322555540e-02 
 631.000  1.4106928400e+00  3.4531120300e-02 
 632.000  1.3161939300e+00  3.1975414280e-02 
 633.000  1.4062722200e+00  3.4529373170e-02 
 634.000  1.3617241700e+00  3.3594337460e-02 
 635.000  1.3862048900e+00  3.4216266630e-02 
 636.000  1.3360152300e+00  3.3047271730e-02 
 637.000  1.3792870700e+00  3.4169513700e-02 
 638.000  1.3980165500e+00  3.4769428250e-02 
 639.000  1.3861832900e+00  3.4302722930e-02 
 640.000  1.3412718000e+00  3.3441108700e-02 
 641.000  1.3604988300e+00  3.3858852390e-02 
 642.000  1.3431670500e+00  3.3438659670e-02 
 643.000  1.3683333100e+00  3.3875354770e-02 
 644.000  1.3525642600e+00  3.3338974000e-02 
 645.000  1.3667787600e+00  3.3520347600e-02 
 646.000  1.3245962900e+00  3.1484291080e-02 
 647.000  1.3498382000e+00  3.1398904800e-02 
 648.000  1.3554044700e+00  3.1018796920e-02 
 649.000  1.3753963000e+00  3.1780160900e-02 
 650.000  1.2622034000e+00  3.0098873140e-02 
 651.000  1.3597489600e+00  3.2391464230e-02 
 652.000  1.3451938600e+00  3.1135459900e-02 
 653.000  1.3588576100e+00  3.2431488040e-02 
 654.000  1.3426390500e+00  3.1754873280e-02 
 655.000  1.3120450100e+00  3.0619644170e-02 
 656.000  1.1126006300e+00  2.6017150880e-02 
 657.000  1.1852458700e+00  2.7876632690e-02 
 658.000  1.3158359900e+00  3.1366262440e-02 
 659.000  1.3164980600e+00  3.1514051440e-02 
 660.000  1.3257830900e+00  3.1822586060e-02 
 661.000  1.3283927400e+00  3.2186489110e-02 
 662.000  1.3460635800e+00  3.2706417080e-02 
 663.000  1.3315090700e+00  3.2224006650e-02 
 664.000  1.3098462100e+00  3.1697305680e-02 
 665.000  1.3151911200e+00  3.1800090790e-02 
 666.000  1.3304659800e+00  3.2292404170e-02 
 667.000  1.3036621500e+00  3.1532052990e-02 
 668.000  1.3105205100e+00  3.1815460210e-02 
 669.000  1.3291276100e+00  3.2305255890e-02 
 670.000  1.3131093200e+00  3.1744876860e-02 
 671.000  1.2990354100e+00  3.1422275540e-02 
 672.000  1.2947421500e+00  3.1277721410e-02 
 673.000  1.3039518200e+00  3.1437944410e-02 
 674.000  1.3064205600e+00  3.1488227840e-02 
 675.000  1.2864043300e+00  3.0924526210e-02 
 676.000  1.3106306900e+00  3.1499687190e-02 
 677.000  1.2845043000e+00  3.0872535710e-02 
 678.000  1.3056916800e+00  3.1317211150e-02 
 679.000  1.2872957000e+00  3.0774330140e-02 
 680.000  1.2778553900e+00  3.0509395600e-02 
 681.000  1.2798387400e+00  3.0458873750e-02 
 682.000  1.2773990600e+00  3.0263896940e-02 
 683.000  1.2860888800e+00  3.0340965270e-02 
 684.000  1.2638954700e+00  2.9781909940e-02 
 685.000  1.2775690600e+00  3.0035947800e-02 
 686.000  1.2243948900e+00  2.8368604660e-02 
 687.000  1.2254561600e+00  2.4527750020e-02 
 688.000  1.2263497700e+00  2.5499013900e-02 
 689.000  1.2298986300e+00  2.5361740110e-02 
 690.000  1.2358364700e+00  2.5996492390e-02 
 691.000  1.2407874800e+00  2.6775081630e-02 
 692.000  1.2333058200e+00  2.6932138440e-02 
 693.000  1.2414501000e+00  2.6150674820e-02 
 694.000  1.2550776100e+00  2.5716396330e-02 
 695.000  1.2320913800e+00  2.5624586110e-02 
 696.000  1.2458909400e+00  2.6159486770e-02 
 697.000  1.2448292900e+00  2.7777242660e-02 
 698.000  1.2225519100e+00  2.6824548720e-02 
 699.000  1.2483975800e+00  2.6013753890e-02 
 700.000  1.2334667200e+00  2.5862735750e-02 
 701.000  1.2065647000e+00  2.4946723940e-02 
 702.000  1.2003642400e+00  2.5011510850e-02 
 703.000  1.2149641300e+00  2.6342836380e-02 
 704.000  1.2184953800e+00  2.6483259200e-02 
 705.000  1.2289578100e+00  2.6210157390e-02 
 706.000  1.2158451700e+00  2.6011369710e-02 
 707.000  1.1972590100e+00  2.5775541310e-02 
 708.000  1.2317092900e+00  2.6700498580e-02 
 709.000  1.1872192300e+00  2.6075435640e-02 
 710.000  1.2154774600e+00  2.6199489590e-02 
 711.000  1.2024652700e+00  2.6290470120e-02 
 712.000  1.1850612300e+00  2.6290670390e-02 
 713.000  1.1806619900e+00  2.5846715930e-02 
 714.000  1.2009615400e+00  2.6087781910e-02 
 715.000  1.1598711100e+00  2.4671800610e-02 
 716.000  1.1910434900e+00  2.4796569820e-02 
 717.000  1.1613184900e+00  2.1695728300e-02 
 718.000  1.1551662800e+00  2.0128053670e-02 
 719.000  1.1418667200e+00  1.9284374240e-02 
 720.000  1.1501993900e+00  1.8757755280e-02 
 721.000  1.1485420000e+00  2.1969205860e-02 
 722.000  1.1646461600e+00  2.3383060460e-02 
 723.000  1.1622543600e+00  2.2582399370e-02 
 724.000  1.1693143100e+00  2.0782566070e-02 
 725.000  1.1565506900e+00  2.0819852830e-02 
 726.000  1.1544378800e+00  2.0694150920e-02 
 727.000  1.1715171300e+00  2.1193315510e-02 
 728.000  1.1513947300e+00  2.0591150280e-02 
 729.000  1.1056379900e+00  2.0405477520e-02 
 730.000  1.1464942900e+00  2.1033746720e-02 
 731.000  1.1275954700e+00  2.0622695920e-02 
 732.000  1.1487114600e+00  2.2134635930e-02 
 733.000  1.1308587300e+00  2.3067579270e-02 
 734.000  1.1540604100e+00  2.4126348500e-02 
 735.000  1.1448574800e+00  2.3644716260e-02 
 736.000  1.1238436400e+00  2.2817264560e-02 
 737.000  1.1384322800e+00  2.3353822710e-02 
 738.000  1.1349769900e+00  2.3706745150e-02 
 739.000  1.0981301600e+00  2.3157739640e-02 
 740.000  1.1081052700e+00  2.3789884570e-02 
 741.000  1.0990628800e+00  2.3943361280e-02 
 742.000  1.0808741800e+00  2.3674432750e-02 
 743.000  1.1123270100e+00  2.4653165820e-02 
 744.000  1.1227471800e+00  2.5034723280e-02 
 745.000  1.0934392200e+00  2.4508066180e-02 
 746.000  1.1085641700e+00  2.4873140340e-02 
 747.000  1.1251656800e+00  2.5208902360e-02 
 748.000  1.1049538200e+00  2.4742984770e-02 
 749.000  1.1051511500e+00  2.4761760710e-02 
 750.000  1.0890117100e+00  2.4303054810e-02 
 751.000  1.0862101400e+00  2.4225954060e-02 
 752.000  1.1026646500e+00  2.4638214110e-02 
 753.000  1.0922289500e+00  2.4406084060e-02 
 754.000  1.1093282600e+00  2.4782409670e-02 
 755.000  1.1029676200e+00  2.4625953670e-02 
 756.000  1.0813703400e+00  2.4130537030e-02 
 757.000  1.0893645900e+00  2.4293022160e-02 
 758.000  1.0882310000e+00  2.4189182280e-02 
 759.000  1.0470652900e+00  2.1336261750e-02 
 760.000  8.2383211200e-01  8.6208314900e-03 
 761.000  7.9393407200e-01  7.6356706620e-03 
 762.000  9.2602326600e-01  1.3807827950e-02 
 763.000  9.1117179200e-01  1.1936253550e-02 
 764.000  9.3454415400e-01  1.3031551360e-02 
 765.000  9.8082792100e-01  1.5827336310e-02 
 766.000  9.7251966000e-01  1.8162023540e-02 
 767.000  1.0023804960e+00  1.9911869050e-02 
 768.000  1.0512834800e+00  2.1842987060e-02 
 769.000  1.0527329400e+00  2.2605487820e-02 
 770.000  1.0500509300e+00  2.2921937940e-02 
 771.000  1.0514944200e+00  2.3164911270e-02 
 772.000  1.0476159800e+00  2.3118724820e-02 
 773.000  1.0433043600e+00  2.3030756000e-02 
 774.000  1.0543160400e+00  2.3283668520e-02 
 775.000  1.0146031200e+00  2.2407468800e-02 
 776.000  1.0563178600e+00  2.3370254520e-02 
 777.000  1.0490027100e+00  2.3179079060e-02 
 778.000  1.0434600800e+00  2.3001777650e-02 
 779.000  1.0469326300e+00  2.3009916310e-02 
 780.000  1.0340631900e+00  2.2742935180e-02 
 781.000  1.0322036900e+00  2.2687387470e-02 
 782.000  1.0447373300e+00  2.2870468140e-02 
 783.000  1.0204035100e+00  2.2424957280e-02 
 784.000  1.0263130640e+00  2.2495544430e-02 
 785.000  1.0296885580e+00  2.2356084820e-02 
 786.000  1.0128268370e+00  2.1844738010e-02 
 787.000  1.0297119860e+00  2.1723527910e-02 
 788.000  1.0152454530e+00  2.1248771670e-02 
 789.000  1.0243790820e+00  2.0787290570e-02 
 790.000  1.0143386160e+00  2.0478204730e-02 
 791.000  1.0086047830e+00  2.0487218860e-02 
 792.000  9.9215433400e-01  2.0188711170e-02 
 793.000  9.8998806500e-01  2.0371192930e-02 
 794.000  9.7734029400e-01  2.0679538730e-02 
 795.000  9.7363818200e-01  2.0127309800e-02 
 796.000  9.9434843200e-01  1.9835790630e-02 
 797.000  9.9948936800e-01  2.0183151250e-02 
 798.000  9.9745950700e-01  2.0638669970e-02 
 799.000  9.9728083500e-01  2.0448047640e-02 
 800.000  9.7312776200e-01  1.9553373340e-02 
 801.000  9.9114504200e-01  1.9951368330e-02 
 802.000  9.8937994900e-01  1.9825532910e-02 
 803.000  9.7507440500e-01  1.9606801990e-02 
 804.000  9.8306111500e-01  1.9995182040e-02 
 805.000  9.5461364600e-01  1.9779497150e-02 
 806.000  9.7954019100e-01  2.0453449250e-02 
 807.000  9.7348091600e-01  2.0368803020e-02 
 808.000  9.6833725800e-01  2.0083843230e-02 
 809.000  9.5254790400e-01  1.9579145430e-02 
 810.000  9.4891325500e-01  1.9303390500e-02 
 811.000  9.6532401200e-01  1.9308124540e-02 
 812.000  9.6356612100e-01  1.8918342590e-02 
 813.000  9.6103844000e-01  1.8340091710e-02 
 814.000  9.6167428000e-01  1.7872335430e-02 
 815.000  9.5346243700e-01  1.7130243300e-02 
 816.000  9.4737939200e-01  1.6316795350e-02 
 817.000  9.5297223000e-01  1.6426452640e-02 
 818.000  9.4697033800e-01  1.6285547260e-02 
 819.000  9.2082994400e-01  1.6125347140e-02 
 820.000  9.0119742600e-01  1.6534704210e-02 
 821.000  9.2899254400e-01  1.7954669950e-02 
 822.000  9.0438281100e-01  1.6656028750e-02 
 823.000  9.2060479800e-01  1.5214537620e-02 
 824.000  9.3118594600e-01  1.6869342800e-02 
 825.000  9.2727102800e-01  1.8074249270e-02 
 826.000  9.3357159000e-01  1.7908582690e-02 
 827.000  9.3092294100e-01  1.7661745070e-02 
 828.000  9.3080074200e-01  1.6882154460e-02 
 829.000  9.2972811600e-01  1.7076147080e-02 
 830.000  9.1426298200e-01  1.7083082200e-02 
 831.000  8.9804020100e-01  1.6833227160e-02 
 832.000  9.1633083300e-01  1.7170690540e-02 
 833.000  8.8738630400e-01  1.6900049210e-02 
 834.000  8.9986420400e-01  1.7358749390e-02 
 835.000  8.9981064200e-01  1.7655593870e-02 
 836.000  9.1093793500e-01  1.7881727220e-02 
 837.000  9.0350505800e-01  1.7673305510e-02 
 838.000  9.0573099700e-01  1.7962211610e-02 
 839.000  8.7681263200e-01  1.7484792710e-02 
 840.000  9.0002675500e-01  1.7930185320e-02 
 841.000  9.0334389000e-01  1.7821498870e-02 
 842.000  8.9686150700e-01  1.7788446430e-02 
 843.000  8.8863558100e-01  1.8058408740e-02 
 844.000  8.7294870100e-01  1.7903259280e-02 
 845.000  8.8572092100e-01  1.8234287260e-02 
 846.000  8.9307461400e-01  1.8527194980e-02 
 847.000  8.6169391500e-01  1.8027626040e-02 
 848.000  8.8818807400e-01  1.8380132680e-02 
 849.000  8.8970610300e-01  1.8518365860e-02 
 850.000  7.6973656600e-01  1.5866902350e-02 
 851.000  8.8255140900e-01  1.8047792430e-02 
 852.000  8.4904349400e-01  1.7433847430e-02 
 853.000  8.5774215500e-01  1.7655506130e-02 
 854.000  6.8965835400e-01  1.4227021220e-02 
 855.000  7.5865292300e-01  1.5759687420e-02 
 856.000  8.5953060300e-01  1.7896163940e-02 
 857.000  8.7263979900e-01  1.8324300770e-02 
 858.000  8.5835741600e-01  1.8019968030e-02 
 859.000  8.5748463800e-01  1.8054637910e-02 
 860.000  8.4944372800e-01  1.7974912640e-02 
 861.000  8.4929334500e-01  1.7949069980e-02 
 862.000  8.4628583100e-01  1.7820405960e-02 
 863.000  8.6245820100e-01  1.8264051440e-02 
 864.000  8.6058438700e-01  1.8070606230e-02 
 865.000  8.4443995200e-01  1.7867372510e-02 
 866.000  7.0829996300e-01  1.5032012940e-02 
 867.000  7.5431172400e-01  1.5791029930e-02 
 868.000  8.1809104300e-01  1.7216672900e-02 
 869.000  8.0659268800e-01  1.6962257390e-02 
 870.000  8.3992031500e-01  1.7782165530e-02 
 871.000  8.3871877000e-01  1.7683712010e-02 
 872.000  8.3525588600e-01  1.7374380110e-02 
 873.000  8.3874201500e-01  1.7577249530e-02 
 874.000  8.2043798500e-01  1.7107345580e-02 
 875.000  8.1293176200e-01  1.7101766590e-02 
 876.000  8.1989526700e-01  1.7160200120e-02 
 877.000  8.3635615300e-01  1.7346857070e-02 
 878.000  8.2259276000e-01  1.7137554170e-02 
 879.000  8.2455078100e-01  1.7235916140e-02 
 880.000  8.2030079200e-01  1.6950494770e-02 
 881.000  7.7793883100e-01  1.6119096760e-02 
 882.000  8.2118972700e-01  1.6809896470e-02 
 883.000  8.0221550300e-01  1.6611921310e-02 
 884.000  8.0894384100e-01  1.6971269610e-02 
 885.000  8.1829184600e-01  1.6679439540e-02 
 886.000  7.9280055900e-01  1.6188051220e-02 
 887.000  7.8372718300e-01  1.5989259720e-02 
 888.000  8.0727806800e-01  1.6276380540e-02 
 889.000  8.1239700900e-01  1.6673585890e-02 
 890.000  8.1056949400e-01  1.6534044270e-02 
 891.000  8.0753198600e-01  1.6235843660e-02 
 892.000  8.0688330200e-01  1.5983922000e-02 
 893.000  7.8129842600e-01  1.4602184300e-02 
 894.000  8.0971477200e-01  1.4862379070e-02 
 895.000  7.7473318500e-01  1.3542755130e-02 
 896.000  8.0548790200e-01  1.3192828180e-02 
 897.000  7.8694176800e-01  1.2378789900e-02 
 898.000  7.8829374600e-01  1.2004094120e-02 
 899.000  7.8758639700e-01  1.1075725560e-02 
 900.000  7.6792010600e-01  1.0803203580e-02 
 901.000  7.5146898400e-01  1.0388854030e-02 
 902.000  7.3763836600e-01  1.0233670230e-02 
 903.000  7.7372641000e-01  1.2074748040e-02 
 904.000  7.8808864800e-01  1.3117548940e-02 
 905.000  7.8600216900e-01  1.3336711880e-02 
 906.000  7.6518883300e-01  1.2444249150e-02 
 907.000  7.7815510200e-01  1.1628643040e-02 
 908.000  7.5912332300e-01  1.0656755450e-02 
 909.000  7.4423159200e-01  1.0450365070e-02 
 910.000  7.5303403800e-01  1.0652337070e-02 
 911.000  7.5103825900e-01  1.1199116710e-02 
 912.000  7.5266566600e-01  1.0779203410e-02 
 913.000  7.7028272100e-01  1.0253050800e-02 
 914.000  7.6532451500e-01  1.0535545350e-02 
 915.000  7.5269241500e-01  1.0887928960e-02 
 916.000  7.6104965800e-01  1.1024598120e-02 
 917.000  7.4913832800e-01  1.1005544660e-02 
 918.000  7.4533533100e-01  1.1182882310e-02 
 919.000  7.5516478100e-01  1.2524044990e-02 
 920.000  7.4795898900e-01  1.2744650840e-02 
 921.000  7.3158120400e-01  1.2307922360e-02 
 922.000  7.2504107900e-01  1.2292658810e-02 
 923.000  6.9464823500e-01  1.1240805630e-02 
 924.000  7.2403747900e-01  1.1633428570e-02 
 925.000  7.3364997900e-01  1.1677985190e-02 
 926.000  7.0745804100e-01  1.1093322750e-02 
 927.000  7.3381326800e-01  1.1304806710e-02 
 928.000  7.3833149000e-01  1.0499182700e-02 
 929.000  7.2801751700e-01  9.2520990370e-03 
 930.000  7.2619006500e-01  8.0500850680e-03 
 931.000  7.2589426500e-01  7.1553826330e-03 
 932.000  7.1878370900e-01  6.1300592420e-03 
 933.000  7.2074707200e-01  5.5927810670e-03 
 934.000  7.1443849000e-01  5.0812554360e-03 
 935.000  7.0385188500e-01  4.9579467770e-03 
 936.000  6.9878458800e-01  5.0745115280e-03 
 937.000  7.1438229200e-01  5.1492171290e-03 
 938.000  7.0688657300e-01  5.6324572560e-03 
 939.000  7.1314878300e-01  7.5416779520e-03 
 940.000  7.0950953600e-01  7.8952336310e-03 
 941.000  6.9337968600e-01  7.4028954510e-03 
 942.000  6.6684716800e-01  6.4711709020e-03 
 943.000  7.0262428700e-01  5.8960552220e-03 
 944.000  6.8331041100e-01  5.6670055390e-03 
 945.000  6.8985764500e-01  6.0060253140e-03 
 946.000  6.9921394100e-01  6.1101207730e-03 
 947.000  6.9498437300e-01  6.3733372690e-03 
 948.000  6.9918761300e-01  6.5959815980e-03 
 949.000  7.0140267100e-01  6.6029806140e-03 
 950.000  6.9677916500e-01  6.6085338590e-03 
 951.000  6.9264269300e-01  7.0112915040e-03 
 952.000  6.9257055400e-01  6.5597882270e-03 
 953.000  6.9065885500e-01  6.8758969310e-03 
 954.000  6.8398714600e-01  7.2066569330e-03 
 955.000  6.3888268400e-01  6.4561367030e-03 
 956.000  6.8153772500e-01  6.8501548770e-03 
 957.000  6.8118524400e-01  7.9411058430e-03 
 958.000  6.8643667200e-01  8.1925077440e-03 
 959.000  6.8909034900e-01  8.0227785110e-03 
 960.000  6.8257974100e-01  7.8975496290e-03 
 961.000  6.7525831700e-01  7.7172446250e-03 
 962.000  6.7862009600e-01  7.8533687590e-03 
 963.000  6.7721895400e-01  8.5875549320e-03 
 964.000  6.6946890800e-01  8.6105127330e-03 
 965.000  6.7765353900e-01  8.6418056490e-03 
 966.000  6.5809308800e-01  8.4421949390e-03 
 967.000  6.7766433100e-01  9.3238677980e-03 
 968.000  6.7019516500e-01  1.0245192530e-02 
 969.000  6.7428941100e-01  1.0758037570e-02 
 970.000  6.7611819100e-01  1.0811688420e-02 
 971.000  6.7013364000e-01  1.0697745320e-02 
 972.000  6.7488431600e-01  1.0631896970e-02 
 973.000  6.6864769900e-01  1.0234203340e-02 
 974.000  6.5839858700e-01  9.7248935700e-03 
 975.000  6.6169005500e-01  9.5344285960e-03 
 976.000  6.6969830900e-01  9.9249114990e-03 
 977.000  6.5272047900e-01  1.0104538920e-02 
 978.000  6.6886766800e-01  1.0317765240e-02 
 979.000  6.4942951300e-01  1.0132591250e-02 
 980.000  6.5858609900e-01  1.0749938010e-02 
 981.000  6.6307657800e-01  1.0939971920e-02 
 982.000  6.6164624000e-01  1.0801230430e-02 
 983.000  6.5985679000e-01  1.1045642850e-02 
 984.000  6.5543653500e-01  1.1280882840e-02 
 985.000  6.5512432600e-01  1.1465679170e-02 
 986.000  6.4978006200e-01  1.1639052390e-02 
 987.000  6.5716887900e-01  1.1893370630e-02 
 988.000  6.4906543700e-01  1.1769610400e-02 
 989.000  6.4082704100e-01  1.1631090160e-02 
 990.000  6.4628856200e-01  1.1753256800e-02 
 991.000  6.5153115700e-01  1.1950641630e-02 
 992.000  6.4550127700e-01  1.1857870100e-02 
 993.000  6.4545442800e-01  1.1853226660e-02 
 994.000  6.4869133700e-01  1.1997837070e-02 
 995.000  6.4387586200e-01  1.1976732250e-02 
 996.000  6.4376517500e-01  1.1957004550e-02 
 997.000  6.4448262300e-01  1.1899753570e-02 
 998.000  6.4212033600e-01  1.1790186880e-02 
 999.000  6.4055240800e-01  1.1723986630e-02 
1000.000  6.3543975500e-01  1.1630470280e-02 
1001.000  6.3908624500e-01  1.1573611260e-02 
1002.000  6.3844688500e-01  1.1379705430e-02 
1003.000  6.3092148200e-01  1.1274875640e-02 
1004.000  6.2549251100e-01  1.1264674190e-02 
1005.000  5.8433872700e-01  1.0557017330e-02 
1006.000  6.1483602600e-01  1.1113305090e-02 
1007.000  6.2608973300e-01  1.1273633000e-02 
1008.000  6.2898089900e-01  1.1178834920e-02 
1009.000  6.2547842600e-01  1.0936571120e-02 
1010.000  6.2766976900e-01  1.1040637970e-02 
1011.000  6.2395756500e-01  1.1154193880e-02 
1012.000  6.2399553800e-01  1.1221578600e-02 
1013.000  6.1938325900e-01  1.1190827370e-02 
1014.000  6.2328357400e-01  1.1320670130e-02 
1015.000  6.1176921900e-01  1.1153396610e-02 
1016.000  6.1563186000e-01  1.1289502140e-02 
1017.000  6.0950366300e-01  1.1221313480e-02 
1018.000  6.1756813900e-01  1.1380052570e-02 
1019.000  6.0369579800e-01  1.1089159970e-02 
1020.000  6.0234447000e-01  1.1043850900e-02 
1021.000  6.0817478200e-01  1.1115782740e-02 
1022.000  5.9933738800e-01  1.0785556790e-02 
1023.000  6.1110131100e-01  1.0843421940e-02 
1024.000  6.0815899600e-01  1.0667914390e-02 
1025.000  6.0743969000e-01  1.0691225050e-02 
1026.000  6.0790384200e-01  1.0731559750e-02 
1027.000  6.0434231000e-01  1.0695261000e-02 
1028.000  6.0567094500e-01  1.0789054870e-02 
1029.000  5.9622146600e-01  1.0720531460e-02 
1030.000  6.0197125300e-01  1.0932312970e-02 
1031.000  5.9994285200e-01  1.0977416040e-02 
1032.000  5.9773046600e-01  1.0990234380e-02 
1033.000  5.8669795400e-01  1.0760525700e-02 
1034.000  5.9284236700e-01  1.0858296390e-02 
1035.000  5.8645746000e-01  1.0720326420e-02 
1036.000  5.9414646800e-01  1.0818115230e-02 
1037.000  5.8162714600e-01  1.0560447690e-02 
1038.000  5.8734502000e-01  1.0634552000e-02 
1039.000  5.8985413300e-01  1.0641407010e-02 
1040.000  5.8296412600e-01  1.0481037140e-02 
1041.000  5.8609630800e-01  1.0502738000e-02 
1042.000  5.8786524800e-01  1.0502961160e-02 
1043.000  5.7773273400e-01  1.0292711260e-02 
1044.000  5.8355125300e-01  1.0363121030e-02 
1045.000  5.8121735300e-01  1.0359730720e-02 
1046.000  5.6442409400e-01  1.0109587670e-02 
1047.000  5.7493537600e-01  1.0346756940e-02 
1048.000  5.8082666500e-01  1.0503972050e-02 
1049.000  5.7726172300e-01  1.0492525100e-02 
1050.000  5.7399946300e-01  1.0482692720e-02 
1051.000  5.7432831800e-01  1.0449477200e-02 
1052.000  5.7182608800e-01  1.0358472820e-02 
1053.000  5.7210762100e-01  1.0319544790e-02 
1054.000  5.6651210300e-01  1.0175893780e-02 
1055.000  5.7095793000e-01  1.0202314380e-02 
1056.000  5.6967694000e-01  1.0131922720e-02 
1057.000  5.6925633400e-01  1.0078682900e-02 
1058.000  5.6429916400e-01  9.9272623060e-03 
1059.000  5.4649809200e-01  9.6374263760e-03 
1060.000  5.6569317900e-01  1.0037283900e-02 
1061.000  5.4599156100e-01  9.6949405670e-03 
1062.000  5.6175615100e-01  9.9425497060e-03 
1063.000  5.5249193100e-01  9.7473115920e-03 
1064.000  5.5991752200e-01  9.7838773730e-03 
1065.000  5.5982884500e-01  9.6754980090e-03 
1066.000  5.4262696900e-01  9.3292961120e-03 
1067.000  5.5580785700e-01  9.4862260820e-03 
1068.000  5.5446552400e-01  9.3196392060e-03 
1069.000  5.1311062900e-01  8.5620002750e-03 
1070.000  5.4342017900e-01  9.1137762070e-03 
1071.000  5.4483262400e-01  9.1220769880e-03 
1072.000  5.4719473000e-01  9.1476650240e-03 
1073.000  5.2928842500e-01  8.8752336500e-03 
1074.000  5.4776072700e-01  9.2313699720e-03 
1075.000  5.3001610100e-01  9.0376195910e-03 
1076.000  5.4215801200e-01  9.2095804210e-03 
1077.000  5.4157067400e-01  9.1495132450e-03 
1078.000  5.4369447000e-01  9.1272926330e-03 
1079.000  5.2286562600e-01  8.7812776570e-03 
1080.000  5.4026699900e-01  8.9067764280e-03 
1081.000  5.2048612200e-01  8.5673341750e-03 
1082.000  5.2632247900e-01  8.6885957720e-03 
1083.000  5.1304783400e-01  8.3332099910e-03 
1084.000  5.3366553400e-01  8.5254259110e-03 
1085.000  5.2906036800e-01  8.2023782730e-03 
1086.000  5.3540804300e-01  8.2984495160e-03 
1087.000  5.0013097600e-01  7.9366598130e-03 
1088.000  5.3034034300e-01  8.4855899810e-03 
1089.000  5.1312547100e-01  7.9968447690e-03 
1090.000  5.2485522300e-01  8.1843338010e-03 
1091.000  5.2765693000e-01  8.3328866960e-03 
1092.000  5.1690046700e-01  8.0908870700e-03 
1093.000  5.1377506100e-01  7.8192610740e-03 
1094.000  4.6876563300e-01  6.9978704450e-03 
1095.000  5.0716783400e-01  7.5436029430e-03 
1096.000  5.0790404100e-01  7.5281305310e-03 
1097.000  4.9869933100e-01  7.2920498850e-03 
1098.000  4.9774848600e-01  6.6763029100e-03 
1099.000  5.0223861500e-01  6.1877889630e-03 
1100.000  5.1065340500e-01  6.3255124090e-03 
1101.000  5.0907150800e-01  6.3751168250e-03 
1102.000  4.8815994100e-01  6.0744261740e-03 
1103.000  5.0719406400e-01  6.3528428080e-03 
1104.000  5.0394794200e-01  6.2213907240e-03 
1105.000  5.0430884800e-01  6.0106415750e-03 
1106.000  5.0119802100e-01  5.7773623470e-03 
1107.000  5.0030091500e-01  5.8034853940e-03 
1108.000  4.9846026600e-01  5.8009185790e-03 
1109.000  4.9977526300e-01  5.9631414410e-03 
1110.000  5.0233904900e-01  5.9416918750e-03 
1111.000  4.9630503900e-01  5.7617926600e-03 
1112.000  4.9189206300e-01  5.3160042760e-03 
1113.000  4.9016964700e-01  4.8262634280e-03 
1114.000  4.9547725400e-01  4.7233095170e-03 
1115.000  4.9048750300e-01  4.2268819810e-03 
1116.000  4.8428223400e-01  3.9442451000e-03 
1117.000  4.9002687200e-01  3.5562596320e-03 
1118.000  4.8489479900e-01  3.1846954820e-03 
1119.000  4.7133705000e-01  2.9545354840e-03 
1120.000  4.7228622900e-01  2.8247654440e-03 
1121.000  4.7529336100e-01  2.8165841100e-03 
1122.000  4.7308932100e-01  2.7004384990e-03 
1123.000  4.7531136500e-01  2.7658226490e-03 
1124.000  4.7622545700e-01  2.8092906480e-03 
1125.000  4.6630272900e-01  2.7307269570e-03 
1126.000  4.5738505000e-01  2.6713123320e-03 
1127.000  4.7287026900e-01  2.7713985440e-03 
1128.000  4.6422514700e-01  2.7395131590e-03 
1129.000  4.6711974200e-01  2.8776643280e-03 
1130.000  4.6803610200e-01  3.2577645780e-03 
1131.000  4.7316533900e-01  3.4207694530e-03 
1132.000  4.7416513300e-01  3.2497859000e-03 
1133.000  4.6191970400e-01  2.8988075260e-03 
1134.000  4.5652313200e-01  2.5427205560e-03 
1135.000  4.6250528000e-01  2.5943732260e-03 
1136.000  4.6442040400e-01  2.9537329670e-03 
1137.000  4.7121679300e-01  3.2923729420e-03 
1138.000  4.5515696300e-01  3.5235328670e-03 
1139.000  4.6536948100e-01  3.7588224410e-03 
1140.000  4.6659725100e-01  3.6938281060e-03 
1141.000  4.5310961900e-01  3.4586060050e-03 
1142.000  4.6537438900e-01  3.4990079400e-03 
1143.000  4.5699801400e-01  3.2818150520e-03 
1144.000  4.5372345900e-01  3.1018288140e-03 
1145.000  4.5634179100e-01  2.9190249440e-03 
1146.000  4.6101992100e-01  2.9921483990e-03 
1147.000  4.6335716700e-01  3.1716713910e-03 
1148.000  4.5895050400e-01  3.3039305210e-03 
1149.000  4.6042313800e-01  3.3892092700e-03 
1150.000  4.5846788700e-01  3.3950393200e-03 
1151.000  4.5712311000e-01  3.5151004790e-03 
1152.000  4.5626857900e-01  3.5757794380e-03 
1153.000  4.5547106600e-01  3.6672854420e-03 
1154.000  4.5895051900e-01  3.6901047230e-03 
1155.000  4.6052928300e-01  3.9096856120e-03 
1156.000  4.5428678300e-01  4.0880565640e-03 
1157.000  4.5854522900e-01  4.6828503610e-03 
1158.000  4.5861669500e-01  4.9996423720e-03 
1159.000  4.5213391800e-01  5.2387890820e-03 
1160.000  4.4638997000e-01  5.3162112240e-03 
1161.000  4.3676242500e-01  5.5303416250e-03 
1162.000  4.5257345700e-01  6.0075926780e-03 
1163.000  4.5445334100e-01  6.3500447270e-03 
1164.000  4.4522203700e-01  6.2855014800e-03 
1165.000  4.5381592400e-01  6.4618163110e-03 
1166.000  4.4204489400e-01  6.3756613730e-03 
1167.000  4.4921428800e-01  6.5316376690e-03 
1168.000  4.5314044900e-01  6.5777225490e-03 
1169.000  4.3747140700e-01  6.4003753660e-03 
1170.000  4.4923570100e-01  6.6170110700e-03 
1171.000  4.5131468000e-01  6.7502527240e-03 
1172.000  4.4990324100e-01  6.6735029220e-03 
1173.000  4.4676894700e-01  6.5752148630e-03 
1174.000  4.4699557600e-01  6.5839867590e-03 
1175.000  4.4176256900e-01  6.6587533950e-03 
1176.000  4.3109739700e-01  6.6388955120e-03 
1177.000  4.4440930300e-01  6.7753381730e-03 
1178.000  4.3690275500e-01  6.5266108510e-03 
1179.000  4.3494328800e-01  6.4990892410e-03 
1180.000  4.4104940300e-01  6.5419535640e-03 
1181.000  4.3879602700e-01  6.3864398000e-03 
1182.000  4.3935115800e-01  6.2690281870e-03 
1183.000  4.1384245800e-01  5.9131255150e-03 
1184.000  4.3249430600e-01  6.2428183560e-03 
1185.000  4.3821683100e-01  6.4913020130e-03 
1186.000  4.3560921500e-01  6.3952527050e-03 
1187.000  4.3576330000e-01  6.2184572220e-03 
1188.000  4.3352779300e-01  6.1276154520e-03 
1189.000  4.0816472600e-01  5.8402810100e-03 
1190.000  4.2823680900e-01  6.3580083850e-03 
1191.000  4.3491379800e-01  6.5003342630e-03 
1192.000  4.3254611800e-01  6.5468440060e-03 
1193.000  4.3271229100e-01  6.4810237880e-03 
1194.000  4.3189956600e-01  6.4449291230e-03 
1195.000  4.2705818800e-01  6.2638340000e-03 
1196.000  4.2678878700e-01  6.2798628810e-03 
1197.000  4.2667567300e-01  6.2280983920e-03 
1198.000  4.1234558200e-01  6.0110654830e-03 
1199.000  3.9702207800e-01  5.7292099000e-03 
1200.000  4.2205064400e-01  6.1289010050e-03 
1201.000  4.2507948300e-01  6.1933388710e-03 
1202.000  4.2589466700e-01  6.2336058620e-03 
1203.000  4.0510912100e-01  5.9084343910e-03 
1204.000  4.1182263900e-01  6.0421171190e-03 
1205.000  4.2137529300e-01  6.3798513410e-03 
1206.000  4.1881225700e-01  6.4343800540e-03 
1207.000  4.2162463500e-01  6.5173416140e-03 
1208.000  4.1548682800e-01  6.3926734920e-03 
1209.000  3.8952845200e-01  5.9467720990e-03 
1210.000  4.1680547300e-01  6.2824215890e-03 
1211.000  4.0288227000e-01  6.0672883990e-03 
1212.000  4.1549665900e-01  6.2923135760e-03 
1213.000  4.1703209500e-01  6.4101710320e-03 
1214.000  4.1524749400e-01  6.3865809440e-03 
1215.000  4.1667395400e-01  6.4549994470e-03 
1216.000  4.1544235200e-01  6.5853285790e-03 
1217.000  4.1457864900e-01  6.6936311720e-03 
1218.000  4.1312835200e-01  6.7220654490e-03 
1219.000  4.0926252800e-01  6.6865768430e-03 
1220.000  4.1201342100e-01  6.7215366360e-03 
1221.000  4.1116027700e-01  6.7085227970e-03 
1222.000  4.0888281300e-01  6.6638154980e-03 
1223.000  4.0688149000e-01  6.6605629920e-03 
1224.000  4.0982239300e-01  6.8057169910e-03 
1225.000  4.0749885900e-01  6.8017549510e-03 
1226.000  4.0882722600e-01  6.8678240780e-03 
1227.000  3.9479881400e-01  6.6926493640e-03 
1228.000  4.0689740900e-01  6.9704322810e-03 
1229.000  4.0622118900e-01  7.0088443760e-03 
1230.000  4.0459274200e-01  7.0389699940e-03 
1231.000  4.0446049700e-01  7.0719017980e-03 
1232.000  3.9986176200e-01  7.0076007840e-03 
1233.000  4.0298117400e-01  7.0738005640e-03 
1234.000  4.0151409200e-01  7.1217093470e-03 
1235.000  3.9864262600e-01  7.0931639670e-03 
1236.000  4.0090112000e-01  7.1431851390e-03 
1237.000  4.0079548200e-01  7.1641125680e-03 
1238.000  4.0051120800e-01  7.1652503010e-03 
1239.000  3.9592804800e-01  7.0851807590e-03 
1240.000  3.9415094800e-01  7.0967655180e-03 
1241.000  3.9775896100e-01  7.2019500730e-03 
1242.000  3.9554044000e-01  7.1991653440e-03 
1243.000  3.9121057000e-01  7.1586160660e-03 
1244.000  3.8786218600e-01  7.1247634890e-03 
1245.000  3.9464162700e-01  7.2695975300e-03 
1246.000  3.9170801700e-01  7.1686077120e-03 
1247.000  3.8992080800e-01  7.0874080660e-03 
1248.000  3.9308843000e-01  7.0959858890e-03 
1249.000  3.9175781700e-01  7.0323820110e-03 
1250.000  3.9036355400e-01  6.9603867530e-03 
1251.000  3.8783240500e-01  6.8805642130e-03 
1252.000  3.8683549200e-01  6.8258790970e-03 
1253.000  3.8381188500e-01  6.7339053150e-03 
1254.000  3.8513839600e-01  6.6905527110e-03 
1255.000  3.8472711900e-01  6.6364088060e-03 
1256.000  3.8413304210e-01  6.5864186290e-03 
1257.000  3.8001862720e-01  6.4268426900e-03 
1258.000  3.8201106040e-01  6.3179106710e-03 
1259.000  3.7811557250e-01  6.1320843700e-03 
1260.000  3.7893212080e-01  6.0191287990e-03 
1261.000  3.7848486670e-01  5.8843293190e-03 
1262.000  3.7038676550e-01  5.6056966780e-03 
1263.000  3.7487909220e-01  5.6624774930e-03 
1264.000  3.6904247320e-01  5.5782947540e-03 
1265.000  3.6971494490e-01  5.6056447030e-03 
1266.000  3.7210276230e-01  5.6229553220e-03 
1267.000  3.6513397710e-01  5.4971761700e-03 
1268.000  3.6153837640e-01  5.4112596510e-03 
1269.000  3.6492274340e-01  5.4479494090e-03 
1270.000  3.6893303490e-01  5.6298990250e-03 
1271.000  3.7098125080e-01  5.7207999230e-03 
1272.000  3.6988426220e-01  5.7637948990e-03 
1273.000  3.6956595140e-01  5.8246283530e-03 
1274.000  3.6735874980e-01  5.8568773270e-03 
1275.000  3.6952057140e-01  5.9148044590e-03 
1276.000  3.7011377260e-01  5.9296469690e-03 
1277.000  3.6983743320e-01  5.9170165060e-03 
1278.000  3.6877707910e-01  5.8877706530e-03 
1279.000  3.6630845970e-01  5.8694286350e-03 
1280.000  3.6414516590e-01  5.9278011320e-03 
1281.000  3.5375960020e-01  5.8476357460e-03 
1282.000  3.1414542610e-01  5.2719306950e-03 
1283.000  3.4476876340e-01  5.8486442570e-03 
1284.000  3.5899570830e-01  6.1333360670e-03 
1285.000  3.6162810130e-01  6.1975703240e-03 
1286.000  3.6150995690e-01  6.1623721120e-03 
1287.000  3.6372107590e-01  6.1431298260e-03 
1288.000  3.6144086150e-01  5.9223232270e-03 
1289.000  3.6359536680e-01  5.9029197690e-03 
1290.000  3.5526441600e-01  5.7489686010e-03 
1291.000  3.6012737810e-01  5.8048162460e-03 
1292.000  3.6163034060e-01  5.8449716570e-03 
1293.000  3.6195364510e-01  5.8070259090e-03 
1294.000  3.5620876110e-01  5.5939860340e-03 
1295.000  3.6004383870e-01  5.5045738220e-03 
1296.000  3.6030878390e-01  5.4000549320e-03 
1297.000  3.5808737190e-01  5.3048448560e-03 
1298.000  3.5488826020e-01  5.2628979680e-03 
1299.000  3.5845140110e-01  5.3193941120e-03 
1300.000  3.5701207130e-01  5.3023633960e-03 
1301.000  3.5644313330e-01  5.2754440310e-03 
1302.000  3.5187091940e-01  5.1200227740e-03 
1303.000  3.4998177650e-01  4.9135823250e-03 
1304.000  3.5020921070e-01  4.8231959340e-03 
1305.000  3.5236672060e-01  4.7994565960e-03 
1306.000  3.5270167590e-01  4.7458257680e-03 
1307.000  3.5166055670e-01  4.6932497020e-03 
1308.000  3.5136141300e-01  4.6052680020e-03 
1309.000  3.5104801060e-01  4.4814195630e-03 
1310.000  3.4959075120e-01  4.4603385930e-03 
1311.000  3.4851939860e-01  4.4534354210e-03 
1312.000  3.4743397940e-01  4.2962474820e-03 
1313.000  3.3460190500e-01  3.9638426300e-03 
1314.000  3.4504668420e-01  3.9392037390e-03 
1315.000  3.3342867040e-01  3.8779165740e-03 
1316.000  3.4118502540e-01  4.0788130760e-03 
1317.000  3.4485567420e-01  4.1230092050e-03 
1318.000  3.3997590040e-01  3.8821408750e-03 
1319.000  3.4463336120e-01  3.7011199000e-03 
1320.000  3.4208940490e-01  3.4374260900e-03 
1321.000  3.4058682090e-01  3.3387594220e-03 
1322.000  3.3990662200e-01  3.4609880450e-03 
1323.000  3.4065881520e-01  3.6197307110e-03 
1324.000  3.4083937580e-01  3.7117919920e-03 
1325.000  3.3975022110e-01  3.6360063550e-03 
1326.000  3.3816154750e-01  3.4610710140e-03 
1327.000  3.3546131150e-01  3.1288945670e-03 
1328.000  3.3634709610e-01  2.8688378330e-03 
1329.000  3.2407153960e-01  2.3759782310e-03 
1330.000  3.2914602680e-01  2.2815804480e-03 
1331.000  3.3061185880e-01  2.2150137420e-03 
1332.000  3.2306602310e-01  2.1859631540e-03 
1333.000  3.3160398530e-01  2.3123574260e-03 
1334.000  3.3201845240e-01  2.4098160270e-03 
1335.000  3.3230387840e-01  2.4828860760e-03 
1336.000  3.2870626080e-01  2.4794044490e-03 
1337.000  3.2977061390e-01  2.4908342360e-03 
1338.000  3.2952697520e-01  2.5417456630e-03 
1339.000  3.2598632820e-01  2.5164639950e-03 
1340.000  3.2364635540e-01  2.5428774360e-03 
1341.000  3.2853127400e-01  2.5199558730e-03 
1342.000  3.2772756550e-01  2.5203340050e-03 
1343.000  3.2769888470e-01  2.3335223200e-03 
1344.000  3.2620125140e-01  2.1714563370e-03 
1345.000  3.2370200120e-01  1.8896834850e-03 
1346.000  3.1853075570e-01  1.7452938560e-03 
1347.000  3.1913668920e-01  1.6953759190e-03 
1348.000  3.1555946700e-01  1.6235278840e-03 
1349.000  3.1341745390e-01  1.5903916360e-03 
1350.000  3.0701947750e-01  1.5149245260e-03 
1351.000  3.0485152720e-01  1.4761525390e-03 
1352.000  3.0540915350e-01  1.4371137620e-03 
1353.000  2.9955664700e-01  1.3598467110e-03 
1354.000  2.9593917580e-01  1.3148000240e-03 
1355.000  2.9029935960e-01  1.2588365080e-03 
1356.000  2.8602534800e-01  1.2065968510e-03 
1357.000  2.7932661520e-01  1.1370023490e-03 
1358.000  2.7972431430e-01  1.0941703320e-03 
1359.000  2.7200797320e-01  9.8866063360e-04 
1360.000  2.6204021770e-01  9.0523844960e-04 
1361.000  2.6423796560e-01  8.8215935230e-04 
1362.000  2.6197439240e-01  8.6598944660e-04 
1363.000  2.6223721770e-01  9.1386538740e-04 
1364.000  2.6750738020e-01  9.4820874930e-04 
1365.000  2.6737075670e-01  9.5644986630e-04 
1366.000  2.6924864370e-01  9.8147910830e-04 
1367.000  2.6429873320e-01  9.3999779220e-04 
1368.000  2.6432276780e-01  9.1836810110e-04 
1369.000  2.5956031510e-01  9.0703433750e-04 
1370.000  2.6507174900e-01  9.8107928040e-04 
1371.000  2.7285146790e-01  1.0855405330e-03 
1372.000  2.8368923580e-01  1.2068961860e-03 
1373.000  2.8779232400e-01  1.2721203570e-03 
1374.000  2.9107991090e-01  1.3119796510e-03 
1375.000  2.8698925360e-01  1.3048073050e-03 
1376.000  2.8270053530e-01  1.2768499850e-03 
1377.000  2.8527970020e-01  1.2702848910e-03 
1378.000  2.8038143180e-01  1.2140547040e-03 
1379.000  2.7852745390e-01  1.1544507740e-03 
1380.000  2.6853957570e-01  1.0418856140e-03 
1381.000  2.6248579510e-01  9.4915717840e-04 
1382.000  2.5434192030e-01  8.8190323110e-04 
1383.000  2.5656717710e-01  8.8524174690e-04 
1384.000  2.6226324470e-01  9.6189433340e-04 
1385.000  2.6434628920e-01  1.0138595100e-03 
1386.000  2.7232465310e-01  1.0969624520e-03 
1387.000  2.7622711370e-01  1.1908200980e-03 
1388.000  2.8201752520e-01  1.2514362340e-03 
1389.000  2.8426255370e-01  1.2768223290e-03 
1390.000  2.7925029260e-01  1.2588671450e-03 
1391.000  2.8198643550e-01  1.2586793900e-03 
1392.000  2.7754568270e-01  1.2021944520e-03 
1393.000  2.7300230550e-01  1.1470594410e-03 
1394.000  2.6695076410e-01  1.0884324310e-03 
1395.000  2.6825161360e-01  1.1087629800e-03 
1396.000  2.7418077930e-01  1.1733059880e-03 
1397.000  2.7724825460e-01  1.2184062000e-03 
1398.000  2.7745970950e-01  1.2230327130e-03 
1399.000  2.7564637930e-01  1.2042894360e-03 
1400.000  2.6764296470e-01  1.1640354390e-03 
1401.000  2.6885518510e-01  1.1727973220e-03 
1402.000  2.7541946050e-01  1.2264124160e-03 
1403.000  2.7471988280e-01  1.2383955720e-03 
1404.000  2.7263748950e-01  1.2203450200e-03 
1405.000  2.7280288710e-01  1.2224793430e-03 
1406.000  2.7241891650e-01  1.2094494100e-03 
1407.000  2.7268928120e-01  1.2100316290e-03 
1408.000  2.7353121610e-01  1.2374951840e-03 
1409.000  2.7644631600e-01  1.2677606340e-03 
1410.000  2.7763772700e-01  1.3027296070e-03 
1411.000  2.7970894460e-01  1.3340922590e-03 
1412.000  2.6877925600e-01  1.2805420160e-03 
1413.000  2.7396973790e-01  1.3128037450e-03 
1414.000  2.7755260440e-01  1.3227835890e-03 
1415.000  2.7739171200e-01  1.3345310690e-03 
1416.000  2.7688280270e-01  1.3435753580e-03 
1417.000  2.7890404930e-01  1.3524203300e-03 
1418.000  2.7901279610e-01  1.3521252870e-03 
1419.000  2.7503914570e-01  1.3315321210e-03 
1420.000  2.7443549870e-01  1.3314586880e-03 
1421.000  2.7899023060e-01  1.3724509480e-03 
1422.000  2.7275638070e-01  1.3499367240e-03 
1423.000  2.7109593550e-01  1.3428641560e-03 
1424.000  2.7134095980e-01  1.3394452330e-03 
1425.000  2.7657678690e-01  1.3535031080e-03 
1426.000  2.6538547040e-01  1.2965962890e-03 
1427.000  2.6952629700e-01  1.3248339890e-03 
1428.000  2.7537631350e-01  1.3597278590e-03 
1429.000  2.6891799850e-01  1.3361347910e-03 
1430.000  2.6307672110e-01  1.3011928800e-03 
1431.000  2.6247376690e-01  1.2716066840e-03 
1432.000  2.6724515560e-01  1.2789677380e-03 
1433.000  2.6738095990e-01  1.2756762500e-03 
1434.000  2.6199211780e-01  1.2406680580e-03 
1435.000  2.6518857170e-01  1.2685104610e-03 
1436.000  2.6522435650e-01  1.2724981310e-03 
1437.000  2.6627207650e-01  1.2777782680e-03 
1438.000  2.6562414870e-01  1.2917317150e-03 
1439.000  2.6876460110e-01  1.3067057130e-03 
1440.000  2.5212797790e-01  1.2311592100e-03 
1441.000  2.6483319160e-01  1.2941590550e-03 
1442.000  2.5866722120e-01  1.2533677820e-03 
1443.000  2.6296254360e-01  1.2706954480e-03 
1444.000  2.6424129930e-01  1.2800396680e-03 
1445.000  2.6344376010e-01  1.2744642500e-03 
1446.000  2.6627174800e-01  1.2998598810e-03 
1447.000  2.6505448300e-01  1.3059015270e-03 
1448.000  2.6708093500e-01  1.3146920200e-03 
1449.000  2.6697470840e-01  1.2998909950e-03 
1450.000  2.6517839230e-01  1.2705564500e-03 
1451.000  2.6346859780e-01  1.2650042770e-03 
1452.000  2.6022469350e-01  1.2748662230e-03 
1453.000  2.6517759790e-01  1.3575137850e-03 
1454.000  2.6620819520e-01  1.4454168080e-03 
1455.000  2.6284114730e-01  1.4888285400e-03 
1456.000  2.6272103870e-01  1.5580042600e-03 
1457.000  2.6524015670e-01  1.5781217810e-03 
1458.000  2.6886700810e-01  1.6117409470e-03 
1459.000  2.6986594790e-01  1.5552811620e-03 
1460.000  2.6527458060e-01  1.4776444440e-03 
1461.000  2.6469499200e-01  1.4436085220e-03 
1462.000  2.6180422610e-01  1.3624544140e-03 
1463.000  2.6005856590e-01  1.3478436470e-03 
1464.000  2.5988746580e-01  1.3253893850e-03 
1465.000  2.6289269680e-01  1.2988284830e-03 
1466.000  2.5663144630e-01  1.2241370680e-03 
1467.000  2.6278253280e-01  1.2242667680e-03 
1468.000  2.5631553330e-01  1.1657354830e-03 
1469.000  2.5914203470e-01  1.1415802240e-03 
1470.000  2.5764732870e-01  1.1197512150e-03 
1471.000  2.5357303030e-01  1.1312581300e-03 
1472.000  2.5510538540e-01  1.1903071400e-03 
1473.000  2.5735006500e-01  1.3009278770e-03 
1474.000  2.5026463640e-01  1.3595734830e-03 
1475.000  2.5558577550e-01  1.3845713140e-03 
1476.000  2.5599001070e-01  1.3818271160e-03 
1477.000  2.5674125270e-01  1.3488931660e-03 
1478.000  2.5302775380e-01  1.2945427890e-03 
1479.000  2.5592652240e-01  1.2638587950e-03 
1480.000  2.5732891600e-01  1.2927864790e-03 
1481.000  2.5349263160e-01  1.3178828950e-03 
1482.000  2.5664864660e-01  1.3920428750e-03 
1483.000  2.5136267060e-01  1.3772791620e-03 
1484.000  2.5368602410e-01  1.3928533790e-03 
1485.000  2.5851525920e-01  1.4079593420e-03 
1486.000  2.5425534710e-01  1.4430918690e-03 
1487.000  2.5454624310e-01  1.5711600780e-03 
1488.000  2.2252442070e-01  1.3858993050e-03 
1489.000  2.5550520400e-01  1.7811063530e-03 
1490.000  2.5609993940e-01  1.9695501330e-03 
1491.000  2.5864561500e-01  2.1233558650e-03 
1492.000  2.5263564370e-01  2.0982835290e-03 
1493.000  2.5831290950e-01  2.2424154280e-03 
1494.000  2.5733185670e-01  2.2426383500e-03 
1495.000  2.5553132180e-01  2.3134479520e-03 
1496.000  2.4797473400e-01  2.3948907850e-03 
1497.000  2.5379881780e-01  2.4420070650e-03 
1498.000  2.5636946740e-01  2.6074380870e-03 
1499.000  2.5205752190e-01  2.6920444970e-03 
1500.000  2.5635603800e-01  2.8314845560e-03 
1501.000  2.5598996180e-01  2.7745063300e-03 
1502.000  2.5401267260e-01  2.6830058100e-03 
1503.000  2.2808869240e-01  2.3573234080e-03 
1504.000  2.3763266750e-01  2.4766545300e-03 
1505.000  2.3689448280e-01  2.5865662100e-03 
1506.000  2.4008837090e-01  2.6500303750e-03 
1507.000  2.5109974560e-01  2.8878147600e-03 
1508.000  2.4717908540e-01  2.9134166240e-03 
1509.000  2.4824685660e-01  3.0049998760e-03 
1510.000  2.5208297640e-01  3.0920045380e-03 
1511.000  2.5322928340e-01  3.1707205770e-03 
1512.000  2.4847567360e-01  3.1568126680e-03 
1513.000  2.4805983010e-01  3.1908783910e-03 
1514.000  2.4466431520e-01  3.1689023970e-03 
1515.000  2.4947223250e-01  3.2500243190e-03 
1516.000  2.4715723790e-01  3.1880216600e-03 
1517.000  2.4569352430e-01  3.1510884760e-03 
1518.000  2.5022175930e-01  3.2193067070e-03 
1519.000  2.4650854560e-01  3.1881241800e-03 
1520.000  2.4802499410e-01  3.2829833030e-03 
1521.000  2.4330078250e-01  3.3168034550e-03 
1522.000  2.4187705530e-01  3.3466877940e-03 
1523.000  2.4776456380e-01  3.4947967530e-03 
1524.000  2.4600577020e-01  3.5014457700e-03 
1525.000  2.4052363000e-01  3.4355990890e-03 
1526.000  2.4729873810e-01  3.5081186290e-03 
1527.000  2.4462607380e-01  3.4654746060e-03 
1528.000  2.4610917350e-01  3.4903459550e-03 
1529.000  2.4533042360e-01  3.4489207270e-03 
1530.000  2.2949935340e-01  3.2233293060e-03 
1531.000  2.4522370050e-01  3.4117069240e-03 
1532.000  2.4365075870e-01  3.3599443440e-03 
1533.000  2.4241999750e-01  3.3010945320e-03 
1534.000  2.3856729250e-01  3.2058787350e-03 
1535.000  2.3918155300e-01  3.1720657350e-03 
1536.000  2.4238007100e-01  3.2498042580e-03 
1537.000  2.4294284570e-01  3.3086700440e-03 
1538.000  2.3609831690e-01  3.2680566310e-03 
1539.000  2.4092621720e-01  3.3858690260e-03 
1540.000  2.3209801970e-01  3.3030295370e-03 
1541.000  2.3686024950e-01  3.3719527720e-03 
1542.000  2.3826867380e-01  3.3817377090e-03 
1543.000  2.3738227380e-01  3.3672616480e-03 
1544.000  2.4006715620e-01  3.4083867070e-03 
1545.000  2.4046865430e-01  3.4261376860e-03 
1546.000  2.4026195280e-01  3.4514536860e-03 
1547.000  2.3760990580e-01  3.4401338100e-03 
1548.000  2.3040498270e-01  3.3600943090e-03 
1549.000  2.3631022510e-01  3.4610056880e-03 
1550.000  2.3499824740e-01  3.4540016650e-03 
1551.000  2.3376801230e-01  3.4213356970e-03 
1552.000  2.3774155760e-01  3.4515268800e-03 
1553.000  2.3640028150e-01  3.4098572730e-03 
1554.000  2.2773849390e-01  3.2573859690e-03 
1555.000  2.3139097220e-01  3.2908525470e-03 
1556.000  2.2688600720e-01  3.2486684320e-03 
1557.000  2.3425081720e-01  3.4095990660e-03 
1558.000  2.3245662280e-01  3.4304194450e-03 
1559.000  2.3256781750e-01  3.4766709800e-03 
1560.000  2.2855166920e-01  3.4665031430e-03 
1561.000  2.3398930230e-01  3.5583944320e-03 
1562.000  2.3406437590e-01  3.5260407920e-03 
1563.000  2.3072519040e-01  3.4500033860e-03 
1564.000  2.2638185530e-01  3.3504831790e-03 
1565.000  2.3029533750e-01  3.3673202990e-03 
1566.000  2.2593142830e-01  3.3045687680e-03 
1567.000  2.2658427550e-01  3.3163456920e-03 
1568.000  2.2277525710e-01  3.2500429150e-03 
1569.000  2.2460377770e-01  3.2620739940e-03 
1570.000  2.1956656730e-01  3.1870567800e-03 
1571.000  2.2544980960e-01  3.2995655540e-03 
1572.000  2.2565256830e-01  3.3121171000e-03 
1573.000  2.2187617880e-01  3.2857220170e-03 
1574.000  2.2209771270e-01  3.3269007210e-03 
1575.000  2.0597819000e-01  3.1137456890e-03 
1576.000  2.2128879300e-01  3.3445417880e-03 
1577.000  1.9972792280e-01  2.9785716530e-03 
1578.000  2.1844426710e-01  3.2141332630e-03 
1579.000  2.1937814440e-01  3.1901650430e-03 
1580.000  2.2328379860e-01  3.2183494570e-03 
1581.000  2.2180311720e-01  3.1581633090e-03 
1582.000  2.1670548270e-01  3.1163816450e-03 
1583.000  2.1879435830e-01  3.1758725640e-03 
1584.000  2.1633190300e-01  3.1698224540e-03 
1585.000  2.2235563400e-01  3.2820863720e-03 
1586.000  2.1956275500e-01  3.2492194180e-03 
1587.000  2.1688724230e-01  3.2348237040e-03 
1588.000  2.1341786810e-01  3.2058219910e-03 
1589.000  1.9520499620e-01  2.9397048950e-03 
1590.000  2.1035767890e-01  3.1769416330e-03 
1591.000  2.0564431050e-01  3.1178336140e-03 
1592.000  2.1655117730e-01  3.2895495890e-03 
1593.000  2.2146883370e-01  3.3662235740e-03 
1594.000  2.1991472310e-01  3.3438735010e-03 
1595.000  2.2137964560e-01  3.3667137620e-03 
1596.000  2.0737402850e-01  3.1684205530e-03 
1597.000  2.1583169990e-01  3.2906672950e-03 
1598.000  2.1990489800e-01  3.3371188640e-03 
1599.000  2.1254329530e-01  3.2048001290e-03 
1600.000  2.1608558040e-01  3.2453207970e-03 
1601.000  2.0698920340e-01  3.1242198940e-03 
1602.000  2.1228238500e-01  3.2404410840e-03 
1603.000  2.1067218540e-01  3.2695567610e-03 
1604.000  2.1325929050e-01  3.3704063890e-03 
1605.000  2.1010630310e-01  3.3617525100e-03 
1606.000  2.0925085030e-01  3.3911712170e-03 
1607.000  2.1013040840e-01  3.3672020440e-03 
1608.000  2.1252461540e-01  3.3682191370e-03 
1609.000  2.1170758160e-01  3.3244693280e-03 
1610.000  1.9849716200e-01  3.0918271540e-03 
1611.000  2.0420352270e-01  3.1715903280e-03 
1612.000  2.0594962550e-01  3.1910910610e-03 
1613.000  2.1034522560e-01  3.2497668270e-03 
1614.000  2.0828087340e-01  3.1841375830e-03 
1615.000  2.1154492750e-01  3.2188386920e-03 
1616.000  1.9820390040e-01  2.9990131860e-03 
1617.000  2.0391649180e-01  3.1309628490e-03 
1618.000  2.1027013740e-01  3.2554783820e-03 
1619.000  2.0952630550e-01  3.2910540100e-03 
1620.000  2.0417566850e-01  3.2523996830e-03 
1621.000  2.0111497940e-01  3.2422084810e-03 
1622.000  2.0617714020e-01  3.3293230530e-03 
1623.000  2.1030528430e-01  3.4104599950e-03 
1624.000  2.1175868570e-01  3.4436318870e-03 
1625.000  2.0644085850e-01  3.3825974460e-03 
1626.000  2.0897213750e-01  3.4137666230e-03 
1627.000  2.0870261060e-01  3.4294276240e-03 
1628.000  2.1037969620e-01  3.4680075650e-03 
1629.000  2.1034917810e-01  3.4767332080e-03 
1630.000  2.0463831760e-01  3.3843252660e-03 
1631.000  2.0783890280e-01  3.4494349960e-03 
1632.000  2.0789136080e-01  3.3915514950e-03 
1633.000  2.0521585930e-01  3.3041391370e-03 
1634.000  2.0041396450e-01  3.1803278920e-03 
1635.000  2.0578716350e-01  3.2246825700e-03 
1636.000  2.0524280510e-01  3.1686320300e-03 
1637.000  1.9610517270e-01  2.9847197530e-03 
1638.000  1.9467207640e-01  2.9289922710e-03 
1639.000  1.9273210520e-01  2.8521180150e-03 
1640.000  1.9388824490e-01  2.8301990030e-03 
1641.000  1.9268831850e-01  2.7865185740e-03 
1642.000  1.9244818440e-01  2.8535232540e-03 
1643.000  1.9739440490e-01  2.9941949840e-03 
1644.000  1.9433965750e-01  3.0122773650e-03 
1645.000  1.9477288090e-01  3.0797548290e-03 
1646.000  1.9711389120e-01  3.1748139860e-03 
1647.000  1.9896462230e-01  3.2000393870e-03 
1648.000  1.9819610290e-01  3.1759674550e-03 
1649.000  1.9366834190e-01  3.0976142880e-03 
1650.000  1.9857588750e-01  3.1726083760e-03 
1651.000  1.9410180400e-01  3.0975151060e-03 
1652.000  1.9797555260e-01  3.1541314130e-03 
1653.000  1.9575261580e-01  3.1253230570e-03 
1654.000  1.9794903010e-01  3.1615009310e-03 
1655.000  1.9398137130e-01  3.1074349880e-03 
1656.000  1.9770714370e-01  3.1728951930e-03 
1657.000  1.9627419790e-01  3.1490418910e-03 
1658.000  1.9733465080e-01  3.1732647420e-03 
1659.000  1.9369969250e-01  3.1147220130e-03 
1660.000  1.9606347670e-01  3.1447508340e-03 
1661.000  1.9683319500e-01  3.1363525390e-03 
1662.000  1.9551058080e-01  3.0491521360e-03 
1663.000  1.9427992370e-01  2.9714667800e-03 
1664.000  1.9345761460e-01  2.8996832370e-03 
1665.000  1.9148206130e-01  2.8105902670e-03 
1666.000  1.9054994910e-01  2.7863752840e-03 
1667.000  1.9207256730e-01  2.8673729900e-03 
1668.000  1.8881833370e-01  2.8593995570e-03 
1669.000  1.8912071570e-01  2.9122567180e-03 
1670.000  1.9319302110e-01  3.0238201620e-03 
1671.000  1.9171792160e-01  3.0529997350e-03 
1672.000  1.8263686760e-01  2.9685232640e-03 
1673.000  1.8801738570e-01  3.1069495680e-03 
1674.000  1.8889114530e-01  3.1761856080e-03 
1675.000  1.8714105980e-01  3.2078814510e-03 
1676.000  1.8415991960e-01  3.1762771610e-03 
1677.000  1.8504508960e-01  3.1876928810e-03 
1678.000  1.8591375940e-01  3.2053852080e-03 
1679.000  1.8344122070e-01  3.1546504500e-03 
1680.000  1.7703238060e-01  3.0456783770e-03 
1681.000  1.7082702430e-01  2.9388957020e-03 
1682.000  1.7576018120e-01  3.0202925210e-03 
1683.000  1.8015343280e-01  3.0883393290e-03 
1684.000  1.8351435430e-01  3.1393682960e-03 
1685.000  1.8423334270e-01  3.1338057520e-03 
1686.000  1.8201052110e-01  3.0809283260e-03 
1687.000  1.8302662450e-01  3.0562505720e-03 
1688.000  1.8336851090e-01  3.0252463820e-03 
1689.000  1.8115848030e-01  2.9692244530e-03 
1690.000  1.8132174580e-01  2.9327926640e-03 
1691.000  1.8369460320e-01  2.9806642530e-03 
1692.000  1.8402886850e-01  3.0042641160e-03 
1693.000  1.8332938210e-01  3.0143992900e-03 
1694.000  1.8305204180e-01  3.0281882290e-03 
1695.000  1.8326120830e-01  3.0378818510e-03 
1696.000  1.8218948470e-01  2.9811327460e-03 
1697.000  1.8114878560e-01  2.9132590290e-03 
1698.000  1.8224200740e-01  2.8835566040e-03 
1699.000  1.8106435740e-01  2.8214585780e-03 
1700.000  1.7874318820e-01  2.7445061210e-03 
