 lambda   Irr_dw            Rad_up 
 550.000  1.5535964300e+00  4.7485366820e-02 
 551.000  1.5433368900e+00  4.7014156340e-02 
 552.000  1.6092198400e+00  4.8985652920e-02 
 553.000  1.5456496400e+00  4.6866809840e-02 
 554.000  1.5956158600e+00  4.8321292880e-02 
 555.000  1.5996027700e+00  4.8220111850e-02 
 556.000  1.5550620000e+00  4.6667064670e-02 
 557.000  1.5085591400e+00  4.5223598480e-02 
 558.000  1.5655021500e+00  4.6720142360e-02 
 559.000  1.4794309500e+00  4.4019985200e-02 
 560.000  1.4856924100e+00  4.4152748110e-02 
 561.000  1.6326424300e+00  4.8286849980e-02 
 562.000  1.4988228000e+00  4.4244693760e-02 
 563.000  1.5680327200e+00  4.6075401310e-02 
 564.000  1.5460457500e+00  4.5153133390e-02 
 565.000  1.5647926900e+00  4.5626365660e-02 
 566.000  1.4428088800e+00  4.1874408720e-02 
 567.000  1.5489837300e+00  4.4634647370e-02 
 568.000  1.5495628100e+00  4.4054859160e-02 
 569.000  1.5281787600e+00  4.2263034820e-02 
 570.000  1.5347144100e+00  4.2435085300e-02 
 571.000  1.4738063000e+00  4.1310485840e-02 
 572.000  1.5645799000e+00  4.3106212620e-02 
 573.000  1.5794295500e+00  4.3597450260e-02 
 574.000  1.5703768400e+00  4.3242145540e-02 
 575.000  1.5325863800e+00  4.2004512790e-02 
 576.000  1.5049976600e+00  4.1113883970e-02 
 577.000  1.5656137000e+00  4.2773506160e-02 
 578.000  1.5172032700e+00  4.1699394230e-02 
 579.000  1.5033955400e+00  4.1303417210e-02 
 580.000  1.5532167000e+00  4.2868812560e-02 
 581.000  1.5221186200e+00  4.2133430480e-02 
 582.000  1.5430659400e+00  4.2579959870e-02 
 583.000  1.5529685500e+00  4.2901222230e-02 
 584.000  1.5473131600e+00  4.2545082090e-02 
 585.000  1.5367125000e+00  4.2093971250e-02 
 586.000  1.4703660500e+00  4.0225845340e-02 
 587.000  1.5309350300e+00  4.1319263460e-02 
 588.000  1.5290583100e+00  3.9908641820e-02 
 589.000  1.3746745200e+00  3.4248348240e-02 
 590.000  1.4365539800e+00  3.5678546910e-02 
 591.000  1.5118371300e+00  3.8525726320e-02 
 592.000  1.4904669500e+00  3.7209884640e-02 
 593.000  1.4897406900e+00  3.8320953370e-02 
 594.000  1.5070220500e+00  3.8427173610e-02 
 595.000  1.4896839600e+00  3.7001632690e-02 
 596.000  1.5099229400e+00  3.8724830630e-02 
 597.000  1.5179765500e+00  3.8440784450e-02 
 598.000  1.4800822900e+00  3.7979053500e-02 
 599.000  1.4776150000e+00  3.8068431850e-02 
 600.000  1.4717336700e+00  3.8375751500e-02 
 601.000  1.4593306200e+00  3.8403629300e-02 
 602.000  1.4418800000e+00  3.7938682560e-02 
 603.000  1.4491193600e+00  3.8242630000e-02 
 604.000  1.4937642100e+00  3.9571411130e-02 
 605.000  1.4893433900e+00  3.9298442840e-02 
 606.000  1.4718635900e+00  3.8884330750e-02 
 607.000  1.4634084600e+00  3.8555698390e-02 
 608.000  1.4579204000e+00  3.8275272370e-02 
 609.000  1.4428719700e+00  3.7848453520e-02 
 610.000  1.4196717500e+00  3.7112781520e-02 
 611.000  1.4426420500e+00  3.7658855440e-02 
 612.000  1.4238167700e+00  3.7125106810e-02 
 613.000  1.4029859300e+00  3.6466964720e-02 
 614.000  1.3518457400e+00  3.5119609830e-02 
 615.000  1.4171365200e+00  3.6655147550e-02 
 616.000  1.3474437800e+00  3.4845584870e-02 
 617.000  1.3551271100e+00  3.4993534090e-02 
 618.000  1.4191757200e+00  3.6458789830e-02 
 619.000  1.4063609200e+00  3.6152122500e-02 
 620.000  1.4273567300e+00  3.6500698090e-02 
 621.000  1.4522162900e+00  3.7093662260e-02 
 622.000  1.3759464400e+00  3.5039794920e-02 
 623.000  1.3871618000e+00  3.5105754850e-02 
 624.000  1.3891073400e+00  3.5203975680e-02 
 625.000  1.3519164000e+00  3.4225959780e-02 
 626.000  1.3598386700e+00  3.4179374690e-02 
 627.000  1.3882820500e+00  3.4363216400e-02 
 628.000  1.3948635300e+00  3.3064826970e-02 
 629.000  1.4157305500e+00  3.4112422940e-02 
 630.000  1.3649276100e+00  3.3278053280e-02 
 631.000  1.4106882200e+00  3.4484283450e-02 
 632.000  1.3161893700e+00  3.1931037900e-02 
 633.000  1.4062683200e+00  3.4480937960e-02 
 634.000  1.3617188000e+00  3.3546348570e-02 
 635.000  1.3862004300e+00  3.4166835780e-02 
 636.000  1.3360102600e+00  3.2998298650e-02 
 637.000  1.3792846100e+00  3.4118270870e-02 
 638.000  1.3980111600e+00  3.4715915680e-02 
 639.000  1.3861790300e+00  3.4249118800e-02 
 640.000  1.3412686400e+00  3.3388187410e-02 
 641.000  1.3604935000e+00  3.3805866240e-02 
 642.000  1.3431611300e+00  3.3387126920e-02 
 643.000  1.3683291200e+00  3.3823993680e-02 
 644.000  1.3525588700e+00  3.3289051060e-02 
 645.000  1.3667755000e+00  3.3470771790e-02 
 646.000  1.3245897400e+00  3.1437465670e-02 
 647.000  1.3498334100e+00  3.1352216720e-02 
 648.000  1.3553969400e+00  3.0972967150e-02 
 649.000  1.3753936200e+00  3.1734027860e-02 
 650.000  1.2622009300e+00  3.0056888580e-02 
 651.000  1.3597434900e+00  3.2345214840e-02 
 652.000  1.3451867800e+00  3.1088451390e-02 
 653.000  1.3588544100e+00  3.2382343290e-02 
 654.000  1.3426345300e+00  3.1705320360e-02 
 655.000  1.3120422000e+00  3.0570180890e-02 
 656.000  1.1125961900e+00  2.5974248890e-02 
 657.000  1.1852400000e+00  2.7829877850e-02 
 658.000  1.3158348300e+00  3.1313308720e-02 
 659.000  1.3164940900e+00  3.1459009170e-02 
 660.000  1.3257782400e+00  3.1766595840e-02 
 661.000  1.3283888900e+00  3.2129940030e-02 
 662.000  1.3460593000e+00  3.2650035860e-02 
 663.000  1.3314999600e+00  3.2169223790e-02 
 664.000  1.3098443600e+00  3.1644182210e-02 
 665.000  1.3151863900e+00  3.1746538160e-02 
 666.000  1.3304586700e+00  3.2238483430e-02 
 667.000  1.3036547100e+00  3.1480293270e-02 
 668.000  1.3105204200e+00  3.1763164520e-02 
 669.000  1.3291245300e+00  3.2255161290e-02 
 670.000  1.3131012000e+00  3.1694658280e-02 
 671.000  1.2990297500e+00  3.1373928070e-02 
 672.000  1.2947406100e+00  3.1227523800e-02 
 673.000  1.3039457700e+00  3.1388727190e-02 
 674.000  1.3064214800e+00  3.1439722060e-02 
 675.000  1.2863953100e+00  3.0875873570e-02 
 676.000  1.3106251700e+00  3.1451591490e-02 
 677.000  1.2844998800e+00  3.0824773790e-02 
 678.000  1.3056892100e+00  3.1269639970e-02 
 679.000  1.2872893000e+00  3.0727479930e-02 
 680.000  1.2778542200e+00  3.0464290620e-02 
 681.000  1.2798306700e+00  3.0411720280e-02 
 682.000  1.2773965500e+00  3.0215957640e-02 
 683.000  1.2860841000e+00  3.0290786740e-02 
 684.000  1.2638897200e+00  2.9732475280e-02 
 685.000  1.2775590500e+00  2.9983455660e-02 
 686.000  1.2243906000e+00  2.8318899150e-02 
 687.000  1.2254545500e+00  2.4483203890e-02 
 688.000  1.2263465300e+00  2.5451608660e-02 
 689.000  1.2298969600e+00  2.5314039230e-02 
 690.000  1.2358341900e+00  2.5946811680e-02 
 691.000  1.2407841300e+00  2.6723543170e-02 
 692.000  1.2333026700e+00  2.6879837040e-02 
 693.000  1.2414449000e+00  2.6097846980e-02 
 694.000  1.2550713700e+00  2.5664087300e-02 
 695.000  1.2320882100e+00  2.5572105410e-02 
 696.000  1.2458893800e+00  2.6106245040e-02 
 697.000  1.2448275800e+00  2.7722692490e-02 
 698.000  1.2225513200e+00  2.6771020890e-02 
 699.000  1.2483937900e+00  2.5959177020e-02 
 700.000  1.2334581300e+00  2.5809043880e-02 
 701.000  1.2065674900e+00  2.4894256590e-02 
 702.000  1.2003598000e+00  2.4958868030e-02 
 703.000  1.2149666500e+00  2.6288797380e-02 
 704.000  1.2185048600e+00  2.6428571700e-02 
 705.000  1.2289510100e+00  2.6155113220e-02 
 706.000  1.2158307100e+00  2.5956811900e-02 
 707.000  1.1972344600e+00  2.5721937180e-02 
 708.000  1.2316525600e+00  2.6644813540e-02 
 709.000  1.1872194800e+00  2.6021310810e-02 
 710.000  1.2154501400e+00  2.6144050600e-02 
 711.000  1.2024550100e+00  2.6234779360e-02 
 712.000  1.1850552600e+00  2.6234239580e-02 
 713.000  1.1806581100e+00  2.5789842610e-02 
 714.000  1.2009567300e+00  2.6028751370e-02 
 715.000  1.1598593000e+00  2.4614048000e-02 
 716.000  1.1910047400e+00  2.4736730580e-02 
 717.000  1.1613145200e+00  2.1637891770e-02 
 718.000  1.1551624800e+00  2.0070886610e-02 
 719.000  1.1418630300e+00  1.9227062230e-02 
 720.000  1.1501957500e+00  1.8699420930e-02 
 721.000  1.1485395900e+00  2.1910060880e-02 
 722.000  1.1646569100e+00  2.3323778150e-02 
 723.000  1.1622512400e+00  2.2524665830e-02 
 724.000  1.1693121000e+00  2.0726526260e-02 
 725.000  1.1565480700e+00  2.0765525820e-02 
 726.000  1.1544348700e+00  2.0640913010e-02 
 727.000  1.1715162900e+00  2.1140066150e-02 
 728.000  1.1513913500e+00  2.0540048600e-02 
 729.000  1.1056324200e+00  2.0357183460e-02 
 730.000  1.1464889500e+00  2.0984741210e-02 
 731.000  1.1275915000e+00  2.0574714660e-02 
 732.000  1.1487100300e+00  2.2085294720e-02 
 733.000  1.1308576500e+00  2.3018375400e-02 
 734.000  1.1540590900e+00  2.4075695040e-02 
 735.000  1.1448553400e+00  2.3596261980e-02 
 736.000  1.1238458300e+00  2.2769186020e-02 
 737.000  1.1384273600e+00  2.3305070880e-02 
 738.000  1.1349782000e+00  2.3658161160e-02 
 739.000  1.0981253500e+00  2.3110797880e-02 
 740.000  1.1080992100e+00  2.3742534640e-02 
 741.000  1.0990348000e+00  2.3896289830e-02 
 742.000  1.0808635700e+00  2.3629001620e-02 
 743.000  1.1123250900e+00  2.4606973650e-02 
 744.000  1.1227437500e+00  2.4988452910e-02 
 745.000  1.0934405900e+00  2.4463943480e-02 
 746.000  1.1085629400e+00  2.4828578950e-02 
 747.000  1.1251667000e+00  2.5163887020e-02 
 748.000  1.1049483000e+00  2.4700038910e-02 
 749.000  1.1051444000e+00  2.4718992230e-02 
 750.000  1.0890062800e+00  2.4262033460e-02 
 751.000  1.0862065200e+00  2.4184333800e-02 
 752.000  1.1026614400e+00  2.4595743180e-02 
 753.000  1.0922243300e+00  2.4363164900e-02 
 754.000  1.1093268800e+00  2.4738975520e-02 
 755.000  1.1029637200e+00  2.4582103730e-02 
 756.000  1.0813702700e+00  2.4088022230e-02 
 757.000  1.0893642100e+00  2.4248842240e-02 
 758.000  1.0882248100e+00  2.4145366670e-02 
 759.000  1.0470646800e+00  2.1296304700e-02 
 760.000  8.2383240900e-01  8.6070737840e-03 
 761.000  7.9393451700e-01  7.6254706380e-03 
 762.000  9.2602224000e-01  1.3782279010e-02 
 763.000  9.1117121900e-01  1.1914360050e-02 
 764.000  9.3454325600e-01  1.3007688520e-02 
 765.000  9.8082666300e-01  1.5798253060e-02 
 766.000  9.7251790400e-01  1.8128637310e-02 
 767.000  1.0023787270e+00  1.9875305180e-02 
 768.000  1.0512793700e+00  2.1803258900e-02 
 769.000  1.0527330200e+00  2.2564992900e-02 
 770.000  1.0500459800e+00  2.2879899980e-02 
 771.000  1.0514982000e+00  2.3123382570e-02 
 772.000  1.0476184500e+00  2.3076894760e-02 
 773.000  1.0433044300e+00  2.2987815860e-02 
 774.000  1.0543111600e+00  2.3239250180e-02 
 775.000  1.0146017200e+00  2.2364486690e-02 
 776.000  1.0563145700e+00  2.3324356080e-02 
 777.000  1.0490009000e+00  2.3132114410e-02 
 778.000  1.0434564000e+00  2.2955581670e-02 
 779.000  1.0469302500e+00  2.2961641310e-02 
 780.000  1.0340587700e+00  2.2695850370e-02 
 781.000  1.0322004100e+00  2.2639410020e-02 
 782.000  1.0447350900e+00  2.2821649550e-02 
 783.000  1.0204009730e+00  2.2377275470e-02 
 784.000  1.0263109380e+00  2.2446981430e-02 
 785.000  1.0296854290e+00  2.2306859970e-02 
 786.000  1.0128253390e+00  2.1796148300e-02 
 787.000  1.0297096290e+00  2.1674068450e-02 
 788.000  1.0152417430e+00  2.1199539180e-02 
 789.000  1.0243747700e+00  2.0737638470e-02 
 790.000  1.0143351470e+00  2.0428812030e-02 
 791.000  1.0086018380e+00  2.0439180370e-02 
 792.000  9.9215251500e-01  2.0142683030e-02 
 793.000  9.9004677600e-01  2.0326391220e-02 
 794.000  9.7733725200e-01  2.0636682510e-02 
 795.000  9.7363333600e-01  2.0085577010e-02 
 796.000  9.9434446400e-01  1.9794933320e-02 
 797.000  9.9948556000e-01  2.0143444060e-02 
 798.000  9.9746093600e-01  2.0599887850e-02 
 799.000  9.9728301200e-01  2.0410594940e-02 
 800.000  9.7312639600e-01  1.9518232350e-02 
 801.000  9.9114349500e-01  1.9915142060e-02 
 802.000  9.8937673100e-01  1.9788894650e-02 
 803.000  9.7507255000e-01  1.9570413590e-02 
 804.000  9.8305969500e-01  1.9958358760e-02 
 805.000  9.5460850800e-01  1.9742918010e-02 
 806.000  9.7953852600e-01  2.0415048600e-02 
 807.000  9.7347780700e-01  2.0330255510e-02 
 808.000  9.6833539300e-01  2.0045286180e-02 
 809.000  9.5254346200e-01  1.9541570660e-02 
 810.000  9.4891147600e-01  1.9264987950e-02 
 811.000  9.6532029500e-01  1.9269262310e-02 
 812.000  9.6356404400e-01  1.8879707340e-02 
 813.000  9.6103617200e-01  1.8301620480e-02 
 814.000  9.6167170000e-01  1.7834205630e-02 
 815.000  9.5345862300e-01  1.7092885970e-02 
 816.000  9.4737963300e-01  1.6279891970e-02 
 817.000  9.5297625600e-01  1.6387832640e-02 
 818.000  9.4696603400e-01  1.6249011990e-02 
 819.000  9.2083224300e-01  1.6089746480e-02 
 820.000  9.0119540900e-01  1.6499122620e-02 
 821.000  9.2899056400e-01  1.7917922970e-02 
 822.000  9.0438079900e-01  1.6621433260e-02 
 823.000  9.2060294300e-01  1.5181422230e-02 
 824.000  9.3118254200e-01  1.6835144040e-02 
 825.000  9.2726896700e-01  1.8039979930e-02 
 826.000  9.3357104500e-01  1.7874830250e-02 
 827.000  9.3092098600e-01  1.7628562930e-02 
 828.000  9.3079884900e-01  1.6850385670e-02 
 829.000  9.2972694400e-01  1.7044542310e-02 
 830.000  9.1426085700e-01  1.7052436830e-02 
 831.000  8.9803917900e-01  1.6802442550e-02 
 832.000  9.1633019800e-01  1.7138235090e-02 
 833.000  8.8738368700e-01  1.6868267060e-02 
 834.000  8.9986367000e-01  1.7325460430e-02 
 835.000  8.9980910500e-01  1.7621458050e-02 
 836.000  9.1093657800e-01  1.7845108030e-02 
 837.000  9.0350317600e-01  1.7637531280e-02 
 838.000  9.0573024200e-01  1.7925521850e-02 
 839.000  8.7681015400e-01  1.7448522570e-02 
 840.000  9.0002459100e-01  1.7892074580e-02 
 841.000  9.0334268800e-01  1.7783498760e-02 
 842.000  8.9686125600e-01  1.7749965670e-02 
 843.000  8.8863379400e-01  1.8020231250e-02 
 844.000  8.7294747000e-01  1.7865587230e-02 
 845.000  8.8571783700e-01  1.8195484160e-02 
 846.000  8.9307262400e-01  1.8488157270e-02 
 847.000  8.6169176200e-01  1.7989818570e-02 
 848.000  8.8818590200e-01  1.8341310500e-02 
 849.000  8.8970397800e-01  1.8479709630e-02 
 850.000  7.6973455300e-01  1.5833260540e-02 
 851.000  8.8254797400e-01  1.8007801060e-02 
 852.000  8.4904056700e-01  1.7393777850e-02 
 853.000  8.5773865300e-01  1.7613231660e-02 
 854.000  6.8965626300e-01  1.4192016600e-02 
 855.000  7.5865013500e-01  1.5719834330e-02 
 856.000  8.5952923900e-01  1.7849468230e-02 
 857.000  8.7263419900e-01  1.8275156020e-02 
 858.000  8.5835338800e-01  1.7970367430e-02 
 859.000  8.5748345500e-01  1.8003461840e-02 
 860.000  8.4944208700e-01  1.7922771450e-02 
 861.000  8.4929082500e-01  1.7897417070e-02 
 862.000  8.4628402100e-01  1.7768936160e-02 
 863.000  8.6245594100e-01  1.8212274550e-02 
 864.000  8.6058248800e-01  1.8018312450e-02 
 865.000  8.4443657300e-01  1.7816955570e-02 
 866.000  7.0829830200e-01  1.4989734650e-02 
 867.000  7.5430943500e-01  1.5746335980e-02 
 868.000  8.1808895500e-01  1.7168367390e-02 
 869.000  8.0659118600e-01  1.6914714810e-02 
 870.000  8.3991817100e-01  1.7733604430e-02 
 871.000  8.3871767000e-01  1.7634637830e-02 
 872.000  8.3525438800e-01  1.7324571610e-02 
 873.000  8.3873981600e-01  1.7528049470e-02 
 874.000  8.2043651400e-01  1.7059133530e-02 
 875.000  8.1293036000e-01  1.7053760530e-02 
 876.000  8.1989362700e-01  1.7111177440e-02 
 877.000  8.3635442200e-01  1.7296951290e-02 
 878.000  8.2259037600e-01  1.7087888720e-02 
 879.000  8.2454850500e-01  1.7186012270e-02 
 880.000  8.2029926400e-01  1.6900953290e-02 
 881.000  7.7793577300e-01  1.6072563170e-02 
 882.000  8.2118921700e-01  1.6760692600e-02 
 883.000  8.0221295800e-01  1.6564073560e-02 
 884.000  8.0894133000e-01  1.6923622130e-02 
 885.000  8.1828783800e-01  1.6631330490e-02 
 886.000  7.9279857400e-01  1.6141897200e-02 
 887.000  7.8372621000e-01  1.5944169040e-02 
 888.000  8.0727489400e-01  1.6229524610e-02 
 889.000  8.1239471100e-01  1.6626934050e-02 
 890.000  8.1056764000e-01  1.6487976070e-02 
 891.000  8.0753006500e-01  1.6189655300e-02 
 892.000  8.0687831200e-01  1.5937224390e-02 
 893.000  7.8129687600e-01  1.4557262420e-02 
 894.000  8.0971309400e-01  1.4815653800e-02 
 895.000  7.7473083600e-01  1.3498097420e-02 
 896.000  8.0547337300e-01  1.3146418570e-02 
 897.000  7.8693877100e-01  1.2333656310e-02 
 898.000  7.8829345200e-01  1.1958695410e-02 
 899.000  7.8758462400e-01  1.1030223850e-02 
 900.000  7.6791906300e-01  1.0758520130e-02 
 901.000  7.5146766600e-01  1.0344751360e-02 
 902.000  7.3763657100e-01  1.0193239210e-02 
 903.000  7.7372229100e-01  1.2031674390e-02 
 904.000  7.8808834900e-01  1.3073936460e-02 
 905.000  7.8600226200e-01  1.3294531820e-02 
 906.000  7.6518687000e-01  1.2404707910e-02 
 907.000  7.7815402800e-01  1.1590039250e-02 
 908.000  7.5912137500e-01  1.0620748520e-02 
 909.000  7.4422954000e-01  1.0415966030e-02 
 910.000  7.5303332800e-01  1.0618506430e-02 
 911.000  7.5103577300e-01  1.1165495870e-02 
 912.000  7.5266420900e-01  1.0745772360e-02 
 913.000  7.7028109400e-01  1.0219825740e-02 
 914.000  7.6532398300e-01  1.0500897410e-02 
 915.000  7.5269222300e-01  1.0855332370e-02 
 916.000  7.6104789000e-01  1.0991950040e-02 
 917.000  7.4913710000e-01  1.0973856930e-02 
 918.000  7.4533394700e-01  1.1150991440e-02 
 919.000  7.5516470800e-01  1.2491620060e-02 
 920.000  7.4795930500e-01  1.2712227820e-02 
 921.000  7.3158179500e-01  1.2276046750e-02 
 922.000  7.2503822600e-01  1.2260667800e-02 
 923.000  6.9464687500e-01  1.1209425930e-02 
 924.000  7.2403775700e-01  1.1600872990e-02 
 925.000  7.3364993300e-01  1.1644525530e-02 
 926.000  7.0745784700e-01  1.1060666080e-02 
 927.000  7.3381075300e-01  1.1271109580e-02 
 928.000  7.3832967700e-01  1.0465391160e-02 
 929.000  7.2801609800e-01  9.2189254760e-03 
 930.000  7.2618938900e-01  8.0171966550e-03 
 931.000  7.2589338800e-01  7.1234922410e-03 
 932.000  7.1878291500e-01  6.0999283790e-03 
 933.000  7.2074640800e-01  5.5639023780e-03 
 934.000  7.1443784100e-01  5.0541400910e-03 
 935.000  7.0385118200e-01  4.9315409660e-03 
 936.000  6.9878385600e-01  5.0476393700e-03 
 937.000  7.1438156700e-01  5.1220502850e-03 
 938.000  7.0688574200e-01  5.6042027470e-03 
 939.000  7.1314780400e-01  7.5099802020e-03 
 940.000  7.0950814800e-01  7.8634195330e-03 
 941.000  6.9337895100e-01  7.3720026020e-03 
 942.000  6.6684620000e-01  6.4419503210e-03 
 943.000  7.0262348500e-01  5.8670430180e-03 
 944.000  6.8330961200e-01  5.6385941510e-03 
 945.000  6.8985680300e-01  5.9765214920e-03 
 946.000  6.9921313800e-01  6.0800132750e-03 
 947.000  6.9498365800e-01  6.3425512310e-03 
 948.000  6.9918681600e-01  6.5644993780e-03 
 949.000  7.0140184700e-01  6.5712671280e-03 
 950.000  6.9677829200e-01  6.5767574310e-03 
 951.000  6.9264181800e-01  6.9792771340e-03 
 952.000  6.9256976600e-01  6.5288906100e-03 
 953.000  6.9065796500e-01  6.8448510170e-03 
 954.000  6.8398625100e-01  7.1756200790e-03 
 955.000  6.3888172800e-01  6.4279375080e-03 
 956.000  6.8153688800e-01  6.8203945160e-03 
 957.000  6.8118434000e-01  7.9105973240e-03 
 958.000  6.8643574100e-01  8.1617736820e-03 
 959.000  6.8908929800e-01  7.9925160410e-03 
 960.000  6.8257854900e-01  7.8678932190e-03 
 961.000  6.7525701300e-01  7.6879529950e-03 
 962.000  6.7861900300e-01  7.8239164350e-03 
 963.000  6.7721761800e-01  8.5573997500e-03 
 964.000  6.6946825000e-01  8.5806503300e-03 
 965.000  6.7765238800e-01  8.6116685870e-03 
 966.000  6.5809226800e-01  8.4127769470e-03 
 967.000  6.7766312100e-01  9.2930727010e-03 
 968.000  6.7019482300e-01  1.0213742260e-02 
 969.000  6.7428694300e-01  1.0725988390e-02 
 970.000  6.7611558100e-01  1.0779426570e-02 
 971.000  6.7013251500e-01  1.0665616040e-02 
 972.000  6.7488308200e-01  1.0597800250e-02 
 973.000  6.6864660300e-01  1.0202179910e-02 
 974.000  6.5839677600e-01  9.6932106020e-03 
 975.000  6.6168824400e-01  9.5030965810e-03 
 976.000  6.6969674300e-01  9.8925485610e-03 
 977.000  6.5272039600e-01  1.0072300910e-02 
 978.000  6.6886612800e-01  1.0284657480e-02 
 979.000  6.4942990600e-01  1.0099854470e-02 
 980.000  6.5858799900e-01  1.0716453550e-02 
 981.000  6.6307418000e-01  1.0905610080e-02 
 982.000  6.6164184600e-01  1.0766654970e-02 
 983.000  6.5985427700e-01  1.1010531430e-02 
 984.000  6.5543514100e-01  1.1245508190e-02 
 985.000  6.5512352200e-01  1.1429763790e-02 
 986.000  6.4977823800e-01  1.1602759360e-02 
 987.000  6.5716713300e-01  1.1856505390e-02 
 988.000  6.4906580200e-01  1.1732403760e-02 
 989.000  6.4082597900e-01  1.1593983650e-02 
 990.000  6.4628858700e-01  1.1715570450e-02 
 991.000  6.5152870400e-01  1.1914587020e-02 
 992.000  6.4549977700e-01  1.1823521610e-02 
 993.000  6.4545333700e-01  1.1820662500e-02 
 994.000  6.4868767000e-01  1.1966945650e-02 
 995.000  6.4387644000e-01  1.1947740550e-02 
 996.000  6.4376371000e-01  1.1929188730e-02 
 997.000  6.4448173400e-01  1.1874014850e-02 
 998.000  6.4212065900e-01  1.1766451840e-02 
 999.000  6.4055173600e-01  1.1702095990e-02 
1000.000  6.3543861000e-01  1.1610363010e-02 
1001.000  6.3910874800e-01  1.1553103450e-02 
1002.000  6.3844629700e-01  1.1358559610e-02 
1003.000  6.3092092900e-01  1.1253828050e-02 
1004.000  6.2549085900e-01  1.1243121150e-02 
1005.000  5.8433877900e-01  1.0536362650e-02 
1006.000  6.1482989000e-01  1.1091050150e-02 
1007.000  6.2608991400e-01  1.1250700000e-02 
1008.000  6.2898056200e-01  1.1155435560e-02 
1009.000  6.2547700500e-01  1.0913140300e-02 
1010.000  6.2766940400e-01  1.1016563420e-02 
1011.000  6.2395717900e-01  1.1129273410e-02 
1012.000  6.2399510100e-01  1.1195952420e-02 
1013.000  6.1937889400e-01  1.1164829250e-02 
1014.000  6.2328280000e-01  1.1293441770e-02 
1015.000  6.1176821800e-01  1.1126129150e-02 
1016.000  6.1563291200e-01  1.1261246680e-02 
1017.000  6.0950311700e-01  1.1192280770e-02 
1018.000  6.1756525600e-01  1.1350415230e-02 
1019.000  6.0369475200e-01  1.1059644700e-02 
1020.000  6.0234242400e-01  1.1013548850e-02 
1021.000  6.0817139600e-01  1.1085761070e-02 
1022.000  5.9933644400e-01  1.0756676670e-02 
1023.000  6.1109968700e-01  1.0814713480e-02 
1024.000  6.0815931500e-01  1.0639763830e-02 
1025.000  6.0743915000e-01  1.0663587570e-02 
1026.000  6.0790211700e-01  1.0704361920e-02 
1027.000  6.0434041700e-01  1.0668839450e-02 
1028.000  6.0566812600e-01  1.0763214110e-02 
1029.000  5.9622027400e-01  1.0695372580e-02 
1030.000  6.0197025800e-01  1.0907909390e-02 
1031.000  5.9994413400e-01  1.0951988220e-02 
1032.000  5.9773026000e-01  1.0963991170e-02 
1033.000  5.8670110900e-01  1.0734135630e-02 
1034.000  5.9283362100e-01  1.0829524990e-02 
1035.000  5.8645066800e-01  1.0690255170e-02 
1036.000  5.9414560800e-01  1.0788936610e-02 
1037.000  5.8162634400e-01  1.0531276700e-02 
1038.000  5.8734327900e-01  1.0604327200e-02 
1039.000  5.8985559700e-01  1.0610097890e-02 
1040.000  5.8296251800e-01  1.0449309350e-02 
1041.000  5.8609549900e-01  1.0470810890e-02 
1042.000  5.8786220800e-01  1.0471053120e-02 
1043.000  5.7773277400e-01  1.0261044500e-02 
1044.000  5.8354928200e-01  1.0331315040e-02 
1045.000  5.8121579000e-01  1.0328329090e-02 
1046.000  5.6442327700e-01  1.0079074860e-02 
1047.000  5.7493474200e-01  1.0315698620e-02 
1048.000  5.8082458200e-01  1.0472660060e-02 
1049.000  5.7726072700e-01  1.0461146350e-02 
1050.000  5.7399863100e-01  1.0443999290e-02 
1051.000  5.7432716900e-01  1.0417696950e-02 
1052.000  5.7182553600e-01  1.0326862340e-02 
1053.000  5.7210695000e-01  1.0287753110e-02 
1054.000  5.6651061800e-01  1.0144019130e-02 
1055.000  5.7095749700e-01  1.0170044900e-02 
1056.000  5.6967607500e-01  1.0099403380e-02 
1057.000  5.6925566600e-01  1.0046058650e-02 
1058.000  5.6429838500e-01  9.8946542740e-03 
1059.000  5.4649714900e-01  9.6054449080e-03 
1060.000  5.6569239800e-01  1.0003799440e-02 
1061.000  5.4599054300e-01  9.6626081470e-03 
1062.000  5.6175533600e-01  9.9094324110e-03 
1063.000  5.5249094000e-01  9.7145633700e-03 
1064.000  5.5991667000e-01  9.7506523130e-03 
1065.000  5.5982795600e-01  9.6422119140e-03 
1066.000  5.4262629400e-01  9.2969150540e-03 
1067.000  5.5580715000e-01  9.4530611040e-03 
1068.000  5.5446474100e-01  9.2863836290e-03 
1069.000  5.1310989500e-01  8.5313262940e-03 
1070.000  5.4341937200e-01  9.0812187190e-03 
1071.000  5.4483189800e-01  9.0891981120e-03 
1072.000  5.4719382900e-01  9.1143865590e-03 
1073.000  5.2928775200e-01  8.8427572250e-03 
1074.000  5.4776003300e-01  9.1974563600e-03 
1075.000  5.3001494300e-01  9.0044612880e-03 
1076.000  5.4215735600e-01  9.1753206250e-03 
1077.000  5.4157017400e-01  9.1152324680e-03 
1078.000  5.4369406200e-01  9.0926208500e-03 
1079.000  5.2286455200e-01  8.7475547790e-03 
1080.000  5.4026642500e-01  8.8719158170e-03 
1081.000  5.2048489400e-01  8.5337686540e-03 
1082.000  5.2632168700e-01  8.6545906070e-03 
1083.000  5.1304666200e-01  8.3001956940e-03 
1084.000  5.3366433200e-01  8.4912261960e-03 
1085.000  5.2905974500e-01  8.1688728330e-03 
1086.000  5.3540705000e-01  8.2644891740e-03 
1087.000  5.0013040700e-01  7.9048762320e-03 
1088.000  5.3033953500e-01  8.4522657390e-03 
1089.000  5.1312448600e-01  7.9642415050e-03 
1090.000  5.2485444900e-01  8.1520547870e-03 
1091.000  5.2765632400e-01  8.3007631300e-03 
1092.000  5.1689956200e-01  8.0600175860e-03 
1093.000  5.1377396400e-01  7.7891631130e-03 
1094.000  4.6876498800e-01  6.9707560540e-03 
1095.000  5.0716710700e-01  7.5145173070e-03 
1096.000  5.0790316700e-01  7.4994797710e-03 
1097.000  4.9869899300e-01  7.2641587260e-03 
1098.000  4.9774781300e-01  6.6495137210e-03 
1099.000  5.0223809100e-01  6.1616272930e-03 
1100.000  5.1065278200e-01  6.2992515560e-03 
1101.000  5.0907090400e-01  6.3481583600e-03 
1102.000  4.8815916300e-01  6.0479435920e-03 
1103.000  5.0719338900e-01  6.3246603010e-03 
1104.000  5.0394743700e-01  6.1927471160e-03 
1105.000  5.0430825600e-01  5.9815011020e-03 
1106.000  5.0119739400e-01  5.7479653360e-03 
1107.000  5.0030033300e-01  5.7733569150e-03 
1108.000  4.9845959500e-01  5.7702136040e-03 
1109.000  4.9977470900e-01  5.9315419200e-03 
1110.000  5.0233838800e-01  5.9092350010e-03 
1111.000  4.9630464900e-01  5.7301468850e-03 
1112.000  4.9189144700e-01  5.2853198050e-03 
1113.000  4.9016908800e-01  4.7964887620e-03 
1114.000  4.9547675500e-01  4.6935667990e-03 
1115.000  4.9048704500e-01  4.1983871460e-03 
1116.000  4.8428176500e-01  3.9168026450e-03 
1117.000  4.9002639400e-01  3.5300776960e-03 
1118.000  4.8489440100e-01  3.1601734160e-03 
1119.000  4.7133671900e-01  2.9314775470e-03 
1120.000  4.7228591100e-01  2.8028125760e-03 
1121.000  4.7529299800e-01  2.7942674160e-03 
1122.000  4.7308902900e-01  2.6789870260e-03 
1123.000  4.7531102300e-01  2.7431750300e-03 
1124.000  4.7622510900e-01  2.7857265470e-03 
1125.000  4.6630239100e-01  2.7075183390e-03 
1126.000  4.5738472100e-01  2.6482477190e-03 
1127.000  4.7286995000e-01  2.7470548150e-03 
1128.000  4.6422487600e-01  2.7151205540e-03 
1129.000  4.6711936700e-01  2.8516826630e-03 
1130.000  4.6803568000e-01  3.2291607860e-03 
1131.000  4.7316487000e-01  3.3917040820e-03 
1132.000  4.7416468000e-01  3.2218911650e-03 
1133.000  4.6191931500e-01  2.8736047740e-03 
1134.000  4.5652284800e-01  2.5216541290e-03 
1135.000  4.6250500400e-01  2.5731723310e-03 
1136.000  4.6442000200e-01  2.9295136930e-03 
1137.000  4.7121633300e-01  3.2667903900e-03 
1138.000  4.5515649300e-01  3.4981024270e-03 
1139.000  4.6536905200e-01  3.7330539230e-03 
1140.000  4.6659676300e-01  3.6686427590e-03 
1141.000  4.5310915900e-01  3.4343440530e-03 
1142.000  4.6537392200e-01  3.4739913940e-03 
1143.000  4.5699759600e-01  3.2574422360e-03 
1144.000  4.5372304200e-01  3.0779750350e-03 
1145.000  4.5634142000e-01  2.8956882950e-03 
1146.000  4.6101951200e-01  2.9680879120e-03 
1147.000  4.6335678000e-01  3.1464643480e-03 
1148.000  4.5895005900e-01  3.2781021600e-03 
1149.000  4.6042275800e-01  3.3627939220e-03 
1150.000  4.5846744700e-01  3.3685219290e-03 
1151.000  4.5712267800e-01  3.4885523320e-03 
1152.000  4.5626812600e-01  3.5493140220e-03 
1153.000  4.5547058900e-01  3.6408331390e-03 
1154.000  4.5895009900e-01  3.6637749670e-03 
1155.000  4.6052884400e-01  3.8830857280e-03 
1156.000  4.5428626900e-01  4.0616097450e-03 
1157.000  4.5854470900e-01  4.6554837230e-03 
1158.000  4.5861608600e-01  4.9721446040e-03 
1159.000  4.5213338000e-01  5.2115645410e-03 
1160.000  4.4638948400e-01  5.2893629070e-03 
1161.000  4.3676180900e-01  5.5038299560e-03 
1162.000  4.5257274400e-01  5.9799613950e-03 
1163.000  4.5445272300e-01  6.3219242100e-03 
1164.000  4.4522127200e-01  6.2579703330e-03 
1165.000  4.5381536200e-01  6.4337215420e-03 
1166.000  4.4204436300e-01  6.3483281140e-03 
1167.000  4.4921367200e-01  6.5038280490e-03 
1168.000  4.5313984200e-01  6.5498328210e-03 
1169.000  4.3747094100e-01  6.3734283450e-03 
1170.000  4.4923525900e-01  6.5893802640e-03 
1171.000  4.5131404900e-01  6.7217874530e-03 
1172.000  4.4990255800e-01  6.6446690560e-03 
1173.000  4.4676851700e-01  6.5461421010e-03 
1174.000  4.4699495000e-01  6.5543398860e-03 
1175.000  4.4176205800e-01  6.6286506650e-03 
1176.000  4.3109704900e-01  6.6087627410e-03 
1177.000  4.4440883600e-01  6.7439026830e-03 
1178.000  4.3690251800e-01  6.4952273370e-03 
1179.000  4.3494261000e-01  6.4676184650e-03 
1180.000  4.4104865300e-01  6.5093646050e-03 
1181.000  4.3879558100e-01  6.3536577220e-03 
1182.000  4.3935033200e-01  6.2358803750e-03 
1183.000  4.1384179100e-01  5.8813929560e-03 
1184.000  4.3249352000e-01  6.2090110780e-03 
1185.000  4.3821618600e-01  6.4562215810e-03 
1186.000  4.3560860200e-01  6.3598952290e-03 
1187.000  4.3576257200e-01  6.1828775410e-03 
1188.000  4.3352732400e-01  6.0917444230e-03 
1189.000  4.0816419300e-01  5.8057422640e-03 
1190.000  4.2823633700e-01  6.3208193780e-03 
1191.000  4.3491329000e-01  6.4624919890e-03 
1192.000  4.3254552600e-01  6.5090928080e-03 
1193.000  4.3271152200e-01  6.4433059690e-03 
1194.000  4.3189894000e-01  6.4074435230e-03 
1195.000  4.2705766900e-01  6.2270493510e-03 
1196.000  4.2678844600e-01  6.2431645390e-03 
1197.000  4.2667503100e-01  6.1915359500e-03 
1198.000  4.1234512600e-01  5.9758276940e-03 
1199.000  3.9702146300e-01  5.6954393390e-03 
1200.000  4.2205002800e-01  6.0931382180e-03 
1201.000  4.2507874000e-01  6.1566782000e-03 
1202.000  4.2589400200e-01  6.1963634490e-03 
1203.000  4.0510846600e-01  5.8725848200e-03 
1204.000  4.1182205800e-01  6.0051379200e-03 
1205.000  4.2137471600e-01  6.3410973550e-03 
1206.000  4.1881161100e-01  6.3951210980e-03 
1207.000  4.2162374300e-01  6.4772872920e-03 
1208.000  4.1548619000e-01  6.3526792530e-03 
1209.000  3.8952788300e-01  5.9088773730e-03 
1210.000  4.1680471700e-01  6.2414007190e-03 
1211.000  4.0288139000e-01  6.0279331210e-03 
1212.000  4.1549616600e-01  6.2518582340e-03 
1213.000  4.1703141700e-01  6.3695759770e-03 
1214.000  4.1524678200e-01  6.3464894290e-03 
1215.000  4.1667305700e-01  6.4148888590e-03 
1216.000  4.1544161200e-01  6.5453410150e-03 
1217.000  4.1457776600e-01  6.6537485120e-03 
1218.000  4.1312748100e-01  6.6823959350e-03 
1219.000  4.0926165500e-01  6.6474452020e-03 
1220.000  4.1201261500e-01  6.6823306080e-03 
1221.000  4.1115955400e-01  6.6691126820e-03 
1222.000  4.0888189100e-01  6.6243200300e-03 
1223.000  4.0688060100e-01  6.6210365300e-03 
1224.000  4.0982165100e-01  6.7654876710e-03 
1225.000  4.0749820500e-01  6.7614431380e-03 
1226.000  4.0882637900e-01  6.8271274570e-03 
1227.000  3.9479815900e-01  6.6529307370e-03 
1228.000  4.0689649000e-01  6.9291524890e-03 
1229.000  4.0622037600e-01  6.9673104290e-03 
1230.000  4.0459198800e-01  6.9971976280e-03 
1231.000  4.0445992000e-01  7.0299954410e-03 
1232.000  3.9986103600e-01  6.9660563470e-03 
1233.000  4.0298034600e-01  7.0317988400e-03 
1234.000  4.0151348800e-01  7.0795407300e-03 
1235.000  3.9864200400e-01  7.0511517520e-03 
1236.000  4.0090029100e-01  7.1008105280e-03 
1237.000  4.0079479100e-01  7.1215991970e-03 
1238.000  4.0051032400e-01  7.1226940160e-03 
1239.000  3.9592728400e-01  7.0428299900e-03 
1240.000  3.9415029600e-01  7.0546069150e-03 
1241.000  3.9775822000e-01  7.1593918800e-03 
1242.000  3.9553967600e-01  7.1568675040e-03 
1243.000  3.9120976000e-01  7.1167607310e-03 
1244.000  3.8786146300e-01  7.0832953450e-03 
1245.000  3.9464089100e-01  7.2274255750e-03 
1246.000  3.9170734100e-01  7.1268000600e-03 
1247.000  3.8992010800e-01  7.0458135600e-03 
1248.000  3.9308772400e-01  7.0540604590e-03 
1249.000  3.9175708600e-01  6.9905934330e-03 
1250.000  3.9036288000e-01  6.9188871380e-03 
1251.000  3.8783173500e-01  6.8395299910e-03 
1252.000  3.8683474300e-01  6.7852110860e-03 
1253.000  3.8381122200e-01  6.6937069890e-03 
1254.000  3.8513770300e-01  6.6506557460e-03 
1255.000  3.8472645270e-01  6.5968127250e-03 
1256.000  3.8413240320e-01  6.5471262930e-03 
1257.000  3.8001799950e-01  6.3882198330e-03 
1258.000  3.8201037670e-01  6.2795133590e-03 
1259.000  3.7811492540e-01  6.0951061250e-03 
1260.000  3.7893147750e-01  5.9818177220e-03 
1261.000  3.7848421520e-01  5.8466205600e-03 
1262.000  3.7038620020e-01  5.5684757230e-03 
1263.000  3.7487854640e-01  5.6243281360e-03 
1264.000  3.6904191550e-01  5.5401401520e-03 
1265.000  3.6971436460e-01  5.5667662620e-03 
1266.000  3.7210217900e-01  5.5832948680e-03 
1267.000  3.6513342930e-01  5.4577670100e-03 
1268.000  3.6153784240e-01  5.3717846870e-03 
1269.000  3.6492221290e-01  5.4075126650e-03 
1270.000  3.6893249710e-01  5.5878000260e-03 
1271.000  3.7098070780e-01  5.6785759930e-03 
1272.000  3.6988368920e-01  5.7218885420e-03 
1273.000  3.6956539920e-01  5.7829241750e-03 
1274.000  3.6735816430e-01  5.8156123160e-03 
1275.000  3.6951999980e-01  5.8734440800e-03 
1276.000  3.7011317240e-01  5.8885726930e-03 
1277.000  3.6983688420e-01  5.8762745860e-03 
1278.000  3.6877649350e-01  5.8474693300e-03 
1279.000  3.6630786700e-01  5.8296790120e-03 
1280.000  3.6414459020e-01  5.8885874750e-03 
1281.000  3.5375897980e-01  5.8096346860e-03 
1282.000  3.1414491310e-01  5.2382884030e-03 
1283.000  3.4476817670e-01  5.8119411470e-03 
1284.000  3.5899510950e-01  6.0953536030e-03 
1285.000  3.6162750860e-01  6.1595616340e-03 
1286.000  3.6150936790e-01  6.1246590610e-03 
1287.000  3.6372049870e-01  6.1058831210e-03 
1288.000  3.6144025020e-01  5.8855953220e-03 
1289.000  3.6359478370e-01  5.8663301470e-03 
1290.000  3.5526385570e-01  5.7134637830e-03 
1291.000  3.6012680350e-01  5.7685847280e-03 
1292.000  3.6162976660e-01  5.8082890510e-03 
1293.000  3.6195305430e-01  5.7700963020e-03 
1294.000  3.5620823200e-01  5.5575761800e-03 
1295.000  3.6004327710e-01  5.4678082470e-03 
1296.000  3.6030824760e-01  5.3632822040e-03 
1297.000  3.5808687430e-01  5.2682032590e-03 
1298.000  3.5488772410e-01  5.2264580730e-03 
1299.000  3.5845084580e-01  5.2824320790e-03 
1300.000  3.5701150440e-01  5.2653722760e-03 
1301.000  3.5644258120e-01  5.2387800220e-03 
1302.000  3.5187043980e-01  5.0840826030e-03 
1303.000  3.4998129240e-01  4.8782949450e-03 
1304.000  3.5020874340e-01  4.7882490160e-03 
1305.000  3.5236620830e-01  4.7644953730e-03 
1306.000  3.5270116100e-01  4.7111058240e-03 
1307.000  3.5166002580e-01  4.6588330270e-03 
1308.000  3.5136092140e-01  4.5712871550e-03 
1309.000  3.5104749060e-01  4.4479699130e-03 
1310.000  3.4959027750e-01  4.4271745680e-03 
1311.000  3.4851889210e-01  4.4205627440e-03 
1312.000  3.4743353660e-01  4.2639455800e-03 
1313.000  3.3460146500e-01  3.9331912990e-03 
1314.000  3.4504625530e-01  3.9081158640e-03 
1315.000  3.3342818680e-01  3.8478522300e-03 
1316.000  3.4118457270e-01  4.0479788780e-03 
1317.000  3.4485523310e-01  4.0919866560e-03 
1318.000  3.3997541580e-01  3.8520464900e-03 
1319.000  3.4463292680e-01  3.6711785790e-03 
1320.000  3.4208895770e-01  3.4083285330e-03 
1321.000  3.4058640540e-01  3.3097794060e-03 
1322.000  3.3990615450e-01  3.4316265580e-03 
1323.000  3.4065837520e-01  3.5898194310e-03 
1324.000  3.4083886650e-01  3.6815152170e-03 
1325.000  3.3974976400e-01  3.6057777400e-03 
1326.000  3.3816112100e-01  3.4311168190e-03 
1327.000  3.3546087530e-01  3.0996344090e-03 
1328.000  3.3634673670e-01  2.8400623800e-03 
1329.000  3.2407117260e-01  2.3493239880e-03 
1330.000  3.2914570330e-01  2.2548072340e-03 
1331.000  3.3061153330e-01  2.1885352130e-03 
1332.000  3.2306570980e-01  2.1600663660e-03 
1333.000  3.3160366200e-01  2.2855505940e-03 
1334.000  3.3201807660e-01  2.3826766010e-03 
1335.000  3.3230351320e-01  2.4555361270e-03 
1336.000  3.2870592890e-01  2.4523291590e-03 
1337.000  3.2977026230e-01  2.4636406900e-03 
1338.000  3.2952663020e-01  2.5145010950e-03 
1339.000  3.2598595390e-01  2.4894435410e-03 
1340.000  3.2364604010e-01  2.5159711840e-03 
1341.000  3.2853089940e-01  2.4924876690e-03 
1342.000  3.2772723350e-01  2.4928257470e-03 
1343.000  3.2769853160e-01  2.3061997890e-03 
1344.000  3.2620094030e-01  2.1446781160e-03 
1345.000  3.2370174980e-01  1.8647178410e-03 
1346.000  3.1853051920e-01  1.7217351200e-03 
1347.000  3.1913645630e-01  1.6728345160e-03 
1348.000  3.1555925700e-01  1.6024105550e-03 
1349.000  3.1341726710e-01  1.5700573920e-03 
1350.000  3.0701933810e-01  1.4963148830e-03 
1351.000  3.0485140250e-01  1.4586614370e-03 
1352.000  3.0540905920e-01  1.4210298060e-03 
1353.000  2.9955659050e-01  1.3457605840e-03 
1354.000  2.9593914330e-01  1.3019285200e-03 
1355.000  2.9029936320e-01  1.2473766800e-03 
1356.000  2.8602537160e-01  1.1967874770e-03 
1357.000  2.7932669370e-01  1.1292103530e-03 
1358.000  2.7972442010e-01  1.0886179210e-03 
1359.000  2.7200809900e-01  9.8714339730e-04 
1360.000  2.6204035580e-01  9.0599066020e-04 
1361.000  2.6423810900e-01  8.8408339020e-04 
1362.000  2.6197451730e-01  8.6812853810e-04 
1363.000  2.6223734550e-01  9.1397070880e-04 
1364.000  2.6750751740e-01  9.4746261840e-04 
1365.000  2.6737088330e-01  9.5517307520e-04 
1366.000  2.6924876020e-01  9.7916328910e-04 
1367.000  2.6429885860e-01  9.3880134820e-04 
1368.000  2.6432289680e-01  9.1809499260e-04 
1369.000  2.5956043920e-01  9.0642553570e-04 
1370.000  2.6507185580e-01  9.7763258220e-04 
1371.000  2.7285154300e-01  1.0778086190e-03 
1372.000  2.8368926350e-01  1.1950230600e-03 
1373.000  2.8779230150e-01  1.2580746410e-03 
1374.000  2.9107987840e-01  1.2966887950e-03 
1375.000  2.8698919460e-01  1.2891538140e-03 
1376.000  2.8270048860e-01  1.2615568640e-03 
1377.000  2.8527966580e-01  1.2553195950e-03 
1378.000  2.8038143200e-01  1.2004598380e-03 
1379.000  2.7852749460e-01  1.1429682970e-03 
1380.000  2.6853967000e-01  1.0343343020e-03 
1381.000  2.6248591160e-01  9.4568955900e-04 
1382.000  2.5434204670e-01  8.8053572180e-04 
1383.000  2.5656729520e-01  8.8420611620e-04 
1384.000  2.6226336040e-01  9.5816254620e-04 
1385.000  2.6434639400e-01  1.0078630450e-03 
1386.000  2.7232471800e-01  1.0881824490e-03 
1387.000  2.7622709700e-01  1.1786803010e-03 
1388.000  2.8201749360e-01  1.2379558090e-03 
1389.000  2.8426250900e-01  1.2629069090e-03 
1390.000  2.7925022970e-01  1.2452436690e-03 
1391.000  2.8198639840e-01  1.2451294660e-03 
1392.000  2.7754566600e-01  1.1899446250e-03 
1393.000  2.7300233030e-01  1.1362154480e-03 
1394.000  2.6695081050e-01  1.0791175370e-03 
1395.000  2.6825165480e-01  1.0985012050e-03 
1396.000  2.7418077220e-01  1.1609261040e-03 
1397.000  2.7724823070e-01  1.2044686080e-03 
1398.000  2.7745966870e-01  1.2087285520e-03 
1399.000  2.7564634590e-01  1.1902558800e-03 
1400.000  2.6764293220e-01  1.1504020690e-03 
1401.000  2.6885514320e-01  1.1581554410e-03 
1402.000  2.7541940350e-01  1.2096306090e-03 
1403.000  2.7471979320e-01  1.2202271220e-03 
1404.000  2.7263740750e-01  1.2018080950e-03 
1405.000  2.7280276680e-01  1.2030099630e-03 
1406.000  2.7241880840e-01  1.1896260980e-03 
1407.000  2.7268917610e-01  1.1893501280e-03 
1408.000  2.7353106630e-01  1.2149356600e-03 
1409.000  2.7644614900e-01  1.2433764930e-03 
1410.000  2.7763751170e-01  1.2761039730e-03 
1411.000  2.7970868380e-01  1.3044880630e-03 
1412.000  2.6877899870e-01  1.2503923180e-03 
1413.000  2.7396946010e-01  1.2799260620e-03 
1414.000  2.7755230630e-01  1.2879660130e-03 
1415.000  2.7739139670e-01  1.2973172660e-03 
1416.000  2.7688244780e-01  1.3040252920e-03 
1417.000  2.7890368240e-01  1.3107963800e-03 
1418.000  2.7901239880e-01  1.3086477520e-03 
1419.000  2.7503875180e-01  1.2869277000e-03 
1420.000  2.7443507430e-01  1.2849633690e-03 
1421.000  2.7898976160e-01  1.3219215870e-03 
1422.000  2.7275586320e-01  1.2977927920e-03 
1423.000  2.7109543020e-01  1.2887026070e-03 
1424.000  2.7134042050e-01  1.2830630540e-03 
1425.000  2.7657620920e-01  1.2942454810e-03 
1426.000  2.6538490930e-01  1.2375282050e-03 
1427.000  2.6952568300e-01  1.2621774670e-03 
1428.000  2.7537568610e-01  1.2930712700e-03 
1429.000  2.6891733370e-01  1.2684350010e-03 
1430.000  2.6307605470e-01  1.2330367570e-03 
1431.000  2.6247309940e-01  1.2025041580e-03 
1432.000  2.6724446870e-01  1.2069978710e-03 
1433.000  2.6738024590e-01  1.2014251950e-03 
1434.000  2.6199141860e-01  1.1660139560e-03 
1435.000  2.6518782320e-01  1.1898099180e-03 
1436.000  2.6522358620e-01  1.1911678310e-03 
1437.000  2.6627127850e-01  1.1936929230e-03 
1438.000  2.6562332210e-01  1.2045716050e-03 
1439.000  2.6876374220e-01  1.2160469290e-03 
1440.000  2.5212713770e-01  1.1435023550e-03 
1441.000  2.6483228150e-01  1.1995491980e-03 
1442.000  2.5866630660e-01  1.1590261460e-03 
1443.000  2.6296158980e-01  1.1725450750e-03 
1444.000  2.6424032360e-01  1.1787859200e-03 
1445.000  2.6344276140e-01  1.1711504460e-03 
1446.000  2.6627069550e-01  1.1924172640e-03 
1447.000  2.6505342160e-01  1.1959607600e-03 
1448.000  2.6707983640e-01  1.2015516760e-03 
1449.000  2.6697360200e-01  1.1849325900e-03 
1450.000  2.6517726620e-01  1.1550303700e-03 
1451.000  2.6346748500e-01  1.1469726560e-03 
1452.000  2.6022350540e-01  1.1542071100e-03 
1453.000  2.6517631010e-01  1.2292082310e-03 
1454.000  2.6620684970e-01  1.3111121650e-03 
1455.000  2.6283978980e-01  1.3514248130e-03 
1456.000  2.6271960420e-01  1.4158540960e-03 
1457.000  2.6523870300e-01  1.4313365220e-03 
1458.000  2.6886547520e-01  1.4595987800e-03 
1459.000  2.6986439450e-01  1.4010711910e-03 
1460.000  2.6527307000e-01  1.3244421480e-03 
1461.000  2.6469343380e-01  1.2890577320e-03 
1462.000  2.6180265660e-01  1.2090665100e-03 
1463.000  2.6005707770e-01  1.1931511160e-03 
1464.000  2.5988599860e-01  1.1689773800e-03 
1465.000  2.6289111970e-01  1.1395938400e-03 
1466.000  2.5662993470e-01  1.0681114200e-03 
1467.000  2.6278097640e-01  1.0633072850e-03 
1468.000  2.5631400780e-01  1.0078213210e-03 
1469.000  2.5914055570e-01  9.8172968630e-04 
1470.000  2.5764581910e-01  9.5942467450e-04 
1471.000  2.5357146770e-01  9.6951162820e-04 
1472.000  2.5510376570e-01  1.0227446560e-03 
1473.000  2.5734835950e-01  1.1256272790e-03 
1474.000  2.5026291060e-01  1.1836199760e-03 
1475.000  2.5558398570e-01  1.2031629090e-03 
1476.000  2.5598820630e-01  1.1983082290e-03 
1477.000  2.5673943580e-01  1.1643162970e-03 
1478.000  2.5302598600e-01  1.1121656890e-03 
1479.000  2.5592473290e-01  1.0792226790e-03 
1480.000  2.5732708720e-01  1.1045479770e-03 
1481.000  2.5349082150e-01  1.1298384670e-03 
1482.000  2.5664673030e-01  1.1988359690e-03 
1483.000  2.5136083200e-01  1.1866501570e-03 
1484.000  2.5368411660e-01  1.1997163300e-03 
1485.000  2.5851338010e-01  1.2106320860e-03 
1486.000  2.5425343600e-01  1.2465150360e-03 
1487.000  2.5454429470e-01  1.3688540460e-03 
1488.000  2.2252269250e-01  1.2079776530e-03 
1489.000  2.5550315690e-01  1.5695601700e-03 
1490.000  2.5609776400e-01  1.7505655290e-03 
1491.000  2.5864338660e-01  1.8982251880e-03 
1492.000  2.5263350570e-01  1.8776881690e-03 
1493.000  2.5831064940e-01  2.0140700340e-03 
1494.000  2.5732969110e-01  2.0149066450e-03 
1495.000  2.5552913780e-01  2.0845518110e-03 
1496.000  2.4797255500e-01  2.1680207250e-03 
1497.000  2.5379655120e-01  2.2098574640e-03 
1498.000  2.5636718180e-01  2.3683733940e-03 
1499.000  2.5205520280e-01  2.4526295660e-03 
1500.000  2.5635368380e-01  2.5846657750e-03 
1501.000  2.5598761850e-01  2.5298755170e-03 
1502.000  2.5401032030e-01  2.4426584240e-03 
1503.000  2.2808664260e-01  2.1432819370e-03 
1504.000  2.3763050060e-01  2.2530646320e-03 
1505.000  2.3689230860e-01  2.3602926730e-03 
1506.000  2.4008620670e-01  2.4203608040e-03 
1507.000  2.5109737670e-01  2.6443581580e-03 
1508.000  2.4717677850e-01  2.6720557210e-03 
1509.000  2.4824452000e-01  2.7606296540e-03 
1510.000  2.5208052970e-01  2.8431749340e-03 
1511.000  2.5322682910e-01  2.9195854660e-03 
1512.000  2.4847329490e-01  2.9098427300e-03 
1513.000  2.4805748050e-01  2.9438240530e-03 
1514.000  2.4466207250e-01  2.9256227020e-03 
1515.000  2.4946990030e-01  3.0018637180e-03 
1516.000  2.4715492330e-01  2.9433715340e-03 
1517.000  2.4569118980e-01  2.9086420540e-03 
1518.000  2.5021951780e-01  2.9722778800e-03 
1519.000  2.4650624860e-01  2.9444732670e-03 
1520.000  2.4802263100e-01  3.0360660550e-03 
1521.000  2.4329858350e-01  3.0729255680e-03 
1522.000  2.4187476290e-01  3.1040050980e-03 
1523.000  2.4776225630e-01  3.2455031870e-03 
1524.000  2.4600355180e-01  3.2543261050e-03 
1525.000  2.4052136620e-01  3.1946775910e-03 
1526.000  2.4729648320e-01  3.2617235180e-03 
1527.000  2.4462376050e-01  3.2224431040e-03 
1528.000  2.4610697260e-01  3.2462804320e-03 
1529.000  2.4532811360e-01  3.2070646290e-03 
1530.000  2.2949718620e-01  2.9976792340e-03 
1531.000  2.4522158050e-01  3.1718175410e-03 
1532.000  2.4364861770e-01  3.1226775650e-03 
1533.000  2.4241776940e-01  3.0664813520e-03 
1534.000  2.3856520840e-01  2.9764833450e-03 
1535.000  2.3917954800e-01  2.9434318540e-03 
1536.000  2.4237799320e-01  3.0181846620e-03 
1537.000  2.4294064720e-01  3.0761122700e-03 
1538.000  2.3609627960e-01  3.0414981840e-03 
1539.000  2.4092398590e-01  3.1542479990e-03 
1540.000  2.3209599500e-01  3.0797564980e-03 
1541.000  2.3685825590e-01  3.1450300220e-03 
1542.000  2.3826668080e-01  3.1548182960e-03 
1543.000  2.3738029710e-01  3.1420936580e-03 
1544.000  2.4006511080e-01  3.1814730170e-03 
1545.000  2.4046660280e-01  3.1993367670e-03 
1546.000  2.4025976890e-01  3.2250373360e-03 
1547.000  2.3760782650e-01  3.2168560030e-03 
1548.000  2.3040299870e-01  3.1439955230e-03 
1549.000  2.3630820660e-01  3.2401814460e-03 
1550.000  2.3499620800e-01  3.2352759840e-03 
1551.000  2.3376604810e-01  3.2048141960e-03 
1552.000  2.3773955990e-01  3.2325654030e-03 
1553.000  2.3639832720e-01  3.1930708890e-03 
1554.000  2.2773669000e-01  3.0497858520e-03 
1555.000  2.3138917140e-01  3.0807743070e-03 
1556.000  2.2688416370e-01  3.0428605080e-03 
1557.000  2.3424902680e-01  3.1967673300e-03 
1558.000  2.3245481380e-01  3.2191600800e-03 
1559.000  2.3256587950e-01  3.2653920650e-03 
1560.000  2.2854982760e-01  3.2587301730e-03 
1561.000  2.3398743290e-01  3.3470780850e-03 
1562.000  2.3406258610e-01  3.3167557720e-03 
1563.000  2.3072330370e-01  3.2454814910e-03 
1564.000  2.2638014460e-01  3.1520092490e-03 
1565.000  2.3029368890e-01  3.1670796870e-03 
1566.000  2.2592979010e-01  3.1103396420e-03 
1567.000  2.2658260120e-01  3.1232955460e-03 
1568.000  2.2277370780e-01  3.0625059600e-03 
1569.000  2.2460225320e-01  3.0753345490e-03 
1570.000  2.1956506830e-01  3.0064163210e-03 
1571.000  2.2544828710e-01  3.1146402360e-03 
1572.000  2.2565108800e-01  3.1280810830e-03 
1573.000  2.2187474180e-01  3.1051943300e-03 
1574.000  2.2209627650e-01  3.1463189130e-03 
1575.000  2.0597683000e-01  2.9466364380e-03 
1576.000  2.2128739980e-01  3.1660702230e-03 
1577.000  1.9972660770e-01  2.8189759250e-03 
1578.000  2.1844285380e-01  3.0411388870e-03 
1579.000  2.1937676890e-01  3.0178418160e-03 
1580.000  2.2328237560e-01  3.0440609460e-03 
1581.000  2.2180173000e-01  2.9865570070e-03 
1582.000  2.1670412830e-01  2.9487915040e-03 
1583.000  2.1879293980e-01  3.0068128110e-03 
1584.000  2.1633062190e-01  3.0027942660e-03 
1585.000  2.2235425870e-01  3.1107666490e-03 
1586.000  2.1956133960e-01  3.0808858870e-03 
1587.000  2.1688552030e-01  3.0689389710e-03 
1588.000  2.1341652130e-01  3.0430178640e-03 
1589.000  1.9520377200e-01  2.7917621140e-03 
1590.000  2.1035641180e-01  3.0181877610e-03 
1591.000  2.0564297910e-01  2.9629714490e-03 
1592.000  2.1654989190e-01  3.1270415780e-03 
1593.000  2.2146762420e-01  3.2007477280e-03 
1594.000  2.1991331640e-01  3.1803064350e-03 
1595.000  2.2137825030e-01  3.2028448580e-03 
1596.000  2.0737278150e-01  3.0152418610e-03 
1597.000  2.1583047710e-01  3.1322379110e-03 
1598.000  2.1990365590e-01  3.1769809720e-03 
1599.000  2.1254210130e-01  3.0513961320e-03 
1600.000  2.1608439980e-01  3.0904905800e-03 
1601.000  2.0698806480e-01  2.9762849810e-03 
1602.000  2.1228121390e-01  3.0890812870e-03 
1603.000  2.1067104630e-01  3.1191692350e-03 
1604.000  2.1325812410e-01  3.2178058620e-03 
1605.000  2.1010520290e-01  3.2115347390e-03 
1606.000  2.0924973290e-01  3.2416014670e-03 
1607.000  2.1012926200e-01  3.2182350160e-03 
1608.000  2.1252347860e-01  3.2187347410e-03 
1609.000  2.1170646470e-01  3.1766195300e-03 
1610.000  1.9849612120e-01  2.9540820120e-03 
1611.000  2.0420246600e-01  3.0301830770e-03 
1612.000  2.0594853790e-01  3.0487246510e-03 
1613.000  2.1034411370e-01  3.1046543120e-03 
1614.000  2.0827975460e-01  3.0413436890e-03 
1615.000  2.1154379920e-01  3.0742604730e-03 
1616.000  1.9820283620e-01  2.8640031810e-03 
1617.000  2.0391538380e-01  2.9917113780e-03 
1618.000  2.1026900990e-01  3.1120674610e-03 
1619.000  2.0952516570e-01  3.1477925780e-03 
1620.000  2.0417468270e-01  3.1124889850e-03 
1621.000  2.0111389760e-01  3.1040766240e-03 
1622.000  2.0617603130e-01  3.1879506110e-03 
1623.000  2.1030418260e-01  3.2662611010e-03 
1624.000  2.1175751830e-01  3.2985997200e-03 
1625.000  2.0643967780e-01  3.2408707140e-03 
1626.000  2.0897111510e-01  3.2710142140e-03 
1627.000  2.0870147440e-01  3.2869069580e-03 
1628.000  2.1037859440e-01  3.3246338370e-03 
1629.000  2.1034807640e-01  3.3337156770e-03 
1630.000  2.0463725990e-01  3.2457056050e-03 
1631.000  2.0783781420e-01  3.3089814190e-03 
1632.000  2.0789030050e-01  3.2524652480e-03 
1633.000  2.0521484080e-01  3.1678836350e-03 
1634.000  2.0041284360e-01  3.0482232570e-03 
1635.000  2.0578610510e-01  3.0899879930e-03 
1636.000  2.0524192160e-01  3.0354073050e-03 
1637.000  1.9610427450e-01  2.8585145470e-03 
1638.000  1.9467116420e-01  2.8045387270e-03 
1639.000  1.9273123110e-01  2.7300624850e-03 
1640.000  1.9388736790e-01  2.7083821300e-03 
1641.000  1.9268742130e-01  2.6659333710e-03 
1642.000  1.9244728830e-01  2.7324104310e-03 
1643.000  1.9739348410e-01  2.8693704610e-03 
1644.000  1.9433878030e-01  2.8888256550e-03 
1645.000  1.9477197830e-01  2.9555382730e-03 
1646.000  1.9711293470e-01  3.0485804080e-03 
1647.000  1.9896371210e-01  3.0727863310e-03 
1648.000  1.9819510990e-01  3.0495166780e-03 
1649.000  1.9366741440e-01  2.9742467400e-03 
1650.000  1.9857495350e-01  3.0462520120e-03 
1651.000  1.9410085690e-01  2.9746279720e-03 
1652.000  1.9797465020e-01  3.0294435020e-03 
1653.000  1.9575168380e-01  3.0024702550e-03 
1654.000  1.9794804830e-01  3.0378286840e-03 
1655.000  1.9398048000e-01  2.9866240020e-03 
1656.000  1.9770617140e-01  3.0502324100e-03 
1657.000  1.9627315260e-01  3.0278644560e-03 
1658.000  1.9733377470e-01  3.0518481730e-03 
1659.000  1.9369891100e-01  2.9960885050e-03 
1660.000  1.9606264580e-01  3.0253984930e-03 
1661.000  1.9683243110e-01  3.0172779560e-03 
1662.000  1.9550969430e-01  2.9321529870e-03 
1663.000  1.9427909100e-01  2.8563413620e-03 
1664.000  1.9345683820e-01  2.7861852650e-03 
1665.000  1.9148119570e-01  2.6993880270e-03 
1666.000  1.9054918170e-01  2.6762337680e-03 
1667.000  1.9207173790e-01  2.7560820580e-03 
1668.000  1.8881752760e-01  2.7501044270e-03 
1669.000  1.8911991650e-01  2.8027229310e-03 
1670.000  1.9319217540e-01  2.9117941860e-03 
1671.000  1.9171709870e-01  2.9418919090e-03 
1672.000  1.8263631070e-01  2.8625471590e-03 
1673.000  1.8801662840e-01  2.9979538920e-03 
1674.000  1.8889035510e-01  3.0667316910e-03 
1675.000  1.8714024720e-01  3.0993499760e-03 
1676.000  1.8415918590e-01  3.0697686670e-03 
1677.000  1.8504426690e-01  3.0811676980e-03 
1678.000  1.8591294660e-01  3.0988326070e-03 
1679.000  1.8344043930e-01  3.0499906540e-03 
1680.000  1.7703163920e-01  2.9450814720e-03 
1681.000  1.7082640500e-01  2.8421137330e-03 
1682.000  1.7575947400e-01  2.9211816790e-03 
1683.000  1.8015262810e-01  2.9873218540e-03 
1684.000  1.8351373070e-01  3.0369548800e-03 
1685.000  1.8423258570e-01  3.0316882130e-03 
1686.000  1.8200974250e-01  2.9806025030e-03 
1687.000  1.8302595930e-01  2.9563276770e-03 
1688.000  1.8336775890e-01  2.9260261060e-03 
1689.000  1.8115777350e-01  2.8718011380e-03 
1690.000  1.8132106720e-01  2.8361635210e-03 
1691.000  1.8369387040e-01  2.8830542560e-03 
1692.000  1.8402820420e-01  2.9066228870e-03 
1693.000  1.8332872520e-01  2.9172441960e-03 
1694.000  1.8305132210e-01  2.9313488010e-03 
1695.000  1.8326050790e-01  2.9412996770e-03 
1696.000  1.8218881870e-01  2.8857700820e-03 
1697.000  1.8114820120e-01  2.8192267420e-03 
1698.000  1.8224132210e-01  2.7897062300e-03 
1699.000  1.8106366360e-01  2.7288901810e-03 
1700.000  1.7874260490e-01  2.6537876130e-03 
