 lambda   Irr_dw            Rad_up 
 550.000  1.5535687900e+00  4.7310043330e-02 
 551.000  1.5433062100e+00  4.6839614870e-02 
 552.000  1.6091925600e+00  4.8804492950e-02 
 553.000  1.5456197600e+00  4.6692367550e-02 
 554.000  1.5955864900e+00  4.8142177580e-02 
 555.000  1.5995740100e+00  4.8040077210e-02 
 556.000  1.5550339100e+00  4.6491985320e-02 
 557.000  1.5085316600e+00  4.5054332730e-02 
 558.000  1.5654737300e+00  4.6544914250e-02 
 559.000  1.4794037600e+00  4.3854549410e-02 
 560.000  1.4856632600e+00  4.3986629490e-02 
 561.000  1.6326133300e+00  4.8104316710e-02 
 562.000  1.4987940100e+00  4.4078170780e-02 
 563.000  1.5680020200e+00  4.5901454930e-02 
 564.000  1.5460172500e+00  4.4981040950e-02 
 565.000  1.5647659900e+00  4.5453151700e-02 
 566.000  1.4427815300e+00  4.1714706420e-02 
 567.000  1.5489580500e+00  4.4463703160e-02 
 568.000  1.5495335100e+00  4.3884731290e-02 
 569.000  1.5281529200e+00  4.2095809940e-02 
 570.000  1.5346871900e+00  4.2267601010e-02 
 571.000  1.4737817100e+00  4.1149944310e-02 
 572.000  1.5645528400e+00  4.2936992650e-02 
 573.000  1.5794052800e+00  4.3427387240e-02 
 574.000  1.5703530800e+00  4.3074016570e-02 
 575.000  1.5325614900e+00  4.1840904240e-02 
 576.000  1.5049739800e+00  4.0954151150e-02 
 577.000  1.5655871000e+00  4.2606922150e-02 
 578.000  1.5171788200e+00  4.1539207460e-02 
 579.000  1.5033742700e+00  4.1145076750e-02 
 580.000  1.5531909000e+00  4.2706199650e-02 
 581.000  1.5220960000e+00  4.1973590850e-02 
 582.000  1.5430420100e+00  4.2417594910e-02 
 583.000  1.5529442600e+00  4.2737819670e-02 
 584.000  1.5472908800e+00  4.2382606510e-02 
 585.000  1.5366903700e+00  4.1932338710e-02 
 586.000  1.4703419100e+00  4.0071022030e-02 
 587.000  1.5309119500e+00  4.1158035280e-02 
 588.000  1.5290351000e+00  3.9748405460e-02 
 589.000  1.3746547500e+00  3.4104488370e-02 
 590.000  1.4365324400e+00  3.5528266910e-02 
 591.000  1.5118148700e+00  3.8367351530e-02 
 592.000  1.4904449800e+00  3.7053256990e-02 
 593.000  1.4897185900e+00  3.8164405820e-02 
 594.000  1.5069985300e+00  3.8268886570e-02 
 595.000  1.4896624900e+00  3.6845405580e-02 
 596.000  1.5099013700e+00  3.8566356660e-02 
 597.000  1.5179544900e+00  3.8281093600e-02 
 598.000  1.4800624800e+00  3.7823043820e-02 
 599.000  1.4775924600e+00  3.7912879940e-02 
 600.000  1.4717131700e+00  3.8220710750e-02 
 601.000  1.4593090100e+00  3.8249889370e-02 
 602.000  1.4418579000e+00  3.7786231990e-02 
 603.000  1.4491018900e+00  3.8089591980e-02 
 604.000  1.4937436100e+00  3.9413337710e-02 
 605.000  1.4893241600e+00  3.9140735630e-02 
 606.000  1.4718443800e+00  3.8728988650e-02 
 607.000  1.4633914800e+00  3.8401187900e-02 
 608.000  1.4578980000e+00  3.8121017460e-02 
 609.000  1.4428540000e+00  3.7695808410e-02 
 610.000  1.4196506800e+00  3.6962444310e-02 
 611.000  1.4426228400e+00  3.7506721500e-02 
 612.000  1.4237987500e+00  3.6974765780e-02 
 613.000  1.4029667600e+00  3.6318504330e-02 
 614.000  1.3518262100e+00  3.4976913450e-02 
 615.000  1.4171164700e+00  3.6505821230e-02 
 616.000  1.3474269600e+00  3.4703536990e-02 
 617.000  1.3551082500e+00  3.4850818630e-02 
 618.000  1.4191563900e+00  3.6308841710e-02 
 619.000  1.4063408500e+00  3.6004028320e-02 
 620.000  1.4273392500e+00  3.6350452420e-02 
 621.000  1.4521964200e+00  3.6941371920e-02 
 622.000  1.3759305900e+00  3.4895610810e-02 
 623.000  1.3871439300e+00  3.4959796910e-02 
 624.000  1.3890898500e+00  3.5058208470e-02 
 625.000  1.3519018200e+00  3.4084438320e-02 
 626.000  1.3598216700e+00  3.4037364960e-02 
 627.000  1.3882654500e+00  3.4218765260e-02 
 628.000  1.3948465300e+00  3.2921768190e-02 
 629.000  1.4157131900e+00  3.3965919490e-02 
 630.000  1.3649110500e+00  3.3136474610e-02 
 631.000  1.4106700900e+00  3.4338081360e-02 
 632.000  1.3161733400e+00  3.1795011520e-02 
 633.000  1.4062505700e+00  3.4335521700e-02 
 634.000  1.3617018300e+00  3.3405464170e-02 
 635.000  1.3861825800e+00  3.4023513790e-02 
 636.000  1.3359941200e+00  3.2860729220e-02 
 637.000  1.3792670700e+00  3.3976207730e-02 
 638.000  1.3979919100e+00  3.4572048190e-02 
 639.000  1.3861612400e+00  3.4106616970e-02 
 640.000  1.3412512400e+00  3.3250644680e-02 
 641.000  1.3604784900e+00  3.3665958400e-02 
 642.000  1.3431447800e+00  3.3248439790e-02 
 643.000  1.3683119900e+00  3.3682727810e-02 
 644.000  1.3525421400e+00  3.3148799900e-02 
 645.000  1.3667586900e+00  3.3329025270e-02 
 646.000  1.3245760800e+00  3.1300369260e-02 
 647.000  1.3498160400e+00  3.1212306980e-02 
 648.000  1.3553815000e+00  3.0831930160e-02 
 649.000  1.3753745500e+00  3.1590774540e-02 
 650.000  1.2621861600e+00  2.9925092700e-02 
 651.000  1.3597280600e+00  3.2203407290e-02 
 652.000  1.3451724700e+00  3.0949182510e-02 
 653.000  1.3588383400e+00  3.2241470340e-02 
 654.000  1.3426173700e+00  3.1566482540e-02 
 655.000  1.3120241200e+00  3.0435115810e-02 
 656.000  1.1125822800e+00  2.5859552380e-02 
 657.000  1.1852280900e+00  2.7708419800e-02 
 658.000  1.3158183000e+00  3.1178514480e-02 
 659.000  1.3164793400e+00  3.1324899670e-02 
 660.000  1.3257636000e+00  3.1631166460e-02 
 661.000  1.3283731400e+00  3.1995265960e-02 
 662.000  1.3460434400e+00  3.2513240810e-02 
 663.000  1.3314927300e+00  3.2033626560e-02 
 664.000  1.3098303300e+00  3.1510641100e-02 
 665.000  1.3151717500e+00  3.1612606050e-02 
 666.000  1.3304462000e+00  3.2103519440e-02 
 667.000  1.3036392900e+00  3.1347709660e-02 
 668.000  1.3105069600e+00  3.1629070280e-02 
 669.000  1.3291111600e+00  3.2120738980e-02 
 670.000  1.3130921500e+00  3.1560710910e-02 
 671.000  1.2990200700e+00  3.1241920470e-02 
 672.000  1.2947309700e+00  3.1095497130e-02 
 673.000  1.3039326800e+00  3.1255088810e-02 
 674.000  1.3064090100e+00  3.1306533810e-02 
 675.000  1.2863913300e+00  3.0745697020e-02 
 676.000  1.3106169900e+00  3.1318119050e-02 
 677.000  1.2844926800e+00  3.0694129940e-02 
 678.000  1.3056741000e+00  3.1136465070e-02 
 679.000  1.2872718900e+00  3.0596582410e-02 
 680.000  1.2778356900e+00  3.0334772110e-02 
 681.000  1.2798219800e+00  3.0281879430e-02 
 682.000  1.2773870700e+00  3.0086111070e-02 
 683.000  1.2860734800e+00  3.0160631180e-02 
 684.000  1.2638794600e+00  2.9605081560e-02 
 685.000  1.2775425100e+00  2.9854969020e-02 
 686.000  1.2243792800e+00  2.8195024490e-02 
 687.000  1.2254433600e+00  2.4363971710e-02 
 688.000  1.2263361500e+00  2.5330844880e-02 
 689.000  1.2298855000e+00  2.5193382260e-02 
 690.000  1.2358221800e+00  2.5824735640e-02 
 691.000  1.2407734900e+00  2.6600320820e-02 
 692.000  1.2332899500e+00  2.6756710050e-02 
 693.000  1.2414343700e+00  2.5973575590e-02 
 694.000  1.2550637900e+00  2.5536922450e-02 
 695.000  1.2320769800e+00  2.5448295590e-02 
 696.000  1.2458790100e+00  2.5979755400e-02 
 697.000  1.2448108700e+00  2.7597320560e-02 
 698.000  1.2225487000e+00  2.6647811890e-02 
 699.000  1.2483820300e+00  2.5833650590e-02 
 700.000  1.2334494700e+00  2.5684854510e-02 
 701.000  1.2065505400e+00  2.4773019790e-02 
 702.000  1.2003491800e+00  2.4838237760e-02 
 703.000  1.2149409900e+00  2.6166433330e-02 
 704.000  1.2184936100e+00  2.6306415560e-02 
 705.000  1.2289432600e+00  2.6031490330e-02 
 706.000  1.2158223200e+00  2.5834894180e-02 
 707.000  1.1972067900e+00  2.5601642610e-02 
 708.000  1.2317030500e+00  2.6521030430e-02 
 709.000  1.1872097700e+00  2.5902086260e-02 
 710.000  1.2154501800e+00  2.6022098540e-02 
 711.000  1.2024495800e+00  2.6114061360e-02 
 712.000  1.1850459200e+00  2.6115823750e-02 
 713.000  1.1806536000e+00  2.5672307970e-02 
 714.000  1.2009457100e+00  2.5909297940e-02 
 715.000  1.1598610500e+00  2.4498703000e-02 
 716.000  1.1910529600e+00  2.4618913650e-02 
 717.000  1.1613034700e+00  2.1523460390e-02 
 718.000  1.1551531900e+00  1.9957387920e-02 
 719.000  1.1418528800e+00  1.9115156170e-02 
 720.000  1.1501848100e+00  1.8586961750e-02 
 721.000  1.1485250700e+00  2.1797584530e-02 
 722.000  1.1646206700e+00  2.3208877560e-02 
 723.000  1.1622512800e+00  2.2409656520e-02 
 724.000  1.1692993100e+00  2.0611734390e-02 
 725.000  1.1565424200e+00  2.0651544570e-02 
 726.000  1.1544257600e+00  2.0527193070e-02 
 727.000  1.1715049300e+00  2.1024511340e-02 
 728.000  1.1513807200e+00  2.0426427840e-02 
 729.000  1.1056205100e+00  2.0247825620e-02 
 730.000  1.1464771800e+00  2.0871131900e-02 
 731.000  1.1275792600e+00  2.0463300700e-02 
 732.000  1.1486778600e+00  2.1971181870e-02 
 733.000  1.1308539900e+00  2.2905939100e-02 
 734.000  1.1540466100e+00  2.3960727690e-02 
 735.000  1.1448428200e+00  2.3481498720e-02 
 736.000  1.1238309900e+00  2.2656642910e-02 
 737.000  1.1384149200e+00  2.3190807340e-02 
 738.000  1.1349658900e+00  2.3543924330e-02 
 739.000  1.0981154600e+00  2.3000354770e-02 
 740.000  1.1080923500e+00  2.3630435940e-02 
 741.000  1.0990300500e+00  2.3785383220e-02 
 742.000  1.0808587400e+00  2.3519519810e-02 
 743.000  1.1123150500e+00  2.4494262700e-02 
 744.000  1.1227390800e+00  2.4874366760e-02 
 745.000  1.0934239800e+00  2.4352340700e-02 
 746.000  1.1085552500e+00  2.4715023040e-02 
 747.000  1.1251567100e+00  2.5049264910e-02 
 748.000  1.1049397200e+00  2.4587251660e-02 
 749.000  1.1051369700e+00  2.4606182100e-02 
 750.000  1.0889975200e+00  2.4149608610e-02 
 751.000  1.0861978600e+00  2.4072807310e-02 
 752.000  1.1026525700e+00  2.4482284550e-02 
 753.000  1.0922185800e+00  2.4251525880e-02 
 754.000  1.1093182600e+00  2.4625272750e-02 
 755.000  1.1029540900e+00  2.4469194410e-02 
 756.000  1.0813612800e+00  2.3976348880e-02 
 757.000  1.0893545500e+00  2.4138132100e-02 
 758.000  1.0882236100e+00  2.4033706670e-02 
 759.000  1.0470553400e+00  2.1191543580e-02 
 760.000  8.2382941900e-01  8.5377149580e-03 
 761.000  7.9393196500e-01  7.5606389050e-03 
 762.000  9.2601711000e-01  1.3696166040e-02 
 763.000  9.1116671400e-01  1.1831647870e-02 
 764.000  9.3453848800e-01  1.2921643260e-02 
 765.000  9.8082102000e-01  1.5705384250e-02 
 766.000  9.7251189700e-01  1.8032581330e-02 
 767.000  1.0023715520e+00  1.9774543760e-02 
 768.000  1.0512761500e+00  2.1696254730e-02 
 769.000  1.0527244100e+00  2.2456579210e-02 
 770.000  1.0500376200e+00  2.2772529600e-02 
 771.000  1.0514905700e+00  2.3014394760e-02 
 772.000  1.0476118600e+00  2.2967790600e-02 
 773.000  1.0432912400e+00  2.2880071640e-02 
 774.000  1.0543040200e+00  2.3131511690e-02 
 775.000  1.0145928200e+00  2.2259674070e-02 
 776.000  1.0563059600e+00  2.3216363910e-02 
 777.000  1.0489913400e+00  2.3024761200e-02 
 778.000  1.0434476800e+00  2.2848989490e-02 
 779.000  1.0469227300e+00  2.2856449130e-02 
 780.000  1.0340513400e+00  2.2590850830e-02 
 781.000  1.0321935000e+00  2.2534555440e-02 
 782.000  1.0447278800e+00  2.2715391160e-02 
 783.000  1.0203944200e+00  2.2274528500e-02 
 784.000  1.0263014410e+00  2.2343070980e-02 
 785.000  1.0296807350e+00  2.2202651980e-02 
 786.000  1.0128172340e+00  2.1694175720e-02 
 787.000  1.0297019380e+00  2.1570640560e-02 
 788.000  1.0152364320e+00  2.1097488400e-02 
 789.000  1.0243693320e+00  2.0635076520e-02 
 790.000  1.0143279640e+00  2.0327121730e-02 
 791.000  1.0085968240e+00  2.0337974550e-02 
 792.000  9.9214228000e-01  2.0042528150e-02 
 793.000  9.9009292900e-01  2.0226470950e-02 
 794.000  9.7733168700e-01  2.0537038800e-02 
 795.000  9.7362535000e-01  1.9986669540e-02 
 796.000  9.9433967400e-01  1.9693826680e-02 
 797.000  9.9947917300e-01  2.0041515350e-02 
 798.000  9.9745041900e-01  2.0497697830e-02 
 799.000  9.9728507200e-01  2.0308248520e-02 
 800.000  9.7311871600e-01  1.9418178560e-02 
 801.000  9.9113761000e-01  1.9813268660e-02 
 802.000  9.8937019400e-01  1.9687387470e-02 
 803.000  9.7506499400e-01  1.9470685960e-02 
 804.000  9.8305437300e-01  1.9857570650e-02 
 805.000  9.5460384400e-01  1.9645313260e-02 
 806.000  9.7953187800e-01  2.0314941410e-02 
 807.000  9.7347058600e-01  2.0231163020e-02 
 808.000  9.6832657400e-01  1.9946828840e-02 
 809.000  9.5253376100e-01  1.9444519040e-02 
 810.000  9.4889472800e-01  1.9168771740e-02 
 811.000  9.6531280300e-01  1.9171182630e-02 
 812.000  9.6355790500e-01  1.8781785960e-02 
 813.000  9.6102904500e-01  1.8203804020e-02 
 814.000  9.6166524800e-01  1.7736356740e-02 
 815.000  9.5345380100e-01  1.6995824810e-02 
 816.000  9.4737450800e-01  1.6183393480e-02 
 817.000  9.5295713900e-01  1.6293071750e-02 
 818.000  9.4696098000e-01  1.6153009410e-02 
 819.000  9.2082238000e-01  1.5995711330e-02 
 820.000  9.0118999400e-01  1.6406970980e-02 
 821.000  9.2898595200e-01  1.7822532650e-02 
 822.000  9.0437359000e-01  1.6528427120e-02 
 823.000  9.2059908900e-01  1.5086845400e-02 
 824.000  9.3117638600e-01  1.6739131930e-02 
 825.000  9.2726314400e-01  1.7944377900e-02 
 826.000  9.3356452700e-01  1.7778181080e-02 
 827.000  9.3091640100e-01  1.7531875610e-02 
 828.000  9.3079218000e-01  1.6753662110e-02 
 829.000  9.2972060500e-01  1.6948062900e-02 
 830.000  9.1425502100e-01  1.6957277300e-02 
 831.000  8.9803243900e-01  1.6709112170e-02 
 832.000  9.1632408200e-01  1.7043275830e-02 
 833.000  8.8737757300e-01  1.6776105880e-02 
 834.000  8.9985722200e-01  1.7232503890e-02 
 835.000  8.9980382500e-01  1.7528427120e-02 
 836.000  9.1093109300e-01  1.7751995090e-02 
 837.000  9.0349660000e-01  1.7544900890e-02 
 838.000  9.0572481300e-01  1.7832559590e-02 
 839.000  8.7680634200e-01  1.7359104160e-02 
 840.000  9.0001696600e-01  1.7800266270e-02 
 841.000  9.0333613800e-01  1.7691160200e-02 
 842.000  8.9685426000e-01  1.7658546450e-02 
 843.000  8.8862810000e-01  1.7929346080e-02 
 844.000  8.7294175600e-01  1.7776348110e-02 
 845.000  8.8571376500e-01  1.8105098720e-02 
 846.000  8.9306726600e-01  1.8396986010e-02 
 847.000  8.6168648900e-01  1.7901754380e-02 
 848.000  8.8818063900e-01  1.8250370030e-02 
 849.000  8.8969830300e-01  1.8388938900e-02 
 850.000  7.6972960600e-01  1.5754541400e-02 
 851.000  8.8254417500e-01  1.7918127060e-02 
 852.000  8.4903672800e-01  1.7308113100e-02 
 853.000  8.5773437800e-01  1.7527137760e-02 
 854.000  6.8965207600e-01  1.4123003960e-02 
 855.000  7.5864598900e-01  1.5644531250e-02 
 856.000  8.5952502800e-01  1.7764867780e-02 
 857.000  8.7263082600e-01  1.8189495090e-02 
 858.000  8.5834793900e-01  1.7886127470e-02 
 859.000  8.5747759800e-01  1.7920082090e-02 
 860.000  8.4943570000e-01  1.7840702060e-02 
 861.000  8.4928479000e-01  1.7814769740e-02 
 862.000  8.4627975900e-01  1.7686744690e-02 
 863.000  8.6245159700e-01  1.8128129960e-02 
 864.000  8.6057661000e-01  1.7934957500e-02 
 865.000  8.4443232100e-01  1.7733535770e-02 
 866.000  7.0829458800e-01  1.4920813560e-02 
 867.000  7.5430605200e-01  1.5672374730e-02 
 868.000  8.1808539900e-01  1.7088809970e-02 
 869.000  8.0658623400e-01  1.6835960390e-02 
 870.000  8.3991370900e-01  1.7651161190e-02 
 871.000  8.3871211600e-01  1.7552515030e-02 
 872.000  8.3524949000e-01  1.7243061070e-02 
 873.000  8.3873472400e-01  1.7446449280e-02 
 874.000  8.2043096700e-01  1.6978534700e-02 
 875.000  8.1292587400e-01  1.6974712370e-02 
 876.000  8.1988819700e-01  1.7031354900e-02 
 877.000  8.3634911400e-01  1.7215108870e-02 
 878.000  8.2258787900e-01  1.7007829670e-02 
 879.000  8.2454367000e-01  1.7106260300e-02 
 880.000  8.2029575600e-01  1.6821422580e-02 
 881.000  7.7793206900e-01  1.5997137070e-02 
 882.000  8.2118502500e-01  1.6681089400e-02 
 883.000  8.0220996900e-01  1.6486829760e-02 
 884.000  8.0893625200e-01  1.6845760350e-02 
 885.000  8.1828292600e-01  1.6552423480e-02 
 886.000  7.9279358200e-01  1.6065685270e-02 
 887.000  7.8371593600e-01  1.5868610380e-02 
 888.000  8.0726665100e-01  1.6151704790e-02 
 889.000  8.1239325400e-01  1.6548974990e-02 
 890.000  8.1056347100e-01  1.6410030360e-02 
 891.000  8.0752573100e-01  1.6111968990e-02 
 892.000  8.0687453000e-01  1.5860258100e-02 
 893.000  7.8129363100e-01  1.4482460020e-02 
 894.000  8.0970905500e-01  1.4738003730e-02 
 895.000  7.7472681300e-01  1.3424543380e-02 
 896.000  8.0547171900e-01  1.3069523810e-02 
 897.000  7.8693583800e-01  1.2259043690e-02 
 898.000  7.8828959000e-01  1.1883833890e-02 
 899.000  7.8758238500e-01  1.0955897330e-02 
 900.000  7.6791557600e-01  1.0685668950e-02 
 901.000  7.5146428600e-01  1.0274140360e-02 
 902.000  7.3763322700e-01  1.0122675900e-02 
 903.000  7.7371944300e-01  1.1957341190e-02 
 904.000  7.8808421200e-01  1.2998081210e-02 
 905.000  7.8599555200e-01  1.3218668940e-02 
 906.000  7.6518126200e-01  1.2330565450e-02 
 907.000  7.7814997700e-01  1.1514902110e-02 
 908.000  7.5911772800e-01  1.0546690940e-02 
 909.000  7.4422727100e-01  1.0343291280e-02 
 910.000  7.5302955800e-01  1.0544690130e-02 
 911.000  7.5103342400e-01  1.1091745380e-02 
 912.000  7.5266165600e-01  1.0671603200e-02 
 913.000  7.7027780000e-01  1.0143974300e-02 
 914.000  7.6532082900e-01  1.0425563810e-02 
 915.000  7.5268786000e-01  1.0781167030e-02 
 916.000  7.6104423700e-01  1.0916726110e-02 
 917.000  7.4913394500e-01  1.0899686810e-02 
 918.000  7.4533094700e-01  1.1077171330e-02 
 919.000  7.5515704900e-01  1.2417216300e-02 
 920.000  7.4795458900e-01  1.2637793540e-02 
 921.000  7.3158617700e-01  1.2203334810e-02 
 922.000  7.2504275600e-01  1.2189136510e-02 
 923.000  6.9464221800e-01  1.1140386580e-02 
 924.000  7.2403505500e-01  1.1529505730e-02 
 925.000  7.3364688100e-01  1.1572331430e-02 
 926.000  7.0745416500e-01  1.0990946770e-02 
 927.000  7.3380774300e-01  1.1199419020e-02 
 928.000  7.3832737400e-01  1.0393158910e-02 
 929.000  7.2801298700e-01  9.1476488110e-03 
 930.000  7.2618658800e-01  7.9461240770e-03 
 931.000  7.2589030800e-01  7.0526037220e-03 
 932.000  7.1878011000e-01  6.0301232340e-03 
 933.000  7.2074371400e-01  5.4943232540e-03 
 934.000  7.1443537500e-01  4.9858660700e-03 
 935.000  7.0384879200e-01  4.8642520900e-03 
 936.000  6.9878144900e-01  4.9802618030e-03 
 937.000  7.1437901100e-01  5.0531616210e-03 
 938.000  7.0688312900e-01  5.5350627900e-03 
 939.000  7.1314508100e-01  7.4385170940e-03 
 940.000  7.0950531600e-01  7.7922039030e-03 
 941.000  6.9337574400e-01  7.3025674820e-03 
 942.000  6.6684367600e-01  6.3756136890e-03 
 943.000  7.0262093700e-01  5.7980046270e-03 
 944.000  6.8330709700e-01  5.5716099740e-03 
 945.000  6.8985427400e-01  5.9086904530e-03 
 946.000  6.9921055300e-01  6.0112986560e-03 
 947.000  6.9498100000e-01  6.2740755080e-03 
 948.000  6.9918408500e-01  6.4956617360e-03 
 949.000  7.0139923200e-01  6.5023360250e-03 
 950.000  6.9677564900e-01  6.5083608630e-03 
 951.000  6.9263924400e-01  6.9108791350e-03 
 952.000  6.9256713400e-01  6.4606518750e-03 
 953.000  6.9065535000e-01  6.7765278820e-03 
 954.000  6.8398395300e-01  7.1076145170e-03 
 955.000  6.3887935600e-01  6.3644247060e-03 
 956.000  6.8153437500e-01  6.7527222630e-03 
 957.000  6.8118161200e-01  7.8423767090e-03 
 958.000  6.8643306800e-01  8.0929622650e-03 
 959.000  6.8908675700e-01  7.9231915470e-03 
 960.000  6.8257620600e-01  7.7991948130e-03 
 961.000  6.7525431900e-01  7.6201086040e-03 
 962.000  6.7861637000e-01  7.7557039260e-03 
 963.000  6.7721507700e-01  8.4894027710e-03 
 964.000  6.6946574600e-01  8.5134601590e-03 
 965.000  6.7764931500e-01  8.5436372760e-03 
 966.000  6.5808973600e-01  8.3469057080e-03 
 967.000  6.7766039700e-01  9.2252521510e-03 
 968.000  6.7019235500e-01  1.0146585460e-02 
 969.000  6.7428309300e-01  1.0658544540e-02 
 970.000  6.7611578500e-01  1.0711797710e-02 
 971.000  6.7012795600e-01  1.0598681450e-02 
 972.000  6.7488216100e-01  1.0530401230e-02 
 973.000  6.6864481500e-01  1.0135476110e-02 
 974.000  6.5839450400e-01  9.6276588440e-03 
 975.000  6.6168607900e-01  9.4372425080e-03 
 976.000  6.6969448700e-01  9.8258876800e-03 
 977.000  6.5271685300e-01  1.0007449150e-02 
 978.000  6.6886362400e-01  1.0218252180e-02 
 979.000  6.4942767800e-01  1.0035623550e-02 
 980.000  6.5858849500e-01  1.0650896070e-02 
 981.000  6.6307204700e-01  1.0839784620e-02 
 982.000  6.6164595900e-01  1.0700882910e-02 
 983.000  6.5985131300e-01  1.0945365910e-02 
 984.000  6.5543349100e-01  1.1180842400e-02 
 985.000  6.5512133500e-01  1.1365296360e-02 
 986.000  6.4977598700e-01  1.1538943290e-02 
 987.000  6.5716307700e-01  1.1791778560e-02 
 988.000  6.4906243900e-01  1.1668828010e-02 
 989.000  6.4082309600e-01  1.1531222340e-02 
 990.000  6.4628415900e-01  1.1652383800e-02 
 991.000  6.5152572000e-01  1.1849274640e-02 
 992.000  6.4549626600e-01  1.1758434300e-02 
 993.000  6.4545218200e-01  1.1754897120e-02 
 994.000  6.4868936900e-01  1.1899979590e-02 
 995.000  6.4387248900e-01  1.1880383490e-02 
 996.000  6.4376663900e-01  1.1861166000e-02 
 997.000  6.4447915700e-01  1.1804780960e-02 
 998.000  6.4211723500e-01  1.1696749690e-02 
 999.000  6.4054936800e-01  1.1631645200e-02 
1000.000  6.3543751300e-01  1.1539567950e-02 
1001.000  6.3909766700e-01  1.1482029910e-02 
1002.000  6.3844415100e-01  1.1288115500e-02 
1003.000  6.3091734400e-01  1.1184222220e-02 
1004.000  6.2548874700e-01  1.1174465180e-02 
1005.000  5.8433502600e-01  1.0472425460e-02 
1006.000  6.1483624400e-01  1.1024086950e-02 
1007.000  6.2608552200e-01  1.1182554240e-02 
1008.000  6.2897805900e-01  1.1087379460e-02 
1009.000  6.2547383300e-01  1.0845570560e-02 
1010.000  6.2766699000e-01  1.0948951720e-02 
1011.000  6.2395553600e-01  1.1062132840e-02 
1012.000  6.2399067700e-01  1.1128873830e-02 
1013.000  6.1938031500e-01  1.1098093990e-02 
1014.000  6.2328017200e-01  1.1226613040e-02 
1015.000  6.1176465300e-01  1.1060524940e-02 
1016.000  6.1562965500e-01  1.1195475580e-02 
1017.000  6.0950131000e-01  1.1127741810e-02 
1018.000  6.1756221700e-01  1.1284750940e-02 
1019.000  6.0369415600e-01  1.0995602610e-02 
1020.000  6.0234243600e-01  1.0949697490e-02 
1021.000  6.0816922900e-01  1.1021017070e-02 
1022.000  5.9933516300e-01  1.0692763330e-02 
1023.000  6.1109675500e-01  1.0749272350e-02 
1024.000  6.0815711700e-01  1.0574552540e-02 
1025.000  6.0743598700e-01  1.0598424910e-02 
1026.000  6.0789994200e-01  1.0638959880e-02 
1027.000  6.0433825300e-01  1.0603774070e-02 
1028.000  6.0566783800e-01  1.0698161130e-02 
1029.000  5.9621727300e-01  1.0631607060e-02 
1030.000  6.0196801700e-01  1.0843142510e-02 
1031.000  5.9994305900e-01  1.0887792590e-02 
1032.000  5.9772960100e-01  1.0900396350e-02 
1033.000  5.8669156400e-01  1.0671801570e-02 
1034.000  5.9283125100e-01  1.0755560870e-02 
1035.000  5.8645176000e-01  1.0629765510e-02 
1036.000  5.9414360100e-01  1.0726381300e-02 
1037.000  5.8162301600e-01  1.0470522880e-02 
1038.000  5.8734376500e-01  1.0542937280e-02 
1039.000  5.8985161200e-01  1.0548905370e-02 
1040.000  5.8296215600e-01  1.0388943670e-02 
1041.000  5.8609327700e-01  1.0409989360e-02 
1042.000  5.8786143800e-01  1.0409912110e-02 
1043.000  5.7772867100e-01  1.0201176640e-02 
1044.000  5.8354582200e-01  1.0270741460e-02 
1045.000  5.8121342600e-01  1.0267985340e-02 
1046.000  5.6442098000e-01  1.0020733830e-02 
1047.000  5.7493323600e-01  1.0256179810e-02 
1048.000  5.8082285900e-01  1.0412590980e-02 
1049.000  5.7725941300e-01  1.0401664730e-02 
1050.000  5.7399684900e-01  1.0395058630e-02 
1051.000  5.7432491100e-01  1.0358894350e-02 
1052.000  5.7182352400e-01  1.0268489840e-02 
1053.000  5.7210485800e-01  1.0229902270e-02 
1054.000  5.6650889800e-01  1.0085845950e-02 
1055.000  5.7095533100e-01  1.0111387250e-02 
1056.000  5.6967418800e-01  1.0040869710e-02 
1057.000  5.6925311300e-01  9.9877967830e-03 
1058.000  5.6429636000e-01  9.8370122910e-03 
1059.000  5.4649545200e-01  9.5497198100e-03 
1060.000  5.6569048500e-01  9.9461593630e-03 
1061.000  5.4598869600e-01  9.6070280080e-03 
1062.000  5.6175351300e-01  9.8522863390e-03 
1063.000  5.5248914700e-01  9.6583347320e-03 
1064.000  5.5991485200e-01  9.6936826710e-03 
1065.000  5.5982617700e-01  9.5852432250e-03 
1066.000  5.4262453200e-01  9.2416582110e-03 
1067.000  5.5580520800e-01  9.3964014050e-03 
1068.000  5.5446291100e-01  9.2299518590e-03 
1069.000  5.1310829800e-01  8.4789581300e-03 
1070.000  5.4341770900e-01  9.0258264540e-03 
1071.000  5.4483010800e-01  9.0337581630e-03 
1072.000  5.4719204200e-01  9.0588178630e-03 
1073.000  5.2928592200e-01  8.7891712190e-03 
1074.000  5.4775824600e-01  9.1420812610e-03 
1075.000  5.3001342900e-01  8.9508523940e-03 
1076.000  5.4215547000e-01  9.1206903460e-03 
1077.000  5.4156831200e-01  9.0606622700e-03 
1078.000  5.4369194500e-01  9.0378551480e-03 
1079.000  5.2286308400e-01  8.6951522830e-03 
1080.000  5.4026461400e-01  8.8175954820e-03 
1081.000  5.2048341800e-01  8.4814720150e-03 
1082.000  5.2632006200e-01  8.6017313000e-03 
1083.000  5.1304475900e-01  8.2488174440e-03 
1084.000  5.3366298100e-01  8.4374790190e-03 
1085.000  5.2905824600e-01  8.1157054900e-03 
1086.000  5.3540538300e-01  8.2107372280e-03 
1087.000  5.0012844800e-01  7.8546848300e-03 
1088.000  5.3033815600e-01  8.3989009860e-03 
1089.000  5.1312349600e-01  7.9139347080e-03 
1090.000  5.2485320800e-01  8.0993986130e-03 
1091.000  5.2765448600e-01  8.2478179930e-03 
1092.000  5.1689801500e-01  8.0081434250e-03 
1093.000  5.1377297700e-01  7.7375650410e-03 
1094.000  4.6876411000e-01  6.9236054420e-03 
1095.000  5.0716564100e-01  7.4633083340e-03 
1096.000  5.0790170800e-01  7.4479784970e-03 
1097.000  4.9869743000e-01  7.2135324480e-03 
1098.000  4.9774651600e-01  6.5987982750e-03 
1099.000  5.0223675100e-01  6.1102991100e-03 
1100.000  5.1065135800e-01  6.2469658850e-03 
1101.000  5.0906946700e-01  6.2962136270e-03 
1102.000  4.8815777900e-01  5.9983496670e-03 
1103.000  5.0719208500e-01  6.2732901570e-03 
1104.000  5.0394591900e-01  6.1419167520e-03 
1105.000  5.0430719500e-01  5.9308352470e-03 
1106.000  5.0119618800e-01  5.6977491380e-03 
1107.000  5.0029894200e-01  5.7234716420e-03 
1108.000  4.9845833800e-01  5.7206296920e-03 
1109.000  4.9977329800e-01  5.8819909100e-03 
1110.000  5.0233695800e-01  5.8595709800e-03 
1111.000  4.9630325900e-01  5.6810588840e-03 
1112.000  4.9189026800e-01  5.2366137500e-03 
1113.000  4.9016788700e-01  4.7479944230e-03 
1114.000  4.9547550200e-01  4.6444396970e-03 
1115.000  4.9048589900e-01  4.1499023440e-03 
1116.000  4.8428062100e-01  3.8690838810e-03 
1117.000  4.9002533800e-01  3.4823033810e-03 
1118.000  4.8489330700e-01  3.1135568620e-03 
1119.000  4.7133571300e-01  2.8864908220e-03 
1120.000  4.7228496000e-01  2.7582707410e-03 
1121.000  4.7529209900e-01  2.7495975490e-03 
1122.000  4.7308812600e-01  2.6353094580e-03 
1123.000  4.7531016200e-01  2.6987822060e-03 
1124.000  4.7622422400e-01  2.7409291270e-03 
1125.000  4.6630147200e-01  2.6638154980e-03 
1126.000  4.5738385500e-01  2.6054337020e-03 
1127.000  4.7286901800e-01  2.7027795310e-03 
1128.000  4.6422399500e-01  2.6715805530e-03 
1129.000  4.6711842700e-01  2.8071849350e-03 
1130.000  4.6803464000e-01  3.1833424570e-03 
1131.000  4.7316379400e-01  3.3450160030e-03 
1132.000  4.7416364700e-01  3.1754441260e-03 
1133.000  4.6191839100e-01  2.8292422290e-03 
1134.000  4.5652205300e-01  2.4799602030e-03 
1135.000  4.6250417900e-01  2.5307059290e-03 
1136.000  4.6441906700e-01  2.8846769330e-03 
1137.000  4.7121529800e-01  3.2203454970e-03 
1138.000  4.5515543400e-01  3.4526052470e-03 
1139.000  4.6536805400e-01  3.6864511970e-03 
1140.000  4.6659571500e-01  3.6219999790e-03 
1141.000  4.5310812300e-01  3.3893549440e-03 
1142.000  4.6537288800e-01  3.4278495310e-03 
1143.000  4.5699665700e-01  3.2124774460e-03 
1144.000  4.5372205900e-01  3.0336732860e-03 
1145.000  4.5634051800e-01  2.8517222400e-03 
1146.000  4.6101860300e-01  2.9235758780e-03 
1147.000  4.6335582400e-01  3.1014041900e-03 
1148.000  4.5894912800e-01  3.2331650260e-03 
1149.000  4.6042175800e-01  3.3176655770e-03 
1150.000  4.5846648500e-01  3.3236858840e-03 
1151.000  4.5712166400e-01  3.4436659810e-03 
1152.000  4.5626712400e-01  3.5044407840e-03 
1153.000  4.5546960800e-01  3.5959067340e-03 
1154.000  4.5894912300e-01  3.6185390950e-03 
1155.000  4.6052783200e-01  3.8375205990e-03 
1156.000  4.5428523400e-01  4.0164246560e-03 
1157.000  4.5854361800e-01  4.6096439360e-03 
1158.000  4.5861500000e-01  4.9263014790e-03 
1159.000  4.5213229900e-01  5.1663918500e-03 
1160.000  4.4638832600e-01  5.2446837430e-03 
1161.000  4.3676081100e-01  5.4602127080e-03 
1162.000  4.5257186600e-01  5.9346847530e-03 
1163.000  4.5445146800e-01  6.2765250210e-03 
1164.000  4.4522029300e-01  6.2133798600e-03 
1165.000  4.5381424700e-01  6.3881883620e-03 
1166.000  4.4204321000e-01  6.3039650920e-03 
1167.000  4.4921235900e-01  6.4586806300e-03 
1168.000  4.5313872600e-01  6.5041618350e-03 
1169.000  4.3746966300e-01  6.3293652530e-03 
1170.000  4.4923417400e-01  6.5439944270e-03 
1171.000  4.5131281900e-01  6.6765232090e-03 
1172.000  4.4990149500e-01  6.5997452740e-03 
1173.000  4.4676743900e-01  6.5018320080e-03 
1174.000  4.4699399200e-01  6.5101952550e-03 
1175.000  4.4176137600e-01  6.5853681560e-03 
1176.000  4.3109584500e-01  6.5667810440e-03 
1177.000  4.4440768600e-01  6.7008366580e-03 
1178.000  4.3690102500e-01  6.4528346060e-03 
1179.000  4.3494159500e-01  6.4258489610e-03 
1180.000  4.4104743700e-01  6.4674143790e-03 
1181.000  4.3879442900e-01  6.3120527270e-03 
1182.000  4.3934938600e-01  6.1942853930e-03 
1183.000  4.1384096900e-01  5.8423552510e-03 
1184.000  4.3249274300e-01  6.1683459280e-03 
1185.000  4.3821542700e-01  6.4151430130e-03 
1186.000  4.3560742100e-01  6.3191790580e-03 
1187.000  4.3576164500e-01  6.1422281270e-03 
1188.000  4.3352637000e-01  6.0514307020e-03 
1189.000  4.0816332700e-01  5.7678275110e-03 
1190.000  4.2823529200e-01  6.2811789510e-03 
1191.000  4.3491234300e-01  6.4223017690e-03 
1192.000  4.3254419800e-01  6.4691185950e-03 
1193.000  4.3271063800e-01  6.4032893180e-03 
1194.000  4.3189792800e-01  6.3675022130e-03 
1195.000  4.2705678800e-01  6.1875791550e-03 
1196.000  4.2678741100e-01  6.2037820820e-03 
1197.000  4.2667399300e-01  6.1522483830e-03 
1198.000  4.1234412600e-01  5.9378786090e-03 
1199.000  3.9702053700e-01  5.6589713100e-03 
1200.000  4.2204888800e-01  6.0543661120e-03 
1201.000  4.2507747800e-01  6.1178746220e-03 
1202.000  4.2589316500e-01  6.1576585770e-03 
1203.000  4.0510765100e-01  5.8359127040e-03 
1204.000  4.1182110600e-01  5.9680795670e-03 
1205.000  4.2137398300e-01  6.3033103940e-03 
1206.000  4.1881057900e-01  6.3577885630e-03 
1207.000  4.2162310800e-01  6.4398016930e-03 
1208.000  4.1548555800e-01  6.3159270290e-03 
1209.000  3.8952716600e-01  5.8745093350e-03 
1210.000  4.1680366900e-01  6.2047581670e-03 
1211.000  4.0288065300e-01  5.9924917220e-03 
1212.000  4.1549514500e-01  6.2153220180e-03 
1213.000  4.1703046100e-01  6.3330121040e-03 
1214.000  4.1524611100e-01  6.3099737170e-03 
1215.000  4.1667202600e-01  6.3782420160e-03 
1216.000  4.1544081300e-01  6.5089626310e-03 
1217.000  4.1457668700e-01  6.6174802780e-03 
1218.000  4.1312668800e-01  6.6463265420e-03 
1219.000  4.0926089600e-01  6.6116743090e-03 
1220.000  4.1201168100e-01  6.6463289260e-03 
1221.000  4.1115861400e-01  6.6332898140e-03 
1222.000  4.0888128700e-01  6.5889210700e-03 
1223.000  4.0687993900e-01  6.5857763290e-03 
1224.000  4.0982077300e-01  6.7301993370e-03 
1225.000  4.0749710100e-01  6.7264747620e-03 
1226.000  4.0882553200e-01  6.7921504970e-03 
1227.000  3.9479726700e-01  6.6193218230e-03 
1228.000  4.0689571200e-01  6.8947095870e-03 
1229.000  4.0621949900e-01  6.9330754280e-03 
1230.000  4.0459115400e-01  6.9632020000e-03 
1231.000  4.0445891200e-01  6.9961085320e-03 
1232.000  3.9986024800e-01  6.9326238630e-03 
1233.000  4.0297947100e-01  6.9981346130e-03 
1234.000  4.0151247600e-01  7.0461368560e-03 
1235.000  3.9864104300e-01  7.0180487630e-03 
1236.000  4.0089940600e-01  7.0675997730e-03 
1237.000  4.0079385100e-01  7.0884056090e-03 
1238.000  4.0050963400e-01  7.0895824430e-03 
1239.000  3.9592657400e-01  7.0101990700e-03 
1240.000  3.9414953500e-01  7.0222339630e-03 
1241.000  3.9775742400e-01  7.1268992420e-03 
1242.000  3.9553883000e-01  7.1246891020e-03 
1243.000  3.9120897700e-01  7.0851006510e-03 
1244.000  3.8786071400e-01  7.0520310400e-03 
1245.000  3.9464007400e-01  7.1957054140e-03 
1246.000  3.9170650300e-01  7.0953388210e-03 
1247.000  3.8991938100e-01  7.0145039560e-03 
1248.000  3.9308691000e-01  7.0225949290e-03 
1249.000  3.9175635500e-01  6.9592428210e-03 
1250.000  3.9036212400e-01  6.8876724240e-03 
1251.000  3.8783090400e-01  6.8083572390e-03 
1252.000  3.8683404700e-01  6.7539896970e-03 
1253.000  3.8381045200e-01  6.6626200680e-03 
1254.000  3.8513695600e-01  6.6192765240e-03 
1255.000  3.8472570660e-01  6.5653319360e-03 
1256.000  3.8413173770e-01  6.5155806540e-03 
1257.000  3.8001733050e-01  6.3568210600e-03 
1258.000  3.8200973680e-01  6.2477149960e-03 
1259.000  3.7811426330e-01  6.0632181170e-03 
1260.000  3.7893089010e-01  5.9498491290e-03 
1261.000  3.7848364580e-01  5.8148412700e-03 
1262.000  3.7038560080e-01  5.5375537870e-03 
1263.000  3.7487795140e-01  5.5933189390e-03 
1264.000  3.6904134100e-01  5.5099096300e-03 
1265.000  3.6971379180e-01  5.5367956160e-03 
1266.000  3.7210163720e-01  5.5534286500e-03 
1267.000  3.6513290100e-01  5.4287366870e-03 
1268.000  3.6153734330e-01  5.3433394430e-03 
1269.000  3.6492167490e-01  5.3790569310e-03 
1270.000  3.6893191070e-01  5.5591688160e-03 
1271.000  3.7098011930e-01  5.6496324540e-03 
1272.000  3.6988310710e-01  5.6928896900e-03 
1273.000  3.6956479890e-01  5.7538809780e-03 
1274.000  3.6735756080e-01  5.7866749760e-03 
1275.000  3.6951940000e-01  5.8441743850e-03 
1276.000  3.7011254960e-01  5.8590512280e-03 
1277.000  3.6983624180e-01  5.8466067310e-03 
1278.000  3.6877587270e-01  5.8176689150e-03 
1279.000  3.6630725570e-01  5.8000106810e-03 
1280.000  3.6414392930e-01  5.8590350150e-03 
1281.000  3.5375839050e-01  5.7809515000e-03 
1282.000  3.1414434840e-01  5.2127408980e-03 
1283.000  3.4476755940e-01  5.7838420870e-03 
1284.000  3.5899448910e-01  6.0660705570e-03 
1285.000  3.6162683760e-01  6.1298985480e-03 
1286.000  3.6150871370e-01  6.0948777200e-03 
1287.000  3.6371976320e-01  6.0757465360e-03 
1288.000  3.6143962170e-01  5.8553237920e-03 
1289.000  3.6359415030e-01  5.8356862070e-03 
1290.000  3.5526322920e-01  5.6834049220e-03 
1291.000  3.6012611400e-01  5.7379155160e-03 
1292.000  3.6162909560e-01  5.7772994040e-03 
1293.000  3.6195238180e-01  5.7389073370e-03 
1294.000  3.5620755050e-01  5.5266013150e-03 
1295.000  3.6004265200e-01  5.4361586570e-03 
1296.000  3.6030756420e-01  5.3313994410e-03 
1297.000  3.5808620930e-01  5.2364048960e-03 
1298.000  3.5488708510e-01  5.1948170660e-03 
1299.000  3.5845026020e-01  5.2503180500e-03 
1300.000  3.5701081930e-01  5.2332930560e-03 
1301.000  3.5644194560e-01  5.2067732810e-03 
1302.000  3.5186978410e-01  5.0524868970e-03 
1303.000  3.4998069100e-01  4.8467540740e-03 
1304.000  3.5020806050e-01  4.7566208840e-03 
1305.000  3.5236553750e-01  4.7326660160e-03 
1306.000  3.5270052530e-01  4.6792287830e-03 
1307.000  3.5165946170e-01  4.6270604130e-03 
1308.000  3.5136033500e-01  4.5395903590e-03 
1309.000  3.5104687870e-01  4.4162883760e-03 
1310.000  3.4958968630e-01  4.3957338330e-03 
1311.000  3.4851830830e-01  4.3890647890e-03 
1312.000  3.4743291980e-01  4.2324056630e-03 
1313.000  3.3460089300e-01  3.9026155470e-03 
1314.000  3.4504563800e-01  3.8763899800e-03 
1315.000  3.3342763030e-01  3.8171806340e-03 
1316.000  3.4118395980e-01  4.0165982250e-03 
1317.000  3.4485461120e-01  4.0601964000e-03 
1318.000  3.3997487990e-01  3.8204872610e-03 
1319.000  3.4463234920e-01  3.6389503480e-03 
1320.000  3.4208840210e-01  3.3761308190e-03 
1321.000  3.4058585220e-01  3.2777669430e-03 
1322.000  3.3990563310e-01  3.3997409340e-03 
1323.000  3.4065781890e-01  3.5579767230e-03 
1324.000  3.4083832610e-01  3.6497790810e-03 
1325.000  3.3974922600e-01  3.5741357800e-03 
1326.000  3.3816058390e-01  3.3996043210e-03 
1327.000  3.3546035410e-01  3.0683217050e-03 
1328.000  3.3634624440e-01  2.8087124820e-03 
1329.000  3.2407068830e-01  2.3193304540e-03 
1330.000  3.2914524530e-01  2.2244865890e-03 
1331.000  3.3061109120e-01  2.1581187250e-03 
1332.000  3.2306525980e-01  2.1302335260e-03 
1333.000  3.3160319020e-01  2.2548699380e-03 
1334.000  3.3201761810e-01  2.3517999650e-03 
1335.000  3.3230303160e-01  2.4245295520e-03 
1336.000  3.2870543160e-01  2.4215934280e-03 
1337.000  3.2976979520e-01  2.4326930050e-03 
1338.000  3.2952615560e-01  2.4835057260e-03 
1339.000  3.2598548850e-01  2.4586195950e-03 
1340.000  3.2364551100e-01  2.4853148460e-03 
1341.000  3.2853041840e-01  2.4611716270e-03 
1342.000  3.2772674580e-01  2.4615738390e-03 
1343.000  3.2769805830e-01  2.2748243810e-03 
1344.000  3.2620047370e-01  2.1135301590e-03 
1345.000  3.2370133070e-01  1.8344639540e-03 
1346.000  3.1853013860e-01  1.6924991610e-03 
1347.000  3.1913609550e-01  1.6441047190e-03 
1348.000  3.1555891370e-01  1.5746543410e-03 
1349.000  3.1341695320e-01  1.5428715940e-03 
1350.000  3.0701904030e-01  1.4704422950e-03 
1351.000  3.0485112590e-01  1.4335087540e-03 
1352.000  3.0540883050e-01  1.3966654540e-03 
1353.000  2.9955638450e-01  1.3228895660e-03 
1354.000  2.9593896060e-01  1.2799303530e-03 
1355.000  2.9029921270e-01  1.2264784570e-03 
1356.000  2.8602524290e-01  1.1769262550e-03 
1357.000  2.7932658410e-01  1.1108820440e-03 
1358.000  2.7972433660e-01  1.0714042190e-03 
1359.000  2.7200805370e-01  9.7241121530e-04 
1360.000  2.6204031370e-01  8.9300000670e-04 
1361.000  2.6423807380e-01  8.7177222970e-04 
1362.000  2.6197449240e-01  8.5615670680e-04 
1363.000  2.6223730350e-01  9.0085881950e-04 
1364.000  2.6750746480e-01  9.3370670080e-04 
1365.000  2.6737083860e-01  9.4122534990e-04 
1366.000  2.6924872550e-01  9.6466743950e-04 
1367.000  2.6429881670e-01  9.2522126440e-04 
1368.000  2.6432286210e-01  9.0509921310e-04 
1369.000  2.5956039770e-01  8.9356285330e-04 
1370.000  2.6507181200e-01  9.6311020850e-04 
1371.000  2.7285146220e-01  1.0609029530e-03 
1372.000  2.8368911910e-01  1.1755601170e-03 
1373.000  2.8779214980e-01  1.2373236420e-03 
1374.000  2.9107970110e-01  1.2752201560e-03 
1375.000  2.8698899130e-01  1.2678227420e-03 
1376.000  2.8270030700e-01  1.2407931090e-03 
1377.000  2.8527950840e-01  1.2348235850e-03 
1378.000  2.8038128290e-01  1.1811358930e-03 
1379.000  2.7852738070e-01  1.1250433920e-03 
1380.000  2.6853959940e-01  1.0189214940e-03 
1381.000  2.6248585800e-01  9.3234342340e-04 
1382.000  2.5434200580e-01  8.6847168210e-04 
1383.000  2.5656727120e-01  8.7206685540e-04 
1384.000  2.6226330720e-01  9.4421720500e-04 
1385.000  2.6434633170e-01  9.9254149200e-04 
1386.000  2.7232462060e-01  1.0709553960e-03 
1387.000  2.7622695750e-01  1.1591861250e-03 
1388.000  2.8201734010e-01  1.2171530720e-03 
1389.000  2.8426234340e-01  1.2414907220e-03 
1390.000  2.7925006740e-01  1.2240027190e-03 
1391.000  2.8198624340e-01  1.2240204810e-03 
1392.000  2.7754551880e-01  1.1700547930e-03 
1393.000  2.7300221740e-01  1.1175338030e-03 
1394.000  2.6695070600e-01  1.0617336030e-03 
1395.000  2.6825154310e-01  1.0807489160e-03 
1396.000  2.7418064290e-01  1.1418684720e-03 
1397.000  2.7724808450e-01  1.1845434900e-03 
1398.000  2.7745952270e-01  1.1887844800e-03 
1399.000  2.7564619070e-01  1.1707407240e-03 
1400.000  2.6764279760e-01  1.1316360240e-03 
1401.000  2.6885501030e-01  1.1395802500e-03 
1402.000  2.7541925930e-01  1.1904326680e-03 
1403.000  2.7471964280e-01  1.2011317010e-03 
1404.000  2.7263726730e-01  1.1834003930e-03 
1405.000  2.7280261500e-01  1.1849256750e-03 
1406.000  2.7241867490e-01  1.1721520420e-03 
1407.000  2.7268904630e-01  1.1722346540e-03 
1408.000  2.7353091700e-01  1.1976841690e-03 
1409.000  2.7644599350e-01  1.2260111570e-03 
1410.000  2.7763736640e-01  1.2585277560e-03 
1411.000  2.7970851790e-01  1.2870764730e-03 
1412.000  2.6877884320e-01  1.2343134880e-03 
1413.000  2.7396930710e-01  1.2640973330e-03 
1414.000  2.7755216210e-01  1.2727077010e-03 
1415.000  2.7739124210e-01  1.2825518850e-03 
1416.000  2.7688230710e-01  1.2898029090e-03 
1417.000  2.7890353670e-01  1.2971861360e-03 
1418.000  2.7901226020e-01  1.2957252260e-03 
1419.000  2.7503861510e-01  1.2749084230e-03 
1420.000  2.7443496700e-01  1.2735995050e-03 
1421.000  2.7898964380e-01  1.3112127780e-03 
1422.000  2.7275576620e-01  1.2882210020e-03 
1423.000  2.7109534050e-01  1.2801865340e-03 
1424.000  2.7134035740e-01  1.2755485770e-03 
1425.000  2.7657614270e-01  1.2876592870e-03 
1426.000  2.6538485410e-01  1.2321645020e-03 
1427.000  2.6952564270e-01  1.2576725480e-03 
1428.000  2.7537564490e-01  1.2894290690e-03 
1429.000  2.6891730890e-01  1.2658492330e-03 
1430.000  2.6307603890e-01  1.2314966920e-03 
1431.000  2.6247311450e-01  1.2019894120e-03 
1432.000  2.6724449320e-01  1.2074507470e-03 
1433.000  2.6738027950e-01  1.2028477190e-03 
1434.000  2.6199144940e-01  1.1683555840e-03 
1435.000  2.6518787200e-01  1.1931229830e-03 
1436.000  2.6522365070e-01  1.1954262260e-03 
1437.000  2.6627134320e-01  1.1989327670e-03 
1438.000  2.6562339700e-01  1.2107898000e-03 
1439.000  2.6876382680e-01  1.2233167890e-03 
1440.000  2.5212723150e-01  1.1512596610e-03 
1441.000  2.6483238470e-01  1.2087291480e-03 
1442.000  2.5866643460e-01  1.1689528230e-03 
1443.000  2.6296173720e-01  1.1836417910e-03 
1444.000  2.6424046930e-01  1.1909707780e-03 
1445.000  2.6344291680e-01  1.1843111520e-03 
1446.000  2.6627087240e-01  1.2068179850e-03 
1447.000  2.6505358360e-01  1.2113902570e-03 
1448.000  2.6708001470e-01  1.2181285620e-03 
1449.000  2.6697379760e-01  1.2024575470e-03 
1450.000  2.6517748460e-01  1.1733242270e-03 
1451.000  2.6346768450e-01  1.1664593220e-03 
1452.000  2.6022374580e-01  1.1749123330e-03 
1453.000  2.6517657550e-01  1.2520501610e-03 
1454.000  2.6620714810e-01  1.3359606270e-03 
1455.000  2.6284007970e-01  1.3777402640e-03 
1456.000  2.6271992850e-01  1.4440441130e-03 
1457.000  2.6523904900e-01  1.4612072710e-03 
1458.000  2.6886584300e-01  1.4913400410e-03 
1459.000  2.6986476720e-01  1.4337781670e-03 
1460.000  2.6527345390e-01  1.3575344090e-03 
1461.000  2.6469382180e-01  1.3229645490e-03 
1462.000  2.6180305400e-01  1.2431486850e-03 
1463.000  2.6005745800e-01  1.2280706170e-03 
1464.000  2.5988638720e-01  1.2047801020e-03 
1465.000  2.6289154990e-01  1.1764996050e-03 
1466.000  2.5663035120e-01  1.1047475340e-03 
1467.000  2.6278140430e-01  1.1015859840e-03 
1468.000  2.5631445100e-01  1.0458552840e-03 
1469.000  2.5914099340e-01  1.0207477810e-03 
1470.000  2.5764626990e-01  9.9903362990e-04 
1471.000  2.5357193630e-01  1.0097692010e-03 
1472.000  2.5510423860e-01  1.0648126600e-03 
1473.000  2.5734886850e-01  1.1701475380e-03 
1474.000  2.5026342120e-01  1.2288888690e-03 
1475.000  2.5558451080e-01  1.2502195840e-03 
1476.000  2.5598874670e-01  1.2462755440e-03 
1477.000  2.5673999500e-01  1.2128449680e-03 
1478.000  2.5302652420e-01  1.1604111190e-03 
1479.000  2.5592530130e-01  1.1283143760e-03 
1480.000  2.5732767450e-01  1.1550232170e-03 
1481.000  2.5349138980e-01  1.1805409190e-03 
1482.000  2.5664734030e-01  1.2512954470e-03 
1483.000  2.5136141630e-01  1.2386319640e-03 
1484.000  2.5368471920e-01  1.2525973320e-03 
1485.000  2.5851397960e-01  1.2648087740e-03 
1486.000  2.5425404090e-01  1.3007459640e-03 
1487.000  2.5454493350e-01  1.4253686670e-03 
1488.000  2.2252323580e-01  1.2578958270e-03 
1489.000  2.5550381350e-01  1.6297309400e-03 
1490.000  2.5609847580e-01  1.8136632440e-03 
1491.000  2.5864411020e-01  1.9635881190e-03 
1492.000  2.5263423100e-01  1.9417903420e-03 
1493.000  2.5831137160e-01  2.0807843210e-03 
1494.000  2.5733039420e-01  2.0814459320e-03 
1495.000  2.5552984710e-01  2.1517267230e-03 
1496.000  2.4797326310e-01  2.2351105210e-03 
1497.000  2.5379730620e-01  2.2784426210e-03 
1498.000  2.5636792470e-01  2.4394772050e-03 
1499.000  2.5205597140e-01  2.5242612360e-03 
1500.000  2.5635445420e-01  2.6588063240e-03 
1501.000  2.5598839390e-01  2.6030695440e-03 
1502.000  2.5401109460e-01  2.5142312050e-03 
1503.000  2.2808730730e-01  2.2067401410e-03 
1504.000  2.3763120600e-01  2.3193433280e-03 
1505.000  2.3689298780e-01  2.4277076720e-03 
1506.000  2.4008693540e-01  2.4888212680e-03 
1507.000  2.5109815730e-01  2.7172710900e-03 
1508.000  2.4717754740e-01  2.7445063590e-03 
1509.000  2.4824527920e-01  2.8342082500e-03 
1510.000  2.5208136180e-01  2.9181392190e-03 
1511.000  2.5322762500e-01  2.9953958990e-03 
1512.000  2.4847408960e-01  2.9844841960e-03 
1513.000  2.4805822100e-01  3.0185914040e-03 
1514.000  2.4466278010e-01  2.9992296700e-03 
1515.000  2.4947067420e-01  3.0768980980e-03 
1516.000  2.4715568600e-01  3.0171184540e-03 
1517.000  2.4569194170e-01  2.9815409180e-03 
1518.000  2.5022023980e-01  3.0464584830e-03 
1519.000  2.4650695710e-01  3.0175726410e-03 
1520.000  2.4802342870e-01  3.1103055480e-03 
1521.000  2.4329926600e-01  3.1465313430e-03 
1522.000  2.4187544990e-01  3.1773817540e-03 
1523.000  2.4776299820e-01  3.3210675720e-03 
1524.000  2.4600432930e-01  3.3293011190e-03 
1525.000  2.4052209000e-01  3.2677638530e-03 
1526.000  2.4729725990e-01  3.3362886910e-03 
1527.000  2.4462450160e-01  3.2958703040e-03 
1528.000  2.4610767990e-01  3.3199408050e-03 
1529.000  2.4532892240e-01  3.2798604970e-03 
1530.000  2.2949790210e-01  3.0655040740e-03 
1531.000  2.4522223150e-01  3.2436270710e-03 
1532.000  2.4364930480e-01  3.1933960910e-03 
1533.000  2.4241845460e-01  3.1361100670e-03 
1534.000  2.3856588590e-01  3.0442588330e-03 
1535.000  2.3918019970e-01  3.0106434820e-03 
1536.000  2.4237870420e-01  3.0862622260e-03 
1537.000  2.4294128730e-01  3.1445238590e-03 
1538.000  2.3609683390e-01  3.1081893440e-03 
1539.000  2.4092470660e-01  3.2225093840e-03 
1540.000  2.3209667820e-01  3.1455559730e-03 
1541.000  2.3685885750e-01  3.2117831710e-03 
1542.000  2.3826724830e-01  3.2213544850e-03 
1543.000  2.3738082890e-01  3.2079339030e-03 
1544.000  2.4006586140e-01  3.2477569580e-03 
1545.000  2.4046720460e-01  3.2654068470e-03 
1546.000  2.4026044890e-01  3.2909586430e-03 
1547.000  2.3760844860e-01  3.2818543910e-03 
1548.000  2.3040357010e-01  3.2068574430e-03 
1549.000  2.3630884150e-01  3.3043129440e-03 
1550.000  2.3499683930e-01  3.2986576560e-03 
1551.000  2.3376665980e-01  3.2673490050e-03 
1552.000  2.3774011660e-01  3.2955613140e-03 
1553.000  2.3639881580e-01  3.2553167340e-03 
1554.000  2.2773717620e-01  3.1090598110e-03 
1555.000  2.3138966550e-01  3.1405558590e-03 
1556.000  2.2688466360e-01  3.1014013290e-03 
1557.000  2.3424963980e-01  3.2573852540e-03 
1558.000  2.3245524600e-01  3.2793927190e-03 
1559.000  2.3256644010e-01  3.3256917000e-03 
1560.000  2.2855037850e-01  3.3180849550e-03 
1561.000  2.3398793250e-01  3.4072992800e-03 
1562.000  2.3406303760e-01  3.3760416510e-03 
1563.000  2.3072392630e-01  3.3031220440e-03 
1564.000  2.2638060180e-01  3.2076451780e-03 
1565.000  2.3029422210e-01  3.2231988910e-03 
1566.000  2.2593024530e-01  3.1641402240e-03 
1567.000  2.2658304800e-01  3.1766941550e-03 
1568.000  2.2277416160e-01  3.1142146590e-03 
1569.000  2.2460267080e-01  3.1266405580e-03 
1570.000  2.1956551030e-01  3.0559148790e-03 
1571.000  2.2544870760e-01  3.1652050020e-03 
1572.000  2.2565148160e-01  3.1783025260e-03 
1573.000  2.2187510100e-01  3.1543490890e-03 
1574.000  2.2209667020e-01  3.1954443450e-03 
1575.000  2.0597720490e-01  2.9920167920e-03 
1576.000  2.2128775360e-01  3.2143423560e-03 
1577.000  1.9972695640e-01  2.8618028160e-03 
1578.000  2.1844323770e-01  3.0872118470e-03 
1579.000  2.1937709470e-01  3.0633628370e-03 
1580.000  2.2328274030e-01  3.0897650720e-03 
1581.000  2.2180209860e-01  3.0312387940e-03 
1582.000  2.1670442050e-01  2.9923653600e-03 
1583.000  2.1879329600e-01  3.0506834980e-03 
1584.000  2.1633096390e-01  3.0460712910e-03 
1585.000  2.2235455370e-01  3.1550703050e-03 
1586.000  2.1956172100e-01  3.1242940430e-03 
1587.000  2.1688619280e-01  3.1116261480e-03 
1588.000  2.1341699580e-01  3.0848221780e-03 
1589.000  1.9520402760e-01  2.8296289440e-03 
1590.000  2.1035664890e-01  3.0587222580e-03 
1591.000  2.0564322270e-01  3.0022442340e-03 
1592.000  2.1655016750e-01  3.1679754260e-03 
1593.000  2.2146799350e-01  3.2421305180e-03 
1594.000  2.1991356190e-01  3.2209079270e-03 
1595.000  2.2137858130e-01  3.2432401180e-03 
1596.000  2.0737303340e-01  3.0527610780e-03 
1597.000  2.1583075820e-01  3.1707491870e-03 
1598.000  2.1990392440e-01  3.2155520920e-03 
1599.000  2.1254236370e-01  3.0880134110e-03 
1600.000  2.1608466560e-01  3.1271042820e-03 
1601.000  2.0698831510e-01  3.0111892220e-03 
1602.000  2.1228147370e-01  3.1248338220e-03 
1603.000  2.1067127450e-01  3.1547644140e-03 
1604.000  2.1325837140e-01  3.2540278430e-03 
1605.000  2.1010541820e-01  3.2472157480e-03 
1606.000  2.0924995920e-01  3.2771527770e-03 
1607.000  2.1012951340e-01  3.2533693310e-03 
1608.000  2.1252370150e-01  3.2536919120e-03 
1609.000  2.1170665820e-01  3.2109272480e-03 
1610.000  1.9849635850e-01  2.9858052730e-03 
1611.000  2.0420268650e-01  3.0625576970e-03 
1612.000  2.0594874210e-01  3.0812256340e-03 
1613.000  2.1034434900e-01  3.1376392840e-03 
1614.000  2.0827997760e-01  3.0735743050e-03 
1615.000  2.1154402190e-01  3.1067416670e-03 
1616.000  1.9820304850e-01  2.8941571710e-03 
1617.000  2.0391559210e-01  3.0228848460e-03 
1618.000  2.1026922980e-01  3.1442060470e-03 
1619.000  2.0952536380e-01  3.1799943450e-03 
1620.000  2.0417477790e-01  3.1440472600e-03 
1621.000  2.0111409180e-01  3.1352956300e-03 
1622.000  2.0617625880e-01  3.2198345660e-03 
1623.000  2.1030441450e-01  3.2987823490e-03 
1624.000  2.1175776630e-01  3.3312706950e-03 
1625.000  2.0643993390e-01  3.2728137970e-03 
1626.000  2.0897124470e-01  3.3030612470e-03 
1627.000  2.0870166140e-01  3.3189275260e-03 
1628.000  2.1037879730e-01  3.3568012710e-03 
1629.000  2.1034826480e-01  3.3657536510e-03 
1630.000  2.0463745730e-01  3.2766988280e-03 
1631.000  2.0783804340e-01  3.3403520580e-03 
1632.000  2.0789051540e-01  3.2831938270e-03 
1633.000  2.0521501050e-01  3.1977245810e-03 
1634.000  2.0041287080e-01  3.0769059660e-03 
1635.000  2.0578625750e-01  3.1189780240e-03 
1636.000  2.0524217080e-01  3.0638072490e-03 
1637.000  1.9610444260e-01  2.8851642610e-03 
1638.000  1.9467133760e-01  2.8305881020e-03 
1639.000  1.9273136900e-01  2.7553384300e-03 
1640.000  1.9388753510e-01  2.7333657740e-03 
1641.000  1.9268756660e-01  2.6904749870e-03 
1642.000  1.9244742190e-01  2.7572562690e-03 
1643.000  1.9739368430e-01  2.8951807020e-03 
1644.000  1.9433890340e-01  2.9145224090e-03 
1645.000  1.9477207520e-01  2.9815480710e-03 
1646.000  1.9711305600e-01  3.0751633640e-03 
1647.000  1.9896387520e-01  3.0994710920e-03 
1648.000  1.9819530230e-01  3.0759034160e-03 
1649.000  1.9366758220e-01  2.9998824600e-03 
1650.000  1.9857509070e-01  3.0724275110e-03 
1651.000  1.9410097830e-01  2.9999377730e-03 
1652.000  1.9797478290e-01  3.0550088880e-03 
1653.000  1.9575182200e-01  3.0275769230e-03 
1654.000  1.9794823330e-01  3.0630226140e-03 
1655.000  1.9398055850e-01  3.0111680030e-03 
1656.000  1.9770631320e-01  3.0750780110e-03 
1657.000  1.9627336890e-01  3.0523092750e-03 
1658.000  1.9733389310e-01  3.0762689110e-03 
1659.000  1.9369895600e-01  3.0198473930e-03 
1660.000  1.9606276810e-01  3.0491693020e-03 
1661.000  1.9683247280e-01  3.0407884120e-03 
1662.000  1.9550987630e-01  2.9548463820e-03 
1663.000  1.9427922400e-01  2.8783063890e-03 
1664.000  1.9345688310e-01  2.8074700830e-03 
1665.000  1.9148132100e-01  2.7198607920e-03 
1666.000  1.9054925600e-01  2.6963324550e-03 
1667.000  1.9207186420e-01  2.7764916420e-03 
1668.000  1.8881757820e-01  2.7701797490e-03 
1669.000  1.8912005540e-01  2.8229005340e-03 
1670.000  1.9319222620e-01  2.9324977400e-03 
1671.000  1.9171710350e-01  2.9625389580e-03 
1672.000  1.8263626590e-01  2.8823974130e-03 
1673.000  1.8801659770e-01  3.0184960370e-03 
1674.000  1.8889042230e-01  3.0874862670e-03 
1675.000  1.8714024750e-01  3.1200780870e-03 
1676.000  1.8415919300e-01  3.0900957580e-03 
1677.000  1.8504441540e-01  3.1013965610e-03 
1678.000  1.8591304660e-01  3.1190054420e-03 
1679.000  1.8344062000e-01  3.0696754460e-03 
1680.000  1.7703169560e-01  2.9639155860e-03 
1681.000  1.7082645080e-01  2.8601336480e-03 
1682.000  1.7575958680e-01  2.9395296570e-03 
1683.000  1.8015273230e-01  3.0058958530e-03 
1684.000  1.8351368770e-01  3.0556523800e-03 
1685.000  1.8423262890e-01  3.0501599310e-03 
1686.000  1.8200988860e-01  2.9985878470e-03 
1687.000  1.8302596520e-01  2.9739601610e-03 
1688.000  1.8336786640e-01  2.9432911870e-03 
1689.000  1.8115781640e-01  2.8885593410e-03 
1690.000  1.8132113190e-01  2.8525342940e-03 
1691.000  1.8369396490e-01  2.8995385170e-03 
1692.000  1.8402823310e-01  2.9230775830e-03 
1693.000  1.8332881090e-01  2.9336066250e-03 
1694.000  1.8305134840e-01  2.9476344590e-03 
1695.000  1.8326058060e-01  2.9574763770e-03 
1696.000  1.8218879350e-01  2.9014942650e-03 
1697.000  1.8114820800e-01  2.8344378470e-03 
1698.000  1.8224136550e-01  2.8045947550e-03 
1699.000  1.8106375890e-01  2.7433028220e-03 
1700.000  1.7874267890e-01  2.6676514150e-03 
