 lambda   Irr_dw            Rad_up 
 550.000  1.5535798200e+00  4.7376083370e-02 
 551.000  1.5433196100e+00  4.6905910490e-02 
 552.000  1.6091995000e+00  4.8873302460e-02 
 553.000  1.5456334300e+00  4.6759880070e-02 
 554.000  1.5955972700e+00  4.8212123870e-02 
 555.000  1.5995833300e+00  4.8110885620e-02 
 556.000  1.5550435300e+00  4.6561409000e-02 
 557.000  1.5085422000e+00  4.5122371670e-02 
 558.000  1.5654850100e+00  4.6616157530e-02 
 559.000  1.4794140000e+00  4.3922256470e-02 
 560.000  1.4856762300e+00  4.4055084230e-02 
 561.000  1.6326226400e+00  4.8179500580e-02 
 562.000  1.4988049400e+00  4.4146415710e-02 
 563.000  1.5680122200e+00  4.5972309110e-02 
 564.000  1.5460270800e+00  4.5051628110e-02 
 565.000  1.5647749300e+00  4.5523860930e-02 
 566.000  1.4427912400e+00  4.1780159000e-02 
 567.000  1.5489703900e+00  4.4533157350e-02 
 568.000  1.5495446300e+00  4.3953865050e-02 
 569.000  1.5281629300e+00  4.2163471220e-02 
 570.000  1.5346968500e+00  4.2335113530e-02 
 571.000  1.4737931500e+00  4.1216819760e-02 
 572.000  1.5645642300e+00  4.3009136200e-02 
 573.000  1.5794151100e+00  4.3502281190e-02 
 574.000  1.5703636000e+00  4.3149936680e-02 
 575.000  1.5325738600e+00  4.1916591640e-02 
 576.000  1.5049851400e+00  4.1029827120e-02 
 577.000  1.5656012000e+00  4.2687458040e-02 
 578.000  1.5171901600e+00  4.1619186400e-02 
 579.000  1.5033852900e+00  4.1226150510e-02 
 580.000  1.5532061100e+00  4.2791587830e-02 
 581.000  1.5221090200e+00  4.2057487490e-02 
 582.000  1.5430562100e+00  4.2502487180e-02 
 583.000  1.5529571900e+00  4.2823753360e-02 
 584.000  1.5473029700e+00  4.2467720030e-02 
 585.000  1.5367013800e+00  4.2017032620e-02 
 586.000  1.4703537100e+00  4.0151897430e-02 
 587.000  1.5309235900e+00  4.1241920470e-02 
 588.000  1.5290463700e+00  3.9831394200e-02 
 589.000  1.3746652100e+00  3.4178188320e-02 
 590.000  1.4365432400e+00  3.5605312350e-02 
 591.000  1.5118254500e+00  3.8448863980e-02 
 592.000  1.4904548900e+00  3.7133605960e-02 
 593.000  1.4897306000e+00  3.8244792940e-02 
 594.000  1.5070114800e+00  3.8349884030e-02 
 595.000  1.4896730800e+00  3.6924900050e-02 
 596.000  1.5099130900e+00  3.8647254940e-02 
 597.000  1.5179650400e+00  3.8362308500e-02 
 598.000  1.4800726300e+00  3.7902080540e-02 
 599.000  1.4776045300e+00  3.7991878510e-02 
 600.000  1.4717233400e+00  3.8299163820e-02 
 601.000  1.4593191800e+00  3.8327941890e-02 
 602.000  1.4418680600e+00  3.7863639830e-02 
 603.000  1.4491105200e+00  3.8167274480e-02 
 604.000  1.4937531500e+00  3.9492996220e-02 
 605.000  1.4893334500e+00  3.9220001220e-02 
 606.000  1.4718561200e+00  3.8806991580e-02 
 607.000  1.4634005000e+00  3.8478485110e-02 
 608.000  1.4579092000e+00  3.8198162080e-02 
 609.000  1.4428634000e+00  3.7772254940e-02 
 610.000  1.4196604400e+00  3.7037082670e-02 
 611.000  1.4426316100e+00  3.7582847600e-02 
 612.000  1.4238067800e+00  3.7050312040e-02 
 613.000  1.4029754800e+00  3.6393749240e-02 
 614.000  1.3518355800e+00  3.5049274440e-02 
 615.000  1.4171265900e+00  3.6582366940e-02 
 616.000  1.3474364900e+00  3.4776424410e-02 
 617.000  1.3551187100e+00  3.4924438480e-02 
 618.000  1.4191678400e+00  3.6386672970e-02 
 619.000  1.4063505800e+00  3.6081382750e-02 
 620.000  1.4273493200e+00  3.6429321290e-02 
 621.000  1.4522057300e+00  3.7021430970e-02 
 622.000  1.3759392100e+00  3.4971858980e-02 
 623.000  1.3871529100e+00  3.5037078860e-02 
 624.000  1.3890979500e+00  3.5135715480e-02 
 625.000  1.3519092100e+00  3.4159645080e-02 
 626.000  1.3598303700e+00  3.4113277440e-02 
 627.000  1.3882732400e+00  3.4295585630e-02 
 628.000  1.3948556300e+00  3.2997219090e-02 
 629.000  1.4157220800e+00  3.4043975830e-02 
 630.000  1.3649188000e+00  3.3212375640e-02 
 631.000  1.4106789000e+00  3.4417121890e-02 
 632.000  1.3161814600e+00  3.1868919370e-02 
 633.000  1.4062599700e+00  3.4415721890e-02 
 634.000  1.3617102200e+00  3.3483970640e-02 
 635.000  1.3861925000e+00  3.4104076390e-02 
 636.000  1.3360034800e+00  3.2939060210e-02 
 637.000  1.3792770200e+00  3.4057212830e-02 
 638.000  1.3980038800e+00  3.4655323030e-02 
 639.000  1.3861715200e+00  3.4189403530e-02 
 640.000  1.3412607100e+00  3.3331371310e-02 
 641.000  1.3604847800e+00  3.3747730260e-02 
 642.000  1.3431533800e+00  3.3328464510e-02 
 643.000  1.3683229900e+00  3.3763511660e-02 
 644.000  1.3525504100e+00  3.3228107450e-02 
 645.000  1.3667656900e+00  3.3408329010e-02 
 646.000  1.3245827600e+00  3.1375984190e-02 
 647.000  1.3498245600e+00  3.1288429260e-02 
 648.000  1.3553914100e+00  3.0907331470e-02 
 649.000  1.3753827500e+00  3.1667087550e-02 
 650.000  1.2621925700e+00  2.9994796750e-02 
 651.000  1.3597362100e+00  3.2279750820e-02 
 652.000  1.3451789200e+00  3.1025211330e-02 
 653.000  1.3588457500e+00  3.2320121770e-02 
 654.000  1.3426262800e+00  3.1644931790e-02 
 655.000  1.3120355300e+00  3.0512836460e-02 
 656.000  1.1125909300e+00  2.5926452640e-02 
 657.000  1.1852344300e+00  2.7780460360e-02 
 658.000  1.3158249600e+00  3.1259670260e-02 
 659.000  1.3164859100e+00  3.1407581330e-02 
 660.000  1.3257704900e+00  3.1715515140e-02 
 661.000  1.3283796100e+00  3.2078948970e-02 
 662.000  1.3460523700e+00  3.2597457890e-02 
 663.000  1.3314963900e+00  3.2116706850e-02 
 664.000  1.3098348500e+00  3.1591533660e-02 
 665.000  1.3151792600e+00  3.1693628310e-02 
 666.000  1.3304529500e+00  3.2184806820e-02 
 667.000  1.3036501200e+00  3.1427158360e-02 
 668.000  1.3105135000e+00  3.1707687380e-02 
 669.000  1.3291185400e+00  3.2200550080e-02 
 670.000  1.3131024000e+00  3.1640792850e-02 
 671.000  1.2990262800e+00  3.1319032670e-02 
 672.000  1.2947374200e+00  3.1173423770e-02 
 673.000  1.3039349700e+00  3.1333057400e-02 
 674.000  1.3064106600e+00  3.1384210590e-02 
 675.000  1.2863964800e+00  3.0821584700e-02 
 676.000  1.3106189200e+00  3.1395742420e-02 
 677.000  1.2844944800e+00  3.0769771580e-02 
 678.000  1.3056785900e+00  3.1213592530e-02 
 679.000  1.2872794600e+00  3.0671997070e-02 
 680.000  1.2778476900e+00  3.0409336090e-02 
 681.000  1.2798339900e+00  3.0356760030e-02 
 682.000  1.2773861800e+00  3.0162349700e-02 
 683.000  1.2860753700e+00  3.0237785340e-02 
 684.000  1.2638843200e+00  2.9680797580e-02 
 685.000  1.2775499300e+00  2.9933732990e-02 
 686.000  1.2243851100e+00  2.8269861220e-02 
 687.000  1.2254485900e+00  2.4433429720e-02 
 688.000  1.2263413200e+00  2.5402824400e-02 
 689.000  1.2298911800e+00  2.5265609740e-02 
 690.000  1.2358285400e+00  2.5899063110e-02 
 691.000  1.2407787600e+00  2.6675874710e-02 
 692.000  1.2332966900e+00  2.6832622530e-02 
 693.000  1.2414402200e+00  2.6049945830e-02 
 694.000  1.2550674200e+00  2.5614599230e-02 
 695.000  1.2320836300e+00  2.5524469380e-02 
 696.000  1.2458826900e+00  2.6055685040e-02 
 697.000  1.2448239600e+00  2.7675148010e-02 
 698.000  1.2225476300e+00  2.6724195480e-02 
 699.000  1.2483904700e+00  2.5910110470e-02 
 700.000  1.2334530700e+00  2.5761320110e-02 
 701.000  1.2065569300e+00  2.4846736910e-02 
 702.000  1.2003524900e+00  2.4913137440e-02 
 703.000  1.2149620700e+00  2.6243412020e-02 
 704.000  1.2184686400e+00  2.6383531570e-02 
 705.000  1.2289452300e+00  2.6109609600e-02 
 706.000  1.2158332500e+00  2.5912242890e-02 
 707.000  1.1972235900e+00  2.5678089140e-02 
 708.000  1.2316715100e+00  2.6600488660e-02 
 709.000  1.1872154500e+00  2.5978893280e-02 
 710.000  1.2154401500e+00  2.6100965500e-02 
 711.000  1.2024519600e+00  2.6192758560e-02 
 712.000  1.1850459100e+00  2.6193958280e-02 
 713.000  1.1806592600e+00  2.5750450130e-02 
 714.000  1.2009483000e+00  2.5989368440e-02 
 715.000  1.1598523100e+00  2.4576120380e-02 
 716.000  1.1910376700e+00  2.4699037550e-02 
 717.000  1.1613087000e+00  2.1600576400e-02 
 718.000  1.1551578800e+00  2.0034023280e-02 
 719.000  1.1418590300e+00  1.9191093440e-02 
 720.000  1.1501894100e+00  1.8663637160e-02 
 721.000  1.1485365100e+00  2.1874961850e-02 
 722.000  1.1646465900e+00  2.3287719730e-02 
 723.000  1.1622493300e+00  2.2487474440e-02 
 724.000  1.1693051200e+00  2.0688117980e-02 
 725.000  1.1565440000e+00  2.0726678850e-02 
 726.000  1.1544276000e+00  2.0601512910e-02 
 727.000  1.1715124000e+00  2.1099514010e-02 
 728.000  1.1513858700e+00  2.0499532700e-02 
 729.000  1.1056295800e+00  2.0317714690e-02 
 730.000  1.1464834700e+00  2.0942977910e-02 
 731.000  1.1275859500e+00  2.0533334730e-02 
 732.000  1.1487045600e+00  2.2043413160e-02 
 733.000  1.1308540500e+00  2.2977355960e-02 
 734.000  1.1540524200e+00  2.4033708570e-02 
 735.000  1.1448505900e+00  2.3554571150e-02 
 736.000  1.1238378000e+00  2.2727371220e-02 
 737.000  1.1384231600e+00  2.3262411120e-02 
 738.000  1.1349722900e+00  2.3615375520e-02 
 739.000  1.0981227100e+00  2.3069347380e-02 
 740.000  1.1080948100e+00  2.3700334550e-02 
 741.000  1.0990279500e+00  2.3854105000e-02 
 742.000  1.0808702600e+00  2.3586671830e-02 
 743.000  1.1123163200e+00  2.4563121800e-02 
 744.000  1.1227397800e+00  2.4943553920e-02 
 745.000  1.0934296700e+00  2.4419694900e-02 
 746.000  1.1085568700e+00  2.4782445910e-02 
 747.000  1.1251599900e+00  2.5116998670e-02 
 748.000  1.1049450100e+00  2.4653539660e-02 
 749.000  1.1051414100e+00  2.4671455380e-02 
 750.000  1.0890026500e+00  2.4214548110e-02 
 751.000  1.0862037400e+00  2.4137374880e-02 
 752.000  1.1026553200e+00  2.4548372270e-02 
 753.000  1.0922210000e+00  2.4316957470e-02 
 754.000  1.1093242600e+00  2.4691476820e-02 
 755.000  1.1029584500e+00  2.4535007480e-02 
 756.000  1.0813656200e+00  2.4041954040e-02 
 757.000  1.0893605200e+00  2.4203674320e-02 
 758.000  1.0882172000e+00  2.4100114820e-02 
 759.000  1.0470592700e+00  2.1252365110e-02 
 760.000  8.2383019200e-01  8.5684452060e-03 
 761.000  7.9393250400e-01  7.5872669220e-03 
 762.000  9.2601943800e-01  1.3740435600e-02 
 763.000  9.1116859800e-01  1.1871980670e-02 
 764.000  9.3454048800e-01  1.2964233400e-02 
 765.000  9.8082373400e-01  1.5753661160e-02 
 766.000  9.7251485900e-01  1.8085006710e-02 
 767.000  1.0023749490e+00  1.9830570220e-02 
 768.000  1.0512755100e+00  2.1756084440e-02 
 769.000  1.0527272100e+00  2.2517587660e-02 
 770.000  1.0500401100e+00  2.2833667760e-02 
 771.000  1.0515025600e+00  2.3076658250e-02 
 772.000  1.0476105500e+00  2.3029796600e-02 
 773.000  1.0433006800e+00  2.2943250660e-02 
 774.000  1.0543073000e+00  2.3195381160e-02 
 775.000  1.0145964700e+00  2.2322227480e-02 
 776.000  1.0563107800e+00  2.3281728740e-02 
 777.000  1.0489953200e+00  2.3091480260e-02 
 778.000  1.0434525800e+00  2.2915102010e-02 
 779.000  1.0469267000e+00  2.2922590260e-02 
 780.000  1.0340562700e+00  2.2657964710e-02 
 781.000  1.0321960600e+00  2.2601539610e-02 
 782.000  1.0447325600e+00  2.2783746720e-02 
 783.000  1.0203982950e+00  2.2340490340e-02 
 784.000  1.0263073230e+00  2.2410295490e-02 
 785.000  1.0296834380e+00  2.2269842150e-02 
 786.000  1.0128217710e+00  2.1760738370e-02 
 787.000  1.0297062760e+00  2.1638032910e-02 
 788.000  1.0152403060e+00  2.1164070130e-02 
 789.000  1.0243728430e+00  2.0701919560e-02 
 790.000  1.0143290070e+00  2.0393583300e-02 
 791.000  1.0086003810e+00  2.0403465270e-02 
 792.000  9.9214873200e-01  2.0106082920e-02 
 793.000  9.9003704900e-01  2.0289051060e-02 
 794.000  9.7733458500e-01  2.0598485950e-02 
 795.000  9.7363167400e-01  2.0046707150e-02 
 796.000  9.9434231300e-01  1.9753789900e-02 
 797.000  9.9948432900e-01  2.0101228710e-02 
 798.000  9.9745616600e-01  2.0556579590e-02 
 799.000  9.9727616900e-01  2.0366111760e-02 
 800.000  9.7312391100e-01  1.9473741530e-02 
 801.000  9.9114150700e-01  1.9870141980e-02 
 802.000  9.8937455000e-01  1.9744640350e-02 
 803.000  9.7506739500e-01  1.9527278900e-02 
 804.000  9.8305638800e-01  1.9915182110e-02 
 805.000  9.5460533100e-01  1.9701606750e-02 
 806.000  9.7953445800e-01  2.0373411180e-02 
 807.000  9.7347408700e-01  2.0289443970e-02 
 808.000  9.6833149900e-01  2.0004730220e-02 
 809.000  9.5253170100e-01  1.9501733780e-02 
 810.000  9.4890408800e-01  1.9225786210e-02 
 811.000  9.6531675000e-01  1.9229211810e-02 
 812.000  9.6356088500e-01  1.8839614870e-02 
 813.000  9.6103277500e-01  1.8261384960e-02 
 814.000  9.6166836900e-01  1.7793630600e-02 
 815.000  9.5345522000e-01  1.7052324300e-02 
 816.000  9.4737996900e-01  1.6239303590e-02 
 817.000  9.5296833800e-01  1.6348392490e-02 
 818.000  9.4696425100e-01  1.6208969120e-02 
 819.000  9.2082511200e-01  1.6049720760e-02 
 820.000  9.0119296300e-01  1.6460233690e-02 
 821.000  9.2898804300e-01  1.7877796170e-02 
 822.000  9.0437802500e-01  1.6581335070e-02 
 823.000  9.2059685600e-01  1.5139152530e-02 
 824.000  9.3117933700e-01  1.6792676930e-02 
 825.000  9.2726567800e-01  1.7997697830e-02 
 826.000  9.3356691200e-01  1.7831470490e-02 
 827.000  9.3091846600e-01  1.7585182190e-02 
 828.000  9.3079432600e-01  1.6805450440e-02 
 829.000  9.2972279400e-01  1.6999671940e-02 
 830.000  9.1425814300e-01  1.7007919310e-02 
 831.000  8.9803601900e-01  1.6759386060e-02 
 832.000  9.1632796000e-01  1.7095041280e-02 
 833.000  8.8738142500e-01  1.6826946260e-02 
 834.000  8.9986023800e-01  1.7284543990e-02 
 835.000  8.9980626800e-01  1.7581451420e-02 
 836.000  9.1093429500e-01  1.7805221560e-02 
 837.000  9.0349896300e-01  1.7598659520e-02 
 838.000  9.0572857900e-01  1.7887083050e-02 
 839.000  8.7680971800e-01  1.7412599560e-02 
 840.000  9.0002307400e-01  1.7855737690e-02 
 841.000  9.0333920600e-01  1.7746992110e-02 
 842.000  8.9685825000e-01  1.7714269640e-02 
 843.000  8.8863120800e-01  1.7984697340e-02 
 844.000  8.7294518500e-01  1.7830522540e-02 
 845.000  8.8571545400e-01  1.8160379410e-02 
 846.000  8.9306966600e-01  1.8453067780e-02 
 847.000  8.6169041200e-01  1.7956073760e-02 
 848.000  8.8818410900e-01  1.8306299210e-02 
 849.000  8.8970198600e-01  1.8444601060e-02 
 850.000  7.6973279600e-01  1.5802886010e-02 
 851.000  8.8254671200e-01  1.7974748610e-02 
 852.000  8.4903866600e-01  1.7363775250e-02 
 853.000  8.5773712300e-01  1.7584474560e-02 
 854.000  6.8965423800e-01  1.4169777870e-02 
 855.000  7.5864854300e-01  1.5697155950e-02 
 856.000  8.5952817100e-01  1.7825548170e-02 
 857.000  8.7263305400e-01  1.8252277370e-02 
 858.000  8.5835190800e-01  1.7948829650e-02 
 859.000  8.5748061500e-01  1.7983848570e-02 
 860.000  8.4944009500e-01  1.7905063630e-02 
 861.000  8.4928842300e-01  1.7879060750e-02 
 862.000  8.4628191900e-01  1.7750377660e-02 
 863.000  8.6245433400e-01  1.8193370820e-02 
 864.000  8.6058070700e-01  1.7999227520e-02 
 865.000  8.4443476700e-01  1.7796934130e-02 
 866.000  7.0829639600e-01  1.4973174100e-02 
 867.000  7.5430839400e-01  1.5728178020e-02 
 868.000  8.1808720500e-01  1.7147684100e-02 
 869.000  8.0658845900e-01  1.6894624710e-02 
 870.000  8.3991660600e-01  1.7711996080e-02 
 871.000  8.3871529800e-01  1.7613393780e-02 
 872.000  8.3525266000e-01  1.7303833010e-02 
 873.000  8.3873865900e-01  1.7506969450e-02 
 874.000  8.2043447600e-01  1.7038637160e-02 
 875.000  8.1292890300e-01  1.7033519740e-02 
 876.000  8.1989187300e-01  1.7091272350e-02 
 877.000  8.3635194100e-01  1.7276676180e-02 
 878.000  8.2259037600e-01  1.7068243030e-02 
 879.000  8.2454884700e-01  1.7166948320e-02 
 880.000  8.2029643500e-01  1.6881584170e-02 
 881.000  7.7793475300e-01  1.6054323200e-02 
 882.000  8.2118836700e-01  1.6740964890e-02 
 883.000  8.0221024600e-01  1.6544982910e-02 
 884.000  8.0894149800e-01  1.6904029850e-02 
 885.000  8.1828919300e-01  1.6611186980e-02 
 886.000  7.9279646800e-01  1.6122406010e-02 
 887.000  7.8372291200e-01  1.5924772260e-02 
 888.000  8.0727918200e-01  1.6208780290e-02 
 889.000  8.1239706500e-01  1.6606281280e-02 
 890.000  8.1056613800e-01  1.6467224120e-02 
 891.000  8.0752814200e-01  1.6169576640e-02 
 892.000  8.0687946800e-01  1.5917572020e-02 
 893.000  7.8129562600e-01  1.4538264270e-02 
 894.000  8.0971283500e-01  1.4796549800e-02 
 895.000  7.7472864700e-01  1.3480215070e-02 
 896.000  8.0548194300e-01  1.3127821920e-02 
 897.000  7.8693775700e-01  1.2315720560e-02 
 898.000  7.8829163800e-01  1.1940965650e-02 
 899.000  7.8758347000e-01  1.1012715340e-02 
 900.000  7.6791690200e-01  1.0742161750e-02 
 901.000  7.5146668700e-01  1.0328146930e-02 
 902.000  7.3763513000e-01  1.0174866680e-02 
 903.000  7.7372235200e-01  1.2012678150e-02 
 904.000  7.8808718100e-01  1.3053764340e-02 
 905.000  7.8600108900e-01  1.3273401260e-02 
 906.000  7.6518549800e-01  1.2382717130e-02 
 907.000  7.7815242100e-01  1.1566062930e-02 
 908.000  7.5912010300e-01  1.0595552440e-02 
 909.000  7.4422795900e-01  1.0390357970e-02 
 910.000  7.5303138800e-01  1.0591427800e-02 
 911.000  7.5103498000e-01  1.1138545990e-02 
 912.000  7.5266331800e-01  1.0718457220e-02 
 913.000  7.7027953000e-01  1.0191072460e-02 
 914.000  7.6532227300e-01  1.0472183230e-02 
 915.000  7.5268987500e-01  1.0827266690e-02 
 916.000  7.6104609200e-01  1.0963194850e-02 
 917.000  7.4913535100e-01  1.0945322990e-02 
 918.000  7.4533203200e-01  1.1122540470e-02 
 919.000  7.5516329000e-01  1.2463300700e-02 
 920.000  7.4795761900e-01  1.2684000020e-02 
 921.000  7.3158058200e-01  1.2248737340e-02 
 922.000  7.2504364600e-01  1.2234198570e-02 
 923.000  6.9464186300e-01  1.1184401510e-02 
 924.000  7.2403704000e-01  1.1574991230e-02 
 925.000  7.3364822100e-01  1.1618906020e-02 
 926.000  7.0745511000e-01  1.1036092760e-02 
 927.000  7.3380957500e-01  1.1246204380e-02 
 928.000  7.3832856200e-01  1.0439902310e-02 
 929.000  7.2801490400e-01  9.1936969760e-03 
 930.000  7.2618799200e-01  7.9919142720e-03 
 931.000  7.2589204400e-01  7.0974230770e-03 
 932.000  7.1878150200e-01  6.0732235910e-03 
 933.000  7.2074506600e-01  5.5363407140e-03 
 934.000  7.1443656500e-01  5.0261330600e-03 
 935.000  7.0384994700e-01  4.9036331180e-03 
 936.000  6.9878268700e-01  5.0199298860e-03 
 937.000  7.1438040400e-01  5.0933051110e-03 
 938.000  7.0688455000e-01  5.5759024620e-03 
 939.000  7.1314649400e-01  7.4825005530e-03 
 940.000  7.0950687200e-01  7.8360972400e-03 
 941.000  6.9337760200e-01  7.3452167510e-03 
 942.000  6.6684513700e-01  6.4160199170e-03 
 943.000  7.0262228500e-01  5.8391389850e-03 
 944.000  6.8330837900e-01  5.6116323470e-03 
 945.000  6.8985561800e-01  5.9497504230e-03 
 946.000  6.9921193400e-01  6.0530524250e-03 
 947.000  6.9498237800e-01  6.3161859510e-03 
 948.000  6.9918548400e-01  6.5383477210e-03 
 949.000  7.0140051600e-01  6.5451574330e-03 
 950.000  6.9677704900e-01  6.5510435100e-03 
 951.000  6.9264043700e-01  6.9537715910e-03 
 952.000  6.9256846400e-01  6.5027022360e-03 
 953.000  6.9065680300e-01  6.8187603950e-03 
 954.000  6.8398524100e-01  7.1497502330e-03 
 955.000  6.3888050800e-01  6.4032893180e-03 
 956.000  6.8153577400e-01  6.7938919070e-03 
 957.000  6.8118308200e-01  7.8843798640e-03 
 958.000  6.8643431900e-01  8.1351165770e-03 
 959.000  6.8908838000e-01  7.9654512410e-03 
 960.000  6.8257763200e-01  7.8405733110e-03 
 961.000  6.7525598400e-01  7.6610422130e-03 
 962.000  6.7861802700e-01  7.7970657350e-03 
 963.000  6.7721624600e-01  8.5311088560e-03 
 964.000  6.6946699600e-01  8.5547580720e-03 
 965.000  6.7765109200e-01  8.5854101180e-03 
 966.000  6.5809098300e-01  8.3874597550e-03 
 967.000  6.7766214600e-01  9.2674360280e-03 
 968.000  6.7019375000e-01  1.0189049720e-02 
 969.000  6.7428486200e-01  1.0701561930e-02 
 970.000  6.7611439600e-01  1.0755067830e-02 
 971.000  6.7013003800e-01  1.0641713140e-02 
 972.000  6.7488458400e-01  1.0575212480e-02 
 973.000  6.6864570000e-01  1.0178379060e-02 
 974.000  6.5839609900e-01  9.6706352230e-03 
 975.000  6.6168701200e-01  9.4795246120e-03 
 976.000  6.6969627600e-01  9.8691301350e-03 
 977.000  6.5271932500e-01  1.0050102230e-02 
 978.000  6.6886595900e-01  1.0262045860e-02 
 979.000  6.4942866100e-01  1.0078000070e-02 
 980.000  6.5858919100e-01  1.0694746020e-02 
 981.000  6.6307343100e-01  1.0884438510e-02 
 982.000  6.6164814300e-01  1.0745281220e-02 
 983.000  6.5985321900e-01  1.0990011220e-02 
 984.000  6.5543459500e-01  1.1225588800e-02 
 985.000  6.5512196800e-01  1.1410315510e-02 
 986.000  6.4977779500e-01  1.1584049220e-02 
 987.000  6.5716523600e-01  1.1837920190e-02 
 988.000  6.4906423000e-01  1.1714350700e-02 
 989.000  6.4082423300e-01  1.1576462750e-02 
 990.000  6.4628725100e-01  1.1697991370e-02 
 991.000  6.5152663400e-01  1.1894439700e-02 
 992.000  6.4549839200e-01  1.1801919940e-02 
 993.000  6.4545290300e-01  1.1797307970e-02 
 994.000  6.4868798300e-01  1.1941396710e-02 
 995.000  6.4388394100e-01  1.1920092580e-02 
 996.000  6.4376974600e-01  1.1900385860e-02 
 997.000  6.4448164600e-01  1.1842383380e-02 
 998.000  6.4211860200e-01  1.1733006480e-02 
 999.000  6.4055072900e-01  1.1666605950e-02 
1000.000  6.3543882200e-01  1.1573080060e-02 
1001.000  6.3910293400e-01  1.1516037940e-02 
1002.000  6.3844590100e-01  1.1322098730e-02 
1003.000  6.3091843600e-01  1.1218160630e-02 
1004.000  6.2549043200e-01  1.1208599090e-02 
1005.000  5.8433112600e-01  1.0504578590e-02 
1006.000  6.1483139800e-01  1.1058160780e-02 
1007.000  6.2608616200e-01  1.1217603680e-02 
1008.000  6.2897964800e-01  1.1122920040e-02 
1009.000  6.2547548000e-01  1.0880981450e-02 
1010.000  6.2766769700e-01  1.0984807010e-02 
1011.000  6.2395590100e-01  1.1098579410e-02 
1012.000  6.2399592700e-01  1.1165918350e-02 
1013.000  6.1938207700e-01  1.1135686870e-02 
1014.000  6.2328221000e-01  1.1264778140e-02 
1015.000  6.1176582200e-01  1.1098692890e-02 
1016.000  6.1563104200e-01  1.1234376910e-02 
1017.000  6.0950114200e-01  1.1166419030e-02 
1018.000  6.1756367900e-01  1.1324747090e-02 
1019.000  6.0369565100e-01  1.1035163880e-02 
1020.000  6.0234197400e-01  1.0989751820e-02 
1021.000  6.0816885100e-01  1.1061093330e-02 
1022.000  5.9933483700e-01  1.0731663700e-02 
1023.000  6.1109936000e-01  1.0788463590e-02 
1024.000  6.0815749700e-01  1.0613227840e-02 
1025.000  6.0743818100e-01  1.0636561390e-02 
1026.000  6.0790166500e-01  1.0676718710e-02 
1027.000  6.0434021100e-01  1.0640904430e-02 
1028.000  6.0566851600e-01  1.0734865190e-02 
1029.000  5.9621990400e-01  1.0667233470e-02 
1030.000  6.0196801700e-01  1.0878539090e-02 
1031.000  5.9994243900e-01  1.0923990250e-02 
1032.000  5.9772684000e-01  1.0937088010e-02 
1033.000  5.8669649800e-01  1.0708574300e-02 
1034.000  5.9282508000e-01  1.0797216420e-02 
1035.000  5.8645616700e-01  1.0668958660e-02 
1036.000  5.9414564900e-01  1.0765624050e-02 
1037.000  5.8162506100e-01  1.0509349820e-02 
1038.000  5.8734101100e-01  1.0582954410e-02 
1039.000  5.8985510900e-01  1.0589694980e-02 
1040.000  5.8296247800e-01  1.0429831500e-02 
1041.000  5.8609545900e-01  1.0451144220e-02 
1042.000  5.8786249100e-01  1.0451188090e-02 
1043.000  5.7773161900e-01  1.0241721150e-02 
1044.000  5.8354654600e-01  1.0311419490e-02 
1045.000  5.8121406700e-01  1.0308359150e-02 
1046.000  5.6442218700e-01  1.0059912680e-02 
1047.000  5.7493422700e-01  1.0296017650e-02 
1048.000  5.8082358000e-01  1.0452511790e-02 
1049.000  5.7725969200e-01  1.0441362380e-02 
1050.000  5.7399760200e-01  1.0438953400e-02 
1051.000  5.7432629800e-01  1.0398596760e-02 
1052.000  5.7182466800e-01  1.0307935710e-02 
1053.000  5.7210604200e-01  1.0274919510e-02 
1054.000  5.6651022700e-01  1.0125301360e-02 
1055.000  5.7095702400e-01  1.0151382450e-02 
1056.000  5.6967532800e-01  1.0081023220e-02 
1057.000  5.6925480200e-01  1.0027806280e-02 
1058.000  5.6429745000e-01  9.8768405910e-03 
1059.000  5.4649650800e-01  9.5886411670e-03 
1060.000  5.6569157800e-01  9.9865407940e-03 
1061.000  5.4598994000e-01  9.6461210250e-03 
1062.000  5.6175448300e-01  9.8922767640e-03 
1063.000  5.5249029100e-01  9.6978960040e-03 
1064.000  5.5991597400e-01  9.7335777280e-03 
1065.000  5.5982714400e-01  9.6252946850e-03 
1066.000  5.4262543200e-01  9.2804031370e-03 
1067.000  5.5580630300e-01  9.4361925130e-03 
1068.000  5.5446390900e-01  9.2696170810e-03 
1069.000  5.1310920800e-01  8.5157394410e-03 
1070.000  5.4341867700e-01  9.0646991730e-03 
1071.000  5.4483132800e-01  9.0728883740e-03 
1072.000  5.4719299300e-01  9.0982255940e-03 
1073.000  5.2928703000e-01  8.8275156020e-03 
1074.000  5.4775923600e-01  9.1819753650e-03 
1075.000  5.3001460200e-01  8.9897232060e-03 
1076.000  5.4215645700e-01  9.1605091090e-03 
1077.000  5.4156936100e-01  9.1007022860e-03 
1078.000  5.4369327900e-01  9.0781936650e-03 
1079.000  5.2286390300e-01  8.7342071530e-03 
1080.000  5.4026588300e-01  8.8579902650e-03 
1081.000  5.2048428500e-01  8.5204715730e-03 
1082.000  5.2632125900e-01  8.6411952970e-03 
1083.000  5.1304591700e-01  8.2870702740e-03 
1084.000  5.3366404300e-01  8.4777631760e-03 
1085.000  5.2905907300e-01  8.1553010940e-03 
1086.000  5.3540610000e-01  8.2509374620e-03 
1087.000  5.0012943100e-01  7.8924131390e-03 
1088.000  5.3033894300e-01  8.4389934540e-03 
1089.000  5.1312414400e-01  7.9506077770e-03 
1090.000  5.2485371100e-01  8.1385822300e-03 
1091.000  5.2765538300e-01  8.2870626450e-03 
1092.000  5.1689887100e-01  8.0461025240e-03 
1093.000  5.1377354100e-01  7.7746486660e-03 
1094.000  4.6876453800e-01  6.9571027760e-03 
1095.000  5.0716652000e-01  7.4994750020e-03 
1096.000  5.0790280400e-01  7.4839053150e-03 
1097.000  4.9869845000e-01  7.2485742570e-03 
1098.000  4.9774735300e-01  6.6328821180e-03 
1099.000  5.0223761000e-01  6.1440906520e-03 
1100.000  5.1065224700e-01  6.2810096740e-03 
1101.000  5.0907045400e-01  6.3307600020e-03 
1102.000  4.8815862900e-01  6.0318546300e-03 
1103.000  5.0719298800e-01  6.3085742000e-03 
1104.000  5.0394686400e-01  6.1773962970e-03 
1105.000  5.0430783600e-01  5.9666724210e-03 
1106.000  5.0119685600e-01  5.7335762980e-03 
1107.000  5.0029974400e-01  5.7595815660e-03 
1108.000  4.9845903100e-01  5.7573561670e-03 
1109.000  4.9977415400e-01  5.9193873410e-03 
1110.000  5.0233776900e-01  5.8977351190e-03 
1111.000  4.9630399600e-01  5.7184805870e-03 
1112.000  4.9189094100e-01  5.2731590270e-03 
1113.000  4.9016859900e-01  4.7838039400e-03 
1114.000  4.9547618900e-01  4.6803460120e-03 
1115.000  4.9048656900e-01  4.1847362520e-03 
1116.000  4.8428130900e-01  3.9029023650e-03 
1117.000  4.9002594600e-01  3.5153160100e-03 
1118.000  4.8489395500e-01  3.1449987890e-03 
1119.000  4.7133629000e-01  2.9163944720e-03 
1120.000  4.7228548600e-01  2.7872533800e-03 
1121.000  4.7529259800e-01  2.7787959580e-03 
1122.000  4.7308861200e-01  2.6635541920e-03 
1123.000  4.7531068700e-01  2.7281007770e-03 
1124.000  4.7622473500e-01  2.7709937100e-03 
1125.000  4.6630196700e-01  2.6933043000e-03 
1126.000  4.5738432600e-01  2.6345059870e-03 
1127.000  4.7286952000e-01  2.7331416610e-03 
1128.000  4.6422445500e-01  2.7017159460e-03 
1129.000  4.6711898600e-01  2.8387448790e-03 
1130.000  4.6803526300e-01  3.2171912190e-03 
1131.000  4.7316441100e-01  3.3794212340e-03 
1132.000  4.7416429200e-01  3.2089145180e-03 
1133.000  4.6191892800e-01  2.8601095680e-03 
1134.000  4.5652248300e-01  2.5070450310e-03 
1135.000  4.6250463500e-01  2.5580959320e-03 
1136.000  4.6441964900e-01  2.9149355890e-03 
1137.000  4.7121589900e-01  3.2520668510e-03 
1138.000  4.5515607900e-01  3.4839277270e-03 
1139.000  4.6536867100e-01  3.7182898520e-03 
1140.000  4.6659637200e-01  3.6534156800e-03 
1141.000  4.5310877500e-01  3.4196302890e-03 
1142.000  4.6537351200e-01  3.4590857030e-03 
1143.000  4.5699722100e-01  3.2429497240e-03 
1144.000  4.5372266800e-01  3.0636448860e-03 
1145.000  4.5634100800e-01  2.8812289240e-03 
1146.000  4.6101916800e-01  2.9538259510e-03 
1147.000  4.6335640200e-01  3.1326730250e-03 
1148.000  4.5894969800e-01  3.2648358350e-03 
1149.000  4.6042233900e-01  3.3499279020e-03 
1150.000  4.5846708600e-01  3.3560161590e-03 
1151.000  4.5712230100e-01  3.4758913520e-03 
1152.000  4.5626774000e-01  3.5365812780e-03 
1153.000  4.5547018900e-01  3.6278941630e-03 
1154.000  4.5894975400e-01  3.6505279540e-03 
1155.000  4.6052840600e-01  3.8696701530e-03 
1156.000  4.5428585700e-01  4.0482983590e-03 
1157.000  4.5854433800e-01  4.6423268320e-03 
1158.000  4.5861565300e-01  4.9590125080e-03 
1159.000  4.5213300000e-01  5.1986331940e-03 
1160.000  4.4638908900e-01  5.2765121460e-03 
1161.000  4.3676151000e-01  5.4913873670e-03 
1162.000  4.5257228200e-01  5.9670510290e-03 
1163.000  4.5445224300e-01  6.3093557360e-03 
1164.000  4.4522075900e-01  6.2454247470e-03 
1165.000  4.5381485600e-01  6.4209103580e-03 
1166.000  4.4204372300e-01  6.3357815740e-03 
1167.000  4.4921342800e-01  6.4909915920e-03 
1168.000  4.5313948000e-01  6.5365118980e-03 
1169.000  4.3747053900e-01  6.3605585100e-03 
1170.000  4.4923471800e-01  6.5760321620e-03 
1171.000  4.5131355600e-01  6.7091526990e-03 
1172.000  4.4990244300e-01  6.6326904300e-03 
1173.000  4.4676812000e-01  6.5348324780e-03 
1174.000  4.4699450700e-01  6.5437150000e-03 
1175.000  4.4176164300e-01  6.6190595630e-03 
1176.000  4.3109690000e-01  6.6002006530e-03 
1177.000  4.4440811400e-01  6.7356352810e-03 
1178.000  4.3690201800e-01  6.4876599310e-03 
1179.000  4.3494236200e-01  6.4605841640e-03 
1180.000  4.4104826400e-01  6.5029864310e-03 
1181.000  4.3879503400e-01  6.3476262090e-03 
1182.000  4.3935020200e-01  6.2300910950e-03 
1183.000  4.1384152700e-01  5.8764295580e-03 
1184.000  4.3249334100e-01  6.2043690680e-03 
1185.000  4.3821582500e-01  6.4521698950e-03 
1186.000  4.3560810700e-01  6.3562726970e-03 
1187.000  4.3576229000e-01  6.1794853210e-03 
1188.000  4.3352693300e-01  6.0887660980e-03 
1189.000  4.0816399200e-01  5.8035144810e-03 
1190.000  4.2823602100e-01  6.3193025590e-03 
1191.000  4.3491273000e-01  6.4610295300e-03 
1192.000  4.3254515800e-01  6.5078549390e-03 
1193.000  4.3271141100e-01  6.4420371060e-03 
1194.000  4.3189883800e-01  6.4061760900e-03 
1195.000  4.2705739500e-01  6.2256965640e-03 
1196.000  4.2678820100e-01  6.2418046000e-03 
1197.000  4.2667476600e-01  6.1902089120e-03 
1198.000  4.1234448800e-01  5.9745373730e-03 
1199.000  3.9702114500e-01  5.6942038540e-03 
1200.000  4.2204964700e-01  6.0917510990e-03 
1201.000  4.2507841800e-01  6.1557927130e-03 
1202.000  4.2589375900e-01  6.1959257130e-03 
1203.000  4.0510838200e-01  5.8724617960e-03 
1204.000  4.1182176400e-01  6.0055594440e-03 
1205.000  4.2137460300e-01  6.3421897890e-03 
1206.000  4.1881123900e-01  6.3967952730e-03 
1207.000  4.2162344100e-01  6.4794621470e-03 
1208.000  4.1548606000e-01  6.3551640510e-03 
1209.000  3.8952785600e-01  5.9114780430e-03 
1210.000  4.1680457100e-01  6.2445006370e-03 
1211.000  4.0288130300e-01  6.0307588580e-03 
1212.000  4.1549573100e-01  6.2546591760e-03 
1213.000  4.1703118000e-01  6.3723759650e-03 
1214.000  4.1524654700e-01  6.3490886690e-03 
1215.000  4.1667280400e-01  6.4174332620e-03 
1216.000  4.1544145000e-01  6.5480012890e-03 
1217.000  4.1457782200e-01  6.6564173700e-03 
1218.000  4.1312752000e-01  6.6850495340e-03 
1219.000  4.0926158500e-01  6.6500377660e-03 
1220.000  4.1201246600e-01  6.6847968100e-03 
1221.000  4.1115943800e-01  6.6718330380e-03 
1222.000  4.0888189100e-01  6.6272664070e-03 
1223.000  4.0688081300e-01  6.6243014340e-03 
1224.000  4.0982158900e-01  6.7692327500e-03 
1225.000  4.0749804200e-01  6.7654676440e-03 
1226.000  4.0882630800e-01  6.8314409260e-03 
1227.000  3.9479807300e-01  6.6575069430e-03 
1228.000  4.0689652200e-01  6.9342699050e-03 
1229.000  4.0622034100e-01  6.9728388790e-03 
1230.000  4.0459206200e-01  7.0030999180e-03 
1231.000  4.0445969200e-01  7.0360302930e-03 
1232.000  3.9986097600e-01  6.9722704890e-03 
1233.000  4.0298033500e-01  7.0381827350e-03 
1234.000  4.0151335600e-01  7.0862088200e-03 
1235.000  3.9864177700e-01  7.0580058100e-03 
1236.000  4.0090026300e-01  7.1078577040e-03 
1237.000  4.0079459700e-01  7.1288270950e-03 
1238.000  4.0051026900e-01  7.1300897600e-03 
1239.000  3.9592720200e-01  7.0503492360e-03 
1240.000  3.9415021400e-01  7.0622129440e-03 
1241.000  3.9775816500e-01  7.1671690940e-03 
1242.000  3.9553964900e-01  7.1647329330e-03 
1243.000  3.9120973300e-01  7.1246056560e-03 
1244.000  3.8786138300e-01  7.0911078450e-03 
1245.000  3.9464083700e-01  7.2354536060e-03 
1246.000  3.9170723300e-01  7.1346712110e-03 
1247.000  3.8992005400e-01  7.0536503790e-03 
1248.000  3.9308767000e-01  7.0619215970e-03 
1249.000  3.9175703200e-01  6.9984469410e-03 
1250.000  3.9036279900e-01  6.9265990260e-03 
1251.000  3.8783162800e-01  6.8469419480e-03 
1252.000  3.8683474300e-01  6.7923312190e-03 
1253.000  3.8381111500e-01  6.7005181310e-03 
1254.000  3.8513765000e-01  6.6570324900e-03 
1255.000  3.8472639940e-01  6.6028385160e-03 
1256.000  3.8413237660e-01  6.5528287890e-03 
1257.000  3.8001797330e-01  6.3935818670e-03 
1258.000  3.8201036450e-01  6.2843589780e-03 
1259.000  3.7811489330e-01  6.0992774960e-03 
1260.000  3.7893146990e-01  5.9857673650e-03 
1261.000  3.7848422930e-01  5.8510169980e-03 
1262.000  3.7038617420e-01  5.5731244090e-03 
1263.000  3.7487853120e-01  5.6296577450e-03 
1264.000  3.6904187900e-01  5.5460419650e-03 
1265.000  3.6971435990e-01  5.5733928680e-03 
1266.000  3.7210218660e-01  5.5905675890e-03 
1267.000  3.6513341270e-01  5.4654960630e-03 
1268.000  3.6153784410e-01  5.3800148960e-03 
1269.000  3.6492219320e-01  5.4164977070e-03 
1270.000  3.6893245150e-01  5.5979003910e-03 
1271.000  3.7098069410e-01  5.6885347370e-03 
1272.000  3.6988365890e-01  5.7315430640e-03 
1273.000  3.6956535240e-01  5.7922949790e-03 
1274.000  3.6735811040e-01  5.8246307370e-03 
1275.000  3.6951995960e-01  5.8823728560e-03 
1276.000  3.7011313030e-01  5.8971104620e-03 
1277.000  3.6983683340e-01  5.8844251630e-03 
1278.000  3.6877646100e-01  5.8552036290e-03 
1279.000  3.6630781420e-01  5.8370127680e-03 
1280.000  3.6414454730e-01  5.8956346510e-03 
1281.000  3.5375894880e-01  5.8164319990e-03 
1282.000  3.1414487140e-01  5.2442517280e-03 
1283.000  3.4476813160e-01  5.8183021550e-03 
1284.000  3.5899507060e-01  6.1017632480e-03 
1285.000  3.6162743580e-01  6.1658053400e-03 
1286.000  3.6150927010e-01  6.1305480000e-03 
1287.000  3.6372039630e-01  6.1112132070e-03 
1288.000  3.6144022320e-01  5.8904786110e-03 
1289.000  3.6359469000e-01  5.8708887100e-03 
1290.000  3.5526375080e-01  5.7176003460e-03 
1291.000  3.6012667900e-01  5.7727522850e-03 
1292.000  3.6162969170e-01  5.8125085830e-03 
1293.000  3.6195294650e-01  5.7742214200e-03 
1294.000  3.5620814400e-01  5.5613636970e-03 
1295.000  3.6004318240e-01  5.4712862970e-03 
1296.000  3.6030816900e-01  5.3664960860e-03 
1297.000  3.5808679680e-01  5.2712426190e-03 
1298.000  3.5488761690e-01  5.2293925290e-03 
1299.000  3.5845077140e-01  5.2853384020e-03 
1300.000  3.5701142430e-01  5.2681760790e-03 
1301.000  3.5644252070e-01  5.2414584160e-03 
1302.000  3.5187030550e-01  5.0865607260e-03 
1303.000  3.4998116980e-01  4.8803343770e-03 
1304.000  3.5020863660e-01  4.7900500300e-03 
1305.000  3.5236606260e-01  4.7661633490e-03 
1306.000  3.5270107090e-01  4.7126216890e-03 
1307.000  3.5165997980e-01  4.6602153780e-03 
1308.000  3.5136081410e-01  4.5724239350e-03 
1309.000  3.5104743660e-01  4.4487729070e-03 
1310.000  3.4959015960e-01  4.4279513360e-03 
1311.000  3.4851883270e-01  4.4210948940e-03 
1312.000  3.4743340350e-01  4.2640028000e-03 
1313.000  3.3460136600e-01  3.9327144620e-03 
1314.000  3.4504613640e-01  3.9070732590e-03 
1315.000  3.3342810670e-01  3.8468265530e-03 
1316.000  3.4118442010e-01  4.0469703670e-03 
1317.000  3.4485508990e-01  4.0907588010e-03 
1318.000  3.3997534130e-01  3.8502757550e-03 
1319.000  3.4463278040e-01  3.6687791350e-03 
1320.000  3.4208884780e-01  3.4053406720e-03 
1321.000  3.4058631770e-01  3.3068494800e-03 
1322.000  3.3990608610e-01  3.4291212560e-03 
1323.000  3.4065827430e-01  3.5877943040e-03 
1324.000  3.4083879440e-01  3.6798758510e-03 
1325.000  3.3974963940e-01  3.6041963100e-03 
1326.000  3.3816099120e-01  3.4294359680e-03 
1327.000  3.3546074380e-01  3.0976364610e-03 
1328.000  3.3634662380e-01  2.8377311230e-03 
1329.000  3.2407106320e-01  2.3464403150e-03 
1330.000  3.2914560250e-01  2.2518000600e-03 
1331.000  3.3061141880e-01  2.1852090360e-03 
1332.000  3.2306560040e-01  2.1567604540e-03 
1333.000  3.3160354740e-01  2.2822053430e-03 
1334.000  3.3201797270e-01  2.3794279100e-03 
1335.000  3.3230340940e-01  2.4522907730e-03 
1336.000  3.2870580520e-01  2.4490718840e-03 
1337.000  3.2977014280e-01  2.4603099820e-03 
1338.000  3.2952651330e-01  2.5111720560e-03 
1339.000  3.2598585920e-01  2.4860367770e-03 
1340.000  3.2364590050e-01  2.5125572680e-03 
1341.000  3.2853078910e-01  2.4890060420e-03 
1342.000  3.2772710270e-01  2.4894001480e-03 
1343.000  3.2769843640e-01  2.3025276660e-03 
1344.000  3.2620082010e-01  2.1407697200e-03 
1345.000  3.2370164180e-01  1.8601362710e-03 
1346.000  3.1853042270e-01  1.7168636320e-03 
1347.000  3.1913634870e-01  1.6675869230e-03 
1348.000  3.1555916470e-01  1.5968220230e-03 
1349.000  3.1341716030e-01  1.5643063780e-03 
1350.000  3.0701923360e-01  1.4902637000e-03 
1351.000  3.0485130130e-01  1.4523504970e-03 
1352.000  3.0540896120e-01  1.4142740960e-03 
1353.000  2.9955647730e-01  1.3386577370e-03 
1354.000  2.9593903500e-01  1.2945954800e-03 
1355.000  2.9029924820e-01  1.2398302560e-03 
1356.000  2.8602525700e-01  1.1888539790e-03 
1357.000  2.7932657600e-01  1.1222357750e-03 
1358.000  2.7972428450e-01  1.0794870850e-03 
1359.000  2.7200796370e-01  9.7689718010e-04 
1360.000  2.6204023060e-01  8.9539915320e-04 
1361.000  2.6423797880e-01  8.7311357260e-04 
1362.000  2.6197440550e-01  8.5724461080e-04 
1363.000  2.6223722070e-01  9.0373462440e-04 
1364.000  2.6750738090e-01  9.3735390900e-04 
1365.000  2.6737075730e-01  9.4530421500e-04 
1366.000  2.6924863430e-01  9.6964150670e-04 
1367.000  2.6429874370e-01  9.2913109060e-04 
1368.000  2.6432277840e-01  9.0816837550e-04 
1369.000  2.5956032560e-01  8.9684331420e-04 
1370.000  2.6507174210e-01  9.6889054780e-04 
1371.000  2.7285143150e-01  1.0704414840e-03 
1372.000  2.8368914640e-01  1.1888105870e-03 
1373.000  2.8779221390e-01  1.2525193690e-03 
1374.000  2.9107977640e-01  1.2915079590e-03 
1375.000  2.8698910200e-01  1.2843661310e-03 
1376.000  2.8270039930e-01  1.2569090130e-03 
1377.000  2.8527956750e-01  1.2505979540e-03 
1378.000  2.8038133430e-01  1.1955815550e-03 
1379.000  2.7852738250e-01  1.1375318770e-03 
1380.000  2.6853954940e-01  1.0278614760e-03 
1381.000  2.6248578820e-01  9.3777072430e-04 
1382.000  2.5434192530e-01  8.7204474210e-04 
1383.000  2.5656718980e-01  8.7541574240e-04 
1384.000  2.6226323800e-01  9.5001298190e-04 
1385.000  2.6434627060e-01  1.0003623960e-03 
1386.000  2.7232460730e-01  1.0812919140e-03 
1387.000  2.7622700810e-01  1.1726392510e-03 
1388.000  2.8201740810e-01  1.2319573160e-03 
1389.000  2.8426242660e-01  1.2567733530e-03 
1390.000  2.7925015110e-01  1.2390443090e-03 
1391.000  2.8198630900e-01  1.2389631270e-03 
1392.000  2.7754556950e-01  1.1837008000e-03 
1393.000  2.7300222650e-01  1.1298229690e-03 
1394.000  2.6695070260e-01  1.0725461240e-03 
1395.000  2.6825155420e-01  1.0923342700e-03 
1396.000  2.7418068780e-01  1.1553699970e-03 
1397.000  2.7724814220e-01  1.1994242670e-03 
1398.000  2.7745958760e-01  1.2039281130e-03 
1399.000  2.7564625780e-01  1.1855685710e-03 
1400.000  2.6764285570e-01  1.1459819080e-03 
1401.000  2.6885506640e-01  1.1546087270e-03 
1402.000  2.7541934230e-01  1.2071688180e-03 
1403.000  2.7471974890e-01  1.2188533540e-03 
1404.000  2.7263737280e-01  1.2012082340e-03 
1405.000  2.7280274860e-01  1.2033143040e-03 
1406.000  2.7241879010e-01  1.1906281710e-03 
1407.000  2.7268915460e-01  1.1912285090e-03 
1408.000  2.7353105530e-01  1.2180868390e-03 
1409.000  2.7644615110e-01  1.2477728130e-03 
1410.000  2.7763755200e-01  1.2819792030e-03 
1411.000  2.7970874770e-01  1.3126821520e-03 
1412.000  2.6877906900e-01  1.2600365880e-03 
1413.000  2.7396954380e-01  1.2917331460e-03 
1414.000  2.7755242770e-01  1.3016725780e-03 
1415.000  2.7739152280e-01  1.3131413460e-03 
1416.000  2.7688260240e-01  1.3219928740e-03 
1417.000  2.7890383820e-01  1.3307552340e-03 
1418.000  2.7901257800e-01  1.3304865360e-03 
1419.000  2.7503893760e-01  1.3102865220e-03 
1420.000  2.7443530940e-01  1.3102202420e-03 
1421.000  2.7899002280e-01  1.3506416080e-03 
1422.000  2.7275616230e-01  1.3285870550e-03 
1423.000  2.7109572520e-01  1.3217859270e-03 
1424.000  2.7134075820e-01  1.3185408120e-03 
1425.000  2.7657657710e-01  1.3325339560e-03 
1426.000  2.6538527090e-01  1.2766357660e-03 
1427.000  2.6952609660e-01  1.3045777080e-03 
1428.000  2.7537612470e-01  1.3390820030e-03 
1429.000  2.6891780680e-01  1.3160059450e-03 
1430.000  2.6307653870e-01  1.2817488910e-03 
1431.000  2.6247359790e-01  1.2526677850e-03 
1432.000  2.6724499430e-01  1.2600034480e-03 
1433.000  2.6738079340e-01  1.2568204400e-03 
1434.000  2.6199196380e-01  1.2223978040e-03 
1435.000  2.6518840990e-01  1.2498991490e-03 
1436.000  2.6522421050e-01  1.2538999320e-03 
1437.000  2.6627190520e-01  1.2591861490e-03 
1438.000  2.6562398720e-01  1.2730567460e-03 
1439.000  2.6876444710e-01  1.2878882880e-03 
1440.000  2.5212781740e-01  1.2135204080e-03 
1441.000  2.6483303240e-01  1.2758425470e-03 
1442.000  2.5866706610e-01  1.2356463670e-03 
1443.000  2.6296238210e-01  1.2528383730e-03 
1444.000  2.6424115860e-01  1.2622166870e-03 
1445.000  2.6344360280e-01  1.2568613290e-03 
1446.000  2.6627159820e-01  1.2821198700e-03 
1447.000  2.6505433440e-01  1.2883213760e-03 
1448.000  2.6708078540e-01  1.2971422670e-03 
1449.000  2.6697455030e-01  1.2825931310e-03 
1450.000  2.6517825900e-01  1.2537064550e-03 
1451.000  2.6346846770e-01  1.2484787700e-03 
1452.000  2.6022456540e-01  1.2586541180e-03 
1453.000  2.6517746140e-01  1.3409816030e-03 
1454.000  2.6620803960e-01  1.4289170500e-03 
1455.000  2.6284100930e-01  1.4727172850e-03 
1456.000  2.6272091310e-01  1.5421328540e-03 
1457.000  2.6524002350e-01  1.5623989110e-03 
1458.000  2.6886687770e-01  1.5961215500e-03 
1459.000  2.6986581880e-01  1.5399400000e-03 
1460.000  2.6527449200e-01  1.4629237650e-03 
1461.000  2.6469486300e-01  1.4292323590e-03 
1462.000  2.6180411880e-01  1.3485951420e-03 
1463.000  2.6005846860e-01  1.3343541620e-03 
1464.000  2.5988738040e-01  1.3121988770e-03 
1465.000  2.6289260180e-01  1.2858220340e-03 
1466.000  2.5663137280e-01  1.2118231060e-03 
1467.000  2.6278246300e-01  1.2120014430e-03 
1468.000  2.5631546120e-01  1.1541370150e-03 
1469.000  2.5914200860e-01  1.1302866940e-03 
1470.000  2.5764727910e-01  1.1088542940e-03 
1471.000  2.5357298630e-01  1.1205687520e-03 
1472.000  2.5510531250e-01  1.1823806760e-03 
1473.000  2.5735001450e-01  1.2901804450e-03 
1474.000  2.5026456530e-01  1.3492938280e-03 
1475.000  2.5558572280e-01  1.3743422030e-03 
1476.000  2.5598996060e-01  1.3718245030e-03 
1477.000  2.5674120590e-01  1.3391269450e-03 
1478.000  2.5302771580e-01  1.2851930860e-03 
1479.000  2.5592650940e-01  1.2546567920e-03 
1480.000  2.5732889200e-01  1.2838027480e-03 
1481.000  2.5349262230e-01  1.3091599940e-03 
1482.000  2.5664863090e-01  1.3833955530e-03 
1483.000  2.5136264910e-01  1.3689500090e-03 
1484.000  2.5368599240e-01  1.3846246000e-03 
1485.000  2.5851522680e-01  1.3997113700e-03 
1486.000  2.5425531530e-01  1.4352067710e-03 
1487.000  2.5454622140e-01  1.5635161400e-03 
1488.000  2.2252441260e-01  1.3793852330e-03 
1489.000  2.5550519670e-01  1.7739976640e-03 
1490.000  2.5609991770e-01  1.9628564120e-03 
1491.000  2.5864558770e-01  2.1168344020e-03 
1492.000  2.5263564640e-01  2.0919382570e-03 
1493.000  2.5831288570e-01  2.2361145020e-03 
1494.000  2.5733184120e-01  2.2363626960e-03 
1495.000  2.5553131450e-01  2.3073623180e-03 
1496.000  2.4797474450e-01  2.3892476560e-03 
1497.000  2.5379881860e-01  2.4361815450e-03 
1498.000  2.5636943230e-01  2.6018102170e-03 
1499.000  2.5205749540e-01  2.6867325310e-03 
1500.000  2.5635604150e-01  2.8262429240e-03 
1501.000  2.5598994750e-01  2.7690472600e-03 
1502.000  2.5401267180e-01  2.6773586270e-03 
1503.000  2.2808866290e-01  2.3520529270e-03 
1504.000  2.3763267070e-01  2.4710972310e-03 
1505.000  2.3689445220e-01  2.5811736580e-03 
1506.000  2.4008835170e-01  2.6445539000e-03 
1507.000  2.5109973350e-01  2.8822157380e-03 
1508.000  2.4717909680e-01  2.9079630370e-03 
1509.000  2.4824683500e-01  2.9996006490e-03 
1510.000  2.5208292650e-01  3.0865345000e-03 
1511.000  2.5322925530e-01  3.1652753350e-03 
1512.000  2.4847565980e-01  3.1515057090e-03 
1513.000  2.4805979290e-01  3.1854860780e-03 
1514.000  2.4466431110e-01  3.1637799740e-03 
1515.000  2.4947221520e-01  3.2446637150e-03 
1516.000  2.4715724570e-01  3.1825518610e-03 
1517.000  2.4569348420e-01  3.1455128190e-03 
1518.000  2.5022176150e-01  3.2135517600e-03 
1519.000  2.4650850310e-01  3.1823799610e-03 
1520.000  2.4802492430e-01  3.2772612570e-03 
1521.000  2.4330082720e-01  3.3113417630e-03 
1522.000  2.4187703760e-01  3.3413310050e-03 
1523.000  2.4776453300e-01  3.4894049170e-03 
1524.000  2.4600582560e-01  3.4961225990e-03 
1525.000  2.4052359060e-01  3.4303705690e-03 
1526.000  2.4729865510e-01  3.5026104450e-03 
1527.000  2.4462596430e-01  3.4599485400e-03 
1528.000  2.4610916310e-01  3.4846937660e-03 
1529.000  2.4533049470e-01  3.4431447980e-03 
1530.000  2.2949928950e-01  3.2178754810e-03 
1531.000  2.4522363660e-01  3.4055984020e-03 
1532.000  2.4365078780e-01  3.3536074160e-03 
1533.000  2.4241991710e-01  3.2945926190e-03 
1534.000  2.3856724320e-01  3.1993854050e-03 
1535.000  2.3918162010e-01  3.1651999950e-03 
1536.000  2.4237997130e-01  3.2427637580e-03 
1537.000  2.4294273660e-01  3.3016750810e-03 
1538.000  2.3609825910e-01  3.2611622810e-03 
1539.000  2.4092604570e-01  3.3788595200e-03 
1540.000  2.3209794450e-01  3.2962403300e-03 
1541.000  2.3686019470e-01  3.3649091720e-03 
1542.000  2.3826867590e-01  3.3744807240e-03 
1543.000  2.3738223500e-01  3.3599176410e-03 
1544.000  2.4006722480e-01  3.4008595940e-03 
1545.000  2.4046879840e-01  3.4184808730e-03 
1546.000  2.4026183360e-01  3.4437277320e-03 
1547.000  2.3760980750e-01  3.4324200150e-03 
1548.000  2.3040487160e-01  3.3525769710e-03 
1549.000  2.3631017630e-01  3.4532024860e-03 
1550.000  2.3499815030e-01  3.4461658000e-03 
1551.000  2.3376788350e-01  3.4134368900e-03 
1552.000  2.3774145930e-01  3.4433541300e-03 
1553.000  2.3640013500e-01  3.4015841480e-03 
1554.000  2.2773849390e-01  3.2493169310e-03 
1555.000  2.3139094030e-01  3.2825086120e-03 
1556.000  2.2688586660e-01  3.2404730320e-03 
1557.000  2.3425076880e-01  3.4012031560e-03 
1558.000  2.3245647870e-01  3.4221129420e-03 
1559.000  2.3256765730e-01  3.4683983330e-03 
1560.000  2.2855155900e-01  3.4584364890e-03 
1561.000  2.3398920560e-01  3.5500159260e-03 
1562.000  2.3406429530e-01  3.5173316000e-03 
1563.000  2.3072517010e-01  3.4412407880e-03 
1564.000  2.2638174790e-01  3.3416934010e-03 
1565.000  2.3029523060e-01  3.3578209880e-03 
1566.000  2.2593133130e-01  3.2954142090e-03 
1567.000  2.2658419630e-01  3.3070228100e-03 
1568.000  2.2277519640e-01  3.2407889370e-03 
1569.000  2.2460367470e-01  3.2526233200e-03 
1570.000  2.1956647980e-01  3.1777236460e-03 
1571.000  2.2544970790e-01  3.2899053100e-03 
1572.000  2.2565246980e-01  3.3023941520e-03 
1573.000  2.2187607860e-01  3.2761058810e-03 
1574.000  2.2209764890e-01  3.3172149660e-03 
1575.000  2.0597811840e-01  3.1047267910e-03 
1576.000  2.2128869690e-01  3.3347389700e-03 
1577.000  1.9972781900e-01  2.9695420270e-03 
1578.000  2.1844419920e-01  3.2040581700e-03 
1579.000  2.1937802530e-01  3.1798384190e-03 
1580.000  2.2328371110e-01  3.2076299190e-03 
1581.000  2.2180304120e-01  3.1473541260e-03 
1582.000  2.1670536380e-01  3.1057665350e-03 
1583.000  2.1879425530e-01  3.1651091580e-03 
1584.000  2.1633185710e-01  3.1591374870e-03 
1585.000  2.2235546380e-01  3.2710895540e-03 
1586.000  2.1956257350e-01  3.2382497790e-03 
1587.000  2.1688708520e-01  3.2239115240e-03 
1588.000  2.1341776990e-01  3.1950480940e-03 
1589.000  1.9520486170e-01  2.9298427100e-03 
1590.000  2.1035747660e-01  3.1662411690e-03 
1591.000  2.0564416630e-01  3.1071100230e-03 
1592.000  2.1655109370e-01  3.2780122760e-03 
1593.000  2.2146882270e-01  3.3541984560e-03 
1594.000  2.1991453270e-01  3.3316645620e-03 
1595.000  2.2137952580e-01  3.3541686530e-03 
1596.000  2.0737392760e-01  3.1564431190e-03 
1597.000  2.1583159430e-01  3.2779612540e-03 
1598.000  2.1990474710e-01  3.3239226340e-03 
1599.000  2.1254316010e-01  3.1918101310e-03 
1600.000  2.1608547080e-01  3.2318544390e-03 
1601.000  2.0698911190e-01  3.1112415790e-03 
1602.000  2.1228224650e-01  3.2272453310e-03 
1603.000  2.1067206880e-01  3.2565162180e-03 
1604.000  2.1325918590e-01  3.3572385310e-03 
1605.000  2.1010618960e-01  3.3487954140e-03 
1606.000  2.0925072700e-01  3.3783087730e-03 
1607.000  2.1013027170e-01  3.3541927340e-03 
1608.000  2.1252449790e-01  3.3548862930e-03 
1609.000  2.1170743600e-01  3.3110997680e-03 
1610.000  1.9849706460e-01  3.0791699890e-03 
1611.000  2.0420340260e-01  3.1584064960e-03 
1612.000  2.0594946770e-01  3.1778168680e-03 
1613.000  2.1034508610e-01  3.2361342910e-03 
1614.000  2.0828071510e-01  3.1705415250e-03 
1615.000  2.1154476780e-01  3.2049682140e-03 
1616.000  1.9820381810e-01  2.9859087470e-03 
1617.000  2.0391635150e-01  3.1175227170e-03 
1618.000  2.1026996990e-01  3.2416427140e-03 
1619.000  2.0952612440e-01  3.2772955890e-03 
1620.000  2.0417557530e-01  3.2390463350e-03 
1621.000  2.0111482680e-01  3.2290654180e-03 
1622.000  2.0617699810e-01  3.3158268930e-03 
1623.000  2.1030516830e-01  3.3966987130e-03 
1624.000  2.1175852520e-01  3.4297816750e-03 
1625.000  2.0644067360e-01  3.3690843580e-03 
1626.000  2.0897203670e-01  3.4000494480e-03 
1627.000  2.0870242370e-01  3.4157249930e-03 
1628.000  2.1037955130e-01  3.4541890620e-03 
1629.000  2.1034900410e-01  3.4629168510e-03 
1630.000  2.0463814840e-01  3.3708817960e-03 
1631.000  2.0783877390e-01  3.4357736110e-03 
1632.000  2.0789123190e-01  3.3777723310e-03 
1633.000  2.0521574620e-01  3.2904372220e-03 
1634.000  2.0041372200e-01  3.1668391230e-03 
1635.000  2.0578709780e-01  3.2107455730e-03 
1636.000  2.0524278330e-01  3.1546175480e-03 
1637.000  1.9610506870e-01  2.9712595940e-03 
1638.000  1.9467195260e-01  2.9155459400e-03 
1639.000  1.9273203220e-01  2.8387091160e-03 
1640.000  1.9388810010e-01  2.8166310790e-03 
1641.000  1.9268820430e-01  2.7729160790e-03 
1642.000  1.9244805200e-01  2.8400077820e-03 
1643.000  1.9739428990e-01  2.9803874490e-03 
1644.000  1.9433957870e-01  2.9987459180e-03 
1645.000  1.9477274280e-01  3.0662260060e-03 
1646.000  1.9711373570e-01  3.1611669060e-03 
1647.000  1.9896452260e-01  3.1861798760e-03 
1648.000  1.9819590370e-01  3.1620750430e-03 
1649.000  1.9366820480e-01  3.0839662550e-03 
1650.000  1.9857577000e-01  3.1585690980e-03 
1651.000  1.9410160540e-01  3.0837051870e-03 
1652.000  1.9797536470e-01  3.1400253770e-03 
1653.000  1.9575241530e-01  3.1113588810e-03 
1654.000  1.9794888680e-01  3.1473474500e-03 
1655.000  1.9398120340e-01  3.0935459140e-03 
1656.000  1.9770695520e-01  3.1587402820e-03 
1657.000  1.9627398620e-01  3.1349844930e-03 
1658.000  1.9733443480e-01  3.1590986250e-03 
1659.000  1.9369956510e-01  3.1007902620e-03 
1660.000  1.9606334760e-01  3.1306190490e-03 
1661.000  1.9683300850e-01  3.1220908160e-03 
1662.000  1.9551037720e-01  3.0348117350e-03 
1663.000  1.9427973500e-01  2.9570662980e-03 
1664.000  1.9345745270e-01  2.8852322100e-03 
1665.000  1.9148189180e-01  2.7961471080e-03 
1666.000  1.9054983830e-01  2.7719144820e-03 
1667.000  1.9207248150e-01  2.8528609280e-03 
1668.000  1.8881814370e-01  2.8451771740e-03 
1669.000  1.8912052060e-01  2.8980579380e-03 
1670.000  1.9319276980e-01  3.0093626980e-03 
1671.000  1.9171772710e-01  3.0386862750e-03 
1672.000  1.8263672650e-01  2.9549973010e-03 
1673.000  1.8801721910e-01  3.0930790900e-03 
1674.000  1.8889108650e-01  3.1623768810e-03 
1675.000  1.8714079480e-01  3.1942551140e-03 
1676.000  1.8415971120e-01  3.1628406050e-03 
1677.000  1.8504490040e-01  3.1742229460e-03 
1678.000  1.8591359930e-01  3.1918802260e-03 
1679.000  1.8344091690e-01  3.1411771770e-03 
1680.000  1.7703222210e-01  3.0326590540e-03 
1681.000  1.7082693500e-01  2.9261946680e-03 
1682.000  1.7575997360e-01  3.0072991850e-03 
1683.000  1.8015328270e-01  3.0749666690e-03 
1684.000  1.8351420150e-01  3.1256887910e-03 
1685.000  1.8423317340e-01  3.1199810500e-03 
1686.000  1.8201038110e-01  3.0672307010e-03 
1687.000  1.8302647830e-01  3.0423512460e-03 
1688.000  1.8336831110e-01  3.0112547870e-03 
1689.000  1.8115832790e-01  2.9553217890e-03 
1690.000  1.8132161940e-01  2.9187920090e-03 
1691.000  1.8369436760e-01  2.9664740560e-03 
1692.000  1.8402868080e-01  2.9900345800e-03 
1693.000  1.8332918080e-01  3.0002381800e-03 
1694.000  1.8305179200e-01  3.0140481000e-03 
1695.000  1.8326102330e-01  3.0237348080e-03 
1696.000  1.8218927900e-01  2.9669718740e-03 
1697.000  1.8114862120e-01  2.8990402220e-03 
1698.000  1.8224184340e-01  2.8691802020e-03 
1699.000  1.8106416290e-01  2.8070354460e-03 
1700.000  1.7874309260e-01  2.7301731110e-03 
