 lambda   Irr_dw            Rad_up 
 550.000  1.5535791500e+00  4.7368423460e-02 
 551.000  1.5433165100e+00  4.6898307800e-02 
 552.000  1.6091992700e+00  4.8864967350e-02 
 553.000  1.5456306500e+00  4.6751380920e-02 
 554.000  1.5955952100e+00  4.8201965330e-02 
 555.000  1.5995826400e+00  4.8100891110e-02 
 556.000  1.5550428600e+00  4.6550849910e-02 
 557.000  1.5085391600e+00  4.5111392970e-02 
 558.000  1.5654816300e+00  4.6603931430e-02 
 559.000  1.4794125100e+00  4.3910285950e-02 
 560.000  1.4856753700e+00  4.4042407990e-02 
 561.000  1.6326211100e+00  4.8165843960e-02 
 562.000  1.4988036500e+00  4.4134140010e-02 
 563.000  1.5680113100e+00  4.5959960940e-02 
 564.000  1.5460259700e+00  4.5039104460e-02 
 565.000  1.5647721000e+00  4.5511878970e-02 
 566.000  1.4427907200e+00  4.1768543240e-02 
 567.000  1.5489666800e+00  4.4521907810e-02 
 568.000  1.5495429400e+00  4.3942264560e-02 
 569.000  1.5281614800e+00  4.2152851100e-02 
 570.000  1.5346960300e+00  4.2324531560e-02 
 571.000  1.4737904800e+00  4.1204990390e-02 
 572.000  1.5645621200e+00  4.2995056150e-02 
 573.000  1.5794127100e+00  4.3486064910e-02 
 574.000  1.5703612600e+00  4.3132289890e-02 
 575.000  1.5325706000e+00  4.1897754670e-02 
 576.000  1.5049824300e+00  4.1009487150e-02 
 577.000  1.5655960800e+00  4.2664642330e-02 
 578.000  1.5171874100e+00  4.1595378880e-02 
 579.000  1.5033813600e+00  4.1200820920e-02 
 580.000  1.5532010400e+00  4.2763824460e-02 
 581.000  1.5221033900e+00  4.2029953000e-02 
 582.000  1.5430508400e+00  4.2474884030e-02 
 583.000  1.5529522400e+00  4.2795631410e-02 
 584.000  1.5472993900e+00  4.2440025330e-02 
 585.000  1.5366982700e+00  4.1989479060e-02 
 586.000  1.4703497800e+00  4.0125926970e-02 
 587.000  1.5309188500e+00  4.1215034480e-02 
 588.000  1.5290431000e+00  3.9805091860e-02 
 589.000  1.3746610500e+00  3.4155052190e-02 
 590.000  1.4365389000e+00  3.5581359860e-02 
 591.000  1.5118220900e+00  3.8423450470e-02 
 592.000  1.4904523700e+00  3.7108699800e-02 
 593.000  1.4897268600e+00  3.8219726560e-02 
 594.000  1.5070063500e+00  3.8324718480e-02 
 595.000  1.4896690700e+00  3.6900627140e-02 
 596.000  1.5099071400e+00  3.8622505190e-02 
 597.000  1.5179612800e+00  3.8337394710e-02 
 598.000  1.4800688600e+00  3.7878108980e-02 
 599.000  1.4776003400e+00  3.7967887880e-02 
 600.000  1.4717202300e+00  3.8275238040e-02 
 601.000  1.4593169500e+00  3.8304252620e-02 
 602.000  1.4418654400e+00  3.7839923860e-02 
 603.000  1.4491057800e+00  3.8143642430e-02 
 604.000  1.4937489300e+00  3.9469276430e-02 
 605.000  1.4893309600e+00  3.9196174620e-02 
 606.000  1.4718512100e+00  3.8783649440e-02 
 607.000  1.4633970000e+00  3.8455619810e-02 
 608.000  1.4579051900e+00  3.8175468440e-02 
 609.000  1.4428604800e+00  3.7749931340e-02 
 610.000  1.4196575600e+00  3.7015659330e-02 
 611.000  1.4426282700e+00  3.7560550690e-02 
 612.000  1.4238041000e+00  3.7028064730e-02 
 613.000  1.4029727500e+00  3.6371139530e-02 
 614.000  1.3518326500e+00  3.5027278900e-02 
 615.000  1.4171229100e+00  3.6558513640e-02 
 616.000  1.3474319200e+00  3.4753673550e-02 
 617.000  1.3551156800e+00  3.4901336670e-02 
 618.000  1.4191622200e+00  3.6361991880e-02 
 619.000  1.4063475400e+00  3.6056190490e-02 
 620.000  1.4273473700e+00  3.6403739930e-02 
 621.000  1.4522018600e+00  3.6995429990e-02 
 622.000  1.3759361400e+00  3.4946800230e-02 
 623.000  1.3871488200e+00  3.5011363980e-02 
 624.000  1.3890958500e+00  3.5109859470e-02 
 625.000  1.3519077500e+00  3.4134811400e-02 
 626.000  1.3598282100e+00  3.4087722780e-02 
 627.000  1.3882715500e+00  3.4269802090e-02 
 628.000  1.3948527600e+00  3.2972347260e-02 
 629.000  1.4157187400e+00  3.4017894740e-02 
 630.000  1.3649157800e+00  3.3187023160e-02 
 631.000  1.4106760600e+00  3.4390026090e-02 
 632.000  1.3161782500e+00  3.1843320850e-02 
 633.000  1.4062563900e+00  3.4387008670e-02 
 634.000  1.3617064100e+00  3.3455860140e-02 
 635.000  1.3861876300e+00  3.4074760440e-02 
 636.000  1.3360010000e+00  3.2909843440e-02 
 637.000  1.3792743600e+00  3.4026844020e-02 
 638.000  1.3979988900e+00  3.4623893740e-02 
 639.000  1.3861683600e+00  3.4157428740e-02 
 640.000  1.3412566900e+00  3.3299995420e-02 
 641.000  1.3604833300e+00  3.3715969090e-02 
 642.000  1.3431520500e+00  3.3298149110e-02 
 643.000  1.3683167600e+00  3.3733345030e-02 
 644.000  1.3525462800e+00  3.3198204040e-02 
 645.000  1.3667638900e+00  3.3379417420e-02 
 646.000  1.3245796200e+00  3.1348838810e-02 
 647.000  1.3498217000e+00  3.1261749270e-02 
 648.000  1.3553902700e+00  3.0881984710e-02 
 649.000  1.3753800700e+00  3.1641536710e-02 
 650.000  1.2621911100e+00  2.9971616740e-02 
 651.000  1.3597343600e+00  3.2253608700e-02 
 652.000  1.3451782900e+00  3.0998565670e-02 
 653.000  1.3588436800e+00  3.2291713710e-02 
 654.000  1.3426233600e+00  3.1615932460e-02 
 655.000  1.3120312000e+00  3.0483400340e-02 
 656.000  1.1125882300e+00  2.5900619510e-02 
 657.000  1.1852306600e+00  2.7751930240e-02 
 658.000  1.3158231300e+00  3.1226558690e-02 
 659.000  1.3164838400e+00  3.1373241420e-02 
 660.000  1.3257675400e+00  3.1679904940e-02 
 661.000  1.3283741700e+00  3.2043804170e-02 
 662.000  1.3460478100e+00  3.2562107090e-02 
 663.000  1.3314938600e+00  3.2082313540e-02 
 664.000  1.3098302400e+00  3.1558811190e-02 
 665.000  1.3151762000e+00  3.1660800930e-02 
 666.000  1.3304510800e+00  3.2152164460e-02 
 667.000  1.3036466400e+00  3.1394781110e-02 
 668.000  1.3105091700e+00  3.1677356720e-02 
 669.000  1.3291112500e+00  3.2169780730e-02 
 670.000  1.3130928000e+00  3.1609855650e-02 
 671.000  1.2990214400e+00  3.1288867950e-02 
 672.000  1.2947335100e+00  3.1143209460e-02 
 673.000  1.3039350600e+00  3.1304124830e-02 
 674.000  1.3064154300e+00  3.1354442600e-02 
 675.000  1.2863913300e+00  3.0792514800e-02 
 676.000  1.3106225000e+00  3.1366119380e-02 
 677.000  1.2844887100e+00  3.0742040630e-02 
 678.000  1.3056843500e+00  3.1184097290e-02 
 679.000  1.2872746800e+00  3.0643711090e-02 
 680.000  1.2778422300e+00  3.0380802150e-02 
 681.000  1.2798272600e+00  3.0328920360e-02 
 682.000  1.2773881500e+00  3.0133901600e-02 
 683.000  1.2860752800e+00  3.0208093640e-02 
 684.000  1.2638878600e+00  2.9650329590e-02 
 685.000  1.2775473400e+00  2.9903060910e-02 
 686.000  1.2243825400e+00  2.8239776610e-02 
 687.000  1.2254470200e+00  2.4407337190e-02 
 688.000  1.2263395700e+00  2.5374698640e-02 
 689.000  1.2298888700e+00  2.5236963270e-02 
 690.000  1.2358267800e+00  2.5869180680e-02 
 691.000  1.2407769400e+00  2.6644994740e-02 
 692.000  1.2332946000e+00  2.6801389690e-02 
 693.000  1.2414365400e+00  2.6018484120e-02 
 694.000  1.2550625700e+00  2.5582752230e-02 
 695.000  1.2320822100e+00  2.5492528920e-02 
 696.000  1.2458812200e+00  2.6023117070e-02 
 697.000  1.2448193800e+00  2.7642780300e-02 
 698.000  1.2225392200e+00  2.6692281720e-02 
 699.000  1.2483868500e+00  2.5878881450e-02 
 700.000  1.2334504000e+00  2.5729702000e-02 
 701.000  1.2065548400e+00  2.4816122060e-02 
 702.000  1.2003501600e+00  2.4881849290e-02 
 703.000  1.2149652200e+00  2.6210926060e-02 
 704.000  1.2184634900e+00  2.6350326540e-02 
 705.000  1.2289489700e+00  2.6076280590e-02 
 706.000  1.2158280200e+00  2.5878831860e-02 
 707.000  1.1972292900e+00  2.5644889830e-02 
 708.000  1.2317098100e+00  2.6565801620e-02 
 709.000  1.1872123300e+00  2.5945278170e-02 
 710.000  1.2154487300e+00  2.6066284180e-02 
 711.000  1.2024438100e+00  2.6157684330e-02 
 712.000  1.1850485100e+00  2.6158712390e-02 
 713.000  1.1806517300e+00  2.5714752200e-02 
 714.000  1.2009469000e+00  2.5952993390e-02 
 715.000  1.1598539100e+00  2.4539564130e-02 
 716.000  1.1910411100e+00  2.4662044530e-02 
 717.000  1.1613070200e+00  2.1565282820e-02 
 718.000  1.1551555400e+00  1.9998888020e-02 
 719.000  1.1418570500e+00  1.9156047820e-02 
 720.000  1.1501874800e+00  1.8628147130e-02 
 721.000  1.1485329200e+00  2.1838855740e-02 
 722.000  1.1646632100e+00  2.3250787730e-02 
 723.000  1.1622474100e+00  2.2452026370e-02 
 724.000  1.1693038700e+00  2.0653289790e-02 
 725.000  1.1565437100e+00  2.0693140030e-02 
 726.000  1.1544276200e+00  2.0568519590e-02 
 727.000  1.1715098800e+00  2.1066497800e-02 
 728.000  1.1513841500e+00  2.0467950820e-02 
 729.000  1.1056239200e+00  2.0287506100e-02 
 730.000  1.1464830900e+00  2.0912462230e-02 
 731.000  1.1275833400e+00  2.0503528590e-02 
 732.000  1.1486979600e+00  2.2012573240e-02 
 733.000  1.1308521500e+00  2.2946540830e-02 
 734.000  1.1540494900e+00  2.4002132420e-02 
 735.000  1.1448480900e+00  2.3522882460e-02 
 736.000  1.1238385700e+00  2.2697399140e-02 
 737.000  1.1384170500e+00  2.3231884000e-02 
 738.000  1.1349707000e+00  2.3584825520e-02 
 739.000  1.0981171100e+00  2.3039684300e-02 
 740.000  1.1080957000e+00  2.3670822140e-02 
 741.000  1.0990134900e+00  2.3825426100e-02 
 742.000  1.0808653400e+00  2.3558752060e-02 
 743.000  1.1123164000e+00  2.4534378050e-02 
 744.000  1.1227420400e+00  2.4915285110e-02 
 745.000  1.0934250400e+00  2.4392139430e-02 
 746.000  1.1085557100e+00  2.4755161290e-02 
 747.000  1.1251610000e+00  2.5089988710e-02 
 748.000  1.1049417100e+00  2.4627145770e-02 
 749.000  1.1051409500e+00  2.4646337510e-02 
 750.000  1.0889998600e+00  2.4189775470e-02 
 751.000  1.0862001200e+00  2.4112398150e-02 
 752.000  1.1026560100e+00  2.4522224430e-02 
 753.000  1.0922197900e+00  2.4291276930e-02 
 754.000  1.1093204900e+00  2.4665895460e-02 
 755.000  1.1029570000e+00  2.4509809490e-02 
 756.000  1.0813631500e+00  2.4016586300e-02 
 757.000  1.0893561400e+00  2.4177938460e-02 
 758.000  1.0882260200e+00  2.4073614120e-02 
 759.000  1.0470588300e+00  2.1228761670e-02 
 760.000  8.2383071000e-01  8.5637025830e-03 
 761.000  7.9393307100e-01  7.5852022170e-03 
 762.000  9.2601899600e-01  1.3727272030e-02 
 763.000  9.1116834500e-01  1.1861732480e-02 
 764.000  9.3454011100e-01  1.2952781680e-02 
 765.000  9.8082304200e-01  1.5738778110e-02 
 766.000  9.7251395600e-01  1.8066608430e-02 
 767.000  1.0023736580e+00  1.9810106280e-02 
 768.000  1.0512747500e+00  2.1733850480e-02 
 769.000  1.0527256700e+00  2.2494573590e-02 
 770.000  1.0500435300e+00  2.2810806270e-02 
 771.000  1.0514955800e+00  2.3052560810e-02 
 772.000  1.0476135200e+00  2.3006137850e-02 
 773.000  1.0432985900e+00  2.2917984010e-02 
 774.000  1.0543040200e+00  2.3169300080e-02 
 775.000  1.0145936600e+00  2.2297380450e-02 
 776.000  1.0563079300e+00  2.3254526140e-02 
 777.000  1.0489954000e+00  2.3063718800e-02 
 778.000  1.0434507800e+00  2.2886903760e-02 
 779.000  1.0469247500e+00  2.2894010540e-02 
 780.000  1.0340544100e+00  2.2628263470e-02 
 781.000  1.0321957800e+00  2.2572475430e-02 
 782.000  1.0447311900e+00  2.2753423690e-02 
 783.000  1.0203954770e+00  2.2310312270e-02 
 784.000  1.0263066150e+00  2.2380712510e-02 
 785.000  1.0296810200e+00  2.2239856720e-02 
 786.000  1.0128191540e+00  2.1730468750e-02 
 787.000  1.0297047690e+00  2.1607521060e-02 
 788.000  1.0152362580e+00  2.1134014130e-02 
 789.000  1.0243715430e+00  2.0671594620e-02 
 790.000  1.0143298330e+00  2.0363416670e-02 
 791.000  1.0085994030e+00  2.0374031070e-02 
 792.000  9.9214514100e-01  2.0078182220e-02 
 793.000  9.9009785700e-01  2.0261775970e-02 
 794.000  9.7733250700e-01  2.0572158810e-02 
 795.000  9.7362979600e-01  2.0021646500e-02 
 796.000  9.9434031700e-01  1.9729337690e-02 
 797.000  9.9948083700e-01  2.0077358250e-02 
 798.000  9.9745131600e-01  2.0533489230e-02 
 799.000  9.9728308800e-01  2.0344120030e-02 
 800.000  9.7312132100e-01  1.9453153610e-02 
 801.000  9.9113777400e-01  1.9848924640e-02 
 802.000  9.8937199400e-01  1.9723037720e-02 
 803.000  9.7506776800e-01  1.9505756380e-02 
 804.000  9.8305341000e-01  1.9893016820e-02 
 805.000  9.5460569400e-01  1.9679628370e-02 
 806.000  9.7953489600e-01  2.0350255970e-02 
 807.000  9.7347292100e-01  2.0266201020e-02 
 808.000  9.6832833700e-01  1.9981384280e-02 
 809.000  9.5253552500e-01  1.9479808810e-02 
 810.000  9.4889990700e-01  1.9202436450e-02 
 811.000  9.6531611600e-01  1.9205730440e-02 
 812.000  9.6355865600e-01  1.8816240310e-02 
 813.000  9.6103078900e-01  1.8238204960e-02 
 814.000  9.6166778300e-01  1.7770885470e-02 
 815.000  9.5345476700e-01  1.7029981610e-02 
 816.000  9.4738167900e-01  1.6217248920e-02 
 817.000  9.5295641600e-01  1.6326650620e-02 
 818.000  9.4696377000e-01  1.6187536240e-02 
 819.000  9.2082597900e-01  1.6028461460e-02 
 820.000  9.0119312700e-01  1.6439220430e-02 
 821.000  9.2898606500e-01  1.7855918880e-02 
 822.000  9.0437665900e-01  1.6560623170e-02 
 823.000  9.2060234700e-01  1.5119667050e-02 
 824.000  9.3117995800e-01  1.6772451400e-02 
 825.000  9.2726455900e-01  1.7977531430e-02 
 826.000  9.3356661100e-01  1.7811626430e-02 
 827.000  9.3091752800e-01  1.7565551760e-02 
 828.000  9.3079234900e-01  1.6787034990e-02 
 829.000  9.2972187900e-01  1.6981418610e-02 
 830.000  9.1425752300e-01  1.6990161900e-02 
 831.000  8.9803398300e-01  1.6741596220e-02 
 832.000  9.1632705300e-01  1.7076112750e-02 
 833.000  8.8737954500e-01  1.6807981490e-02 
 834.000  8.9985936500e-01  1.7264917370e-02 
 835.000  8.9980473200e-01  1.7560823440e-02 
 836.000  9.1093294700e-01  1.7785152440e-02 
 837.000  9.0349939100e-01  1.7577383040e-02 
 838.000  9.0572743200e-01  1.7865058900e-02 
 839.000  8.7680610600e-01  1.7390375140e-02 
 840.000  9.0002256100e-01  1.7832389830e-02 
 841.000  9.0333845000e-01  1.7723335270e-02 
 842.000  8.9685506300e-01  1.7690620420e-02 
 843.000  8.8862985100e-01  1.7961307530e-02 
 844.000  8.7294411800e-01  1.7807775500e-02 
 845.000  8.8571464500e-01  1.8136493680e-02 
 846.000  8.9306927800e-01  1.8429054260e-02 
 847.000  8.6168876600e-01  1.7932872770e-02 
 848.000  8.8818208400e-01  1.8282466890e-02 
 849.000  8.8970059500e-01  1.8420608520e-02 
 850.000  7.6973104300e-01  1.5782230380e-02 
 851.000  8.8254559200e-01  1.7949787140e-02 
 852.000  8.4903751800e-01  1.7338640210e-02 
 853.000  8.5773625700e-01  1.7557863240e-02 
 854.000  6.8965264800e-01  1.4147614480e-02 
 855.000  7.5864659000e-01  1.5671725270e-02 
 856.000  8.5952603600e-01  1.7795288090e-02 
 857.000  8.7263281300e-01  1.8220598220e-02 
 858.000  8.5834953800e-01  1.7916765210e-02 
 859.000  8.5747990600e-01  1.7950752260e-02 
 860.000  8.4943798500e-01  1.7870676040e-02 
 861.000  8.4928678200e-01  1.7845127110e-02 
 862.000  8.4627923300e-01  1.7716953280e-02 
 863.000  8.6245248900e-01  1.8159084320e-02 
 864.000  8.6057910400e-01  1.7965349200e-02 
 865.000  8.4443348600e-01  1.7764657970e-02 
 866.000  7.0829615200e-01  1.4945948600e-02 
 867.000  7.5430714500e-01  1.5699314120e-02 
 868.000  8.1808551200e-01  1.7117321010e-02 
 869.000  8.0658656700e-01  1.6864383700e-02 
 870.000  8.3991504200e-01  1.7681060790e-02 
 871.000  8.3871362000e-01  1.7582868580e-02 
 872.000  8.3525024000e-01  1.7272617340e-02 
 873.000  8.3873651800e-01  1.7476070400e-02 
 874.000  8.2043232600e-01  1.7007884980e-02 
 875.000  8.1292598600e-01  1.7003267290e-02 
 876.000  8.1988927200e-01  1.7060749050e-02 
 877.000  8.3634992200e-01  1.7245769500e-02 
 878.000  8.2258804900e-01  1.7036931990e-02 
 879.000  8.2454583200e-01  1.7135393140e-02 
 880.000  8.2029547300e-01  1.6850593570e-02 
 881.000  7.7793341100e-01  1.6024694440e-02 
 882.000  8.2118564800e-01  1.6709655760e-02 
 883.000  8.0220991300e-01  1.6515296940e-02 
 884.000  8.0893820500e-01  1.6874179840e-02 
 885.000  8.1828439400e-01  1.6581394200e-02 
 886.000  7.9279532500e-01  1.6093605040e-02 
 887.000  7.8371912600e-01  1.5895983700e-02 
 888.000  8.0727845800e-01  1.6179399490e-02 
 889.000  8.1239185300e-01  1.6577526090e-02 
 890.000  8.1056417200e-01  1.6438560490e-02 
 891.000  8.0752773000e-01  1.6140281680e-02 
 892.000  8.0687990200e-01  1.5888584140e-02 
 893.000  7.8129510900e-01  1.4509895320e-02 
 894.000  8.0970946200e-01  1.4766558650e-02 
 895.000  7.7472798700e-01  1.3451475140e-02 
 896.000  8.0546871500e-01  1.3097762110e-02 
 897.000  7.8693673900e-01  1.2286442760e-02 
 898.000  7.8829120800e-01  1.1911250110e-02 
 899.000  7.8758293400e-01  1.0982358930e-02 
 900.000  7.6791547200e-01  1.0712423320e-02 
 901.000  7.5146552200e-01  1.0300449370e-02 
 902.000  7.3763360400e-01  1.0148618700e-02 
 903.000  7.7372112900e-01  1.1984646800e-02 
 904.000  7.8808793300e-01  1.3025410650e-02 
 905.000  7.8599721700e-01  1.3246452330e-02 
 906.000  7.6518105400e-01  1.2357207300e-02 
 907.000  7.7815135100e-01  1.1541938780e-02 
 908.000  7.5911951200e-01  1.0573513030e-02 
 909.000  7.4422735900e-01  1.0369452480e-02 
 910.000  7.5303077300e-01  1.0571203230e-02 
 911.000  7.5103365700e-01  1.1118294720e-02 
 912.000  7.5266259800e-01  1.0698158260e-02 
 913.000  7.7027883800e-01  1.0171235080e-02 
 914.000  7.6532158900e-01  1.0453313830e-02 
 915.000  7.5268905200e-01  1.0807763100e-02 
 916.000  7.6104458200e-01  1.0943573000e-02 
 917.000  7.4913520300e-01  1.0925765040e-02 
 918.000  7.4533208000e-01  1.1103513720e-02 
 919.000  7.5516073400e-01  1.2443681720e-02 
 920.000  7.4795613000e-01  1.2664196010e-02 
 921.000  7.3158349700e-01  1.2229204180e-02 
 922.000  7.2504689200e-01  1.2214547160e-02 
 923.000  6.9464919700e-01  1.1165066720e-02 
 924.000  7.2403595200e-01  1.1555001260e-02 
 925.000  7.3364690800e-01  1.1598049160e-02 
 926.000  7.0745543000e-01  1.1015820500e-02 
 927.000  7.3380916200e-01  1.1224729540e-02 
 928.000  7.3832825700e-01  1.0418931010e-02 
 929.000  7.2801413300e-01  9.1733188630e-03 
 930.000  7.2618734500e-01  7.9716839790e-03 
 931.000  7.2589128700e-01  7.0781955720e-03 
 932.000  7.1878104800e-01  6.0554122920e-03 
 933.000  7.2074467800e-01  5.5196466450e-03 
 934.000  7.1443616400e-01  5.0108232500e-03 
 935.000  7.0384956400e-01  4.8888473510e-03 
 936.000  6.9878233200e-01  5.0048308370e-03 
 937.000  7.1437997900e-01  5.0782427790e-03 
 938.000  7.0688398600e-01  5.5600047110e-03 
 939.000  7.1314592400e-01  7.4638419150e-03 
 940.000  7.0950629800e-01  7.8173255920e-03 
 941.000  6.9337683500e-01  7.3271059990e-03 
 942.000  6.6684456200e-01  6.3992328640e-03 
 943.000  7.0262185200e-01  5.8228235240e-03 
 944.000  6.8330797000e-01  5.5957636830e-03 
 945.000  6.8985513400e-01  5.9330439570e-03 
 946.000  6.9921140100e-01  6.0360174180e-03 
 947.000  6.9498185700e-01  6.2987036710e-03 
 948.000  6.9918504800e-01  6.5204038620e-03 
 949.000  7.0140005100e-01  6.5270986560e-03 
 950.000  6.9677650200e-01  6.5329327580e-03 
 951.000  6.9264001400e-01  6.9353666310e-03 
 952.000  6.9256795900e-01  6.4851245880e-03 
 953.000  6.9065616200e-01  6.8009271620e-03 
 954.000  6.8398454900e-01  7.1317820550e-03 
 955.000  6.3888025200e-01  6.3870787620e-03 
 956.000  6.8153527200e-01  6.7768301960e-03 
 957.000  6.8118263300e-01  7.8664288520e-03 
 958.000  6.8643408800e-01  8.1172342300e-03 
 959.000  6.8908748700e-01  7.9476695060e-03 
 960.000  6.8257679400e-01  7.8233771320e-03 
 961.000  6.7525525600e-01  7.6440949440e-03 
 962.000  6.7861718000e-01  7.7797522540e-03 
 963.000  6.7721546500e-01  8.5134220120e-03 
 964.000  6.6946656100e-01  8.5370578770e-03 
 965.000  6.7765036900e-01  8.5676145550e-03 
 966.000  6.5809042900e-01  8.3701829910e-03 
 967.000  6.7766121700e-01  9.2491493230e-03 
 968.000  6.7019290700e-01  1.0170119290e-02 
 969.000  6.7428806000e-01  1.0682209010e-02 
 970.000  6.7611967400e-01  1.0735590930e-02 
 971.000  6.7013058100e-01  1.0622285840e-02 
 972.000  6.7488242500e-01  1.0555734630e-02 
 973.000  6.6864479300e-01  1.0159073830e-02 
 974.000  6.5839519900e-01  9.6509647370e-03 
 975.000  6.6168653000e-01  9.4605331420e-03 
 976.000  6.6969548300e-01  9.8494987490e-03 
 977.000  6.5271928100e-01  1.0030362130e-02 
 978.000  6.6886521900e-01  1.0241758350e-02 
 979.000  6.4942814100e-01  1.0057962420e-02 
 980.000  6.5858752300e-01  1.0674763680e-02 
 981.000  6.6307424600e-01  1.0863258360e-02 
 982.000  6.6164745600e-01  1.0724628450e-02 
 983.000  6.5985183000e-01  1.0968435290e-02 
 984.000  6.5543355600e-01  1.1203799250e-02 
 985.000  6.5512161200e-01  1.1388146400e-02 
 986.000  6.4977736100e-01  1.1561634060e-02 
 987.000  6.5716535100e-01  1.1814848900e-02 
 988.000  6.4906323500e-01  1.1691455840e-02 
 989.000  6.4082338100e-01  1.1553754810e-02 
 990.000  6.4628565600e-01  1.1675022130e-02 
 991.000  6.5152816400e-01  1.1872531890e-02 
 992.000  6.4549790400e-01  1.1781352040e-02 
 993.000  6.4545242500e-01  1.1777728080e-02 
 994.000  6.4869071100e-01  1.1922879220e-02 
 995.000  6.4386951500e-01  1.1903203010e-02 
 996.000  6.4376699400e-01  1.1883999820e-02 
 997.000  6.4447951300e-01  1.1827755930e-02 
 998.000  6.4211851000e-01  1.1719615940e-02 
 999.000  6.4054944100e-01  1.1654566760e-02 
1000.000  6.3543805900e-01  1.1562448500e-02 
1001.000  6.3909885800e-01  1.1505067830e-02 
1002.000  6.3844502400e-01  1.1310944560e-02 
1003.000  6.3091882200e-01  1.1206725120e-02 
1004.000  6.2548732800e-01  1.1196932790e-02 
1005.000  5.8433687800e-01  1.0493391040e-02 
1006.000  6.1483325700e-01  1.1046084400e-02 
1007.000  6.2608575900e-01  1.1204858780e-02 
1008.000  6.2897914400e-01  1.1109905240e-02 
1009.000  6.2547486300e-01  1.0867924690e-02 
1010.000  6.2766761100e-01  1.0971278190e-02 
1011.000  6.2395572900e-01  1.1084417340e-02 
1012.000  6.2399657500e-01  1.1151078220e-02 
1013.000  6.1938029200e-01  1.1120186810e-02 
1014.000  6.2328140600e-01  1.1248821260e-02 
1015.000  6.1176457400e-01  1.1082430840e-02 
1016.000  6.1563041000e-01  1.1217332840e-02 
1017.000  6.0950152000e-01  1.1149106030e-02 
1018.000  6.1756391000e-01  1.1306725500e-02 
1019.000  6.0369623100e-01  1.1017029760e-02 
1020.000  6.0234386300e-01  1.0970995900e-02 
1021.000  6.0817029600e-01  1.1042707440e-02 
1022.000  5.9933588200e-01  1.0714031220e-02 
1023.000  6.1109807700e-01  1.0771016120e-02 
1024.000  6.0815722200e-01  1.0596327780e-02 
1025.000  6.0743663500e-01  1.0620143890e-02 
1026.000  6.0790019500e-01  1.0660707470e-02 
1027.000  6.0433963300e-01  1.0625484470e-02 
1028.000  6.0566940600e-01  1.0719746590e-02 
1029.000  5.9621813600e-01  1.0652833940e-02 
1030.000  6.0196847300e-01  1.0864454270e-02 
1031.000  5.9993954400e-01  1.0909200670e-02 
1032.000  5.9773104300e-01  1.0921709060e-02 
1033.000  5.8669293900e-01  1.0692826270e-02 
1034.000  5.9283468400e-01  1.0784329410e-02 
1035.000  5.8645758200e-01  1.0639117240e-02 
1036.000  5.9414437900e-01  1.0747608180e-02 
1037.000  5.8162125200e-01  1.0491009710e-02 
1038.000  5.8734259100e-01  1.0564020160e-02 
1039.000  5.8985384900e-01  1.0569760320e-02 
1040.000  5.8296175400e-01  1.0409851070e-02 
1041.000  5.8609380200e-01  1.0430937770e-02 
1042.000  5.8786058700e-01  1.0430928230e-02 
1043.000  5.7773022500e-01  1.0221805570e-02 
1044.000  5.8354674700e-01  1.0291437150e-02 
1045.000  5.8121530900e-01  1.0288508420e-02 
1046.000  5.6442156400e-01  1.0040758130e-02 
1047.000  5.7493355300e-01  1.0276659970e-02 
1048.000  5.8082414100e-01  1.0433128360e-02 
1049.000  5.7725905500e-01  1.0421853070e-02 
1050.000  5.7399704700e-01  1.0409045220e-02 
1051.000  5.7432554500e-01  1.0379292490e-02 
1052.000  5.7182458900e-01  1.0288200380e-02 
1053.000  5.7210556900e-01  1.0269410130e-02 
1054.000  5.6650940600e-01  1.0105840680e-02 
1055.000  5.7095619700e-01  1.0131608010e-02 
1056.000  5.6967513200e-01  1.0061090470e-02 
1057.000  5.6925358400e-01  1.0007925990e-02 
1058.000  5.6429698300e-01  9.8568496700e-03 
1059.000  5.4649594200e-01  9.5689926150e-03 
1060.000  5.6569095300e-01  9.9660291670e-03 
1061.000  5.4598929900e-01  9.6263198850e-03 
1062.000  5.6175390100e-01  9.8719997410e-03 
1063.000  5.5248979500e-01  9.6778907780e-03 
1064.000  5.5991531600e-01  9.7133913040e-03 
1065.000  5.5982667900e-01  9.6049041750e-03 
1066.000  5.4262494400e-01  9.2607965470e-03 
1067.000  5.5580584000e-01  9.4159479140e-03 
1068.000  5.5446338500e-01  9.2494859700e-03 
1069.000  5.1310869700e-01  8.4970235820e-03 
1070.000  5.4341824000e-01  9.0449352260e-03 
1071.000  5.4483066400e-01  9.0529146190e-03 
1072.000  5.4719260000e-01  9.0779867170e-03 
1073.000  5.2928667300e-01  8.8078012470e-03 
1074.000  5.4775869200e-01  9.1612625120e-03 
1075.000  5.3001387400e-01  8.9695024490e-03 
1076.000  5.4215603300e-01  9.1396579740e-03 
1077.000  5.4156871600e-01  9.0796375270e-03 
1078.000  5.4369238500e-01  9.0569820400e-03 
1079.000  5.2286354200e-01  8.7133274080e-03 
1080.000  5.4026519200e-01  8.8365249630e-03 
1081.000  5.2048374800e-01  8.4997835160e-03 
1082.000  5.2632065900e-01  8.6199684140e-03 
1083.000  5.1304542000e-01  8.2667179110e-03 
1084.000  5.3366327500e-01  8.4563140870e-03 
1085.000  5.2905860400e-01  8.1342906950e-03 
1086.000  5.3540600100e-01  8.2295150760e-03 
1087.000  5.0012892300e-01  7.8720612530e-03 
1088.000  5.3033836400e-01  8.4175615310e-03 
1089.000  5.1312357200e-01  7.9302649500e-03 
1090.000  5.2485365200e-01  8.1178054810e-03 
1091.000  5.2765474000e-01  8.2662668230e-03 
1092.000  5.1689853300e-01  8.0262222290e-03 
1093.000  5.1377320500e-01  7.7554941180e-03 
1094.000  4.6876410000e-01  6.9398665430e-03 
1095.000  5.0716596000e-01  7.4810423850e-03 
1096.000  5.0790231000e-01  7.4657936100e-03 
1097.000  4.9869779000e-01  7.2309694290e-03 
1098.000  4.9774690800e-01  6.6162552830e-03 
1099.000  5.0223716000e-01  6.1279625890e-03 
1100.000  5.1065170400e-01  6.2649464610e-03 
1101.000  5.0906989700e-01  6.3140640260e-03 
1102.000  4.8815818900e-01  6.0154867170e-03 
1103.000  5.0719247300e-01  6.2910661700e-03 
1104.000  5.0394641800e-01  6.1595273020e-03 
1105.000  5.0430743700e-01  5.9484725000e-03 
1106.000  5.0119650200e-01  5.7152237890e-03 
1107.000  5.0029928600e-01  5.7407455440e-03 
1108.000  4.9845865700e-01  5.7380723950e-03 
1109.000  4.9977365700e-01  5.8993964200e-03 
1110.000  5.0233746900e-01  5.8770618440e-03 
1111.000  4.9630352000e-01  5.6982417110e-03 
1112.000  4.9189055200e-01  5.2537102700e-03 
1113.000  4.9016827200e-01  4.7650504110e-03 
1114.000  4.9547586300e-01  4.6617751120e-03 
1115.000  4.9048622200e-01  4.1670360570e-03 
1116.000  4.8428097800e-01  3.8859722610e-03 
1117.000  4.9002568900e-01  3.4992587570e-03 
1118.000  4.8489367800e-01  3.1302452090e-03 
1119.000  4.7133606000e-01  2.9026858810e-03 
1120.000  4.7228527600e-01  2.7743792530e-03 
1121.000  4.7529238600e-01  2.7657444480e-03 
1122.000  4.7308842800e-01  2.6511814590e-03 
1123.000  4.7531046500e-01  2.7148711680e-03 
1124.000  4.7622452300e-01  2.7571189400e-03 
1125.000  4.6630180200e-01  2.6796314720e-03 
1126.000  4.5738417300e-01  2.6209585670e-03 
1127.000  4.7286933700e-01  2.7188043590e-03 
1128.000  4.6422424400e-01  2.6873397830e-03 
1129.000  4.6711875600e-01  2.8232109550e-03 
1130.000  4.6803499900e-01  3.1996128560e-03 
1131.000  4.7316411400e-01  3.3615484240e-03 
1132.000  4.7416402700e-01  3.1919515130e-03 
1133.000  4.6191868500e-01  2.8450899120e-03 
1134.000  4.5652234600e-01  2.4951622490e-03 
1135.000  4.6250446000e-01  2.5461387630e-03 
1136.000  4.6441939300e-01  2.9006218910e-03 
1137.000  4.7121564400e-01  3.2367503640e-03 
1138.000  4.5515574700e-01  3.4685721400e-03 
1139.000  4.6536835800e-01  3.7027482990e-03 
1140.000  4.6659599000e-01  3.6383330820e-03 
1141.000  4.5310847900e-01  3.4051170350e-03 
1142.000  4.6537320500e-01  3.4440422060e-03 
1143.000  4.5699696300e-01  3.2283489700e-03 
1144.000  4.5372240900e-01  3.0493834020e-03 
1145.000  4.5634081300e-01  2.8673958780e-03 
1146.000  4.6101891500e-01  2.9394505020e-03 
1147.000  4.6335613300e-01  3.1174044610e-03 
1148.000  4.5894945400e-01  3.2490699290e-03 
1149.000  4.6042207100e-01  3.3336358070e-03 
1150.000  4.5846681300e-01  3.3395514490e-03 
1151.000  4.5712200000e-01  3.4595019820e-03 
1152.000  4.5626740900e-01  3.5202538970e-03 
1153.000  4.5546993300e-01  3.6117041110e-03 
1154.000  4.5894942400e-01  3.6344292160e-03 
1155.000  4.6052814900e-01  3.8534870150e-03 
1156.000  4.5428557900e-01  4.0321750640e-03 
1157.000  4.5854393700e-01  4.6255517010e-03 
1158.000  4.5861529400e-01  4.9421663280e-03 
1159.000  4.5213261200e-01  5.1820263860e-03 
1160.000  4.4638874100e-01  5.2602367400e-03 
1161.000  4.3676113900e-01  5.4752812390e-03 
1162.000  4.5257212200e-01  5.9503316880e-03 
1163.000  4.5445181100e-01  6.2922554020e-03 
1164.000  4.4522044000e-01  6.2287507060e-03 
1165.000  4.5381433500e-01  6.4039177890e-03 
1166.000  4.4204344100e-01  6.3192405700e-03 
1167.000  4.4921248500e-01  6.4742560390e-03 
1168.000  4.5313906100e-01  6.5198559760e-03 
1169.000  4.3747036400e-01  6.3444776540e-03 
1170.000  4.4923431900e-01  6.5595870020e-03 
1171.000  4.5131306000e-01  6.6920695300e-03 
1172.000  4.4990197000e-01  6.6153087620e-03 
1173.000  4.4676783300e-01  6.5171775820e-03 
1174.000  4.4699424300e-01  6.5256080630e-03 
1175.000  4.4176134000e-01  6.6005401610e-03 
1176.000  4.3109630100e-01  6.5815658570e-03 
1177.000  4.4440779700e-01  6.7160601620e-03 
1178.000  4.3690148400e-01  6.4677658080e-03 
1179.000  4.3494202900e-01  6.4405617710e-03 
1180.000  4.4104784700e-01  6.4824109080e-03 
1181.000  4.3879470700e-01  6.3269672390e-03 
1182.000  4.3934968700e-01  6.2092032430e-03 
1183.000  4.1384121500e-01  5.8563652040e-03 
1184.000  4.3249284800e-01  6.1829895970e-03 
1185.000  4.3821536100e-01  6.4300227170e-03 
1186.000  4.3560784400e-01  6.3339247700e-03 
1187.000  4.3576191600e-01  6.1570072170e-03 
1188.000  4.3352653300e-01  6.0660657880e-03 
1189.000  4.0816367400e-01  5.7816877370e-03 
1190.000  4.2823566900e-01  6.2956714630e-03 
1191.000  4.3491255200e-01  6.4369869230e-03 
1192.000  4.3254479300e-01  6.4837946890e-03 
1193.000  4.3271073300e-01  6.4179749490e-03 
1194.000  4.3189815600e-01  6.3821468350e-03 
1195.000  4.2705712700e-01  6.2020697590e-03 
1196.000  4.2678773600e-01  6.2182602880e-03 
1197.000  4.2667420500e-01  6.1666941640e-03 
1198.000  4.1234442700e-01  5.9518294330e-03 
1199.000  3.9702065200e-01  5.6723961830e-03 
1200.000  4.2204931500e-01  6.0686264040e-03 
1201.000  4.2507786200e-01  6.1321849820e-03 
1202.000  4.2589350500e-01  6.1719622610e-03 
1203.000  4.0510773100e-01  5.8495292660e-03 
1204.000  4.1182141500e-01  5.9818282130e-03 
1205.000  4.2137417900e-01  6.3174567220e-03 
1206.000  4.1881072900e-01  6.3718228340e-03 
1207.000  4.2162321600e-01  6.4539165500e-03 
1208.000  4.1548572700e-01  6.3298325540e-03 
1209.000  3.8952748700e-01  5.8874897960e-03 
1210.000  4.1680412000e-01  6.2186121940e-03 
1211.000  4.0288088300e-01  6.0058493610e-03 
1212.000  4.1549532800e-01  6.2291455270e-03 
1213.000  4.1703074900e-01  6.3468213080e-03 
1214.000  4.1524631800e-01  6.3237876890e-03 
1215.000  4.1667237100e-01  6.3920788760e-03 
1216.000  4.1544084900e-01  6.5227088930e-03 
1217.000  4.1457705200e-01  6.6312165260e-03 
1218.000  4.1312693600e-01  6.6600003240e-03 
1219.000  4.0926116300e-01  6.6252875330e-03 
1220.000  4.1201180600e-01  6.6599588390e-03 
1221.000  4.1115892400e-01  6.6469035150e-03 
1222.000  4.0888143300e-01  6.6022577290e-03 
1223.000  4.0688005100e-01  6.5991511340e-03 
1224.000  4.0982111600e-01  6.7436809540e-03 
1225.000  4.0749757200e-01  6.7398777010e-03 
1226.000  4.0882579600e-01  6.8055367470e-03 
1227.000  3.9479748500e-01  6.6322617530e-03 
1228.000  4.0689589000e-01  6.9080219270e-03 
1229.000  4.0621966100e-01  6.9463224410e-03 
1230.000  4.0459144000e-01  6.9764471050e-03 
1231.000  4.0445918400e-01  7.0092811580e-03 
1232.000  3.9986041000e-01  6.9456415180e-03 
1233.000  4.0297964900e-01  7.0113120080e-03 
1234.000  4.0151280100e-01  7.0591835980e-03 
1235.000  3.9864126800e-01  7.0310173030e-03 
1236.000  4.0089962700e-01  7.0806574820e-03 
1237.000  4.0079407200e-01  7.1014666560e-03 
1238.000  4.0050979900e-01  7.1025557520e-03 
1239.000  3.9592671000e-01  7.0230813030e-03 
1240.000  3.9414969800e-01  7.0349826810e-03 
1241.000  3.9775761600e-01  7.1397857670e-03 
1242.000  3.9553910300e-01  7.1374125480e-03 
1243.000  3.9120916600e-01  7.0976743700e-03 
1244.000  3.8786092800e-01  7.0644774440e-03 
1245.000  3.9464029200e-01  7.2083320620e-03 
1246.000  3.9170674600e-01  7.1078639030e-03 
1247.000  3.8991948900e-01  7.0270152090e-03 
1248.000  3.9308710000e-01  7.0351386070e-03 
1249.000  3.9175659900e-01  6.9718236920e-03 
1250.000  3.9036234000e-01  6.9000983240e-03 
1251.000  3.8783111800e-01  6.8207902910e-03 
1252.000  3.8683420800e-01  6.7663621900e-03 
1253.000  3.8381066400e-01  6.6749014850e-03 
1254.000  3.8513714300e-01  6.6315808300e-03 
1255.000  3.8472591980e-01  6.5776791570e-03 
1256.000  3.8413189740e-01  6.5279479030e-03 
1257.000  3.8001751790e-01  6.3690061570e-03 
1258.000  3.8200995860e-01  6.2600207330e-03 
1259.000  3.7811445990e-01  6.0750942230e-03 
1260.000  3.7893105810e-01  5.9620962140e-03 
1261.000  3.7848380170e-01  5.8270359040e-03 
1262.000  3.7038577070e-01  5.5494914050e-03 
1263.000  3.7487812670e-01  5.6053338050e-03 
1264.000  3.6904151380e-01  5.5217099190e-03 
1265.000  3.6971398170e-01  5.5485534670e-03 
1266.000  3.7210179480e-01  5.5651974680e-03 
1267.000  3.6513306800e-01  5.4402656560e-03 
1268.000  3.6153750180e-01  5.3546724320e-03 
1269.000  3.6492187610e-01  5.3904595380e-03 
1270.000  3.6893208810e-01  5.5707111360e-03 
1271.000  3.7098030450e-01  5.6613063810e-03 
1272.000  3.6988326690e-01  5.7045412060e-03 
1273.000  3.6956500830e-01  5.7654819490e-03 
1274.000  3.6735774740e-01  5.7982721330e-03 
1275.000  3.6951957090e-01  5.8558244710e-03 
1276.000  3.7011273430e-01  5.8707647320e-03 
1277.000  3.6983645200e-01  5.8583402630e-03 
1278.000  3.6877606380e-01  5.8294315340e-03 
1279.000  3.6630741320e-01  5.8116903310e-03 
1280.000  3.6414414470e-01  5.8706274030e-03 
1281.000  3.5375856600e-01  5.7922029500e-03 
1282.000  3.1414450650e-01  5.2227206230e-03 
1283.000  3.4476773110e-01  5.7947888370e-03 
1284.000  3.5899467420e-01  6.0774521830e-03 
1285.000  3.6162702140e-01  6.1414160730e-03 
1286.000  3.6150888870e-01  6.1063694950e-03 
1287.000  3.6372002240e-01  6.0873546600e-03 
1288.000  3.6143983320e-01  5.8668904300e-03 
1289.000  3.6359431770e-01  5.8473587040e-03 
1290.000  3.5526339270e-01  5.6947665210e-03 
1291.000  3.6012632260e-01  5.7494745250e-03 
1292.000  3.6162929270e-01  5.7889642720e-03 
1293.000  3.6195256560e-01  5.7506055830e-03 
1294.000  3.5620771430e-01  5.5381855960e-03 
1295.000  3.6004282450e-01  5.4479508400e-03 
1296.000  3.6030773860e-01  5.3431930540e-03 
1297.000  3.5808643380e-01  5.2481570240e-03 
1298.000  3.5488722440e-01  5.2064337730e-03 
1299.000  3.5845038860e-01  5.2620720860e-03 
1300.000  3.5701104080e-01  5.2449975010e-03 
1301.000  3.5644209570e-01  5.2184362410e-03 
1302.000  3.5186996290e-01  5.0640058520e-03 
1303.000  3.4998078950e-01  4.8582663540e-03 
1304.000  3.5020828910e-01  4.7681403160e-03 
1305.000  3.5236575360e-01  4.7442865370e-03 
1306.000  3.5270075530e-01  4.6908144950e-03 
1307.000  3.5165961350e-01  4.6386260990e-03 
1308.000  3.5136048100e-01  4.5511374470e-03 
1309.000  3.5104705780e-01  4.4278216360e-03 
1310.000  3.4958985730e-01  4.4071722030e-03 
1311.000  3.4851846790e-01  4.4005241390e-03 
1312.000  3.4743303770e-01  4.2438378330e-03 
1313.000  3.3460108000e-01  3.9136176110e-03 
1314.000  3.4504581850e-01  3.8877677920e-03 
1315.000  3.3342782580e-01  3.8281989100e-03 
1316.000  3.4118412460e-01  4.0278487210e-03 
1317.000  3.4485477570e-01  4.0715384480e-03 
1318.000  3.3997500370e-01  3.8317089080e-03 
1319.000  3.4463255250e-01  3.6503944400e-03 
1320.000  3.4208856330e-01  3.3875072000e-03 
1321.000  3.4058604770e-01  3.2890827660e-03 
1322.000  3.3990579310e-01  3.4110131260e-03 
1323.000  3.4065797070e-01  3.5692658420e-03 
1324.000  3.4083848620e-01  3.6610605720e-03 
1325.000  3.3974939630e-01  3.5853877070e-03 
1326.000  3.3816075610e-01  3.4107980730e-03 
1327.000  3.3546054410e-01  3.0794415470e-03 
1328.000  3.3634639060e-01  2.8198752400e-03 
1329.000  3.2407085400e-01  2.3300590520e-03 
1330.000  3.2914539530e-01  2.2353475090e-03 
1331.000  3.3061121290e-01  2.1690297130e-03 
1332.000  3.2306539930e-01  2.1409280300e-03 
1333.000  3.3160332250e-01  2.2658209800e-03 
1334.000  3.3201776920e-01  2.3627979760e-03 
1335.000  3.3230318260e-01  2.4355418680e-03 
1336.000  3.2870558090e-01  2.4324958320e-03 
1337.000  3.2976993430e-01  2.4436767100e-03 
1338.000  3.2952628410e-01  2.4945027830e-03 
1339.000  3.2598562480e-01  2.4695329670e-03 
1340.000  3.2364566790e-01  2.4961502550e-03 
1341.000  3.2853058200e-01  2.4722216130e-03 
1342.000  3.2772689870e-01  2.4725627900e-03 
1343.000  3.2769820880e-01  2.2858781810e-03 
1344.000  3.2620061840e-01  2.1245369910e-03 
1345.000  3.2370145350e-01  1.8452227120e-03 
1346.000  3.1853027730e-01  1.7029893400e-03 
1347.000  3.1913622050e-01  1.6544522050e-03 
1348.000  3.1555903020e-01  1.5847172740e-03 
1349.000  3.1341706500e-01  1.5527623890e-03 
1350.000  3.0701916080e-01  1.4799273010e-03 
1351.000  3.0485123870e-01  1.4427872900e-03 
1352.000  3.0540893440e-01  1.4057331090e-03 
1353.000  2.9955646970e-01  1.3314987420e-03 
1354.000  2.9593904550e-01  1.2882645130e-03 
1355.000  2.9029928660e-01  1.2344703670e-03 
1356.000  2.8602531880e-01  1.1845819950e-03 
1357.000  2.7932665920e-01  1.1181149480e-03 
1358.000  2.7972439270e-01  1.0783761740e-03 
1359.000  2.7200809430e-01  9.7871297600e-04 
1360.000  2.6204036110e-01  8.9877629280e-04 
1361.000  2.6423811440e-01  8.7739908700e-04 
1362.000  2.6197453270e-01  8.6167663340e-04 
1363.000  2.6223735070e-01  9.0667927270e-04 
1364.000  2.6750751270e-01  9.3974035980e-04 
1365.000  2.6737088620e-01  9.4730782510e-04 
1366.000  2.6924876310e-01  9.7090673450e-04 
1367.000  2.6429886380e-01  9.3119543790e-04 
1368.000  2.6432289210e-01  9.1093540190e-04 
1369.000  2.5956044450e-01  8.9932334420e-04 
1370.000  2.6507185870e-01  9.6933263540e-04 
1371.000  2.7285152630e-01  1.0677771570e-03 
1372.000  2.8368919160e-01  1.1832073930e-03 
1373.000  2.8779222220e-01  1.2453489300e-03 
1374.000  2.9107977370e-01  1.2834892270e-03 
1375.000  2.8698908390e-01  1.2760270830e-03 
1376.000  2.8270038700e-01  1.2488217350e-03 
1377.000  2.8527957990e-01  1.2428107260e-03 
1378.000  2.8038136380e-01  1.1887685060e-03 
1379.000  2.7852745500e-01  1.1323090790e-03 
1380.000  2.6853965560e-01  1.0254727600e-03 
1381.000  2.6248590470e-01  9.3831449750e-04 
1382.000  2.5434205180e-01  8.7403637170e-04 
1383.000  2.5656730040e-01  8.7765747310e-04 
1384.000  2.6226336330e-01  9.5029902460e-04 
1385.000  2.6434637760e-01  9.9895584580e-04 
1386.000  2.7232469400e-01  1.0778802630e-03 
1387.000  2.7622702760e-01  1.1667215820e-03 
1388.000  2.8201741290e-01  1.2250752450e-03 
1389.000  2.8426241430e-01  1.2495776410e-03 
1390.000  2.7925014630e-01  1.2319761510e-03 
1391.000  2.8198631380e-01  1.2319964170e-03 
1392.000  2.7754558900e-01  1.1776779890e-03 
1393.000  2.7300228010e-01  1.1248086690e-03 
1394.000  2.6695076080e-01  1.0686540600e-03 
1395.000  2.6825160510e-01  1.0877594950e-03 
1396.000  2.7418072220e-01  1.1492838860e-03 
1397.000  2.7724814690e-01  1.1922308210e-03 
1398.000  2.7745959240e-01  1.1964949370e-03 
1399.000  2.7564626980e-01  1.1783279180e-03 
1400.000  2.6764285810e-01  1.1389669180e-03 
1401.000  2.6885507810e-01  1.1469279530e-03 
1402.000  2.7541932090e-01  1.1980755330e-03 
1403.000  2.7471971110e-01  1.2088099720e-03 
1404.000  2.7263733520e-01  1.1909309630e-03 
1405.000  2.7280269230e-01  1.1924365760e-03 
1406.000  2.7241873380e-01  1.1795598270e-03 
1407.000  2.7268910530e-01  1.1796128750e-03 
1408.000  2.7353098480e-01  1.2051799300e-03 
1409.000  2.7644606170e-01  1.2336469890e-03 
1410.000  2.7763744360e-01  1.2663147450e-03 
1411.000  2.7970859700e-01  1.2949712280e-03 
1412.000  2.6877892430e-01  1.2418330910e-03 
1413.000  2.7396938040e-01  1.2717223170e-03 
1414.000  2.7755222940e-01  1.2803299430e-03 
1415.000  2.7739132540e-01  1.2901635170e-03 
1416.000  2.7688238990e-01  1.2973803280e-03 
1417.000  2.7890361490e-01  1.3047363760e-03 
1418.000  2.7901232520e-01  1.3032302860e-03 
1419.000  2.7503869220e-01  1.2822223900e-03 
1420.000  2.7443503990e-01  1.2808364630e-03 
1421.000  2.7898971060e-01  1.3185229300e-03 
1422.000  2.7275583820e-01  1.2952971460e-03 
1423.000  2.7109539640e-01  1.2871161700e-03 
1424.000  2.7134041340e-01  1.2823820110e-03 
1425.000  2.7657621970e-01  1.2944725750e-03 
1426.000  2.6538491560e-01  1.2386105060e-03 
1427.000  2.6952570510e-01  1.2641328570e-03 
1428.000  2.7537571080e-01  1.2959363460e-03 
1429.000  2.6891737710e-01  1.2721141580e-03 
1430.000  2.6307610040e-01  1.2375106810e-03 
1431.000  2.6247317000e-01  1.2078162430e-03 
1432.000  2.6724455010e-01  1.2132500410e-03 
1433.000  2.6738034540e-01  1.2085511680e-03 
1434.000  2.6199150500e-01  1.1738307480e-03 
1435.000  2.6518792130e-01  1.1985894440e-03 
1436.000  2.6522369780e-01  1.2007987500e-03 
1437.000  2.6627137470e-01  1.2042316200e-03 
1438.000  2.6562345290e-01  1.2159906630e-03 
1439.000  2.6876387630e-01  1.2284845110e-03 
1440.000  2.5212727780e-01  1.1560148000e-03 
1441.000  2.6483244360e-01  1.2136155370e-03 
1442.000  2.5866646470e-01  1.1736096140e-03 
1443.000  2.6296177450e-01  1.1882563830e-03 
1444.000  2.6424050870e-01  1.1955069300e-03 
1445.000  2.6344295600e-01  1.1887161730e-03 
1446.000  2.6627091570e-01  1.2111623290e-03 
1447.000  2.6505362280e-01  1.2156195640e-03 
1448.000  2.6708006290e-01  1.2222640510e-03 
1449.000  2.6697381960e-01  1.2064704900e-03 
1450.000  2.6517751520e-01  1.1771935220e-03 
1451.000  2.6346773190e-01  1.1701629160e-03 
1452.000  2.6022378410e-01  1.1784251930e-03 
1453.000  2.6517660950e-01  1.2554731370e-03 
1454.000  2.6620715270e-01  1.3391944170e-03 
1455.000  2.6284012150e-01  1.3807514910e-03 
1456.000  2.6271997870e-01  1.4468375440e-03 
1457.000  2.6523903850e-01  1.4638602730e-03 
1458.000  2.6886587540e-01  1.4938701390e-03 
1459.000  2.6986479280e-01  1.4362274410e-03 
1460.000  2.6527346690e-01  1.3598093990e-03 
1461.000  2.6469383680e-01  1.3251233100e-03 
1462.000  2.6180306890e-01  1.2452025410e-03 
1463.000  2.6005748470e-01  1.2299813030e-03 
1464.000  2.5988640750e-01  1.2065761090e-03 
1465.000  2.6289156000e-01  1.1782341000e-03 
1466.000  2.5663036580e-01  1.1063420770e-03 
1467.000  2.6278141450e-01  1.1031200890e-03 
1468.000  2.5631444900e-01  1.0472470520e-03 
1469.000  2.5914099340e-01  1.0220535990e-03 
1470.000  2.5764627830e-01  1.0002216100e-03 
1471.000  2.5357193440e-01  1.0108212230e-03 
1472.000  2.5510425320e-01  1.0657103060e-03 
1473.000  2.5734886850e-01  1.1708414550e-03 
1474.000  2.5026341660e-01  1.2293525930e-03 
1475.000  2.5558451700e-01  1.2505939010e-03 
1476.000  2.5598874670e-01  1.2465434070e-03 
1477.000  2.5673999690e-01  1.2130442860e-03 
1478.000  2.5302652420e-01  1.1605442760e-03 
1479.000  2.5592529300e-01  1.1284009220e-03 
1480.000  2.5732766810e-01  1.1549727920e-03 
1481.000  2.5349138790e-01  1.1803783180e-03 
1482.000  2.5664731750e-01  1.2510068420e-03 
1483.000  2.5136140830e-01  1.2382706400e-03 
1484.000  2.5368469680e-01  1.2521725890e-03 
1485.000  2.5851397330e-01  1.2643395660e-03 
1486.000  2.5425403280e-01  1.3001438380e-03 
1487.000  2.5454490900e-01  1.4245349170e-03 
1488.000  2.2252323040e-01  1.2571010590e-03 
1489.000  2.5550379100e-01  1.6284824610e-03 
1490.000  2.5609847230e-01  1.8120884900e-03 
1491.000  2.5864409020e-01  1.9617961650e-03 
1492.000  2.5263420270e-01  1.9400112630e-03 
1493.000  2.5831136340e-01  2.0788216590e-03 
1494.000  2.5733037160e-01  2.0794808860e-03 
1495.000  2.5552983280e-01  2.1496455670e-03 
1496.000  2.4797323800e-01  2.2328741550e-03 
1497.000  2.5379727600e-01  2.2761650090e-03 
1498.000  2.5636793280e-01  2.4369690420e-03 
1499.000  2.5205592590e-01  2.5216062070e-03 
1500.000  2.5635444180e-01  2.6559710500e-03 
1501.000  2.5598835730e-01  2.6003379820e-03 
1502.000  2.5401107430e-01  2.5116567610e-03 
1503.000  2.2808729460e-01  2.2045309540e-03 
1504.000  2.3763119100e-01  2.3170270920e-03 
1505.000  2.3689297630e-01  2.4252526760e-03 
1506.000  2.4008690690e-01  2.4863183500e-03 
1507.000  2.5109815760e-01  2.7145016190e-03 
1508.000  2.4717754320e-01  2.7417020800e-03 
1509.000  2.4824527320e-01  2.8312990670e-03 
1510.000  2.5208133200e-01  2.9151968960e-03 
1511.000  2.5322759500e-01  2.9923326970e-03 
1512.000  2.4847404830e-01  2.9814460280e-03 
1513.000  2.4805819370e-01  3.0155432220e-03 
1514.000  2.4466277240e-01  2.9961810110e-03 
1515.000  2.4947061930e-01  3.0738313200e-03 
1516.000  2.4715561640e-01  3.0141606330e-03 
1517.000  2.4569191710e-01  2.9786610600e-03 
1518.000  2.5022017640e-01  3.0435481070e-03 
1519.000  2.4650698070e-01  3.0147144790e-03 
1520.000  2.4802333700e-01  3.1073515420e-03 
1521.000  2.4329926280e-01  3.1435408590e-03 
1522.000  2.4187543650e-01  3.1743726730e-03 
1523.000  2.4776301190e-01  3.3179163930e-03 
1524.000  2.4600427280e-01  3.3261699680e-03 
1525.000  2.4052208420e-01  3.2647252080e-03 
1526.000  2.4729715790e-01  3.3332421780e-03 
1527.000  2.4462445740e-01  3.2929058070e-03 
1528.000  2.4610765630e-01  3.3169958590e-03 
1529.000  2.4532888980e-01  3.2769939900e-03 
1530.000  2.2949786690e-01  3.0628662110e-03 
1531.000  2.4522223060e-01  3.2408988480e-03 
1532.000  2.4364924200e-01  3.1906738280e-03 
1533.000  2.4241840770e-01  3.1336190700e-03 
1534.000  2.3856587780e-01  3.0418972970e-03 
1535.000  2.3918016940e-01  3.0083796980e-03 
1536.000  2.4237860650e-01  3.0839538570e-03 
1537.000  2.4294123980e-01  3.1421806810e-03 
1538.000  2.3609687890e-01  3.1059021950e-03 
1539.000  2.4092474450e-01  3.2201437950e-03 
1540.000  2.3209662700e-01  3.1432900430e-03 
1541.000  2.3685876320e-01  3.2095046040e-03 
1542.000  2.3826726950e-01  3.2191069130e-03 
1543.000  2.3738089160e-01  3.2057697770e-03 
1544.000  2.4006566590e-01  3.2456035610e-03 
1545.000  2.4046720460e-01  3.2633135320e-03 
1546.000  2.4026039640e-01  3.2888793950e-03 
1547.000  2.3760843230e-01  3.2797558310e-03 
1548.000  2.3040350660e-01  3.2048220630e-03 
1549.000  2.3630882520e-01  3.3022675510e-03 
1550.000  2.3499680690e-01  3.2967357640e-03 
1551.000  2.3376667600e-01  3.2654664520e-03 
1552.000  2.3774011660e-01  3.2937402730e-03 
1553.000  2.3639881580e-01  3.2535369400e-03 
1554.000  2.2773719190e-01  3.1074550150e-03 
1555.000  2.3138966550e-01  3.1390643120e-03 
1556.000  2.2688466360e-01  3.0998687740e-03 
1557.000  2.3424965590e-01  3.2557990550e-03 
1558.000  2.3245526200e-01  3.2777965070e-03 
1559.000  2.3256640810e-01  3.3240497110e-03 
1560.000  2.2855033130e-01  3.3164160250e-03 
1561.000  2.3398794860e-01  3.4056906700e-03 
1562.000  2.3406305370e-01  3.3745937350e-03 
1563.000  2.3072400580e-01  3.3017618660e-03 
1564.000  2.2638074480e-01  3.2064328190e-03 
1565.000  2.3029413860e-01  3.2217693330e-03 
1566.000  2.2593032890e-01  3.1630244260e-03 
1567.000  2.2658305330e-01  3.1757180690e-03 
1568.000  2.2277412360e-01  3.1133213040e-03 
1569.000  2.2460264600e-01  3.1258025170e-03 
1570.000  2.1956549680e-01  3.0551481250e-03 
1571.000  2.2544872070e-01  3.1644649510e-03 
1572.000  2.2565147040e-01  3.1775717740e-03 
1573.000  2.2187510570e-01  3.1536881920e-03 
1574.000  2.2209665380e-01  3.1947774890e-03 
1575.000  2.0597716680e-01  2.9914281370e-03 
1576.000  2.2128773720e-01  3.2137708660e-03 
1577.000  1.9972696540e-01  2.8613469600e-03 
1578.000  2.1844322960e-01  3.0868239400e-03 
1579.000  2.1937709660e-01  3.0630629060e-03 
1580.000  2.2328273210e-01  3.0895750520e-03 
1581.000  2.2180212030e-01  3.0311336520e-03 
1582.000  2.1670444960e-01  2.9922671320e-03 
1583.000  2.1879330930e-01  3.0506329540e-03 
1584.000  2.1633097410e-01  3.0460102560e-03 
1585.000  2.2235454800e-01  3.1550409790e-03 
1586.000  2.1956163800e-01  3.1243047710e-03 
1587.000  2.1688609780e-01  3.1116247180e-03 
1588.000  2.1341703690e-01  3.0848705770e-03 
1589.000  1.9520404100e-01  2.8297228810e-03 
1590.000  2.1035650350e-01  3.0588219170e-03 
1591.000  2.0564329730e-01  3.0023932460e-03 
1592.000  2.1655022730e-01  3.1681761740e-03 
1593.000  2.2146791840e-01  3.2424037460e-03 
1594.000  2.1991355320e-01  3.2211992740e-03 
1595.000  2.2137857900e-01  3.2435648440e-03 
1596.000  2.0737303560e-01  3.0531065460e-03 
1597.000  2.1583068640e-01  3.1711478230e-03 
1598.000  2.1990391830e-01  3.2160277370e-03 
1599.000  2.1254238370e-01  3.0885314940e-03 
1600.000  2.1608466560e-01  3.1276881690e-03 
1601.000  2.0698830920e-01  3.0117702480e-03 
1602.000  2.1228146580e-01  3.1254119870e-03 
1603.000  2.1067129010e-01  3.1553082470e-03 
1604.000  2.1325836790e-01  3.2545597550e-03 
1605.000  2.1010541740e-01  3.2477343080e-03 
1606.000  2.0924995830e-01  3.2776560780e-03 
1607.000  2.1012953320e-01  3.2539422510e-03 
1608.000  2.1252372680e-01  3.2543392180e-03 
1609.000  2.1170668860e-01  3.2116458420e-03 
1610.000  1.9849637970e-01  2.9865305420e-03 
1611.000  2.0420270070e-01  3.0634136200e-03 
1612.000  2.0594873880e-01  3.0820503230e-03 
1613.000  2.1034434580e-01  3.1385118960e-03 
1614.000  2.0827999710e-01  3.0745024680e-03 
1615.000  2.1154401670e-01  3.1077179910e-03 
1616.000  1.9820312730e-01  2.8951208590e-03 
1617.000  2.0391560860e-01  3.0238657000e-03 
1618.000  2.1026921660e-01  3.1452150340e-03 
1619.000  2.0952533310e-01  3.1809630390e-03 
1620.000  2.0417484580e-01  3.1449730400e-03 
1621.000  2.0111411950e-01  3.1361851690e-03 
1622.000  2.0617627300e-01  3.2207722660e-03 
1623.000  2.1030441450e-01  3.2997367380e-03 
1624.000  2.1175778090e-01  3.3322372440e-03 
1625.000  2.0643989120e-01  3.2737643720e-03 
1626.000  2.0897127350e-01  3.3040428160e-03 
1627.000  2.0870169020e-01  3.3198788170e-03 
1628.000  2.1037878280e-01  3.3577876090e-03 
1629.000  2.1034826480e-01  3.3667457100e-03 
1630.000  2.0463747140e-01  3.2776694300e-03 
1631.000  2.0783804340e-01  3.3413496020e-03 
1632.000  2.0789052980e-01  3.2842745780e-03 
1633.000  2.0521502470e-01  3.1988546850e-03 
1634.000  2.0041287220e-01  3.0780496600e-03 
1635.000  2.0578627840e-01  3.1202139850e-03 
1636.000  2.0524213690e-01  3.0651102070e-03 
1637.000  1.9610442640e-01  2.8864583970e-03 
1638.000  1.9467138310e-01  2.8319334980e-03 
1639.000  1.9273142110e-01  2.7567288880e-03 
1640.000  1.9388751380e-01  2.7348084450e-03 
1641.000  1.9268757080e-01  2.6919648650e-03 
1642.000  1.9244743300e-01  2.7586784360e-03 
1643.000  1.9739368880e-01  2.8965909480e-03 
1644.000  1.9433893520e-01  2.9158627990e-03 
1645.000  1.9477210630e-01  2.9828593730e-03 
1646.000  1.9711308320e-01  3.0764279370e-03 
1647.000  1.9896391170e-01  3.1007750030e-03 
1648.000  1.9819528450e-01  3.0772271160e-03 
1649.000  1.9366754170e-01  3.0012195110e-03 
1650.000  1.9857507030e-01  3.0737829210e-03 
1651.000  1.9410094350e-01  3.0012898450e-03 
1652.000  1.9797475200e-01  3.0564215180e-03 
1653.000  1.9575185790e-01  3.0289909840e-03 
1654.000  1.9794823980e-01  3.0644707680e-03 
1655.000  1.9398058990e-01  3.0126030450e-03 
1656.000  1.9770636130e-01  3.0765607360e-03 
1657.000  1.9627338880e-01  3.0538084510e-03 
1658.000  1.9733394470e-01  3.0777850150e-03 
1659.000  1.9369894770e-01  3.0213665960e-03 
1660.000  1.9606277690e-01  3.0507380960e-03 
1661.000  1.9683253280e-01  3.0423960690e-03 
1662.000  1.9550986890e-01  2.9565255640e-03 
1663.000  1.9427926710e-01  2.8800551890e-03 
1664.000  1.9345696550e-01  2.8092916010e-03 
1665.000  1.9148133260e-01  2.7217504980e-03 
1666.000  1.9054936690e-01  2.6982390880e-03 
1667.000  1.9207186420e-01  2.7783970830e-03 
1668.000  1.8881759350e-01  2.7720427510e-03 
1669.000  1.8911999110e-01  2.8247430320e-03 
1670.000  1.9319232640e-01  2.9343638420e-03 
1671.000  1.9171711840e-01  2.9643590450e-03 
1672.000  1.8263629080e-01  2.8840951920e-03 
1673.000  1.8801675730e-01  3.0202097890e-03 
1674.000  1.8889046480e-01  3.0891728400e-03 
1675.000  1.8714038260e-01  3.1217288970e-03 
1676.000  1.8415929850e-01  3.0917260650e-03 
1677.000  1.8504437510e-01  3.1030502320e-03 
1678.000  1.8591304870e-01  3.1206884380e-03 
1679.000  1.8344047610e-01  3.0713586810e-03 
1680.000  1.7703165660e-01  2.9655661580e-03 
1681.000  1.7082644800e-01  2.8617398740e-03 
1682.000  1.7575962910e-01  2.9411950110e-03 
1683.000  1.8015268840e-01  3.0076332090e-03 
1684.000  1.8351366980e-01  3.0574448110e-03 
1685.000  1.8423264680e-01  3.0519914630e-03 
1686.000  1.8200988630e-01  3.0004317760e-03 
1687.000  1.8302602480e-01  2.9758672710e-03 
1688.000  1.8336784360e-01  2.9452478890e-03 
1689.000  1.8115789000e-01  2.8905386920e-03 
1690.000  1.8132121830e-01  2.8545529840e-03 
1691.000  1.8369389610e-01  2.9015774730e-03 
1692.000  1.8402828940e-01  2.9251320360e-03 
1693.000  1.8332882170e-01  2.9356496330e-03 
1694.000  1.8305138080e-01  2.9496741290e-03 
1695.000  1.8326051790e-01  2.9595208170e-03 
1696.000  1.8218883710e-01  2.9035716060e-03 
1697.000  1.8114818940e-01  2.8365614410e-03 
1698.000  1.8224139570e-01  2.8067877290e-03 
1699.000  1.8106373170e-01  2.7455267910e-03 
1700.000  1.7874268570e-01  2.6699025630e-03 
