 lambda   Irr_dw            Rad_up 
 550.000  1.5550616800e+00  5.7362998960e-02 
 551.000  1.5447806000e+00  5.6824882510e-02 
 552.000  1.6107179700e+00  5.9205966950e-02 
 553.000  1.5470798400e+00  5.6684421540e-02 
 554.000  1.5970812000e+00  5.8449317930e-02 
 555.000  1.6010637500e+00  5.8375942230e-02 
 556.000  1.5564729400e+00  5.6542293550e-02 
 557.000  1.5099176600e+00  5.4795482640e-02 
 558.000  1.5669052700e+00  5.6655673980e-02 
 559.000  1.4807466700e+00  5.3407039640e-02 
 560.000  1.4870069100e+00  5.3571208950e-02 
 561.000  1.6340752600e+00  5.8638694760e-02 
 562.000  1.5001301400e+00  5.3737602230e-02 
 563.000  1.5693938000e+00  5.6007247920e-02 
 564.000  1.5473796300e+00  5.4948841090e-02 
 565.000  1.5661341000e+00  5.5528324130e-02 
 566.000  1.4440374400e+00  5.1004417420e-02 
 567.000  1.5503013300e+00  5.4429454800e-02 
 568.000  1.5508773800e+00  5.3820083620e-02 
 569.000  1.5294762600e+00  5.1879497530e-02 
 570.000  1.5360081900e+00  5.2091529850e-02 
 571.000  1.4750379000e+00  5.0606166840e-02 
 572.000  1.5658834200e+00  5.2969112400e-02 
 573.000  1.5807388000e+00  5.3567535400e-02 
 574.000  1.5716730400e+00  5.3171154020e-02 
 575.000  1.5338446100e+00  5.1706855770e-02 
 576.000  1.5062278900e+00  5.0654029850e-02 
 577.000  1.5668877400e+00  5.2713150020e-02 
 578.000  1.5184288200e+00  5.1355922700e-02 
 579.000  1.5046066500e+00  5.0903888700e-02 
 580.000  1.5544585300e+00  5.2801067350e-02 
 581.000  1.5233273100e+00  5.1883117680e-02 
 582.000  1.5442879600e+00  5.2482833860e-02 
 583.000  1.5541891700e+00  5.2862548830e-02 
 584.000  1.5485279200e+00  5.2480876920e-02 
 585.000  1.5379141200e+00  5.1966384890e-02 
 586.000  1.4715064100e+00  4.9668895720e-02 
 587.000  1.5321219300e+00  5.1151222230e-02 
 588.000  1.5302491700e+00  4.9704513550e-02 
 589.000  1.3757511900e+00  4.3048778530e-02 
 590.000  1.4376723800e+00  4.4869697570e-02 
 591.000  1.5130004600e+00  4.8205066680e-02 
 592.000  1.4916127000e+00  4.6757701870e-02 
 593.000  1.4908708500e+00  4.7874740600e-02 
 594.000  1.5081618900e+00  4.8086055760e-02 
 595.000  1.4908107900e+00  4.6546001430e-02 
 596.000  1.5110470100e+00  4.8405632020e-02 
 597.000  1.5191031500e+00  4.8178802490e-02 
 598.000  1.4811710300e+00  4.7477275850e-02 
 599.000  1.4786901300e+00  4.7555198670e-02 
 600.000  1.4727966400e+00  4.7836425780e-02 
 601.000  1.4603724400e+00  4.7785884860e-02 
 602.000  1.4429012800e+00  4.7218788150e-02 
 603.000  1.4501396600e+00  4.7571746830e-02 
 604.000  1.4948101200e+00  4.9184368130e-02 
 605.000  1.4903788200e+00  4.8891746520e-02 
 606.000  1.4728846000e+00  4.8357044220e-02 
 607.000  1.4644192400e+00  4.7974109650e-02 
 608.000  1.4589179900e+00  4.7659477230e-02 
 609.000  1.4438569600e+00  4.7130809780e-02 
 610.000  1.4206347100e+00  4.6246704100e-02 
 611.000  1.4436155500e+00  4.6939708710e-02 
 612.000  1.4247731200e+00  4.6282810210e-02 
 613.000  1.4039235100e+00  4.5493183140e-02 
 614.000  1.3527457700e+00  4.3813495640e-02 
 615.000  1.4180770900e+00  4.5774112700e-02 
 616.000  1.3483347100e+00  4.3511440280e-02 
 617.000  1.3560181600e+00  4.3706821440e-02 
 618.000  1.4201032400e+00  4.5590396880e-02 
 619.000  1.4072760200e+00  4.5192676540e-02 
 620.000  1.4282857400e+00  4.5681507110e-02 
 621.000  1.4531528500e+00  4.6425617220e-02 
 622.000  1.3768288100e+00  4.3877410890e-02 
 623.000  1.3880501400e+00  4.4016166690e-02 
 624.000  1.3899903000e+00  4.4110885620e-02 
 625.000  1.3527738600e+00  4.2884384160e-02 
 626.000  1.3606982400e+00  4.2885013580e-02 
 627.000  1.3891581800e+00  4.3220905300e-02 
 628.000  1.3957122100e+00  4.1874530790e-02 
 629.000  1.4166062100e+00  4.3102455140e-02 
 630.000  1.3657656800e+00  4.1939693450e-02 
 631.000  1.4115543900e+00  4.3461498260e-02 
 632.000  1.3169996300e+00  4.0301326750e-02 
 633.000  1.4071293800e+00  4.3450435640e-02 
 634.000  1.3625493000e+00  4.2235130310e-02 
 635.000  1.3870426800e+00  4.3009796140e-02 
 636.000  1.3368208300e+00  4.1526912690e-02 
 637.000  1.3801166100e+00  4.2925216670e-02 
 638.000  1.3988487400e+00  4.3662513730e-02 
 639.000  1.3870075100e+00  4.3130725860e-02 
 640.000  1.3420634100e+00  4.1978996280e-02 
 641.000  1.3612982900e+00  4.2520099640e-02 
 642.000  1.3439518500e+00  4.1997383120e-02 
 643.000  1.3691306800e+00  4.2582843780e-02 
 644.000  1.3533493400e+00  4.1952861790e-02 
 645.000  1.3675726400e+00  4.2213291170e-02 
 646.000  1.3253662200e+00  3.9897148130e-02 
 647.000  1.3506239600e+00  3.9973533630e-02 
 648.000  1.3561922900e+00  3.9618618010e-02 
 649.000  1.3761927900e+00  4.0519657140e-02 
 650.000  1.2629262300e+00  3.8129890440e-02 
 651.000  1.3605215900e+00  4.1039608000e-02 
 652.000  1.3459610700e+00  3.9675247190e-02 
 653.000  1.3596226400e+00  4.1071197510e-02 
 654.000  1.3433927400e+00  4.0295288090e-02 
 655.000  1.3127821200e+00  3.8956867220e-02 
 656.000  1.1132209200e+00  3.3087585450e-02 
 657.000  1.1859023200e+00  3.5409179690e-02 
 658.000  1.3165592500e+00  3.9727859500e-02 
 659.000  1.3172171400e+00  3.9886802670e-02 
 660.000  1.3265038100e+00  4.0253234860e-02 
 661.000  1.3291084400e+00  4.0639129640e-02 
 662.000  1.3467841100e+00  4.1279632570e-02 
 663.000  1.3322188200e+00  4.0705585480e-02 
 664.000  1.3105449600e+00  4.0043556210e-02 
 665.000  1.3158841900e+00  4.0182525630e-02 
 666.000  1.3311643800e+00  4.0768348690e-02 
 667.000  1.3043435400e+00  3.9845451350e-02 
 668.000  1.3112066800e+00  4.0167434690e-02 
 669.000  1.3298152000e+00  4.0772907260e-02 
 670.000  1.3137929600e+00  4.0123310090e-02 
 671.000  1.2997078000e+00  3.9702941890e-02 
 672.000  1.2954064100e+00  3.9526885990e-02 
 673.000  1.3046160400e+00  3.9744602200e-02 
 674.000  1.3070874300e+00  3.9805217740e-02 
 675.000  1.2870577400e+00  3.9112850190e-02 
 676.000  1.3113011200e+00  3.9837921140e-02 
 677.000  1.2851490000e+00  3.9037845610e-02 
 678.000  1.3063412100e+00  3.9615200040e-02 
 679.000  1.2879435400e+00  3.8954578400e-02 
 680.000  1.2784896800e+00  3.8621818540e-02 
 681.000  1.2804694400e+00  3.8579730990e-02 
 682.000  1.2780251500e+00  3.8374004360e-02 
 683.000  1.2867210300e+00  3.8507442470e-02 
 684.000  1.2645086600e+00  3.7795989990e-02 
 685.000  1.2781794300e+00  3.8146247860e-02 
 686.000  1.2249849700e+00  3.6137065890e-02 
 687.000  1.2259858800e+00  3.2072280880e-02 
 688.000  1.2268901100e+00  3.3109676360e-02 
 689.000  1.2304350000e+00  3.2968822480e-02 
 690.000  1.2363800800e+00  3.3671188350e-02 
 691.000  1.2413442100e+00  3.4526134490e-02 
 692.000  1.2338702700e+00  3.4670059200e-02 
 693.000  1.2420262600e+00  3.3969787600e-02 
 694.000  1.2556687400e+00  3.3627529140e-02 
 695.000  1.2326746900e+00  3.3402774810e-02 
 696.000  1.2464810400e+00  3.4024997710e-02 
 697.000  1.2454111400e+00  3.5647956850e-02 
 698.000  1.2231257400e+00  3.4554245000e-02 
 699.000  1.2489775600e+00  3.3900959010e-02 
 700.000  1.2340423500e+00  3.3654163360e-02 
 701.000  1.2071215000e+00  3.2568058010e-02 
 702.000  1.2009151300e+00  3.2592082980e-02 
 703.000  1.2155138800e+00  3.4022678380e-02 
 704.000  1.2190552600e+00  3.4181316380e-02 
 705.000  1.2295133100e+00  3.3969669340e-02 
 706.000  1.2163810400e+00  3.3685703280e-02 
 707.000  1.1977978200e+00  3.3330764770e-02 
 708.000  1.2320940800e+00  3.4471305850e-02 
 709.000  1.1877517200e+00  3.3569324490e-02 
 710.000  1.2159845100e+00  3.3868640900e-02 
 711.000  1.2029969000e+00  3.3884574890e-02 
 712.000  1.1855822100e+00  3.3779365540e-02 
 713.000  1.1811790000e+00  3.3303421020e-02 
 714.000  1.2014897100e+00  3.3676044460e-02 
 715.000  1.1603671500e+00  3.1997621540e-02 
 716.000  1.1915735500e+00  3.2320110320e-02 
 717.000  1.1618242100e+00  2.9023193360e-02 
 718.000  1.1556715200e+00  2.7410461430e-02 
 719.000  1.1423675400e+00  2.6489767070e-02 
 720.000  1.1506995800e+00  2.6013883590e-02 
 721.000  1.1490388500e+00  2.9216987610e-02 
 722.000  1.1651414700e+00  3.0737405780e-02 
 723.000  1.1627632600e+00  2.9916780470e-02 
 724.000  1.1698129200e+00  2.8146797180e-02 
 725.000  1.1570460400e+00  2.8097759250e-02 
 726.000  1.1549232700e+00  2.7951890950e-02 
 727.000  1.1720091800e+00  2.8558763500e-02 
 728.000  1.1518773400e+00  2.7818511960e-02 
 729.000  1.1060928900e+00  2.7347736360e-02 
 730.000  1.1469696700e+00  2.8226638790e-02 
 731.000  1.1280568900e+00  2.7688989640e-02 
 732.000  1.1491600300e+00  2.9344484330e-02 
 733.000  1.1313192400e+00  3.0162946700e-02 
 734.000  1.1545261500e+00  3.1374160770e-02 
 735.000  1.1453224800e+00  3.0835819240e-02 
 736.000  1.1242945000e+00  2.9871757510e-02 
 737.000  1.1388818400e+00  3.0503293990e-02 
 738.000  1.1354284900e+00  3.0835973740e-02 
 739.000  1.0985585300e+00  3.0053621290e-02 
 740.000  1.1085384800e+00  3.0755596160e-02 
 741.000  1.0994720000e+00  3.0852590560e-02 
 742.000  1.0812970200e+00  3.0471094130e-02 
 743.000  1.1127530700e+00  3.1656560900e-02 
 744.000  1.1231748400e+00  3.2102813720e-02 
 745.000  1.0938479400e+00  3.1396177290e-02 
 746.000  1.1089820500e+00  3.1863546370e-02 
 747.000  1.1255938700e+00  3.2306530000e-02 
 748.000  1.1053631300e+00  3.1721771240e-02 
 749.000  1.1055601700e+00  3.1742773060e-02 
 750.000  1.0894142300e+00  3.1182147980e-02 
 751.000  1.0866074400e+00  3.1085626600e-02 
 752.000  1.1030683000e+00  3.1604684830e-02 
 753.000  1.0926272900e+00  3.1306348800e-02 
 754.000  1.1097341000e+00  3.1789567950e-02 
 755.000  1.1033648300e+00  3.1591564180e-02 
 756.000  1.0817628800e+00  3.0959449770e-02 
 757.000  1.0897587700e+00  3.1170032500e-02 
 758.000  1.0886265700e+00  3.1051856990e-02 
 759.000  1.0474152300e+00  2.7806259160e-02 
 760.000  8.2402930300e-01  1.3159211160e-02 
 761.000  7.9410849100e-01  1.1923437120e-02 
 762.000  9.2629496000e-01  1.9232946400e-02 
 763.000  9.1142641900e-01  1.7184354780e-02 
 764.000  9.3481089800e-01  1.8461257930e-02 
 765.000  9.8111767200e-01  2.1634614940e-02 
 766.000  9.7281886100e-01  2.4079122540e-02 
 767.000  1.0026993500e+00  2.6082521440e-02 
 768.000  1.0516267900e+00  2.8367084500e-02 
 769.000  1.0530842500e+00  2.9185918810e-02 
 770.000  1.0504078200e+00  2.9517683030e-02 
 771.000  1.0518631900e+00  2.9785612110e-02 
 772.000  1.0479721500e+00  2.9717033390e-02 
 773.000  1.0436565400e+00  2.9602594380e-02 
 774.000  1.0546703000e+00  2.9925254820e-02 
 775.000  1.0149459500e+00  2.8797706600e-02 
 776.000  1.0566720500e+00  3.0019296650e-02 
 777.000  1.0493532800e+00  2.9779088970e-02 
 778.000  1.0438056800e+00  2.9566776280e-02 
 779.000  1.0472812700e+00  2.9596757890e-02 
 780.000  1.0344032500e+00  2.9243352890e-02 
 781.000  1.0325425600e+00  2.9178791050e-02 
 782.000  1.0450803100e+00  2.9442811970e-02 
 783.000  1.0207363100e+00  2.8837398530e-02 
 784.000  1.0266482200e+00  2.8943653110e-02 
 785.000  1.0300225600e+00  2.8819475170e-02 
 786.000  1.0131568800e+00  2.8191162110e-02 
 787.000  1.0300482200e+00  2.8167638780e-02 
 788.000  1.0155734000e+00  2.7594566350e-02 
 789.000  1.0247127920e+00  2.7183036800e-02 
 790.000  1.0146647200e+00  2.6812829970e-02 
 791.000  1.0089300980e+00  2.6782371520e-02 
 792.000  9.9247391700e-01  2.6382843020e-02 
 793.000  9.9043523900e-01  2.6552448270e-02 
 794.000  9.7764940800e-01  2.6788837430e-02 
 795.000  9.7394304800e-01  2.6211021420e-02 
 796.000  9.9466193900e-01  2.6031555180e-02 
 797.000  9.9980206800e-01  2.6406845090e-02 
 798.000  9.9777043800e-01  2.6853446960e-02 
 799.000  9.9757825700e-01  2.6661300660e-02 
 800.000  9.7343142300e-01  2.5611921310e-02 
 801.000  9.9145121200e-01  2.6120115280e-02 
 802.000  9.8968322700e-01  2.5983924870e-02 
 803.000  9.7537377600e-01  2.5672992710e-02 
 804.000  9.8336184400e-01  2.6105968480e-02 
 805.000  9.5490572700e-01  2.5713109970e-02 
 806.000  9.7983492600e-01  2.6547693250e-02 
 807.000  9.7377238500e-01  2.6420967100e-02 
 808.000  9.6862699000e-01  2.6102039340e-02 
 809.000  9.5282451200e-01  2.5496610640e-02 
 810.000  9.4918988500e-01  2.5195615770e-02 
 811.000  9.6561086600e-01  2.5298582080e-02 
 812.000  9.6385300100e-01  2.4891616820e-02 
 813.000  9.6132372400e-01  2.4301856990e-02 
 814.000  9.6196016100e-01  2.3832794190e-02 
 815.000  9.5374294300e-01  2.3035165790e-02 
 816.000  9.4766177000e-01  2.2177097320e-02 
 817.000  9.5324942100e-01  2.2321647640e-02 
 818.000  9.4724892200e-01  2.2150087360e-02 
 819.000  9.2109692300e-01  2.1822637560e-02 
 820.000  9.0145787300e-01  2.2111917500e-02 
 821.000  9.2926068500e-01  2.3709976200e-02 
 822.000  9.0464171700e-01  2.2266151430e-02 
 823.000  9.2086970600e-01  2.0911960600e-02 
 824.000  9.3145212800e-01  2.2646987920e-02 
 825.000  9.2753482200e-01  2.3818481450e-02 
 826.000  9.3383719900e-01  2.3700048450e-02 
 827.000  9.3118562000e-01  2.3441379550e-02 
 828.000  9.3106207400e-01  2.2666341780e-02 
 829.000  9.2999007800e-01  2.2857673650e-02 
 830.000  9.1451705400e-01  2.2769292830e-02 
 831.000  8.9829073600e-01  2.2419317250e-02 
 832.000  9.1658715900e-01  2.2873329160e-02 
 833.000  8.8763182500e-01  2.2414922710e-02 
 834.000  9.0011372200e-01  2.2950456620e-02 
 835.000  9.0005828000e-01  2.3259082790e-02 
 836.000  9.1118954600e-01  2.3540784840e-02 
 837.000  9.0375029600e-01  2.3290185930e-02 
 838.000  9.0597771500e-01  2.3591989520e-02 
 839.000  8.7704613100e-01  2.2938779830e-02 
 840.000  9.0027084800e-01  2.3532835010e-02 
 841.000  9.0358566300e-01  2.3444435120e-02 
 842.000  8.9710304900e-01  2.3375486370e-02 
 843.000  8.8887116400e-01  2.3594987870e-02 
 844.000  8.7317834000e-01  2.3346597670e-02 
 845.000  8.8595369800e-01  2.3760387420e-02 
 846.000  8.9330888900e-01  2.4098712920e-02 
 847.000  8.6191927800e-01  2.3403369900e-02 
 848.000  8.8841914300e-01  2.3917873380e-02 
 849.000  8.8993595400e-01  2.4060438160e-02 
 850.000  7.6993485800e-01  2.0665313720e-02 
 851.000  8.8277939900e-01  2.3549619670e-02 
 852.000  8.4926174700e-01  2.2722217560e-02 
 853.000  8.5795996800e-01  2.3008413310e-02 
 854.000  6.8983340800e-01  1.8527736660e-02 
 855.000  7.5884519500e-01  2.0489358900e-02 
 856.000  8.5974845900e-01  2.3265438080e-02 
 857.000  8.7285753100e-01  2.3774242400e-02 
 858.000  8.5857003700e-01  2.3384338380e-02 
 859.000  8.5769874600e-01  2.3421293260e-02 
 860.000  8.4965330000e-01  2.3290060040e-02 
 861.000  8.4950082700e-01  2.3265871050e-02 
 862.000  8.4649257300e-01  2.3125108720e-02 
 863.000  8.6266811900e-01  2.3663652420e-02 
 864.000  8.6079319300e-01  2.3470630650e-02 
 865.000  8.4464413700e-01  2.3158971790e-02 
 866.000  7.0847074200e-01  1.9467456820e-02 
 867.000  7.5449359400e-01  2.0528379440e-02 
 868.000  8.1828727000e-01  2.2349349980e-02 
 869.000  8.0678482100e-01  2.2023395540e-02 
 870.000  8.4012090800e-01  2.3044618610e-02 
 871.000  8.3891860900e-01  2.2941799160e-02 
 872.000  8.3545444100e-01  2.2625288010e-02 
 873.000  8.3894041200e-01  2.2838048930e-02 
 874.000  8.2063199700e-01  2.2257095340e-02 
 875.000  8.1312141700e-01  2.2191835400e-02 
 876.000  8.2008711200e-01  2.2295593260e-02 
 877.000  8.3655138900e-01  2.2592468260e-02 
 878.000  8.2278490400e-01  2.2282037730e-02 
 879.000  8.2474139000e-01  2.2386880870e-02 
 880.000  8.2048929300e-01  2.2079755780e-02 
 881.000  7.7812022900e-01  2.0975698470e-02 
 882.000  8.2138053300e-01  2.1944530490e-02 
 883.000  8.0239934900e-01  2.1616573330e-02 
 884.000  8.0912878000e-01  2.2002870560e-02 
 885.000  8.1847679000e-01  2.1788013460e-02 
 886.000  7.9298011100e-01  2.1124935150e-02 
 887.000  7.8390480400e-01  2.0873493190e-02 
 888.000  8.0747166300e-01  2.1316574100e-02 
 889.000  8.1257921500e-01  2.1728191380e-02 
 890.000  8.1075077500e-01  2.1578899380e-02 
 891.000  8.0771288000e-01  2.1260952000e-02 
 892.000  8.0706005200e-01  2.0993122100e-02 
 893.000  7.8147454600e-01  1.9454519270e-02 
 894.000  8.0989697900e-01  1.9884223940e-02 
 895.000  7.7490589700e-01  1.8338180540e-02 
 896.000  8.0567147000e-01  1.8189672470e-02 
 897.000  7.8711390200e-01  1.7242063520e-02 
 898.000  7.8846940500e-01  1.6877140050e-02 
 899.000  7.8776046400e-01  1.5945841790e-02 
 900.000  7.6808739100e-01  1.5557921410e-02 
 901.000  7.5163282200e-01  1.5038871770e-02 
 902.000  7.3779865900e-01  1.4800275800e-02 
 903.000  7.7389118900e-01  1.6866277690e-02 
 904.000  7.8826663700e-01  1.8010255810e-02 
 905.000  7.8617419700e-01  1.8196399690e-02 
 906.000  7.6535512100e-01  1.7174961090e-02 
 907.000  7.7832148100e-01  1.6439523700e-02 
 908.000  7.5928433900e-01  1.5354838370e-02 
 909.000  7.4438875500e-01  1.5056604390e-02 
 910.000  7.5319391400e-01  1.5313600540e-02 
 911.000  7.5119535200e-01  1.5833233830e-02 
 912.000  7.5282341400e-01  1.5441091540e-02 
 913.000  7.7044315900e-01  1.5019236560e-02 
 914.000  7.6548464500e-01  1.5273175240e-02 
 915.000  7.5284927700e-01  1.5530365940e-02 
 916.000  7.6120639700e-01  1.5722909930e-02 
 917.000  7.4929296600e-01  1.5631974220e-02 
 918.000  7.4548812300e-01  1.5785737040e-02 
 919.000  7.5532016900e-01  1.7161537170e-02 
 920.000  7.4811318600e-01  1.7357652660e-02 
 921.000  7.3173960300e-01  1.6822183610e-02 
 922.000  7.2519855800e-01  1.6757633210e-02 
 923.000  6.9478528700e-01  1.5544929500e-02 
 924.000  7.2418346000e-01  1.6094423290e-02 
 925.000  7.3379661700e-01  1.6200828550e-02 
 926.000  7.0759926500e-01  1.5461071970e-02 
 927.000  7.3395960800e-01  1.5809213640e-02 
 928.000  7.3847805900e-01  1.5037912370e-02 
 929.000  7.2816182500e-01  1.3739594460e-02 
 930.000  7.2633232600e-01  1.2544503210e-02 
 931.000  7.2603376500e-01  1.1645507810e-02 
 932.000  7.1892019900e-01  1.0566014290e-02 
 933.000  7.2088052700e-01  1.0023344040e-02 
 934.000  7.1456797400e-01  9.4466209410e-03 
 935.000  7.0397909300e-01  9.2566509250e-03 
 936.000  6.9891188400e-01  9.3560504910e-03 
 937.000  7.1451148400e-01  9.5219621660e-03 
 938.000  7.0701602300e-01  9.9851522450e-03 
 939.000  7.1328545000e-01  1.1971951480e-02 
 940.000  7.0964499400e-01  1.2301395420e-02 
 941.000  6.9351177600e-01  1.1708852770e-02 
 942.000  6.6697205900e-01  1.0606945990e-02 
 943.000  7.0275217700e-01  1.0228883740e-02 
 944.000  6.8343484600e-01  9.8794116970e-03 
 945.000  6.8998338400e-01  1.0270202640e-02 
 946.000  6.9934054300e-01  1.0431571010e-02 
 947.000  6.9511167300e-01  1.0674849510e-02 
 948.000  6.9931465400e-01  1.0926728250e-02 
 949.000  7.0152971400e-01  1.0945518490e-02 
 950.000  6.9690527200e-01  1.0922862050e-02 
 951.000  6.9276931400e-01  1.1305541990e-02 
 952.000  6.9269455200e-01  1.0844659810e-02 
 953.000  6.9078321600e-01  1.1152970310e-02 
 954.000  6.8411076100e-01  1.1444333080e-02 
 955.000  6.3899669100e-01  1.0410738950e-02 
 956.000  6.8165956600e-01  1.1064977650e-02 
 957.000  6.8130777600e-01  1.2157366750e-02 
 958.000  6.8656002100e-01  1.2439514160e-02 
 959.000  6.8921313100e-01  1.2286105160e-02 
 960.000  6.8270105200e-01  1.2119995120e-02 
 961.000  6.7537783700e-01  1.1892313000e-02 
 962.000  6.7873955600e-01  1.2047235490e-02 
 963.000  6.7733796600e-01  1.2768496510e-02 
 964.000  6.6958747400e-01  1.2741557120e-02 
 965.000  6.7777223300e-01  1.2821667670e-02 
 966.000  6.5820755300e-01  1.2499687190e-02 
 967.000  6.7778173800e-01  1.3498921390e-02 
 968.000  6.7031335700e-01  1.4380341530e-02 
 969.000  6.7440635300e-01  1.4920545580e-02 
 970.000  6.7624121600e-01  1.4984135630e-02 
 971.000  6.7025102600e-01  1.4832384110e-02 
 972.000  6.7500072300e-01  1.4792773250e-02 
 973.000  6.6876166400e-01  1.4354395870e-02 
 974.000  6.5850980700e-01  1.3776704790e-02 
 975.000  6.6180282400e-01  1.3603739740e-02 
 976.000  6.6981243900e-01  1.4045236590e-02 
 977.000  6.5283288800e-01  1.4124368670e-02 
 978.000  6.6898067100e-01  1.4435950280e-02 
 979.000  6.4953979000e-01  1.4131285670e-02 
 980.000  6.5870531400e-01  1.4806600570e-02 
 981.000  6.6318898700e-01  1.5024000170e-02 
 982.000  6.6175610300e-01  1.4876412390e-02 
 983.000  6.5996562100e-01  1.5110523220e-02 
 984.000  6.5554491800e-01  1.5319086070e-02 
 985.000  6.5523326300e-01  1.5502990720e-02 
 986.000  6.4988596600e-01  1.5646529200e-02 
 987.000  6.5727594000e-01  1.5948971750e-02 
 988.000  6.4917190800e-01  1.5776039120e-02 
 989.000  6.4093029300e-01  1.5586799620e-02 
 990.000  6.4639394100e-01  1.5743703840e-02 
 991.000  6.5163624200e-01  1.5969718930e-02 
 992.000  6.4560475800e-01  1.5834185600e-02 
 993.000  6.4555802600e-01  1.5822985650e-02 
 994.000  6.4879558700e-01  1.5982213020e-02 
 995.000  6.4397910800e-01  1.5930188180e-02 
 996.000  6.4385987900e-01  1.5902313230e-02 
 997.000  6.4458290400e-01  1.5839211460e-02 
 998.000  6.4222071100e-01  1.5708216670e-02 
 999.000  6.4065111700e-01  1.5624906540e-02 
1000.000  6.3553722100e-01  1.5493977550e-02 
1001.000  6.3923783600e-01  1.5456836700e-02 
1002.000  6.3854524100e-01  1.5254960060e-02 
1003.000  6.3101714000e-01  1.5106968880e-02 
1004.000  6.2558652800e-01  1.5067600250e-02 
1005.000  5.8445854800e-01  1.4112364770e-02 
1006.000  6.1493450600e-01  1.4855766300e-02 
1007.000  6.2618553300e-01  1.5084597590e-02 
1008.000  6.2907644000e-01  1.5005131720e-02 
1009.000  6.2557247300e-01  1.4739553450e-02 
1010.000  6.2776520800e-01  1.4859410290e-02 
1011.000  6.2404997500e-01  1.4955929760e-02 
1012.000  6.2408994900e-01  1.5027488710e-02 
1013.000  6.1947471300e-01  1.4972157480e-02 
1014.000  6.2337502300e-01  1.5125192640e-02 
1015.000  6.1185812800e-01  1.4886392590e-02 
1016.000  6.1572398500e-01  1.5045420650e-02 
1017.000  6.0959156800e-01  1.4935984610e-02 
1018.000  6.1765521800e-01  1.5143921850e-02 
1019.000  6.0378371600e-01  1.4764158250e-02 
1020.000  6.0243379800e-01  1.4715171810e-02 
1021.000  6.0825713300e-01  1.4830003740e-02 
1022.000  5.9942307200e-01  1.4447890280e-02 
1023.000  6.1118927200e-01  1.4580741880e-02 
1024.000  6.0824566700e-01  1.4391308780e-02 
1025.000  6.0752700100e-01  1.4419628140e-02 
1026.000  6.0799134700e-01  1.4466219900e-02 
1027.000  6.0442759300e-01  1.4403381350e-02 
1028.000  6.0575843100e-01  1.4502561570e-02 
1029.000  5.9630482400e-01  1.4373029710e-02 
1030.000  6.0205582500e-01  1.4620423320e-02 
1031.000  6.0002924300e-01  1.4651823040e-02 
1032.000  5.9780953400e-01  1.4650620460e-02 
1033.000  5.8677791100e-01  1.4356459620e-02 
1034.000  5.9291633400e-01  1.4478553770e-02 
1035.000  5.8653346900e-01  1.4316486360e-02 
1036.000  5.9422998700e-01  1.4467861180e-02 
1037.000  5.8170718500e-01  1.4136070250e-02 
1038.000  5.8742430600e-01  1.4247625350e-02 
1039.000  5.8993538400e-01  1.4271396640e-02 
1040.000  5.8304354400e-01  1.4070478440e-02 
1041.000  5.8617579300e-01  1.4113397600e-02 
1042.000  5.8794448400e-01  1.4126919750e-02 
1043.000  5.7780936900e-01  1.3856730460e-02 
1044.000  5.8362797300e-01  1.3965021130e-02 
1045.000  5.8129409500e-01  1.3943594930e-02 
1046.000  5.6449858200e-01  1.3586225510e-02 
1047.000  5.7501224700e-01  1.3884052280e-02 
1048.000  5.8090249400e-01  1.4073334690e-02 
1049.000  5.7733773700e-01  1.4035903930e-02 
1050.000  5.7407414100e-01  1.4013697620e-02 
1051.000  5.7440252400e-01  1.3970377920e-02 
1052.000  5.7190048700e-01  1.3866158490e-02 
1053.000  5.7218182200e-01  1.3838385580e-02 
1054.000  5.6658518900e-01  1.3654422760e-02 
1055.000  5.7103206500e-01  1.3709296230e-02 
1056.000  5.6975052100e-01  1.3632511140e-02 
1057.000  5.6932892600e-01  1.3574635510e-02 
1058.000  5.6437129100e-01  1.3387002940e-02 
1059.000  5.4656749600e-01  1.2987737660e-02 
1060.000  5.6576474800e-01  1.3507250790e-02 
1061.000  5.4606041600e-01  1.3042608260e-02 
1062.000  5.6182693000e-01  1.3383027080e-02 
1063.000  5.5256120700e-01  1.3131510730e-02 
1064.000  5.5998758000e-01  1.3214565280e-02 
1065.000  5.5989884500e-01  1.3107224460e-02 
1066.000  5.4269477500e-01  1.2659514430e-02 
1067.000  5.5587713800e-01  1.2902491570e-02 
1068.000  5.5453520400e-01  1.2728795050e-02 
1069.000  5.1317454600e-01  1.1717829700e-02 
1070.000  5.4348842400e-01  1.2454253200e-02 
1071.000  5.4489946700e-01  1.2469108580e-02 
1072.000  5.4726198400e-01  1.2507269860e-02 
1073.000  5.2935368300e-01  1.2123746870e-02 
1074.000  5.4782889200e-01  1.2592374800e-02 
1075.000  5.3008178100e-01  1.2290456770e-02 
1076.000  5.4222225600e-01  1.2536632540e-02 
1077.000  5.4163588400e-01  1.2472847940e-02 
1078.000  5.4376081400e-01  1.2463510510e-02 
1079.000  5.2292872300e-01  1.1990328790e-02 
1080.000  5.4033281400e-01  1.2222522740e-02 
1081.000  5.2055024100e-01  1.1760401730e-02 
1082.000  5.2638712500e-01  1.1919661520e-02 
1083.000  5.1310930700e-01  1.1484028820e-02 
1084.000  5.3373067800e-01  1.1804792400e-02 
1085.000  5.2912428200e-01  1.1455029490e-02 
1086.000  5.3547239200e-01  1.1591818810e-02 
1087.000  5.0019004800e-01  1.1013875960e-02 
1088.000  5.3040302100e-01  1.1742746350e-02 
1089.000  5.1318539300e-01  1.1142007830e-02 
1090.000  5.2491690100e-01  1.1396250720e-02 
1091.000  5.2771958200e-01  1.1557649610e-02 
1092.000  5.1696116300e-01  1.1246463780e-02 
1093.000  5.1383311000e-01  1.0952483180e-02 
1094.000  4.6882010200e-01  9.8587694170e-03 
1095.000  5.0722770200e-01  1.0641998290e-02 
1096.000  5.0796272100e-01  1.0634411810e-02 
1097.000  4.9875771900e-01  1.0344624520e-02 
1098.000  4.9780671700e-01  9.7187347410e-03 
1099.000  5.0229670600e-01  9.2578277590e-03 
1100.000  5.1071076300e-01  9.4470014570e-03 
1101.000  5.0912883200e-01  9.4866924290e-03 
1102.000  4.8821346800e-01  9.0578756330e-03 
1103.000  5.0725020800e-01  9.4521636960e-03 
1104.000  5.0400437100e-01  9.3003482820e-03 
1105.000  5.0436489800e-01  9.0917100910e-03 
1106.000  5.0125418200e-01  8.8390140530e-03 
1107.000  5.0035630600e-01  8.8593759540e-03 
1108.000  4.9851593200e-01  8.8455705640e-03 
1109.000  4.9983146600e-01  9.0154790880e-03 
1110.000  5.0239569300e-01  9.0099496840e-03 
1111.000  4.9636069200e-01  8.7937850950e-03 
1112.000  4.9194699800e-01  8.3225727080e-03 
1113.000  4.9022333900e-01  7.8232159610e-03 
1114.000  4.9553142600e-01  7.7551493640e-03 
1115.000  4.9054061400e-01  7.2251977920e-03 
1116.000  4.8433397200e-01  6.9001374240e-03 
1117.000  4.9007819300e-01  6.5286555290e-03 
1118.000  4.8494469000e-01  6.1049880980e-03 
1119.000  4.7138331900e-01  5.7811336520e-03 
1120.000  4.7233293400e-01  5.6355214120e-03 
1121.000  4.7533912100e-01  5.6400184630e-03 
1122.000  4.7313415300e-01  5.4793572430e-03 
1123.000  4.7535686600e-01  5.5781354900e-03 
1124.000  4.7627204900e-01  5.6394953730e-03 
1125.000  4.6634829800e-01  5.4962325100e-03 
1126.000  4.5742890000e-01  5.3813128470e-03 
1127.000  4.7291522700e-01  5.5748553280e-03 
1128.000  4.6426938600e-01  5.4952301980e-03 
1129.000  4.6716574900e-01  5.6763353350e-03 
1130.000  4.6808352900e-01  6.1098337170e-03 
1131.000  4.7321377000e-01  6.3150491710e-03 
1132.000  4.7421307800e-01  6.1353249550e-03 
1133.000  4.6196431400e-01  5.6749014850e-03 
1134.000  4.5656501100e-01  5.1950354580e-03 
1135.000  4.6254733200e-01  5.2895092960e-03 
1136.000  4.6446551200e-01  5.7472696300e-03 
1137.000  4.7126410900e-01  6.1572737690e-03 
1138.000  4.5520318000e-01  6.3104763030e-03 
1139.000  4.6541789000e-01  6.6083149910e-03 
1140.000  4.6664499800e-01  6.5471076970e-03 
1141.000  4.5315528300e-01  6.2194724080e-03 
1142.000  4.6542081600e-01  6.3317794800e-03 
1143.000  4.5704270100e-01  6.0545458790e-03 
1144.000  4.5376722900e-01  5.8425955770e-03 
1145.000  4.5638540200e-01  5.6563348770e-03 
1146.000  4.6106296800e-01  5.7614917760e-03 
1147.000  4.6340137100e-01  5.9694571500e-03 
1148.000  4.5899448600e-01  6.0857305530e-03 
1149.000  4.6046773700e-01  6.1821837430e-03 
1150.000  4.5851264900e-01  6.1739206310e-03 
1151.000  4.5716741200e-01  6.2882537840e-03 
1152.000  4.5631317000e-01  6.3444609640e-03 
1153.000  4.5551601800e-01  6.4327592850e-03 
1154.000  4.5899486300e-01  6.4728355410e-03 
1155.000  4.6057433500e-01  6.7042536740e-03 
1156.000  4.5433150400e-01  6.8483634000e-03 
1157.000  4.5859099400e-01  7.4721851350e-03 
1158.000  4.5866290600e-01  7.7860569950e-03 
1159.000  4.5217875700e-01  7.9818558690e-03 
1160.000  4.4643424800e-01  8.0223340990e-03 
1161.000  4.3680597800e-01  8.1760320660e-03 
1162.000  4.5261876500e-01  8.7482805250e-03 
1163.000  4.5449836600e-01  9.1033401490e-03 
1164.000  4.4526638800e-01  8.9830055240e-03 
1165.000  4.5386080100e-01  9.2111129760e-03 
1166.000  4.4208814000e-01  9.0540342330e-03 
1167.000  4.4925870300e-01  9.2534008030e-03 
1168.000  4.5318506000e-01  9.3226242070e-03 
1169.000  4.3751451700e-01  9.0503635410e-03 
1170.000  4.4928016200e-01  9.3382263180e-03 
1171.000  4.5135919700e-01  9.4837722780e-03 
1172.000  4.4994657000e-01  9.3970203400e-03 
1173.000  4.4681221800e-01  9.2781629560e-03 
1174.000  4.4703886600e-01  9.2872953410e-03 
1175.000  4.4180563200e-01  9.3304357530e-03 
1176.000  4.3113976500e-01  9.2453680040e-03 
1177.000  4.4445218600e-01  9.4610624310e-03 
1178.000  4.3694467800e-01  9.1651201250e-03 
1179.000  4.3498504700e-01  9.1245718000e-03 
1180.000  4.4109125100e-01  9.2030744550e-03 
1181.000  4.3883763100e-01  9.0324945450e-03 
1182.000  4.3939295400e-01  8.9168605800e-03 
1183.000  4.1388152900e-01  8.4076442720e-03 
1184.000  4.3253515000e-01  8.8506832120e-03 
1185.000  4.3825821500e-01  9.1354331970e-03 
1186.000  4.3565000400e-01  9.0234832760e-03 
1187.000  4.3580467300e-01  8.8461151120e-03 
1188.000  4.3356821400e-01  8.7426576610e-03 
1189.000  4.0820319000e-01  8.3056573870e-03 
1190.000  4.2827674800e-01  8.9495649340e-03 
1191.000  4.3495498800e-01  9.1342916490e-03 
1192.000  4.3258663600e-01  9.1683702470e-03 
1193.000  4.3275297600e-01  9.1050777440e-03 
1194.000  4.3193978400e-01  9.0632352830e-03 
1195.000  4.2709791900e-01  8.8505878450e-03 
1196.000  4.2682839900e-01  8.8634147640e-03 
1197.000  4.2671550500e-01  8.8088369370e-03 
1198.000  4.1238352400e-01  8.5033836360e-03 
1199.000  3.9705855600e-01  8.1266927720e-03 
1200.000  4.2208902100e-01  8.6764106750e-03 
1201.000  4.2511736300e-01  8.7583265300e-03 
1202.000  4.2593318900e-01  8.8008728030e-03 
1203.000  4.0514538300e-01  8.3479747770e-03 
1204.000  4.1185931300e-01  8.5205888750e-03 
1205.000  4.2141292700e-01  8.9168033600e-03 
1206.000  4.1884918000e-01  8.9562520980e-03 
1207.000  4.2166206800e-01  9.0562095640e-03 
1208.000  4.1552382800e-01  8.8947467800e-03 
1209.000  3.8956291700e-01  8.2923793790e-03 
1210.000  4.1684248200e-01  8.7926845550e-03 
1211.000  4.0291786900e-01  8.4923677440e-03 
1212.000  4.1553348200e-01  8.7913789750e-03 
1213.000  4.1706897600e-01  8.9164829250e-03 
1214.000  4.1528404700e-01  8.8799219130e-03 
1215.000  4.1671048100e-01  8.9544286730e-03 
1216.000  4.1547860100e-01  9.0738992690e-03 
1217.000  4.1461480100e-01  9.1747703550e-03 
1218.000  4.1316407400e-01  9.1930933000e-03 
1219.000  4.0929757700e-01  9.1333093640e-03 
1220.000  4.1204864000e-01  9.1844396590e-03 
1221.000  4.1119558900e-01  9.1664972310e-03 
1222.000  4.0891782900e-01  9.1083030700e-03 
1223.000  4.0691620600e-01  9.0909852980e-03 
1224.000  4.0985727500e-01  9.2518796920e-03 
1225.000  4.0753353600e-01  9.2319259640e-03 
1226.000  4.0886205300e-01  9.3037528990e-03 
1227.000  3.9483229200e-01  9.0429992680e-03 
1228.000  4.0693175200e-01  9.3912601470e-03 
1229.000  4.0625569900e-01  9.4248914720e-03 
1230.000  4.0462699500e-01  9.4447641370e-03 
1231.000  4.0449428500e-01  9.4763774870e-03 
1232.000  3.9989505500e-01  9.3840065000e-03 
1233.000  4.0301483800e-01  9.4678516390e-03 
1234.000  4.0154776700e-01  9.5081491470e-03 
1235.000  3.9867535600e-01  9.4631481170e-03 
1236.000  4.0093432900e-01  9.5254411700e-03 
1237.000  4.0082856900e-01  9.5470514300e-03 
1238.000  4.0054416200e-01  9.5469522480e-03 
1239.000  3.9596068100e-01  9.4397563930e-03 
1240.000  3.9418324600e-01  9.4375610350e-03 
1241.000  3.9779142000e-01  9.5593919750e-03 
1242.000  3.9557261400e-01  9.5386886600e-03 
1243.000  3.9124228900e-01  9.4678697590e-03 
1244.000  3.8789353000e-01  9.4090471270e-03 
1245.000  3.9467346900e-01  9.5898990630e-03 
1246.000  3.9173946700e-01  9.4720478060e-03 
1247.000  3.8995208700e-01  9.3809213640e-03 
1248.000  3.9311987000e-01  9.4078664780e-03 
1249.000  3.9178896800e-01  9.3372087480e-03 
1250.000  3.9039454900e-01  9.2572107320e-03 
1251.000  3.8786302400e-01  9.1625528340e-03 
1252.000  3.8686596200e-01  9.1010456090e-03 
1253.000  3.8384202000e-01  8.9902772900e-03 
1254.000  3.8516852100e-01  8.9523696900e-03 
1255.000  3.8475717500e-01  8.8942947390e-03 
1256.000  3.8416285700e-01  8.8394422530e-03 
1257.000  3.8004806000e-01  8.6583528520e-03 
1258.000  3.8204026800e-01  8.5607929230e-03 
1259.000  3.7814414190e-01  8.3532276150e-03 
1260.000  3.7896031560e-01  8.2454395290e-03 
1261.000  3.7851294610e-01  8.1080446240e-03 
1262.000  3.7041349620e-01  7.7783803940e-03 
1263.000  3.7490601460e-01  7.8560934070e-03 
1264.000  3.6906880900e-01  7.7330751420e-03 
1265.000  3.6974124810e-01  7.7607932090e-03 
1266.000  3.7212900550e-01  7.7873287200e-03 
1267.000  3.6515964380e-01  7.6159777640e-03 
1268.000  3.6156340050e-01  7.5044503210e-03 
1269.000  3.6494785860e-01  7.5582394600e-03 
1270.000  3.6895905060e-01  7.7699084280e-03 
1271.000  3.7100776180e-01  7.8758468630e-03 
1272.000  3.6991062720e-01  7.9145760540e-03 
1273.000  3.6959245700e-01  7.9746465680e-03 
1274.000  3.6738521320e-01  7.9965882300e-03 
1275.000  3.6954741280e-01  8.0694608690e-03 
1276.000  3.7014087210e-01  8.0899505620e-03 
1277.000  3.6986450580e-01  8.0780467990e-03 
1278.000  3.6880423710e-01  8.0453825000e-03 
1279.000  3.6633548960e-01  8.0127878190e-03 
1280.000  3.6417193360e-01  8.0562658310e-03 
1281.000  3.5378556340e-01  7.9130859380e-03 
1282.000  3.1416859730e-01  7.1037373540e-03 
1283.000  3.4479437920e-01  7.8569068910e-03 
1284.000  3.5902214150e-01  8.2216167450e-03 
1285.000  3.6165524790e-01  8.3010520940e-03 
1286.000  3.6153667630e-01  8.2654066090e-03 
1287.000  3.6374772040e-01  8.2595233920e-03 
1288.000  3.6146734020e-01  8.0272359850e-03 
1289.000  3.6362216080e-01  8.0213060380e-03 
1290.000  3.5529049320e-01  7.8198752400e-03 
1291.000  3.6015389720e-01  7.9081830980e-03 
1292.000  3.6165682220e-01  7.9609546660e-03 
1293.000  3.6198007260e-01  7.9295806880e-03 
1294.000  3.5623483620e-01  7.6878986360e-03 
1295.000  3.6007001410e-01  7.6264772420e-03 
1296.000  3.6033493640e-01  7.5257411000e-03 
1297.000  3.5811339530e-01  7.4177579880e-03 
1298.000  3.5491362800e-01  7.3568305970e-03 
1299.000  3.5847707060e-01  7.4340472220e-03 
1300.000  3.5703773850e-01  7.4082002640e-03 
1301.000  3.5646920630e-01  7.3764605520e-03 
1302.000  3.5189584960e-01  7.1960759160e-03 
1303.000  3.5000605300e-01  6.9802441600e-03 
1304.000  3.5023431510e-01  6.8925676350e-03 
1305.000  3.5239098900e-01  6.8829631810e-03 
1306.000  3.5272683760e-01  6.8327512740e-03 
1307.000  3.5168534660e-01  6.7733550070e-03 
1308.000  3.5138573410e-01  6.6810612680e-03 
1309.000  3.5107260010e-01  6.5531754490e-03 
1310.000  3.4961475190e-01  6.5215330120e-03 
1311.000  3.4854378600e-01  6.5071177480e-03 
1312.000  3.4745819850e-01  6.3423352240e-03 
1313.000  3.3462517900e-01  5.9365577700e-03 
1314.000  3.4507048770e-01  5.9721484180e-03 
1315.000  3.3345160000e-01  5.8410806660e-03 
1316.000  3.4120857400e-01  6.0861496930e-03 
1317.000  3.4487936400e-01  6.1512818340e-03 
1318.000  3.3999923020e-01  5.8834171300e-03 
1319.000  3.4465668600e-01  5.7319474220e-03 
1320.000  3.4211249020e-01  5.4549508090e-03 
1321.000  3.4060961740e-01  5.3471789360e-03 
1322.000  3.3992942950e-01  5.4648404120e-03 
1323.000  3.4068179670e-01  5.6268086430e-03 
1324.000  3.4086301620e-01  5.7184009550e-03 
1325.000  3.3977337210e-01  5.6367082600e-03 
1326.000  3.3818398310e-01  5.4532561300e-03 
1327.000  3.3548368680e-01  5.1063418390e-03 
1328.000  3.3636845880e-01  4.8489637370e-03 
1329.000  3.2409236570e-01  4.2737655640e-03 
1330.000  3.2916540740e-01  4.2049918170e-03 
1331.000  3.3063172630e-01  4.1433334350e-03 
1332.000  3.2308577570e-01  4.0724701880e-03 
1333.000  3.3162467760e-01  4.2515368460e-03 
1334.000  3.3203960750e-01  4.3563904760e-03 
1335.000  3.3232461060e-01  4.4342718120e-03 
1336.000  3.2872703470e-01  4.4112854000e-03 
1337.000  3.2979133870e-01  4.4316587450e-03 
1338.000  3.2954792410e-01  4.4827327730e-03 
1339.000  3.2600700890e-01  4.4414477350e-03 
1340.000  3.2366691770e-01  4.4552750590e-03 
1341.000  3.2855237280e-01  4.4677181240e-03 
1342.000  3.2774828550e-01  4.4633598330e-03 
1343.000  3.2771956640e-01  4.2811937330e-03 
1344.000  3.2622152700e-01  4.1062722210e-03 
1345.000  3.2372063060e-01  3.7817080020e-03 
1346.000  3.1854890420e-01  3.5850038530e-03 
1347.000  3.1915410950e-01  3.5116567610e-03 
1348.000  3.1557647900e-01  3.3891632560e-03 
1349.000  3.1343400960e-01  3.3256850240e-03 
1350.000  3.0703496380e-01  3.1784970760e-03 
1351.000  3.0486671680e-01  3.1011867520e-03 
1352.000  3.0542371440e-01  3.0250027180e-03 
1353.000  2.9957063520e-01  2.8668482300e-03 
1354.000  2.9595208790e-01  2.7737922670e-03 
1355.000  2.9031097970e-01  2.6570134160e-03 
1356.000  2.8603695720e-01  2.5475041870e-03 
1357.000  2.7933694180e-01  2.4005968570e-03 
1358.000  2.7973411750e-01  2.3096818920e-03 
1359.000  2.7201641300e-01  2.0866436960e-03 
1360.000  2.6204740170e-01  1.9108475450e-03 
1361.000  2.6424474300e-01  1.8623269800e-03 
1362.000  2.6198103970e-01  1.8281993870e-03 
1363.000  2.6224431420e-01  1.9288815260e-03 
1364.000  2.6751514880e-01  2.0012886520e-03 
1365.000  2.6737859620e-01  2.0186464790e-03 
1366.000  2.6925642620e-01  2.0714745520e-03 
1367.000  2.6430626140e-01  1.9838190080e-03 
1368.000  2.6432992310e-01  1.9382280110e-03 
1369.000  2.5956750660e-01  1.9142224790e-03 
1370.000  2.6507962310e-01  2.0704190730e-03 
1371.000  2.7286050370e-01  2.2918157580e-03 
1372.000  2.8370020800e-01  2.5488240720e-03 
1373.000  2.8780374540e-01  2.6855497360e-03 
1374.000  2.9109178770e-01  2.7684292790e-03 
1375.000  2.8700192640e-01  2.7526261810e-03 
1376.000  2.8271251650e-01  2.6941328050e-03 
1377.000  2.8529119780e-01  2.6812467580e-03 
1378.000  2.8039255790e-01  2.5637352470e-03 
1379.000  2.7853776420e-01  2.4379417900e-03 
1380.000  2.6854828080e-01  2.1991474630e-03 
1381.000  2.6249363400e-01  2.0029494760e-03 
1382.000  2.5434880170e-01  1.8611359600e-03 
1383.000  2.5657386040e-01  1.8682049510e-03 
1384.000  2.6227083190e-01  2.0298750400e-03 
1385.000  2.6435476580e-01  2.1399598120e-03 
1386.000  2.7233391370e-01  2.3162531850e-03 
1387.000  2.7623800380e-01  2.5147330760e-03 
1388.000  2.8202848160e-01  2.6415228840e-03 
1389.000  2.8427378830e-01  2.6942400930e-03 
1390.000  2.7926215320e-01  2.6560807230e-03 
1391.000  2.8199757280e-01  2.6563239100e-03 
1392.000  2.7755629210e-01  2.5385360720e-03 
1393.000  2.7301201610e-01  2.4224834440e-03 
1394.000  2.6696029910e-01  2.2983920570e-03 
1395.000  2.6826100520e-01  2.3414995670e-03 
1396.000  2.7419089720e-01  2.4778063300e-03 
1397.000  2.7725886870e-01  2.5721983910e-03 
1398.000  2.7747031230e-01  2.5817899700e-03 
1399.000  2.7565707290e-01  2.5425927640e-03 
1400.000  2.6765339260e-01  2.4577729700e-03 
1401.000  2.6886530730e-01  2.4758801460e-03 
1402.000  2.7542993040e-01  2.5877525810e-03 
1403.000  2.7473070100e-01  2.6117541790e-03 
1404.000  2.7264773500e-01  2.5740077500e-03 
1405.000  2.7281413220e-01  2.5780410770e-03 
1406.000  2.7242940540e-01  2.5510284900e-03 
1407.000  2.7269990580e-01  2.5519065860e-03 
1408.000  2.7354217930e-01  2.6079289910e-03 
1409.000  2.7645773670e-01  2.6697185040e-03 
1410.000  2.7764924060e-01  2.7399041650e-03 
1411.000  2.7972121640e-01  2.8017475610e-03 
1412.000  2.6879061070e-01  2.6886076930e-03 
1413.000  2.7398121330e-01  2.7535636430e-03 
1414.000  2.7756457650e-01  2.7746701240e-03 
1415.000  2.7740351350e-01  2.7951488490e-03 
1416.000  2.7689488010e-01  2.8105945590e-03 
1417.000  2.7891597960e-01  2.8268814090e-03 
1418.000  2.7902503390e-01  2.8252596860e-03 
1419.000  2.7505092440e-01  2.7802968030e-03 
1420.000  2.7444736400e-01  2.7780566220e-03 
1421.000  2.7900243530e-01  2.8536646370e-03 
1422.000  2.7276853180e-01  2.8012144570e-03 
1423.000  2.7110760810e-01  2.7821540830e-03 
1424.000  2.7135277320e-01  2.7747561930e-03 
1425.000  2.7658882930e-01  2.8056571480e-03 
1426.000  2.6539683470e-01  2.6862998010e-03 
1427.000  2.6953803850e-01  2.7376489640e-03 
1428.000  2.7538803410e-01  2.8033936020e-03 
1429.000  2.6892953600e-01  2.7456622120e-03 
1430.000  2.6308778990e-01  2.6728403570e-03 
1431.000  2.6248451010e-01  2.6220116620e-03 
1432.000  2.6725591900e-01  2.6416757110e-03 
1433.000  2.6739168850e-01  2.6341211800e-03 
1434.000  2.6200252240e-01  2.5641772750e-03 
1435.000  2.6519919290e-01  2.6127951150e-03 
1436.000  2.6523497120e-01  2.6160256860e-03 
1437.000  2.6628268540e-01  2.6235723500e-03 
1438.000  2.6563479820e-01  2.6385796070e-03 
1439.000  2.6877535020e-01  2.6663393970e-03 
1440.000  2.5213807250e-01  2.5061752800e-03 
1441.000  2.6484381430e-01  2.6301853660e-03 
1442.000  2.5867753130e-01  2.5511558060e-03 
1443.000  2.6297292960e-01  2.5845129490e-03 
1444.000  2.6425170070e-01  2.5976045130e-03 
1445.000  2.6345412940e-01  2.5835566520e-03 
1446.000  2.6628223610e-01  2.6224346160e-03 
1447.000  2.6506499250e-01  2.6212236880e-03 
1448.000  2.6709142950e-01  2.6350131030e-03 
1449.000  2.6698504820e-01  2.6120059490e-03 
1450.000  2.6518867640e-01  2.5629069810e-03 
1451.000  2.6347863810e-01  2.5444922450e-03 
1452.000  2.6023487090e-01  2.5375015740e-03 
1453.000  2.6518808570e-01  2.6467802520e-03 
1454.000  2.6621855970e-01  2.7380208970e-03 
1455.000  2.6285150140e-01  2.7608132360e-03 
1456.000  2.6273152750e-01  2.8227889540e-03 
1457.000  2.6525058430e-01  2.8478028770e-03 
1458.000  2.6887747070e-01  2.8902773860e-03 
1459.000  2.6987634430e-01  2.8302216530e-03 
1460.000  2.6528469190e-01  2.7224705220e-03 
1461.000  2.6470514290e-01  2.6775820260e-03 
1462.000  2.6181429410e-01  2.5740880970e-03 
1463.000  2.6006793570e-01  2.5442261700e-03 
1464.000  2.5989650320e-01  2.5135529040e-03 
1465.000  2.6290231650e-01  2.4917540550e-03 
1466.000  2.5664042460e-01  2.3781630990e-03 
1467.000  2.6279187370e-01  2.3966231350e-03 
1468.000  2.5632432570e-01  2.2987809180e-03 
1469.000  2.5915062220e-01  2.2737760540e-03 
1470.000  2.5765583920e-01  2.2360346320e-03 
1471.000  2.5358167050e-01  2.2311010360e-03 
1472.000  2.5511410880e-01  2.2981553080e-03 
1473.000  2.5735899000e-01  2.4178528790e-03 
1474.000  2.5027327900e-01  2.4410080910e-03 
1475.000  2.5559467930e-01  2.4815993310e-03 
1476.000  2.5599880950e-01  2.4741799830e-03 
1477.000  2.5675000050e-01  2.4372317790e-03 
1478.000  2.5303621030e-01  2.3597877030e-03 
1479.000  2.5593501630e-01  2.3346290590e-03 
1480.000  2.5733728240e-01  2.3620197770e-03 
1481.000  2.5350095550e-01  2.3677210810e-03 
1482.000  2.5665728920e-01  2.4494090080e-03 
1483.000  2.5137089770e-01  2.4091386800e-03 
1484.000  2.5369443540e-01  2.4292080400e-03 
1485.000  2.5852345730e-01  2.4606826310e-03 
1486.000  2.5426364280e-01  2.4717745780e-03 
1487.000  2.5455446370e-01  2.5934069160e-03 
1488.000  2.2253172980e-01  2.2749633790e-03 
1489.000  2.5551354570e-01  2.7897956370e-03 
1490.000  2.5610849180e-01  2.9673604970e-03 
1491.000  2.5865405220e-01  3.1220085620e-03 
1492.000  2.5264378370e-01  3.0719180110e-03 
1493.000  2.5832137850e-01  3.2308461670e-03 
1494.000  2.5733993920e-01  3.2266161440e-03 
1495.000  2.5553941350e-01  3.2854313850e-03 
1496.000  2.4798264440e-01  3.3293259140e-03 
1497.000  2.5380692560e-01  3.3998773100e-03 
1498.000  2.5637744750e-01  3.5671992300e-03 
1499.000  2.5206542640e-01  3.6294131280e-03 
1500.000  2.5636395460e-01  3.7806229590e-03 
1501.000  2.5599794560e-01  3.7283928390e-03 
1502.000  2.5402078520e-01  3.6363825800e-03 
1503.000  2.2809563910e-01  3.2190580370e-03 
1504.000  2.3764015760e-01  3.3762021060e-03 
1505.000  2.3690191360e-01  3.4783582690e-03 
1506.000  2.4009575830e-01  3.5530319210e-03 
1507.000  2.5110770870e-01  3.8271813390e-03 
1508.000  2.4718672660e-01  3.8352694510e-03 
1509.000  2.4825459150e-01  3.9275100230e-03 
1510.000  2.5209085550e-01  4.0274286270e-03 
1511.000  2.5323733870e-01  4.1074023250e-03 
1512.000  2.4848348850e-01  4.0738434790e-03 
1513.000  2.4806745060e-01  4.1048173900e-03 
1514.000  2.4467176680e-01  4.0695772170e-03 
1515.000  2.4947983660e-01  4.1695079800e-03 
1516.000  2.4716478570e-01  4.1044120790e-03 
1517.000  2.4570102560e-01  4.0667114260e-03 
1518.000  2.5022950640e-01  4.1550164220e-03 
1519.000  2.4651608840e-01  4.1126279830e-03 
1520.000  2.4803253360e-01  4.2110371590e-03 
1521.000  2.4330805370e-01  4.2214093210e-03 
1522.000  2.4188421460e-01  4.2429914470e-03 
1523.000  2.4777184690e-01  4.4088826180e-03 
1524.000  2.4601317580e-01  4.4068722720e-03 
1525.000  2.4053072620e-01  4.3208270070e-03 
1526.000  2.4730602880e-01  4.4228525160e-03 
1527.000  2.4463328440e-01  4.3738150600e-03 
1528.000  2.4611658600e-01  4.4071655270e-03 
1529.000  2.4533783240e-01  4.3679442410e-03 
1530.000  2.2950610640e-01  4.0863199230e-03 
1531.000  2.4523105760e-01  4.3405661580e-03 
1532.000  2.4365792210e-01  4.2895169260e-03 
1533.000  2.4242700250e-01  4.2333955760e-03 
1534.000  2.3857439410e-01  4.1310148240e-03 
1535.000  2.3918861850e-01  4.1073570250e-03 
1536.000  2.4238714330e-01  4.1967034340e-03 
1537.000  2.4294987450e-01  4.2565374370e-03 
1538.000  2.3610522450e-01  4.1877503400e-03 
1539.000  2.4093313230e-01  4.3229851720e-03 
1540.000  2.3210474190e-01  4.2047219280e-03 
1541.000  2.3686716960e-01  4.2949481010e-03 
1542.000  2.3827561370e-01  4.3137121200e-03 
1543.000  2.3738911780e-01  4.2992081640e-03 
1544.000  2.4007423070e-01  4.3542780880e-03 
1545.000  2.4047581200e-01  4.3768053050e-03 
1546.000  2.4026906530e-01  4.4027981760e-03 
1547.000  2.3761692940e-01  4.3813252450e-03 
1548.000  2.3041172800e-01  4.2738881110e-03 
1549.000  2.3631720850e-01  4.3993201260e-03 
1550.000  2.3500519110e-01  4.3883042340e-03 
1551.000  2.3377495140e-01  4.3545742030e-03 
1552.000  2.3774864760e-01  4.4058351520e-03 
1553.000  2.3640734990e-01  4.3639674190e-03 
1554.000  2.2774536430e-01  4.1815423970e-03 
1555.000  2.3139795210e-01  4.2349410060e-03 
1556.000  2.2689277220e-01  4.1753311160e-03 
1557.000  2.3425794640e-01  4.3641381260e-03 
1558.000  2.3246350650e-01  4.3754715920e-03 
1559.000  2.3257468860e-01  4.4200086590e-03 
1560.000  2.2855835860e-01  4.3914909360e-03 
1561.000  2.3399619970e-01  4.5068526270e-03 
1562.000  2.3407132570e-01  4.4796595570e-03 
1563.000  2.3073179540e-01  4.3954381940e-03 
1564.000  2.2638844200e-01  4.2827501300e-03 
1565.000  2.3030215240e-01  4.3199305530e-03 
1566.000  2.2593820960e-01  4.2419667240e-03 
1567.000  2.2659079290e-01  4.2556271550e-03 
1568.000  2.2278163400e-01  4.1726732250e-03 
1569.000  2.2461009360e-01  4.1914415360e-03 
1570.000  2.1957268740e-01  4.0950155260e-03 
1571.000  2.2545610210e-01  4.2319383620e-03 
1572.000  2.2565880350e-01  4.2459902760e-03 
1573.000  2.2188232610e-01  4.2048683170e-03 
1574.000  2.2210393520e-01  4.2479796410e-03 
1575.000  2.0598390200e-01  3.9689214230e-03 
1576.000  2.2129501660e-01  4.2659363750e-03 
1577.000  1.9973349300e-01  3.8166031840e-03 
1578.000  2.1845049300e-01  4.1377892490e-03 
1579.000  2.1938436150e-01  4.1249852180e-03 
1580.000  2.2329020670e-01  4.1773705480e-03 
1581.000  2.2180953650e-01  4.1163702010e-03 
1582.000  2.1671177760e-01  4.0546216960e-03 
1583.000  2.1880080160e-01  4.1252756120e-03 
1584.000  2.1633836940e-01  4.1104860310e-03 
1585.000  2.2236219900e-01  4.2509398460e-03 
1586.000  2.1956928890e-01  4.2072968480e-03 
1587.000  2.1689369480e-01  4.1826782230e-03 
1588.000  2.1342426350e-01  4.1398100850e-03 
1589.000  1.9521086150e-01  3.7945735450e-03 
1590.000  2.1036379760e-01  4.1000113490e-03 
1591.000  2.0565027580e-01  4.0213260650e-03 
1592.000  2.1655778450e-01  4.2419910430e-03 
1593.000  2.2147566780e-01  4.3413901330e-03 
1594.000  2.1992121910e-01  4.3130464550e-03 
1595.000  2.2138615100e-01  4.3429813390e-03 
1596.000  2.0738009730e-01  4.0838580130e-03 
1597.000  2.1583811650e-01  4.2437257770e-03 
1598.000  2.1991124390e-01  4.3081617360e-03 
1599.000  2.1254938860e-01  4.1432857510e-03 
1600.000  2.1609166970e-01  4.1996912960e-03 
1601.000  2.0699502690e-01  4.0383529660e-03 
1602.000  2.1228829870e-01  4.1753959660e-03 
1603.000  2.1067805310e-01  4.1951713560e-03 
1604.000  2.1326524250e-01  4.3052778240e-03 
1605.000  2.1011217240e-01  4.2806472780e-03 
1606.000  2.0925668820e-01  4.3046336170e-03 
1607.000  2.1013625570e-01  4.2886090280e-03 
1608.000  2.1253053810e-01  4.3041815760e-03 
1609.000  2.1171348930e-01  4.2609033580e-03 
1610.000  1.9850271570e-01  3.9737565520e-03 
1611.000  2.0420930030e-01  4.0825357440e-03 
1612.000  2.0595545220e-01  4.1142392160e-03 
1613.000  2.1035126370e-01  4.1970329280e-03 
1614.000  2.0828681590e-01  4.1259007450e-03 
1615.000  2.1155104150e-01  4.1798434260e-03 
1616.000  1.9820965340e-01  3.9032697680e-03 
1617.000  2.0392242070e-01  4.0603909490e-03 
1618.000  2.1027623900e-01  4.2126684190e-03 
1619.000  2.0953224320e-01  4.2439351080e-03 
1620.000  2.0418162680e-01  4.1801099780e-03 
1621.000  2.0112081790e-01  4.1545782090e-03 
1622.000  2.0618315410e-01  4.2648000720e-03 
1623.000  2.1031145960e-01  4.3652191160e-03 
1624.000  2.1176484400e-01  4.4053597450e-03 
1625.000  2.0644679040e-01  4.3206710820e-03 
1626.000  2.0897822880e-01  4.3631787300e-03 
1627.000  2.0870865100e-01  4.3768658640e-03 
1628.000  2.1038578560e-01  4.4221763610e-03 
1629.000  2.1035523780e-01  4.4298429490e-03 
1630.000  2.0464421280e-01  4.3106298450e-03 
1631.000  2.0784489010e-01  4.3896288870e-03 
1632.000  2.0789740730e-01  4.3355417250e-03 
1633.000  2.0522184330e-01  4.2395863530e-03 
1634.000  2.0041962960e-01  4.0979652400e-03 
1635.000  2.0579304760e-01  4.1706552510e-03 
1636.000  2.0524864390e-01  4.1154217720e-03 
1637.000  1.9611070320e-01  3.8921394350e-03 
1638.000  1.9467765590e-01  3.8329041000e-03 
1639.000  1.9273768560e-01  3.7497637270e-03 
1640.000  1.9389374150e-01  3.7360255720e-03 
1641.000  1.9269383330e-01  3.6893112660e-03 
1642.000  1.9245365570e-01  3.7505359650e-03 
1643.000  1.9740004650e-01  3.9096019270e-03 
1644.000  1.9434525470e-01  3.9090433120e-03 
1645.000  1.9477833570e-01  3.9740993980e-03 
1646.000  1.9711939220e-01  4.0763320920e-03 
1647.000  1.9897020800e-01  4.1115202900e-03 
1648.000  1.9820162640e-01  4.0855402950e-03 
1649.000  1.9367370470e-01  3.9879305360e-03 
1650.000  1.9858142840e-01  4.0869922640e-03 
1651.000  1.9410711730e-01  3.9922950270e-03 
1652.000  1.9798111000e-01  4.0676593780e-03 
1653.000  1.9575803670e-01  4.0292758940e-03 
1654.000  1.9795444810e-01  4.0761570930e-03 
1655.000  1.9398679320e-01  4.0044026370e-03 
1656.000  1.9771293460e-01  4.0877995490e-03 
1657.000  1.9627974200e-01  4.0580449100e-03 
1658.000  1.9734007220e-01  4.0879330640e-03 
1659.000  1.9370512100e-01  4.0132985120e-03 
1660.000  1.9606908030e-01  4.0550408360e-03 
1661.000  1.9683834130e-01  4.0525841710e-03 
1662.000  1.9551595850e-01  3.9646272660e-03 
1663.000  1.9428528570e-01  3.8863859180e-03 
1664.000  1.9346278100e-01  3.8159172530e-03 
1665.000  1.9148748510e-01  3.7229492660e-03 
1666.000  1.9055532870e-01  3.6963844300e-03 
1667.000  1.9207792180e-01  3.7822763920e-03 
1668.000  1.8882363660e-01  3.7561531070e-03 
1669.000  1.8912600990e-01  3.8081295490e-03 
1670.000  1.9319823610e-01  3.9373562340e-03 
1671.000  1.9172308500e-01  3.9554600720e-03 
1672.000  1.8264204670e-01  3.8240327840e-03 
1673.000  1.8802257610e-01  3.9834158420e-03 
1674.000  1.8889631860e-01  4.0525202750e-03 
1675.000  1.8714591400e-01  4.0718998910e-03 
1676.000  1.8416494010e-01  4.0253319740e-03 
1677.000  1.8505025990e-01  4.0420894620e-03 
1678.000  1.8591873410e-01  4.0650725360e-03 
1679.000  1.8344634490e-01  4.0041427610e-03 
1680.000  1.7703745470e-01  3.8666856290e-03 
1681.000  1.7083170330e-01  3.7321305270e-03 
1682.000  1.7576510880e-01  3.8374419210e-03 
1683.000  1.8015815000e-01  3.9269571300e-03 
1684.000  1.8351929240e-01  3.9946575160e-03 
1685.000  1.8423835320e-01  3.9935824870e-03 
1686.000  1.8201559490e-01  3.9322664740e-03 
1687.000  1.8303153340e-01  3.9148089890e-03 
1688.000  1.8337359540e-01  3.8879420760e-03 
1689.000  1.8116354890e-01  3.8237497810e-03 
1690.000  1.8132674860e-01  3.7905991080e-03 
1691.000  1.8369977210e-01  3.8489804270e-03 
1692.000  1.8403398030e-01  3.8728110790e-03 
1693.000  1.8333423860e-01  3.8782587050e-03 
1694.000  1.8305685450e-01  3.8894484040e-03 
1695.000  1.8326616820e-01  3.8990516660e-03 
1696.000  1.8219441670e-01  3.8405039310e-03 
1697.000  1.8115372250e-01  3.7714648250e-03 
1698.000  1.8224691540e-01  3.7506988050e-03 
1699.000  1.8106928800e-01  3.6865413190e-03 
1700.000  1.7874823690e-01  3.6019539830e-03 
