 lambda   Irr_dw            Rad_up 
 550.000  1.5550697100e+00  5.7434406280e-02 
 551.000  1.5447905700e+00  5.6896072390e-02 
 552.000  1.6107283700e+00  5.9280021670e-02 
 553.000  1.5470882800e+00  5.6755195620e-02 
 554.000  1.5970924400e+00  5.8522029880e-02 
 555.000  1.6010736400e+00  5.8449302670e-02 
 556.000  1.5564814500e+00  5.6613220210e-02 
 557.000  1.5099275400e+00  5.4864341740e-02 
 558.000  1.5669138400e+00  5.6727096560e-02 
 559.000  1.4807568000e+00  5.3473678590e-02 
 560.000  1.4870131200e+00  5.3637844090e-02 
 561.000  1.6340852700e+00  5.8711910250e-02 
 562.000  1.5001384700e+00  5.3805358890e-02 
 563.000  1.5694013900e+00  5.6077980040e-02 
 564.000  1.5473892500e+00  5.5018199920e-02 
 565.000  1.5661418000e+00  5.5598442080e-02 
 566.000  1.4440449500e+00  5.1069068910e-02 
 567.000  1.5503090700e+00  5.4498603820e-02 
 568.000  1.5508864700e+00  5.3889682770e-02 
 569.000  1.5294841300e+00  5.1948333740e-02 
 570.000  1.5360155500e+00  5.2160007480e-02 
 571.000  1.4750450600e+00  5.0671028140e-02 
 572.000  1.5658923500e+00  5.3037029270e-02 
 573.000  1.5807475200e+00  5.3634983060e-02 
 574.000  1.5716804900e+00  5.3237094880e-02 
 575.000  1.5338528300e+00  5.1770343780e-02 
 576.000  1.5062358600e+00  5.0715583800e-02 
 577.000  1.5668961600e+00  5.2776412960e-02 
 578.000  1.5184353200e+00  5.1415233610e-02 
 579.000  1.5046113300e+00  5.0962013240e-02 
 580.000  1.5544659700e+00  5.2859699250e-02 
 581.000  1.5233350400e+00  5.1941200260e-02 
 582.000  1.5442945600e+00  5.2541908260e-02 
 583.000  1.5541945700e+00  5.2922023770e-02 
 584.000  1.5485365400e+00  5.2540256500e-02 
 585.000  1.5379185700e+00  5.2025466920e-02 
 586.000  1.4715138500e+00  4.9726005550e-02 
 587.000  1.5321276100e+00  5.1210933690e-02 
 588.000  1.5302558000e+00  4.9764331820e-02 
 589.000  1.3757567700e+00  4.3102916720e-02 
 590.000  1.4376767400e+00  4.4926792140e-02 
 591.000  1.5130054200e+00  4.8264778140e-02 
 592.000  1.4916178200e+00  4.6816555020e-02 
 593.000  1.4908779500e+00  4.7933895110e-02 
 594.000  1.5081686200e+00  4.8145572660e-02 
 595.000  1.4908156200e+00  4.6605487820e-02 
 596.000  1.5110549000e+00  4.8465602870e-02 
 597.000  1.5191091400e+00  4.8239196780e-02 
 598.000  1.4811766600e+00  4.7536178590e-02 
 599.000  1.4786964400e+00  4.7613677980e-02 
 600.000  1.4728013500e+00  4.7894958500e-02 
 601.000  1.4603761500e+00  4.7843784330e-02 
 602.000  1.4429059900e+00  4.7275894170e-02 
 603.000  1.4501470300e+00  4.7629852290e-02 
 604.000  1.4948150000e+00  4.9244194030e-02 
 605.000  1.4903836900e+00  4.8952098850e-02 
 606.000  1.4728879100e+00  4.8415966030e-02 
 607.000  1.4644234800e+00  4.8032947540e-02 
 608.000  1.4589227400e+00  4.7718769070e-02 
 609.000  1.4438622900e+00  4.7190032960e-02 
 610.000  1.4206399500e+00  4.6304599760e-02 
 611.000  1.4436185800e+00  4.6999023440e-02 
 612.000  1.4247792900e+00  4.6340789790e-02 
 613.000  1.4039287800e+00  4.5551101680e-02 
 614.000  1.3527514300e+00  4.3867649080e-02 
 615.000  1.4180824200e+00  4.5831642150e-02 
 616.000  1.3483394700e+00  4.3565814970e-02 
 617.000  1.3560233400e+00  4.3761302950e-02 
 618.000  1.4201082500e+00  4.5646991730e-02 
 619.000  1.4072790600e+00  4.5248821260e-02 
 620.000  1.4282885200e+00  4.5738719940e-02 
 621.000  1.4531582800e+00  4.6482906340e-02 
 622.000  1.3768349500e+00  4.3930927280e-02 
 623.000  1.3880556300e+00  4.4070243840e-02 
 624.000  1.3899954000e+00  4.4164863590e-02 
 625.000  1.3527765800e+00  4.2936145780e-02 
 626.000  1.3607015600e+00  4.2936553960e-02 
 627.000  1.3891625700e+00  4.3273624420e-02 
 628.000  1.3957169700e+00  4.1927223210e-02 
 629.000  1.4166115600e+00  4.3155387880e-02 
 630.000  1.3657690900e+00  4.1990573880e-02 
 631.000  1.4115576600e+00  4.3512981410e-02 
 632.000  1.3170035600e+00  4.0349395750e-02 
 633.000  1.4071337700e+00  4.3501590730e-02 
 634.000  1.3625528100e+00  4.2284351350e-02 
 635.000  1.3870476400e+00  4.3059726720e-02 
 636.000  1.3368245500e+00  4.1575149540e-02 
 637.000  1.3801198600e+00  4.2974472050e-02 
 638.000  1.3988509400e+00  4.3712379460e-02 
 639.000  1.3870116600e+00  4.3179733280e-02 
 640.000  1.3420695300e+00  4.2026287080e-02 
 641.000  1.3613010000e+00  4.2569068910e-02 
 642.000  1.3439569200e+00  4.2045578000e-02 
 643.000  1.3691379800e+00  4.2632362370e-02 
 644.000  1.3533546300e+00  4.2001670840e-02 
 645.000  1.3675778400e+00  4.2263896940e-02 
 646.000  1.3253695900e+00  3.9946472170e-02 
 647.000  1.3506290600e+00  4.0024196620e-02 
 648.000  1.3561965400e+00  3.9669788360e-02 
 649.000  1.3761958800e+00  4.0572422030e-02 
 650.000  1.2629313300e+00  3.8178058620e-02 
 651.000  1.3605277300e+00  4.1090847020e-02 
 652.000  1.3459628300e+00  3.9725585940e-02 
 653.000  1.3596260200e+00  4.1120681760e-02 
 654.000  1.3433961900e+00  4.0343406680e-02 
 655.000  1.3127851000e+00  3.9002845760e-02 
 656.000  1.1132226200e+00  3.3126167300e-02 
 657.000  1.1859064500e+00  3.5448966980e-02 
 658.000  1.3165630000e+00  3.9771652220e-02 
 659.000  1.3172196200e+00  3.9929840090e-02 
 660.000  1.3265077800e+00  4.0295581820e-02 
 661.000  1.3291121900e+00  4.0681865690e-02 
 662.000  1.3467894200e+00  4.1323097230e-02 
 663.000  1.3322235100e+00  4.0748489380e-02 
 664.000  1.3105491200e+00  4.0086708070e-02 
 665.000  1.3158877100e+00  4.0226749420e-02 
 666.000  1.3311710300e+00  4.0812652590e-02 
 667.000  1.3043452800e+00  3.9889930730e-02 
 668.000  1.3112095400e+00  4.0212532040e-02 
 669.000  1.3298209000e+00  4.0819164280e-02 
 670.000  1.3137961900e+00  4.0165126800e-02 
 671.000  1.2997029600e+00  3.9748405460e-02 
 672.000  1.2954078600e+00  3.9571113590e-02 
 673.000  1.3046161400e+00  3.9789814000e-02 
 674.000  1.3070895400e+00  3.9850337980e-02 
 675.000  1.2870572000e+00  3.9157531740e-02 
 676.000  1.3112989200e+00  3.9882274630e-02 
 677.000  1.2851457500e+00  3.9081764220e-02 
 678.000  1.3063509200e+00  3.9660263060e-02 
 679.000  1.2879405600e+00  3.8999252320e-02 
 680.000  1.2784932600e+00  3.8664882660e-02 
 681.000  1.2804711500e+00  3.8622943880e-02 
 682.000  1.2780338300e+00  3.8416553500e-02 
 683.000  1.2867248100e+00  3.8550079350e-02 
 684.000  1.2645129000e+00  3.7838390350e-02 
 685.000  1.2781844300e+00  3.8188064580e-02 
 686.000  1.2249878000e+00  3.6177673340e-02 
 687.000  1.2259890700e+00  3.2113887790e-02 
 688.000  1.2268926600e+00  3.3151023860e-02 
 689.000  1.2304373700e+00  3.3009788510e-02 
 690.000  1.2363831700e+00  3.3712078090e-02 
 691.000  1.2413450100e+00  3.4567115780e-02 
 692.000  1.2338724800e+00  3.4710739140e-02 
 693.000  1.2420299500e+00  3.4011100770e-02 
 694.000  1.2556712700e+00  3.3669895170e-02 
 695.000  1.2326784000e+00  3.3443904880e-02 
 696.000  1.2464825500e+00  3.4066532140e-02 
 697.000  1.2454060700e+00  3.5689872740e-02 
 698.000  1.2231368300e+00  3.4595676420e-02 
 699.000  1.2489830500e+00  3.3941265110e-02 
 700.000  1.2340444300e+00  3.3696060180e-02 
 701.000  1.2071262200e+00  3.2609134670e-02 
 702.000  1.2009192500e+00  3.2632740020e-02 
 703.000  1.2155131000e+00  3.4062400820e-02 
 704.000  1.2190653500e+00  3.4220760350e-02 
 705.000  1.2295175600e+00  3.4009017940e-02 
 706.000  1.2163984900e+00  3.3724456790e-02 
 707.000  1.1978191700e+00  3.3368640900e-02 
 708.000  1.2321277100e+00  3.4509601590e-02 
 709.000  1.1877616500e+00  3.3605712890e-02 
 710.000  1.2160126700e+00  3.3905620570e-02 
 711.000  1.2029987100e+00  3.3921150210e-02 
 712.000  1.1855832400e+00  3.3815368650e-02 
 713.000  1.1811850800e+00  3.3339359280e-02 
 714.000  1.2014906400e+00  3.3712532040e-02 
 715.000  1.1603768800e+00  3.2033592220e-02 
 716.000  1.1915546500e+00  3.2356464390e-02 
 717.000  1.1618286600e+00  2.9059667590e-02 
 718.000  1.1556738900e+00  2.7446865080e-02 
 719.000  1.1423705400e+00  2.6526109700e-02 
 720.000  1.1507023600e+00  2.6050638200e-02 
 721.000  1.1490405200e+00  2.9252578740e-02 
 722.000  1.1651491800e+00  3.0773611070e-02 
 723.000  1.1627674500e+00  2.9952623370e-02 
 724.000  1.1698129600e+00  2.8183284760e-02 
 725.000  1.1570479700e+00  2.8133989330e-02 
 726.000  1.1549260900e+00  2.7987661360e-02 
 727.000  1.1720136300e+00  2.8595214840e-02 
 728.000  1.1518834200e+00  2.7854616170e-02 
 729.000  1.1060963100e+00  2.7382139210e-02 
 730.000  1.1469728700e+00  2.8262189870e-02 
 731.000  1.1280593000e+00  2.7724105830e-02 
 732.000  1.1491930800e+00  2.9379917140e-02 
 733.000  1.1313253000e+00  3.0197366710e-02 
 734.000  1.1545290100e+00  3.1409318920e-02 
 735.000  1.1453205400e+00  3.0872367860e-02 
 736.000  1.1242940000e+00  2.9906757350e-02 
 737.000  1.1388884900e+00  3.0538858410e-02 
 738.000  1.1354302100e+00  3.0871652600e-02 
 739.000  1.0985615700e+00  3.0087677000e-02 
 740.000  1.1085347500e+00  3.0790153500e-02 
 741.000  1.0994656200e+00  3.0887292860e-02 
 742.000  1.0812997900e+00  3.0505540850e-02 
 743.000  1.1127545900e+00  3.1692384720e-02 
 744.000  1.1231760100e+00  3.2138847350e-02 
 745.000  1.0938525700e+00  3.1432128910e-02 
 746.000  1.1089798200e+00  3.1899635310e-02 
 747.000  1.1255941800e+00  3.2343658450e-02 
 748.000  1.1053691000e+00  3.1759075160e-02 
 749.000  1.1055624700e+00  3.1780723570e-02 
 750.000  1.0894161900e+00  3.1219299320e-02 
 751.000  1.0866101500e+00  3.1123014450e-02 
 752.000  1.1030675400e+00  3.1641399380e-02 
 753.000  1.0926300200e+00  3.1343580250e-02 
 754.000  1.1097347100e+00  3.1827777860e-02 
 755.000  1.1033658200e+00  3.1629241940e-02 
 756.000  1.0817648300e+00  3.0995559690e-02 
 757.000  1.0897606600e+00  3.1207235340e-02 
 758.000  1.0886267900e+00  3.1088230130e-02 
 759.000  1.0474172100e+00  2.7841899870e-02 
 760.000  8.2403094900e-01  1.3191234590e-02 
 761.000  7.9410999500e-01  1.1955295560e-02 
 762.000  9.2629662600e-01  1.9267107010e-02 
 763.000  9.1142815100e-01  1.7219167710e-02 
 764.000  9.3481255400e-01  1.8496959690e-02 
 765.000  9.8111930000e-01  2.1671348570e-02 
 766.000  9.7282038900e-01  2.4115003590e-02 
 767.000  1.0027014000e+00  2.6119499210e-02 
 768.000  1.0516311800e+00  2.8405815120e-02 
 769.000  1.0530869100e+00  2.9225027080e-02 
 770.000  1.0504063200e+00  2.9557657240e-02 
 771.000  1.0518605700e+00  2.9824098590e-02 
 772.000  1.0479730200e+00  2.9756097790e-02 
 773.000  1.0436569800e+00  2.9639396670e-02 
 774.000  1.0546722600e+00  2.9962305070e-02 
 775.000  1.0149479900e+00  2.8832273480e-02 
 776.000  1.0566719000e+00  3.0054355620e-02 
 777.000  1.0493543000e+00  2.9814727780e-02 
 778.000  1.0438082000e+00  2.9600736620e-02 
 779.000  1.0472839400e+00  2.9631155010e-02 
 780.000  1.0344060400e+00  2.9275547030e-02 
 781.000  1.0325457700e+00  2.9209911350e-02 
 782.000  1.0450825400e+00  2.9475425720e-02 
 783.000  1.0207376500e+00  2.8869564060e-02 
 784.000  1.0266482200e+00  2.8975006100e-02 
 785.000  1.0300255500e+00  2.8851606370e-02 
 786.000  1.0131582200e+00  2.8222475050e-02 
 787.000  1.0300486100e+00  2.8199642180e-02 
 788.000  1.0155760200e+00  2.7626010890e-02 
 789.000  1.0247141330e+00  2.7215299610e-02 
 790.000  1.0146659590e+00  2.6844699860e-02 
 791.000  1.0089329580e+00  2.6814405440e-02 
 792.000  9.9247697700e-01  2.6414937970e-02 
 793.000  9.9044390500e-01  2.6584602360e-02 
 794.000  9.7765092100e-01  2.6820545200e-02 
 795.000  9.7394468100e-01  2.6243408200e-02 
 796.000  9.9466436700e-01  2.6064966200e-02 
 797.000  9.9980380400e-01  2.6440773010e-02 
 798.000  9.9777489500e-01  2.6887811660e-02 
 799.000  9.9758966700e-01  2.6695940020e-02 
 800.000  9.7343464800e-01  2.5645874020e-02 
 801.000  9.9145424000e-01  2.6154613490e-02 
 802.000  9.8968526700e-01  2.6018396380e-02 
 803.000  9.7537504900e-01  2.5706430440e-02 
 804.000  9.8336490200e-01  2.6139495850e-02 
 805.000  9.5490372100e-01  2.5745950700e-02 
 806.000  9.7983813400e-01  2.6581121440e-02 
 807.000  9.7377420300e-01  2.6453754430e-02 
 808.000  9.6862715200e-01  2.6134424210e-02 
 809.000  9.5282290500e-01  2.5528388980e-02 
 810.000  9.4919046400e-01  2.5226734160e-02 
 811.000  9.6561309500e-01  2.5330699920e-02 
 812.000  9.6385420500e-01  2.4924114230e-02 
 813.000  9.6132411300e-01  2.4334360120e-02 
 814.000  9.6196030400e-01  2.3865432740e-02 
 815.000  9.5374489600e-01  2.3067991260e-02 
 816.000  9.4765946200e-01  2.2210168840e-02 
 817.000  9.5324835900e-01  2.2355115890e-02 
 818.000  9.4724808700e-01  2.2182622910e-02 
 819.000  9.2110281400e-01  2.1855123520e-02 
 820.000  9.0145829600e-01  2.2143232350e-02 
 821.000  9.2926179700e-01  2.3741895680e-02 
 822.000  9.0464439500e-01  2.2297561650e-02 
 823.000  9.2087052500e-01  2.0944452290e-02 
 824.000  9.3145281100e-01  2.2679609300e-02 
 825.000  9.2753606800e-01  2.3850446700e-02 
 826.000  9.3383962900e-01  2.3732580180e-02 
 827.000  9.3118665300e-01  2.3473337170e-02 
 828.000  9.3106281000e-01  2.2698863980e-02 
 829.000  9.2999155200e-01  2.2890489580e-02 
 830.000  9.1451828700e-01  2.2801410680e-02 
 831.000  8.9829302700e-01  2.2450376510e-02 
 832.000  9.1658717100e-01  2.2904729840e-02 
 833.000  8.8763288500e-01  2.2445123670e-02 
 834.000  9.0011352600e-01  2.2980657580e-02 
 835.000  9.0005869100e-01  2.3288785930e-02 
 836.000  9.1119037600e-01  2.3570631030e-02 
 837.000  9.0375276100e-01  2.3319591520e-02 
 838.000  9.0597836100e-01  2.3621129990e-02 
 839.000  8.7704990200e-01  2.2966510770e-02 
 840.000  9.0027073800e-01  2.3561271670e-02 
 841.000  9.0358618500e-01  2.3473054890e-02 
 842.000  8.9710469200e-01  2.3403995510e-02 
 843.000  8.8887197900e-01  2.3622541430e-02 
 844.000  8.7317879100e-01  2.3373676300e-02 
 845.000  8.8595476500e-01  2.3787836070e-02 
 846.000  8.9330993100e-01  2.4126720430e-02 
 847.000  8.6192004800e-01  2.3430347440e-02 
 848.000  8.8842087200e-01  2.3945125580e-02 
 849.000  8.8993667200e-01  2.4087789540e-02 
 850.000  7.6993598500e-01  2.0688793180e-02 
 851.000  8.8278000400e-01  2.3576419830e-02 
 852.000  8.4926093300e-01  2.2747089390e-02 
 853.000  8.5796086200e-01  2.3032714840e-02 
 854.000  6.8983412900e-01  1.8546594620e-02 
 855.000  7.5884500500e-01  2.0510189060e-02 
 856.000  8.5975047600e-01  2.3287469860e-02 
 857.000  8.7285698900e-01  2.3796024320e-02 
 858.000  8.5857110300e-01  2.3405485150e-02 
 859.000  8.5769904200e-01  2.3441473010e-02 
 860.000  8.4965365100e-01  2.3309412000e-02 
 861.000  8.4950194000e-01  2.3284650800e-02 
 862.000  8.4649321600e-01  2.3144893650e-02 
 863.000  8.6267061800e-01  2.3684831620e-02 
 864.000  8.6079485500e-01  2.3491195680e-02 
 865.000  8.4464501100e-01  2.3179235460e-02 
 866.000  7.0847186600e-01  1.9485425950e-02 
 867.000  7.5449546800e-01  2.0547710420e-02 
 868.000  8.1828822900e-01  2.2370321270e-02 
 869.000  8.0678637900e-01  2.2044769290e-02 
 870.000  8.4012224000e-01  2.3067264560e-02 
 871.000  8.3891913000e-01  2.2964334490e-02 
 872.000  8.3545559300e-01  2.2647077560e-02 
 873.000  8.3894041200e-01  2.2860651020e-02 
 874.000  8.2063261900e-01  2.2278743740e-02 
 875.000  8.1312315600e-01  2.2213205340e-02 
 876.000  8.2008767800e-01  2.2317523960e-02 
 877.000  8.3655277400e-01  2.2614875790e-02 
 878.000  8.2278535800e-01  2.2303913120e-02 
 879.000  8.2474224300e-01  2.2409021380e-02 
 880.000  8.2049121700e-01  2.2102178570e-02 
 881.000  7.7811953200e-01  2.0996879580e-02 
 882.000  8.2137906000e-01  2.1967075350e-02 
 883.000  8.0240134200e-01  2.1638416290e-02 
 884.000  8.0912827800e-01  2.2024879460e-02 
 885.000  8.1847842700e-01  2.1810031890e-02 
 886.000  7.9298061000e-01  2.1146377560e-02 
 887.000  7.8390621100e-01  2.0894641880e-02 
 888.000  8.0747160700e-01  2.1338449480e-02 
 889.000  8.1258067200e-01  2.1750417710e-02 
 890.000  8.1075196600e-01  2.1601018910e-02 
 891.000  8.0771292500e-01  2.1282230380e-02 
 892.000  8.0706183200e-01  2.1013742450e-02 
 893.000  7.8147475800e-01  1.9474386220e-02 
 894.000  8.0989657000e-01  1.9904249190e-02 
 895.000  7.7490575300e-01  1.8356800080e-02 
 896.000  8.0567751900e-01  1.8208791730e-02 
 897.000  7.8711372700e-01  1.7260553360e-02 
 898.000  7.8847033900e-01  1.6895095830e-02 
 899.000  7.8776045100e-01  1.5963181500e-02 
 900.000  7.6808812000e-01  1.5574580190e-02 
 901.000  7.5163309500e-01  1.5056435590e-02 
 902.000  7.3779925100e-01  1.4817584990e-02 
 903.000  7.7389297100e-01  1.6884643550e-02 
 904.000  7.8826605800e-01  1.8029163360e-02 
 905.000  7.8617429600e-01  1.8216148380e-02 
 906.000  7.6535289000e-01  1.7194927220e-02 
 907.000  7.7832200200e-01  1.6461153030e-02 
 908.000  7.5928491600e-01  1.5376891140e-02 
 909.000  7.4438963200e-01  1.5079036710e-02 
 910.000  7.5319385000e-01  1.5336750030e-02 
 911.000  7.5119679200e-01  1.5856373790e-02 
 912.000  7.5282378400e-01  1.5464344020e-02 
 913.000  7.7044371300e-01  1.5043535230e-02 
 914.000  7.6548629600e-01  1.5296867370e-02 
 915.000  7.5285015700e-01  1.5554026600e-02 
 916.000  7.6120681700e-01  1.5746761320e-02 
 917.000  7.4929321800e-01  1.5655740740e-02 
 918.000  7.4548968700e-01  1.5809046750e-02 
 919.000  7.5532262500e-01  1.7184930800e-02 
 920.000  7.4811430000e-01  1.7380977630e-02 
 921.000  7.3173899100e-01  1.6844463350e-02 
 922.000  7.2519496300e-01  1.6779672620e-02 
 923.000  6.9478857300e-01  1.5565719600e-02 
 924.000  7.2418602400e-01  1.6115982060e-02 
 925.000  7.3379719200e-01  1.6222463610e-02 
 926.000  7.0760019300e-01  1.5481514930e-02 
 927.000  7.3395980400e-01  1.5830336570e-02 
 928.000  7.3847878000e-01  1.5059014320e-02 
 929.000  7.2816226400e-01  1.3760807990e-02 
 930.000  7.2633277000e-01  1.2565743450e-02 
 931.000  7.2603441200e-01  1.1667553900e-02 
 932.000  7.1892092700e-01  1.0588714600e-02 
 933.000  7.2088131300e-01  1.0046687130e-02 
 934.000  7.1456871200e-01  9.4704399110e-03 
 935.000  7.0397975600e-01  9.2804126740e-03 
 936.000  6.9891246700e-01  9.3796024320e-03 
 937.000  7.1451225000e-01  9.5464200970e-03 
 938.000  7.0701668500e-01  1.0009088520e-02 
 939.000  7.1328624200e-01  1.1994917870e-02 
 940.000  7.0964569600e-01  1.2324152950e-02 
 941.000  6.9351232900e-01  1.1731347080e-02 
 942.000  6.6697269800e-01  1.0629117010e-02 
 943.000  7.0275281600e-01  1.0253102300e-02 
 944.000  6.8343549100e-01  9.9029569630e-03 
 945.000  6.8998401100e-01  1.0293921470e-02 
 946.000  6.9934117300e-01  1.0455646510e-02 
 947.000  6.9511235200e-01  1.0698506360e-02 
 948.000  6.9931525900e-01  1.0950511930e-02 
 949.000  7.0153047300e-01  1.0969477650e-02 
 950.000  6.9690596000e-01  1.0946556090e-02 
 951.000  6.9276973500e-01  1.1328854560e-02 
 952.000  6.9269514900e-01  1.0868232730e-02 
 953.000  6.9078380700e-01  1.1176227570e-02 
 954.000  6.8411131300e-01  1.1467071530e-02 
 955.000  6.3899719100e-01  1.0432112690e-02 
 956.000  6.8165997200e-01  1.1087732320e-02 
 957.000  6.8130818800e-01  1.2179395680e-02 
 958.000  6.8656030800e-01  1.2461613660e-02 
 959.000  6.8921381300e-01  1.2308317180e-02 
 960.000  6.8270151800e-01  1.2141838070e-02 
 961.000  6.7537818200e-01  1.1914091110e-02 
 962.000  6.7873991000e-01  1.2069092750e-02 
 963.000  6.7733833400e-01  1.2790013310e-02 
 964.000  6.6958820000e-01  1.2762715340e-02 
 965.000  6.7777239000e-01  1.2843299870e-02 
 966.000  6.5820805400e-01  1.2520690920e-02 
 967.000  6.7778238500e-01  1.3520331380e-02 
 968.000  6.7031311100e-01  1.4401041980e-02 
 969.000  6.7441095400e-01  1.4941213610e-02 
 970.000  6.7624175000e-01  1.5004940990e-02 
 971.000  6.7025403600e-01  1.4852934840e-02 
 972.000  6.7500076400e-01  1.4813932420e-02 
 973.000  6.6876292500e-01  1.4374783520e-02 
 974.000  6.5851101000e-01  1.3797739030e-02 
 975.000  6.6180355800e-01  1.3623785020e-02 
 976.000  6.6981302900e-01  1.4065383910e-02 
 977.000  6.5283272800e-01  1.4143490790e-02 
 978.000  6.6898090500e-01  1.4455526350e-02 
 979.000  6.4953999500e-01  1.4150199890e-02 
 980.000  6.5870597300e-01  1.4824857710e-02 
 981.000  6.6318646000e-01  1.5043037410e-02 
 982.000  6.6175626900e-01  1.4895527840e-02 
 983.000  6.5996556800e-01  1.5129286770e-02 
 984.000  6.5554543400e-01  1.5337428090e-02 
 985.000  6.5523360600e-01  1.5521428110e-02 
 986.000  6.4988680000e-01  1.5664648060e-02 
 987.000  6.5727590400e-01  1.5967629430e-02 
 988.000  6.4917213600e-01  1.5794140820e-02 
 989.000  6.4093114700e-01  1.5605085370e-02 
 990.000  6.4639423800e-01  1.5762029650e-02 
 991.000  6.5163786500e-01  1.5988929750e-02 
 992.000  6.4560508000e-01  1.5853816030e-02 
 993.000  6.4556007900e-01  1.5843366620e-02 
 994.000  6.4879540800e-01  1.6003431320e-02 
 995.000  6.4397418100e-01  1.5952107430e-02 
 996.000  6.4386285200e-01  1.5924516680e-02 
 997.000  6.4458210400e-01  1.5862328530e-02 
 998.000  6.4222113700e-01  1.5732130050e-02 
 999.000  6.4065290500e-01  1.5649311070e-02 
1000.000  6.3553776800e-01  1.5518997190e-02 
1001.000  6.3921755100e-01  1.5481630330e-02 
1002.000  6.3854664300e-01  1.5279891010e-02 
1003.000  6.3101811200e-01  1.5131189350e-02 
1004.000  6.2558557400e-01  1.5091449740e-02 
1005.000  5.8447362900e-01  1.4134465220e-02 
1006.000  6.1493551200e-01  1.4878677370e-02 
1007.000  6.2618756400e-01  1.5107801440e-02 
1008.000  6.2907717500e-01  1.5028179170e-02 
1009.000  6.2557267700e-01  1.4762399670e-02 
1010.000  6.2776581100e-01  1.4882001880e-02 
1011.000  6.2404972900e-01  1.4978062630e-02 
1012.000  6.2409057400e-01  1.5049047470e-02 
1013.000  6.1947464400e-01  1.4993245120e-02 
1014.000  6.2337567000e-01  1.5146215440e-02 
1015.000  6.1186064200e-01  1.4906400680e-02 
1016.000  6.1572402600e-01  1.5065310480e-02 
1017.000  6.0959371100e-01  1.4955345150e-02 
1018.000  6.1765609400e-01  1.5162870410e-02 
1019.000  6.0378428400e-01  1.4782512660e-02 
1020.000  6.0243343900e-01  1.4733259200e-02 
1021.000  6.0825957100e-01  1.4848459240e-02 
1022.000  5.9942464900e-01  1.4466316220e-02 
1023.000  6.1118967900e-01  1.4599913600e-02 
1024.000  6.0824571000e-01  1.4410717960e-02 
1025.000  6.0752707500e-01  1.4439310070e-02 
1026.000  6.0798966300e-01  1.4486198430e-02 
1027.000  6.0442731200e-01  1.4423431400e-02 
1028.000  6.0575855000e-01  1.4522976880e-02 
1029.000  5.9630688000e-01  1.4393584250e-02 
1030.000  6.0205814900e-01  1.4641190530e-02 
1031.000  6.0002953200e-01  1.4671979900e-02 
1032.000  5.9781592100e-01  1.4670407300e-02 
1033.000  5.8678005500e-01  1.4375036240e-02 
1034.000  5.9291592500e-01  1.4501012800e-02 
1035.000  5.8653387300e-01  1.4338085170e-02 
1036.000  5.9422810300e-01  1.4485127450e-02 
1037.000  5.8170546100e-01  1.4152169230e-02 
1038.000  5.8742624900e-01  1.4263478280e-02 
1039.000  5.8993371600e-01  1.4287140850e-02 
1040.000  5.8304245900e-01  1.4085350990e-02 
1041.000  5.8617587400e-01  1.4128542900e-02 
1042.000  5.8794476700e-01  1.4142474170e-02 
1043.000  5.7781028500e-01  1.3872038840e-02 
1044.000  5.8362857700e-01  1.3980770110e-02 
1045.000  5.8129325300e-01  1.3959394450e-02 
1046.000  5.6449866000e-01  1.3601738930e-02 
1047.000  5.7501248500e-01  1.3900139810e-02 
1048.000  5.8090289400e-01  1.4089724540e-02 
1049.000  5.7733741900e-01  1.4052423480e-02 
1050.000  5.7407394300e-01  1.4009611130e-02 
1051.000  5.7440335600e-01  1.3986507420e-02 
1052.000  5.7190064500e-01  1.3881777760e-02 
1053.000  5.7218194000e-01  1.3849310870e-02 
1054.000  5.6658534500e-01  1.3670378680e-02 
1055.000  5.7103202500e-01  1.3725214000e-02 
1056.000  5.6975044200e-01  1.3648303990e-02 
1057.000  5.6932924100e-01  1.3590357780e-02 
1058.000  5.6437152500e-01  1.3402762410e-02 
1059.000  5.4656779800e-01  1.3002834320e-02 
1060.000  5.6576506000e-01  1.3522761340e-02 
1061.000  5.4606060400e-01  1.3057588580e-02 
1062.000  5.6182700700e-01  1.3398463250e-02 
1063.000  5.5256136000e-01  1.3146897320e-02 
1064.000  5.5998788900e-01  1.3230116840e-02 
1065.000  5.5989911500e-01  1.3122761730e-02 
1066.000  5.4269507500e-01  1.2674577710e-02 
1067.000  5.5587740300e-01  1.2918142320e-02 
1068.000  5.5453541000e-01  1.2744464870e-02 
1069.000  5.1317479800e-01  1.1732238770e-02 
1070.000  5.4348865500e-01  1.2469674110e-02 
1071.000  5.4489990000e-01  1.2484418870e-02 
1072.000  5.4726219400e-01  1.2522434230e-02 
1073.000  5.2935392100e-01  1.2138279910e-02 
1074.000  5.4782910400e-01  1.2607380870e-02 
1075.000  5.3008204600e-01  1.2304720880e-02 
1076.000  5.4222248400e-01  1.2551134110e-02 
1077.000  5.4163583100e-01  1.2487183570e-02 
1078.000  5.4376085600e-01  1.2477928160e-02 
1079.000  5.2292882700e-01  1.2004008290e-02 
1080.000  5.4033288800e-01  1.2236502650e-02 
1081.000  5.2055049400e-01  1.1773731230e-02 
1082.000  5.2638712100e-01  1.1932854650e-02 
1083.000  5.1310944700e-01  1.1496797560e-02 
1084.000  5.3373110800e-01  1.1817996030e-02 
1085.000  5.2912446400e-01  1.1467901230e-02 
1086.000  5.3547276500e-01  1.1604619030e-02 
1087.000  5.0019009900e-01  1.1025251390e-02 
1088.000  5.3040345500e-01  1.1754923820e-02 
1089.000  5.1318552500e-01  1.1153616910e-02 
1090.000  5.2491736700e-01  1.1408099170e-02 
1091.000  5.2771992800e-01  1.1569591520e-02 
1092.000  5.1696133300e-01  1.1258438110e-02 
1093.000  5.1383346200e-01  1.0964730260e-02 
1094.000  4.6882049800e-01  9.8700656890e-03 
1095.000  5.0722763800e-01  1.0654445650e-02 
1096.000  5.0796291100e-01  1.0646966930e-02 
1097.000  4.9875800500e-01  1.0357171060e-02 
1098.000  4.9780686400e-01  9.7318153380e-03 
1099.000  5.0229678200e-01  9.2714223860e-03 
1100.000  5.1071093600e-01  9.4610586170e-03 
1101.000  5.0912907100e-01  9.5003023150e-03 
1102.000  4.8821356100e-01  9.0708265300e-03 
1103.000  5.0725042300e-01  9.4653902050e-03 
1104.000  5.0400461000e-01  9.3133411410e-03 
1105.000  5.0436527900e-01  9.1045446400e-03 
1106.000  5.0125442900e-01  8.8516740800e-03 
1107.000  5.0035661000e-01  8.8718309400e-03 
1108.000  4.9851622500e-01  8.8576202390e-03 
1109.000  4.9983166400e-01  9.0273571010e-03 
1110.000  5.0239592500e-01  9.0217723850e-03 
1111.000  4.9636092400e-01  8.8055057530e-03 
1112.000  4.9194725000e-01  8.3345375060e-03 
1113.000  4.9022357900e-01  7.8354439740e-03 
1114.000  4.9553167700e-01  7.7676105500e-03 
1115.000  4.9054087100e-01  7.2379574780e-03 
1116.000  4.8433417500e-01  6.9129414560e-03 
1117.000  4.9007846900e-01  6.5421257020e-03 
1118.000  4.8494490700e-01  6.1187434200e-03 
1119.000  4.7138352800e-01  5.7947859760e-03 
1120.000  4.7233315100e-01  5.6495237350e-03 
1121.000  4.7533937600e-01  5.6540732380e-03 
1122.000  4.7313442400e-01  5.4935383800e-03 
1123.000  4.7535707800e-01  5.5920710560e-03 
1124.000  4.7627229200e-01  5.6532244680e-03 
1125.000  4.6634855200e-01  5.5096483230e-03 
1126.000  4.5742910400e-01  5.3943920140e-03 
1127.000  4.7291542300e-01  5.5882954600e-03 
1128.000  4.6426962000e-01  5.5082612040e-03 
1129.000  4.6716594700e-01  5.6890463830e-03 
1130.000  4.6808373500e-01  6.1218419080e-03 
1131.000  4.7321397800e-01  6.3271474840e-03 
1132.000  4.7421329900e-01  6.1478643420e-03 
1133.000  4.6196451800e-01  5.6877880100e-03 
1134.000  4.5656520100e-01  5.2087941170e-03 
1135.000  4.6254757600e-01  5.3035631180e-03 
1136.000  4.6446572300e-01  5.7606682780e-03 
1137.000  4.7126429500e-01  6.1706066130e-03 
1138.000  4.5520338300e-01  6.3231940270e-03 
1139.000  4.6541805200e-01  6.6213002200e-03 
1140.000  4.6664516500e-01  6.5603771210e-03 
1141.000  4.5315549700e-01  6.2324099540e-03 
1142.000  4.6542100800e-01  6.3449192050e-03 
1143.000  4.5704288500e-01  6.0674400330e-03 
1144.000  4.5376740800e-01  5.8554377560e-03 
1145.000  4.5638558900e-01  5.6693773270e-03 
1146.000  4.6106311800e-01  5.7743759160e-03 
1147.000  4.6340155500e-01  5.9821381570e-03 
1148.000  4.5899469700e-01  6.0977859500e-03 
1149.000  4.6046796400e-01  6.1939964290e-03 
1150.000  4.5851286500e-01  6.1855750080e-03 
1151.000  4.5716761300e-01  6.2999372480e-03 
1152.000  4.5631334500e-01  6.3561935420e-03 
1153.000  4.5551619200e-01  6.4445590970e-03 
1154.000  4.5899509100e-01  6.4848651890e-03 
1155.000  4.6057454100e-01  6.7163815500e-03 
1156.000  4.5433170300e-01  6.8603782650e-03 
1157.000  4.5859119300e-01  7.4840273860e-03 
1158.000  4.5866312700e-01  7.7978892330e-03 
1159.000  4.5217890600e-01  7.9935488700e-03 
1160.000  4.4643441600e-01  8.0339765550e-03 
1161.000  4.3680619600e-01  8.1873292920e-03 
1162.000  4.5261893300e-01  8.7600088120e-03 
1163.000  4.5449859800e-01  9.1151027680e-03 
1164.000  4.4526652800e-01  8.9945383070e-03 
1165.000  4.5386094000e-01  9.2230482100e-03 
1166.000  4.4208835500e-01  9.0656919480e-03 
1167.000  4.4925894900e-01  9.2653083800e-03 
1168.000  4.5318519400e-01  9.3348665240e-03 
1169.000  4.3751461400e-01  9.0623102190e-03 
1170.000  4.4928019700e-01  9.3505296710e-03 
1171.000  4.5135935700e-01  9.4958114620e-03 
1172.000  4.4994677300e-01  9.4085912700e-03 
1173.000  4.4681250500e-01  9.2894048690e-03 
1174.000  4.4703893200e-01  9.2982969280e-03 
1175.000  4.4180575400e-01  9.3408212660e-03 
1176.000  4.3113963500e-01  9.2550849910e-03 
1177.000  4.4445219200e-01  9.4708738330e-03 
1178.000  4.3694470400e-01  9.1743316650e-03 
1179.000  4.3498545400e-01  9.1337499620e-03 
1180.000  4.4109126000e-01  9.2118616100e-03 
1181.000  4.3883785300e-01  9.0410928730e-03 
1182.000  4.3939311500e-01  8.9255161290e-03 
1183.000  4.1388161200e-01  8.4155731200e-03 
1184.000  4.3253526200e-01  8.8587780000e-03 
1185.000  4.3825830900e-01  9.1434040070e-03 
1186.000  4.3565003400e-01  9.0312538150e-03 
1187.000  4.3580480800e-01  8.8538370130e-03 
1188.000  4.3356852500e-01  8.7502708440e-03 
1189.000  4.0820337100e-01  8.3125886920e-03 
1190.000  4.2827717500e-01  8.9565420150e-03 
1191.000  4.3495505700e-01  9.1412534710e-03 
1192.000  4.3258683500e-01  9.1751098630e-03 
1193.000  4.3275327200e-01  9.1118144990e-03 
1194.000  4.3193969100e-01  9.0698709490e-03 
1195.000  4.2709778700e-01  8.8571300510e-03 
1196.000  4.2682836600e-01  8.8697843550e-03 
1197.000  4.2671561700e-01  8.8151836400e-03 
1198.000  4.1238355200e-01  8.5094413760e-03 
1199.000  3.9705852700e-01  8.1325626370e-03 
1200.000  4.2208907900e-01  8.6825017930e-03 
1201.000  4.2511748200e-01  8.7643060680e-03 
1202.000  4.2593331200e-01  8.8068361280e-03 
1203.000  4.0514545600e-01  8.3536310200e-03 
1204.000  4.1185940800e-01  8.5262870790e-03 
1205.000  4.2141292700e-01  8.9225006100e-03 
1206.000  4.1884926800e-01  8.9617767330e-03 
1207.000  4.2166215600e-01  9.0616703030e-03 
1208.000  4.1552405600e-01  8.9000663760e-03 
1209.000  3.8956290300e-01  8.2973432540e-03 
1210.000  4.1684247600e-01  8.7980241780e-03 
1211.000  4.0291803500e-01  8.4975423810e-03 
1212.000  4.1553339500e-01  8.7965421680e-03 
1213.000  4.1706915200e-01  8.9215326310e-03 
1214.000  4.1528394800e-01  8.8849735260e-03 
1215.000  4.1671059000e-01  8.9593734740e-03 
1216.000  4.1547859400e-01  9.0786447530e-03 
1217.000  4.1461481200e-01  9.1793899540e-03 
1218.000  4.1316399600e-01  9.1976776120e-03 
1219.000  4.0929764800e-01  9.1377019880e-03 
1220.000  4.1204873700e-01  9.1889200210e-03 
1221.000  4.1119564600e-01  9.1708345410e-03 
1222.000  4.0891777700e-01  9.1125822070e-03 
1223.000  4.0691605500e-01  9.0950307850e-03 
1224.000  4.0985743500e-01  9.2557706830e-03 
1225.000  4.0753385200e-01  9.2357387540e-03 
1226.000  4.0886191400e-01  9.3074741360e-03 
1227.000  3.9483241700e-01  9.0464525220e-03 
1228.000  4.0693161900e-01  9.3946437840e-03 
1229.000  4.0625584000e-01  9.4282073970e-03 
1230.000  4.0462700100e-01  9.4478912350e-03 
1231.000  4.0449436900e-01  9.4793996810e-03 
1232.000  3.9989514200e-01  9.3868789670e-03 
1233.000  4.0301496300e-01  9.4706811900e-03 
1234.000  4.0154793100e-01  9.5107812880e-03 
1235.000  3.9867548200e-01  9.4656496050e-03 
1236.000  4.0093430100e-01  9.5278043750e-03 
1237.000  4.0082854100e-01  9.5493536000e-03 
1238.000  4.0054421800e-01  9.5491628650e-03 
1239.000  3.9596065400e-01  9.4418325420e-03 
1240.000  3.9418330000e-01  9.4395685200e-03 
1241.000  3.9779147500e-01  9.5614309310e-03 
1242.000  3.9557261400e-01  9.5407142640e-03 
1243.000  3.9124228900e-01  9.4698467250e-03 
1244.000  3.8789353000e-01  9.4111499790e-03 
1245.000  3.9467333300e-01  9.5919799800e-03 
1246.000  3.9173949400e-01  9.4741678240e-03 
1247.000  3.8995206000e-01  9.3831357960e-03 
1248.000  3.9311978900e-01  9.4102125170e-03 
1249.000  3.9178904900e-01  9.3395109180e-03 
1250.000  3.9039454900e-01  9.2596616740e-03 
1251.000  3.8786302400e-01  9.1650180820e-03 
1252.000  3.8686596200e-01  9.1035575870e-03 
1253.000  3.8384199400e-01  8.9927759170e-03 
1254.000  3.8516849400e-01  8.9549589160e-03 
1255.000  3.8475712100e-01  8.8969373700e-03 
1256.000  3.8416291000e-01  8.8421077730e-03 
1257.000  3.8004804900e-01  8.6611108780e-03 
1258.000  3.8204027200e-01  8.5636644360e-03 
1259.000  3.7814415130e-01  8.3561944960e-03 
1260.000  3.7896032510e-01  8.2485694890e-03 
1261.000  3.7851296330e-01  8.1110258100e-03 
1262.000  3.7041352390e-01  7.7812681200e-03 
1263.000  3.7490600220e-01  7.8588690760e-03 
1264.000  3.6906886100e-01  7.7356195450e-03 
1265.000  3.6974124640e-01  7.7631411550e-03 
1266.000  3.7212902410e-01  7.7894849780e-03 
1267.000  3.6515966220e-01  7.6179456710e-03 
1268.000  3.6156343070e-01  7.5062742230e-03 
1269.000  3.6494786960e-01  7.5598878860e-03 
1270.000  3.6895904780e-01  7.7711658480e-03 
1271.000  3.7100778330e-01  7.8771948810e-03 
1272.000  3.6991067460e-01  7.9159851070e-03 
1273.000  3.6959248180e-01  7.9761438370e-03 
1274.000  3.6738525830e-01  7.9982261660e-03 
1275.000  3.6954746250e-01  8.0711307530e-03 
1276.000  3.7014087700e-01  8.0917520520e-03 
1277.000  3.6986446600e-01  8.0800218580e-03 
1278.000  3.6880425090e-01  8.0474023820e-03 
1279.000  3.6633550820e-01  8.0150003430e-03 
1280.000  3.6417198000e-01  8.0584754940e-03 
1281.000  3.5378555690e-01  7.9152765270e-03 
1282.000  3.1416860910e-01  7.1056227680e-03 
1283.000  3.4479440820e-01  7.8588304520e-03 
1284.000  3.5902214260e-01  8.2237205510e-03 
1285.000  3.6165525270e-01  8.3031597140e-03 
1286.000  3.6153665830e-01  8.2676000600e-03 
1287.000  3.6374771870e-01  8.2617778780e-03 
1288.000  3.6146733250e-01  8.0296659470e-03 
1289.000  3.6362213580e-01  8.0236787800e-03 
1290.000  3.5529047060e-01  7.8221993450e-03 
1291.000  3.6015392680e-01  7.9106411930e-03 
1292.000  3.6165688850e-01  7.9635772710e-03 
1293.000  3.6198005240e-01  7.9322609900e-03 
1294.000  3.5623484760e-01  7.6906948090e-03 
1295.000  3.6007004860e-01  7.6296114920e-03 
1296.000  3.6033496890e-01  7.5290832520e-03 
1297.000  3.5811342980e-01  7.4211859700e-03 
1298.000  3.5491366470e-01  7.3603615760e-03 
1299.000  3.5847709900e-01  7.4376683240e-03 
1300.000  3.5703769080e-01  7.4119358060e-03 
1301.000  3.5646924920e-01  7.3802123070e-03 
1302.000  3.5189584400e-01  7.1998696330e-03 
1303.000  3.5000604410e-01  6.9841814040e-03 
1304.000  3.5023435630e-01  6.8966360090e-03 
1305.000  3.5239101190e-01  6.8870997430e-03 
1306.000  3.5272688530e-01  6.8368921280e-03 
1307.000  3.5168531610e-01  6.7774667740e-03 
1308.000  3.5138576420e-01  6.6853356360e-03 
1309.000  3.5107264710e-01  6.5575923920e-03 
1310.000  3.4961477660e-01  6.5258979800e-03 
1311.000  3.4854385730e-01  6.5116047860e-03 
1312.000  3.4745825030e-01  6.3469691280e-03 
1313.000  3.3462523100e-01  5.9412422180e-03 
1314.000  3.4507053410e-01  5.9772329330e-03 
1315.000  3.3345165530e-01  5.8459849360e-03 
1316.000  3.4120864140e-01  6.0910987850e-03 
1317.000  3.4487938000e-01  6.1563968660e-03 
1318.000  3.3999926750e-01  5.8886499400e-03 
1319.000  3.4465676990e-01  5.7375869750e-03 
1320.000  3.4211253010e-01  5.4608087540e-03 
1321.000  3.4060968500e-01  5.3529682160e-03 
1322.000  3.3992946920e-01  5.4704532620e-03 
1323.000  3.4068186880e-01  5.6321353910e-03 
1324.000  3.4086303440e-01  5.7235789300e-03 
1325.000  3.3977342240e-01  5.6418385510e-03 
1326.000  3.3818401440e-01  5.4584527020e-03 
1327.000  3.3548372850e-01  5.1117014880e-03 
1328.000  3.3636851260e-01  4.8545360570e-03 
1329.000  3.2409243850e-01  4.2795596120e-03 
1330.000  3.2916544180e-01  4.2109880450e-03 
1331.000  3.3063178210e-01  4.1494898800e-03 
1332.000  3.2308582780e-01  4.0785484310e-03 
1333.000  3.3162473090e-01  4.2577075960e-03 
1334.000  3.3203966540e-01  4.3625488280e-03 
1335.000  3.3232466600e-01  4.4403810500e-03 
1336.000  3.2872710830e-01  4.4174098970e-03 
1337.000  3.2979139850e-01  4.4378199580e-03 
1338.000  3.2954797090e-01  4.4888772960e-03 
1339.000  3.2600703230e-01  4.4475760460e-03 
1340.000  3.2366696150e-01  4.4613823890e-03 
1341.000  3.2855242980e-01  4.4739198680e-03 
1342.000  3.2774836570e-01  4.4695024490e-03 
1343.000  3.2771959790e-01  4.2874994280e-03 
1344.000  3.2622156530e-01  4.1127333640e-03 
1345.000  3.2372069090e-01  3.7887141700e-03 
1346.000  3.1854896630e-01  3.5921618940e-03 
1347.000  3.1915419040e-01  3.5190725330e-03 
1348.000  3.1557655260e-01  3.3968126770e-03 
1349.000  3.1343407520e-01  3.3334364890e-03 
1350.000  3.0703504210e-01  3.1862156390e-03 
1351.000  3.0486679080e-01  3.1092064380e-03 
1352.000  3.0542380750e-01  3.0332827570e-03 
1353.000  2.9957073820e-01  2.8752434250e-03 
1354.000  2.9595218020e-01  2.7822351460e-03 
1355.000  2.9031108460e-01  2.6655170920e-03 
1356.000  2.8603707390e-01  2.5561690330e-03 
1357.000  2.7933705510e-01  2.4095151420e-03 
1358.000  2.7973426080e-01  2.3191959860e-03 
1359.000  2.7201654830e-01  2.0969545840e-03 
1360.000  2.6204751930e-01  1.9213619230e-03 
1361.000  2.6424486310e-01  1.8731610770e-03 
1362.000  2.6198115140e-01  1.8390256170e-03 
1363.000  2.6224443890e-01  1.9392522570e-03 
1364.000  2.6751527520e-01  2.0116178990e-03 
1365.000  2.6737872210e-01  2.0284414290e-03 
1366.000  2.6925654220e-01  2.0814533230e-03 
1367.000  2.6430637630e-01  1.9939289090e-03 
1368.000  2.6433004140e-01  1.9485034940e-03 
1369.000  2.5956762250e-01  1.9242793320e-03 
1370.000  2.6507973680e-01  2.0799355510e-03 
1371.000  2.7286061530e-01  2.3004119400e-03 
1372.000  2.8370031100e-01  2.5567793850e-03 
1373.000  2.8780384480e-01  2.6932160850e-03 
1374.000  2.9109187310e-01  2.7759797570e-03 
1375.000  2.8700201450e-01  2.7599835400e-03 
1376.000  2.8271260360e-01  2.7014200690e-03 
1377.000  2.8529128620e-01  2.6887047290e-03 
1378.000  2.8039265140e-01  2.5712976460e-03 
1379.000  2.7853787620e-01  2.4459605220e-03 
1380.000  2.6854840140e-01  2.2078690530e-03 
1381.000  2.6249375730e-01  2.0125455860e-03 
1382.000  2.5434890600e-01  1.8709148170e-03 
1383.000  2.5657396580e-01  1.8781657220e-03 
1384.000  2.6227096180e-01  2.0393331050e-03 
1385.000  2.6435488480e-01  2.1488337520e-03 
1386.000  2.7233402640e-01  2.3246278760e-03 
1387.000  2.7623808630e-01  2.5224068160e-03 
1388.000  2.8202857850e-01  2.6491396430e-03 
1389.000  2.8427386840e-01  2.7018427850e-03 
1390.000  2.7926223900e-01  2.6635413170e-03 
1391.000  2.8199765570e-01  2.6638698580e-03 
1392.000  2.7755638860e-01  2.5461552140e-03 
1393.000  2.7301210810e-01  2.4302256110e-03 
1394.000  2.6696039750e-01  2.3063013550e-03 
1395.000  2.6826109600e-01  2.3491895200e-03 
1396.000  2.7419098350e-01  2.4851968290e-03 
1397.000  2.7725894540e-01  2.5793449880e-03 
1398.000  2.7747040400e-01  2.5888559820e-03 
1399.000  2.7565715470e-01  2.5496153830e-03 
1400.000  2.6765345590e-01  2.4645776750e-03 
1401.000  2.6886538720e-01  2.4823749070e-03 
1402.000  2.7543000830e-01  2.5939149860e-03 
1403.000  2.7473076900e-01  2.6174557210e-03 
1404.000  2.7264780270e-01  2.5794365410e-03 
1405.000  2.7281419050e-01  2.5831258300e-03 
1406.000  2.7242946380e-01  2.5558733940e-03 
1407.000  2.7269995730e-01  2.5564463140e-03 
1408.000  2.7354223750e-01  2.6119663720e-03 
1409.000  2.7645777870e-01  2.6733191010e-03 
1410.000  2.7764927520e-01  2.7429187300e-03 
1411.000  2.7972123870e-01  2.8037412170e-03 
1412.000  2.6879063510e-01  2.6897993090e-03 
1413.000  2.7398122210e-01  2.7538893220e-03 
1414.000  2.7756458230e-01  2.7743313310e-03 
1415.000  2.7740351010e-01  2.7938554290e-03 
1416.000  2.7689487670e-01  2.8083579540e-03 
1417.000  2.7891597620e-01  2.8238356110e-03 
1418.000  2.7902501030e-01  2.8214406970e-03 
1419.000  2.7505090110e-01  2.7757959370e-03 
1420.000  2.7444733570e-01  2.7727384570e-03 
1421.000  2.7900238650e-01  2.8468556400e-03 
1422.000  2.7276848120e-01  2.7934448720e-03 
1423.000  2.7110754210e-01  2.7733285430e-03 
1424.000  2.7135269150e-01  2.7649028300e-03 
1425.000  2.7658875280e-01  2.7947647570e-03 
1426.000  2.6539674880e-01  2.6748316290e-03 
1427.000  2.6953793580e-01  2.7248177530e-03 
1428.000  2.7538791920e-01  2.7891049390e-03 
1429.000  2.6892941080e-01  2.7305676940e-03 
1430.000  2.6308766640e-01  2.6571593280e-03 
1431.000  2.6248437430e-01  2.6057634350e-03 
1432.000  2.6725578870e-01  2.6244382860e-03 
1433.000  2.6739154230e-01  2.6158902650e-03 
1434.000  2.6200238830e-01  2.5455112460e-03 
1435.000  2.6519904210e-01  2.5925760270e-03 
1436.000  2.6523481160e-01  2.5947387220e-03 
1437.000  2.6628250560e-01  2.6011857990e-03 
1438.000  2.6563462320e-01  2.6149587630e-03 
1439.000  2.6877515780e-01  2.6413786410e-03 
1440.000  2.5213788640e-01  2.4817028050e-03 
1441.000  2.6484360200e-01  2.6033301350e-03 
1442.000  2.5867731420e-01  2.5240316390e-03 
1443.000  2.6297271260e-01  2.5559530260e-03 
1444.000  2.6425146410e-01  2.5677139760e-03 
1445.000  2.6345388740e-01  2.5527062420e-03 
1446.000  2.6628199220e-01  2.5899741650e-03 
1447.000  2.6506473520e-01  2.5876908300e-03 
1448.000  2.6709116400e-01  2.6001248360e-03 
1449.000  2.6698476540e-01  2.5762794020e-03 
1450.000  2.6518839530e-01  2.5268127920e-03 
1451.000  2.6347835070e-01  2.5071575640e-03 
1452.000  2.6023456290e-01  2.4987018110e-03 
1453.000  2.6518775830e-01  2.6049163340e-03 
1454.000  2.6621822210e-01  2.6935548780e-03 
1455.000  2.6285112720e-01  2.7147660260e-03 
1456.000  2.6273112370e-01  2.7745964530e-03 
1457.000  2.6525020600e-01  2.7976109980e-03 
1458.000  2.6887704930e-01  2.8378474710e-03 
1459.000  2.6987591200e-01  2.7767918110e-03 
1460.000  2.6528426350e-01  2.6691026690e-03 
1461.000  2.6470471700e-01  2.6234169010e-03 
1462.000  2.6181386260e-01  2.5201044080e-03 
1463.000  2.6006753120e-01  2.4894866940e-03 
1464.000  2.5989609030e-01  2.4578390120e-03 
1465.000  2.6290187020e-01  2.4348819260e-03 
1466.000  2.5664001890e-01  2.3221898080e-03 
1467.000  2.6279141050e-01  2.3386068340e-03 
1468.000  2.5632390780e-01  2.2416417600e-03 
1469.000  2.5915018780e-01  2.2157516480e-03 
1470.000  2.5765541500e-01  2.1775972840e-03 
1471.000  2.5358123350e-01  2.1717915530e-03 
1472.000  2.5511363820e-01  2.2362899780e-03 
1473.000  2.5735848980e-01  2.3526599410e-03 
1474.000  2.5027278950e-01  2.3751688000e-03 
1475.000  2.5559416290e-01  2.4134757520e-03 
1476.000  2.5599828600e-01  2.4050188060e-03 
1477.000  2.5674947650e-01  2.3674800400e-03 
1478.000  2.5303567880e-01  2.2906756400e-03 
1479.000  2.5593446140e-01  2.2644796370e-03 
1480.000  2.5733674140e-01  2.2902460100e-03 
1481.000  2.5350042840e-01  2.2958505150e-03 
1482.000  2.5665671530e-01  2.3754127030e-03 
1483.000  2.5137033420e-01  2.3360030650e-03 
1484.000  2.5369388010e-01  2.3550095560e-03 
1485.000  2.5852288750e-01  2.3847818370e-03 
1486.000  2.5426308990e-01  2.3959503170e-03 
1487.000  2.5455390020e-01  2.5152194500e-03 
1488.000  2.2253122940e-01  2.2061247830e-03 
1489.000  2.5551291830e-01  2.7077126500e-03 
1490.000  2.5610784700e-01  2.8821527960e-03 
1491.000  2.5865335800e-01  3.0343568330e-03 
1492.000  2.5264311390e-01  2.9859921930e-03 
1493.000  2.5832072660e-01  3.1418807510e-03 
1494.000  2.5733928990e-01  3.1378755570e-03 
1495.000  2.5553876360e-01  3.1961798670e-03 
1496.000  2.4798197410e-01  3.2408018110e-03 
1497.000  2.5380622970e-01  3.3093166350e-03 
1498.000  2.5637677450e-01  3.4738867280e-03 
1499.000  2.5206473580e-01  3.5359179970e-03 
1500.000  2.5636323030e-01  3.6842114930e-03 
1501.000  2.5599723380e-01  3.6329607960e-03 
1502.000  2.5402007970e-01  3.5427107810e-03 
1503.000  2.2809503470e-01  3.1357104780e-03 
1504.000  2.3763949990e-01  3.2892153260e-03 
1505.000  2.3690127050e-01  3.3903770450e-03 
1506.000  2.4009512380e-01  3.4638154510e-03 
1507.000  2.5110697650e-01  3.7326514720e-03 
1508.000  2.4718604430e-01  3.7416217330e-03 
1509.000  2.4825391170e-01  3.8327500820e-03 
1510.000  2.5209018560e-01  3.9310328960e-03 
1511.000  2.5323657590e-01  4.0101222990e-03 
1512.000  2.4848275760e-01  3.9782073500e-03 
1513.000  2.4806674070e-01  4.0091071130e-03 
1514.000  2.4467110660e-01  3.9754116540e-03 
1515.000  2.4947917230e-01  4.0734901430e-03 
1516.000  2.4716411350e-01  4.0097866060e-03 
1517.000  2.4570031590e-01  3.9730064870e-03 
1518.000  2.5022872640e-01  4.0595598220e-03 
1519.000  2.4651541270e-01  4.0185022350e-03 
1520.000  2.4803191500e-01  4.1156635280e-03 
1521.000  2.4330752850e-01  4.1272258760e-03 
1522.000  2.4188358830e-01  4.1493062970e-03 
1523.000  2.4777125200e-01  4.3126659390e-03 
1524.000  2.4601242810e-01  4.3115119930e-03 
1525.000  2.4053002080e-01  4.2279191020e-03 
1526.000  2.4730530270e-01  4.3278603550e-03 
1527.000  2.4463259450e-01  4.2801847460e-03 
1528.000  2.4611596380e-01  4.3131680490e-03 
1529.000  2.4533723850e-01  4.2748441700e-03 
1530.000  2.2950551170e-01  3.9994885920e-03 
1531.000  2.4523026810e-01  4.2483992580e-03 
1532.000  2.4365731140e-01  4.1984419820e-03 
1533.000  2.4242633170e-01  4.1434764860e-03 
1534.000  2.3857375040e-01  4.0431890490e-03 
1535.000  2.3918802200e-01  4.0199289320e-03 
1536.000  2.4238652460e-01  4.1082434650e-03 
1537.000  2.4294926080e-01  4.1677651410e-03 
1538.000  2.3610461720e-01  4.1013913150e-03 
1539.000  2.4093252770e-01  4.2347931860e-03 
1540.000  2.3210428480e-01  4.1198267940e-03 
1541.000  2.3686654370e-01  4.2087650300e-03 
1542.000  2.3827503650e-01  4.2275714870e-03 
1543.000  2.3738864110e-01  4.2138218880e-03 
1544.000  2.4007365640e-01  4.2683424950e-03 
1545.000  2.4047522110e-01  4.2910227780e-03 
1546.000  2.4026843070e-01  4.3172435760e-03 
1547.000  2.3761627450e-01  4.2970309260e-03 
1548.000  2.3041118840e-01  4.1923909190e-03 
1549.000  2.3631665500e-01  4.3161325450e-03 
1550.000  2.3500459230e-01  4.3060240750e-03 
1551.000  2.3377438790e-01  4.2731142040e-03 
1552.000  2.3774805810e-01  4.3235445020e-03 
1553.000  2.3640673100e-01  4.2825298310e-03 
1554.000  2.2774481530e-01  4.1036181450e-03 
1555.000  2.3139739440e-01  4.1561017040e-03 
1556.000  2.2689224100e-01  4.0981187820e-03 
1557.000  2.3425734960e-01  4.2842984200e-03 
1558.000  2.3246297820e-01  4.2962398530e-03 
1559.000  2.3257409600e-01  4.3408050540e-03 
1560.000  2.2855787070e-01  4.3135895730e-03 
1561.000  2.3399566790e-01  4.4277544020e-03 
1562.000  2.3407080970e-01  4.4015002250e-03 
1563.000  2.3073144070e-01  4.3192062380e-03 
1564.000  2.2638816360e-01  4.2089276310e-03 
1565.000  2.3030161140e-01  4.2457785610e-03 
1566.000  2.2593774270e-01  4.1701059340e-03 
1567.000  2.2659039240e-01  4.1842803960e-03 
1568.000  2.2278117830e-01  4.1035680770e-03 
1569.000  2.2460964220e-01  4.1228141780e-03 
1570.000  2.1957228070e-01  4.0287690160e-03 
1571.000  2.2545568160e-01  4.1641979220e-03 
1572.000  2.2565838770e-01  4.1786427500e-03 
1573.000  2.2188193410e-01  4.1388030050e-03 
1574.000  2.2210352790e-01  4.1820011140e-03 
1575.000  2.0598354250e-01  3.9079432490e-03 
1576.000  2.2129461120e-01  4.2008485790e-03 
1577.000  1.9973322060e-01  3.7584989070e-03 
1578.000  2.1845008870e-01  4.0748963360e-03 
1579.000  2.1938397210e-01  4.0624537470e-03 
1580.000  2.2328978740e-01  4.1142020230e-03 
1581.000  2.2180912000e-01  4.0542740820e-03 
1582.000  2.1671140790e-01  3.9940104480e-03 
1583.000  2.1880038070e-01  4.0641837120e-03 
1584.000  2.1633808300e-01  4.0501985550e-03 
1585.000  2.2236187330e-01  4.1891217230e-03 
1586.000  2.1956884630e-01  4.1466350560e-03 
1587.000  2.1689324590e-01  4.1229515080e-03 
1588.000  2.1342398030e-01  4.0812344550e-03 
1589.000  1.9521051170e-01  3.7414155010e-03 
1590.000  2.1036340060e-01  4.0430383680e-03 
1591.000  2.0564997130e-01  3.9658842090e-03 
1592.000  2.1655741880e-01  4.1839423180e-03 
1593.000  2.2147529470e-01  4.2823867800e-03 
1594.000  2.1992074410e-01  4.2548666000e-03 
1595.000  2.2138577010e-01  4.2848553660e-03 
1596.000  2.0737979610e-01  4.0296621320e-03 
1597.000  2.1583780030e-01  4.1878209110e-03 
1598.000  2.1991086960e-01  4.2518396380e-03 
1599.000  2.1254907320e-01  4.0894927980e-03 
1600.000  2.1609134900e-01  4.1455497740e-03 
1601.000  2.0699468920e-01  3.9866523740e-03 
1602.000  2.1228798860e-01  4.1224994660e-03 
1603.000  2.1067773240e-01  4.1425867080e-03 
1604.000  2.1326495250e-01  4.2519192700e-03 
1605.000  2.1011185810e-01  4.2281169890e-03 
1606.000  2.0925635750e-01  4.2523183820e-03 
1607.000  2.1013595960e-01  4.2365727420e-03 
1608.000  2.1253023350e-01  4.2521152500e-03 
1609.000  2.1171318050e-01  4.2093982700e-03 
1610.000  1.9850245090e-01  3.9258136750e-03 
1611.000  2.0420900660e-01  4.0334367750e-03 
1612.000  2.0595517420e-01  4.0647344590e-03 
1613.000  2.1035096920e-01  4.1466102600e-03 
1614.000  2.0828652680e-01  4.0763893130e-03 
1615.000  2.1155074930e-01  4.1297149660e-03 
1616.000  1.9820938550e-01  3.8565018180e-03 
1617.000  2.0392219760e-01  4.0121574400e-03 
1618.000  2.1027595090e-01  4.1629791260e-03 
1619.000  2.0953192750e-01  4.1943082810e-03 
1620.000  2.0418142940e-01  4.1316523550e-03 
1621.000  2.0112055440e-01  4.1067113880e-03 
1622.000  2.0618285560e-01  4.2158465390e-03 
1623.000  2.1031115520e-01  4.3152952190e-03 
1624.000  2.1176453760e-01  4.3551316260e-03 
1625.000  2.0644646320e-01  4.2716441150e-03 
1626.000  2.0897795520e-01  4.3138289450e-03 
1627.000  2.0870833460e-01  4.3275933270e-03 
1628.000  2.1038549570e-01  4.3726134300e-03 
1629.000  2.1035499130e-01  4.3804411890e-03 
1630.000  2.0464395890e-01  4.2627711300e-03 
1631.000  2.0784463230e-01  4.3411421780e-03 
1632.000  2.0789713510e-01  4.2876000400e-03 
1633.000  2.0522154620e-01  4.1926765440e-03 
1634.000  2.0041934660e-01  4.0525536540e-03 
1635.000  2.0579272450e-01  4.1244053840e-03 
1636.000  2.0524848820e-01  4.0697455410e-03 
1637.000  1.9611048390e-01  3.8489305970e-03 
1638.000  1.9467742170e-01  3.7903521060e-03 
1639.000  1.9273744160e-01  3.7080926900e-03 
1640.000  1.9389357430e-01  3.6945028310e-03 
1641.000  1.9269362510e-01  3.6482832430e-03 
1642.000  1.9245341130e-01  3.7093260290e-03 
1643.000  1.9739972830e-01  3.8671305180e-03 
1644.000  1.9434496530e-01  3.8670380120e-03 
1645.000  1.9477817140e-01  3.9318397050e-03 
1646.000  1.9711911550e-01  4.0333938600e-03 
1647.000  1.9896995410e-01  4.0683102610e-03 
1648.000  1.9820142220e-01  4.0426797870e-03 
1649.000  1.9367352250e-01  3.9462003710e-03 
1650.000  1.9858124430e-01  4.0442886350e-03 
1651.000  1.9410688890e-01  3.9508025650e-03 
1652.000  1.9798089750e-01  4.0256032940e-03 
1653.000  1.9575788220e-01  3.9879100320e-03 
1654.000  1.9795421380e-01  4.0345444680e-03 
1655.000  1.9398655500e-01  3.9638013840e-03 
1656.000  1.9771269960e-01  4.0466141700e-03 
1657.000  1.9627943440e-01  4.0174050330e-03 
1658.000  1.9733986490e-01  4.0472450260e-03 
1659.000  1.9370498650e-01  3.9736068250e-03 
1660.000  1.9606880570e-01  4.0151610370e-03 
1661.000  1.9683822170e-01  4.0128440860e-03 
1662.000  1.9551571810e-01  3.9256668090e-03 
1663.000  1.9428511440e-01  3.8481366630e-03 
1664.000  1.9346260340e-01  3.7782843110e-03 
1665.000  1.9148723860e-01  3.6861410140e-03 
1666.000  1.9055517310e-01  3.6599678990e-03 
1667.000  1.9207780320e-01  3.7454500200e-03 
1668.000  1.8882342590e-01  3.7199845310e-03 
1669.000  1.8912572870e-01  3.7718575000e-03 
1670.000  1.9319811440e-01  3.9002251630e-03 
1671.000  1.9172291820e-01  3.9186806680e-03 
1672.000  1.8264170910e-01  3.7889897820e-03 
1673.000  1.8802239340e-01  3.9473860260e-03 
1674.000  1.8889611470e-01  4.0163722040e-03 
1675.000  1.8714583200e-01  4.0360822680e-03 
1676.000  1.8416484970e-01  3.9902658460e-03 
1677.000  1.8505005870e-01  4.0070943830e-03 
1678.000  1.8591849060e-01  4.0301327710e-03 
1679.000  1.8344609750e-01  3.9699277880e-03 
1680.000  1.7703712450e-01  3.8338673110e-03 
1681.000  1.7083153820e-01  3.7006263730e-03 
1682.000  1.7576499490e-01  3.8052153590e-03 
1683.000  1.8015814180e-01  3.8941385750e-03 
1684.000  1.8351923950e-01  3.9614558220e-03 
1685.000  1.8423821690e-01  3.9605336190e-03 
1686.000  1.8201533960e-01  3.8998525140e-03 
1687.000  1.8303148980e-01  3.8826055530e-03 
1688.000  1.8337336120e-01  3.8560452460e-03 
1689.000  1.8116330850e-01  3.7925059800e-03 
1690.000  1.8132669070e-01  3.7596881390e-03 
1691.000  1.8369954650e-01  3.8177835940e-03 
1692.000  1.8403389620e-01  3.8416421410e-03 
1693.000  1.8333409350e-01  3.8472785950e-03 
1694.000  1.8305665810e-01  3.8585867880e-03 
1695.000  1.8326607440e-01  3.8683233260e-03 
1696.000  1.8219425970e-01  3.8102452750e-03 
1697.000  1.8115355600e-01  3.7417325970e-03 
1698.000  1.8224683490e-01  3.7210965160e-03 
1699.000  1.8106916070e-01  3.6574680810e-03 
1700.000  1.7874810960e-01  3.5735192300e-03 
