 lambda   Irr_dw            Rad_up 
 550.000  1.5552098300e+00  5.8455471040e-02 
 551.000  1.5449261800e+00  5.7910995480e-02 
 552.000  1.6108692600e+00  6.0337566380e-02 
 553.000  1.5472255500e+00  5.7771026610e-02 
 554.000  1.5972306700e+00  5.9569824220e-02 
 555.000  1.6012097500e+00  5.9500484470e-02 
 556.000  1.5566168600e+00  5.7635513310e-02 
 557.000  1.5100558200e+00  5.5855064390e-02 
 558.000  1.5670467000e+00  5.7755043030e-02 
 559.000  1.4808785800e+00  5.4445758820e-02 
 560.000  1.4871368800e+00  5.4612876890e-02 
 561.000  1.6342206300e+00  5.9784595490e-02 
 562.000  1.5002630200e+00  5.4788620000e-02 
 563.000  1.5695279100e+00  5.7106891630e-02 
 564.000  1.5475146200e+00  5.6032871250e-02 
 565.000  1.5662711400e+00  5.6624671940e-02 
 566.000  1.4441608400e+00  5.2015354160e-02 
 567.000  1.5504315300e+00  5.5513751980e-02 
 568.000  1.5510098500e+00  5.4902599330e-02 
 569.000  1.5296074400e+00  5.2946483610e-02 
 570.000  1.5361376900e+00  5.3162837980e-02 
 571.000  1.4751608500e+00  5.1636203770e-02 
 572.000  1.5660152100e+00  5.4062183380e-02 
 573.000  1.5808689000e+00  5.4672061920e-02 
 574.000  1.5718017100e+00  5.4270320890e-02 
 575.000  1.5339697400e+00  5.2780643460e-02 
 576.000  1.5063515900e+00  5.1708831790e-02 
 577.000  1.5670150800e+00  5.3811672210e-02 
 578.000  1.5185515200e+00  5.2421844480e-02 
 579.000  1.5047260000e+00  5.1962677000e-02 
 580.000  1.5545822300e+00  5.3895709990e-02 
 581.000  1.5234493500e+00  5.2957267760e-02 
 582.000  1.5444068100e+00  5.3573944090e-02 
 583.000  1.5543092900e+00  5.3960163120e-02 
 584.000  1.5486486700e+00  5.3575500490e-02 
 585.000  1.5380309900e+00  5.3053596500e-02 
 586.000  1.4716225500e+00  5.0710155490e-02 
 587.000  1.5322401100e+00  5.2235565190e-02 
 588.000  1.5303680000e+00  5.0786273960e-02 
 589.000  1.3758568700e+00  4.4021762850e-02 
 590.000  1.4377839300e+00  4.5886596680e-02 
 591.000  1.5131174800e+00  4.9274757390e-02 
 592.000  1.4917262600e+00  4.7813014980e-02 
 593.000  1.4909842700e+00  4.8930114750e-02 
 594.000  1.5082733700e+00  4.9153198240e-02 
 595.000  1.4909207100e+00  4.7601169590e-02 
 596.000  1.5111606000e+00  4.9475166320e-02 
 597.000  1.5192147200e+00  4.9254928590e-02 
 598.000  1.4812804700e+00  4.8526432040e-02 
 599.000  1.4787978400e+00  4.8602546690e-02 
 600.000  1.4729003300e+00  4.8880508420e-02 
 601.000  1.4604760200e+00  4.8821243290e-02 
 602.000  1.4430020100e+00  4.8242935180e-02 
 603.000  1.4502432100e+00  4.8601173400e-02 
 604.000  1.4949128100e+00  5.0245300290e-02 
 605.000  1.4904824500e+00  4.9950901030e-02 
 606.000  1.4729834400e+00  4.9401535030e-02 
 607.000  1.4645171600e+00  4.9013851170e-02 
 608.000  1.4590144400e+00  4.8695549010e-02 
 609.000  1.4439542600e+00  4.8156246190e-02 
 610.000  1.4207292700e+00  4.7255542760e-02 
 611.000  1.4437127300e+00  4.7964813230e-02 
 612.000  1.4248704200e+00  4.7294326780e-02 
 613.000  1.4040166000e+00  4.6490028380e-02 
 614.000  1.3528354500e+00  4.4773044590e-02 
 615.000  1.4181707100e+00  4.6780879970e-02 
 616.000  1.3484230900e+00  4.4468383790e-02 
 617.000  1.3561053400e+00  4.4668643950e-02 
 618.000  1.4201974600e+00  4.6598213200e-02 
 619.000  1.4073672300e+00  4.6190071110e-02 
 620.000  1.4283736500e+00  4.6694862370e-02 
 621.000  1.4532484200e+00  4.7456161500e-02 
 622.000  1.3769173500e+00  4.4852508540e-02 
 623.000  1.3881382600e+00  4.4999771120e-02 
 624.000  1.3900773200e+00  4.5094207760e-02 
 625.000  1.3528594900e+00  4.3840061190e-02 
 626.000  1.3607809200e+00  4.3845653530e-02 
 627.000  1.3892440900e+00  4.4199581150e-02 
 628.000  1.3957966300e+00  4.2849807740e-02 
 629.000  1.4166928000e+00  4.4096469880e-02 
 630.000  1.3658479200e+00  4.2896911620e-02 
 631.000  1.4116401400e+00  4.4452804570e-02 
 632.000  1.3170800600e+00  4.1225868230e-02 
 633.000  1.4072127600e+00  4.4440826420e-02 
 634.000  1.3626318200e+00  4.3194267270e-02 
 635.000  1.3871270900e+00  4.3985454560e-02 
 636.000  1.3368994400e+00  4.2467895510e-02 
 637.000  1.3801984900e+00  4.3896747590e-02 
 638.000  1.3989302700e+00  4.4648624420e-02 
 639.000  1.3870877800e+00  4.4109729770e-02 
 640.000  1.3421423700e+00  4.2925640110e-02 
 641.000  1.3613767600e+00  4.3480789180e-02 
 642.000  1.3440304300e+00  4.2946197510e-02 
 643.000  1.3692118600e+00  4.3549110410e-02 
 644.000  1.3534268400e+00  4.2908531190e-02 
 645.000  1.3676506900e+00  4.3178615570e-02 
 646.000  1.3254446100e+00  4.0832519530e-02 
 647.000  1.3507025000e+00  4.0926906590e-02 
 648.000  1.3562710300e+00  4.0574966430e-02 
 649.000  1.3762718500e+00  4.1492202760e-02 
 650.000  1.2629967400e+00  3.9022705080e-02 
 651.000  1.3605994200e+00  4.2000362400e-02 
 652.000  1.3460340200e+00  4.0624908450e-02 
 653.000  1.3597018700e+00  4.2031227110e-02 
 654.000  1.3434670000e+00  4.1244033810e-02 
 655.000  1.3128546200e+00  3.9882633210e-02 
 656.000  1.1132812200e+00  3.3872779850e-02 
 657.000  1.1859680100e+00  3.6244953160e-02 
 658.000  1.3166334900e+00  4.0655445100e-02 
 659.000  1.3172901100e+00  4.0814247130e-02 
 660.000  1.3265759500e+00  4.1187561040e-02 
 661.000  1.3291789400e+00  4.1575122830e-02 
 662.000  1.3468563700e+00  4.2229381560e-02 
 663.000  1.3322902700e+00  4.1644622800e-02 
 664.000  1.3106141200e+00  4.0968082430e-02 
 665.000  1.3159593400e+00  4.1111991880e-02 
 666.000  1.3312376600e+00  4.1707908630e-02 
 667.000  1.3044110900e+00  4.0767616270e-02 
 668.000  1.3112716100e+00  4.1094051360e-02 
 669.000  1.3298835400e+00  4.1713520050e-02 
 670.000  1.3138566700e+00  4.1050865170e-02 
 671.000  1.2997740000e+00  4.0621807100e-02 
 672.000  1.2954665400e+00  4.0442840580e-02 
 673.000  1.3046802400e+00  4.0666004180e-02 
 674.000  1.3071538400e+00  4.0726734160e-02 
 675.000  1.2871216600e+00  4.0021095280e-02 
 676.000  1.3113613500e+00  4.0762046810e-02 
 677.000  1.2852141200e+00  3.9943218230e-02 
 678.000  1.3064090400e+00  4.0535568240e-02 
 679.000  1.2880005600e+00  3.9861667630e-02 
 680.000  1.2785520800e+00  3.9520431520e-02 
 681.000  1.2805332700e+00  3.9480548860e-02 
 682.000  1.2780881100e+00  3.9272438050e-02 
 683.000  1.2867820600e+00  3.9413837430e-02 
 684.000  1.2645693300e+00  3.8684345250e-02 
 685.000  1.2782522600e+00  3.9044418330e-02 
 686.000  1.2250452500e+00  3.6998752590e-02 
 687.000  1.2260385900e+00  3.2912506100e-02 
 688.000  1.2269436400e+00  3.3956516270e-02 
 689.000  1.2304880100e+00  3.3815448760e-02 
 690.000  1.2364334000e+00  3.4525142670e-02 
 691.000  1.2413997400e+00  3.5388263700e-02 
 692.000  1.2339267900e+00  3.5530303960e-02 
 693.000  1.2420848600e+00  3.4839473720e-02 
 694.000  1.2557264600e+00  3.4508686070e-02 
 695.000  1.2327353400e+00  3.4268260960e-02 
 696.000  1.2465376100e+00  3.4901317600e-02 
 697.000  1.2454667400e+00  3.6523384090e-02 
 698.000  1.2231766800e+00  3.5414123540e-02 
 699.000  1.2490348900e+00  3.4777847290e-02 
 700.000  1.2340950500e+00  3.4521781920e-02 
 701.000  1.2071774400e+00  3.3418090820e-02 
 702.000  1.2009700900e+00  3.3435821530e-02 
 703.000  1.2155738100e+00  3.4876800540e-02 
 704.000  1.2191057000e+00  3.5037021640e-02 
 705.000  1.2295741400e+00  3.4832416530e-02 
 706.000  1.2164248700e+00  3.4539196010e-02 
 707.000  1.1978621100e+00  3.4170516970e-02 
 708.000  1.2322317800e+00  3.5334594730e-02 
 709.000  1.1877835800e+00  3.4401542660e-02 
 710.000  1.2160634300e+00  3.4720722200e-02 
 711.000  1.2030533000e+00  3.4727607730e-02 
 712.000  1.1856323800e+00  3.4610694890e-02 
 713.000  1.1812276100e+00  3.4131801610e-02 
 714.000  1.2015404700e+00  3.4519229890e-02 
 715.000  1.1604198800e+00  3.2813636780e-02 
 716.000  1.1916742100e+00  3.3156478880e-02 
 717.000  1.1618750800e+00  2.9839441300e-02 
 718.000  1.1557227500e+00  2.8222312930e-02 
 719.000  1.1424158700e+00  2.7293560030e-02 
 720.000  1.1507486400e+00  2.6823171620e-02 
 721.000  1.1490899900e+00  3.0023986820e-02 
 722.000  1.1651815500e+00  3.1556037900e-02 
 723.000  1.1628130000e+00  3.0733537670e-02 
 724.000  1.1698629900e+00  2.8967435840e-02 
 725.000  1.1570911100e+00  2.8908908840e-02 
 726.000  1.1549716700e+00  2.8760667800e-02 
 727.000  1.1720561700e+00  2.9379592900e-02 
 728.000  1.1519257000e+00  2.8624231340e-02 
 729.000  1.1061386200e+00  2.8121374130e-02 
 730.000  1.1470125600e+00  2.9028163910e-02 
 731.000  1.1281048000e+00  2.8476398470e-02 
 732.000  1.1492155400e+00  3.0147430420e-02 
 733.000  1.1313647600e+00  3.0952203750e-02 
 734.000  1.1545709200e+00  3.2179973600e-02 
 735.000  1.1453655900e+00  3.1637191770e-02 
 736.000  1.1243433000e+00  3.0656419750e-02 
 737.000  1.1389291100e+00  3.1298643110e-02 
 738.000  1.1354716600e+00  3.1628694530e-02 
 739.000  1.0986004200e+00  3.0820322040e-02 
 740.000  1.1085776200e+00  3.1529764180e-02 
 741.000  1.0995000700e+00  3.1620811460e-02 
 742.000  1.0813288600e+00  3.1226758960e-02 
 743.000  1.1127956600e+00  3.2434898380e-02 
 744.000  1.1232137800e+00  3.2888225560e-02 
 745.000  1.0938926900e+00  3.2160892490e-02 
 746.000  1.1090206500e+00  3.2640270230e-02 
 747.000  1.1256316600e+00  3.3094558720e-02 
 748.000  1.1054067300e+00  3.2497203830e-02 
 749.000  1.1055974900e+00  3.2517894740e-02 
 750.000  1.0894531100e+00  3.1946889880e-02 
 751.000  1.0866468200e+00  3.1848831180e-02 
 752.000  1.1031085100e+00  3.2378086090e-02 
 753.000  1.0926644600e+00  3.2072994230e-02 
 754.000  1.1097738500e+00  3.2568058010e-02 
 755.000  1.1034079300e+00  3.2366992950e-02 
 756.000  1.0818002700e+00  3.1718828200e-02 
 757.000  1.0897975600e+00  3.1935131070e-02 
 758.000  1.0886568100e+00  3.1814794540e-02 
 759.000  1.0474504500e+00  2.8528343200e-02 
 760.000  8.2404898500e-01  1.3669302940e-02 
 761.000  7.9412598200e-01  1.2405611040e-02 
 762.000  9.2632167100e-01  1.9841581340e-02 
 763.000  9.1145156100e-01  1.7773942950e-02 
 764.000  9.3483729100e-01  1.9071203230e-02 
 765.000  9.8114621300e-01  2.2286067960e-02 
 766.000  9.7284810600e-01  2.4741024020e-02 
 767.000  1.0027308000e+00  2.6772388460e-02 
 768.000  1.0516597400e+00  2.9095630650e-02 
 769.000  1.0531237500e+00  2.9920637130e-02 
 770.000  1.0504415700e+00  3.0253322600e-02 
 771.000  1.0518976600e+00  3.0523565290e-02 
 772.000  1.0480056700e+00  3.0453001020e-02 
 773.000  1.0436920100e+00  3.0334383010e-02 
 774.000  1.0547040900e+00  3.0663871770e-02 
 775.000  1.0149788200e+00  2.9509136200e-02 
 776.000  1.0567067000e+00  3.0759031300e-02 
 777.000  1.0493857400e+00  3.0513341900e-02 
 778.000  1.0438408500e+00  3.0296604160e-02 
 779.000  1.0473146000e+00  3.0330516820e-02 
 780.000  1.0344376700e+00  2.9966197970e-02 
 781.000  1.0325766300e+00  2.9899742130e-02 
 782.000  1.0451144300e+00  3.0173572540e-02 
 783.000  1.0207690800e+00  2.9549743650e-02 
 784.000  1.0266801100e+00  2.9659879680e-02 
 785.000  1.0300584000e+00  2.9538566590e-02 
 786.000  1.0131898600e+00  2.8897010800e-02 
 787.000  1.0300809300e+00  2.8885154720e-02 
 788.000  1.0156078200e+00  2.8301521300e-02 
 789.000  1.0247460700e+00  2.7895805360e-02 
 790.000  1.0146999190e+00  2.7519062040e-02 
 791.000  1.0089630330e+00  2.7484153750e-02 
 792.000  9.9250422300e-01  2.7073505400e-02 
 793.000  9.9048333300e-01  2.7241559980e-02 
 794.000  9.7767921800e-01  2.7469718930e-02 
 795.000  9.7397748900e-01  2.6889535900e-02 
 796.000  9.9469416200e-01  2.6722990040e-02 
 797.000  9.9983273600e-01  2.7101362230e-02 
 798.000  9.9780292100e-01  2.7546846390e-02 
 799.000  9.9762444700e-01  2.7354818340e-02 
 800.000  9.7346321800e-01  2.6288587570e-02 
 801.000  9.9148204800e-01  2.6808563230e-02 
 802.000  9.8971542600e-01  2.6671707150e-02 
 803.000  9.7540286100e-01  2.6350091930e-02 
 804.000  9.8339503500e-01  2.6788202290e-02 
 805.000  9.5493246000e-01  2.6375293730e-02 
 806.000  9.7986403400e-01  2.7227844240e-02 
 807.000  9.7380144800e-01  2.7095882420e-02 
 808.000  9.6865469900e-01  2.6773273470e-02 
 809.000  9.5285427600e-01  2.6156223300e-02 
 810.000  9.4921735800e-01  2.5852479930e-02 
 811.000  9.6563940900e-01  2.5967233660e-02 
 812.000  9.6388019800e-01  2.5558769230e-02 
 813.000  9.6135144000e-01  2.4967800140e-02 
 814.000  9.6198582300e-01  2.4499212270e-02 
 815.000  9.5377001400e-01  2.3695682530e-02 
 816.000  9.4769216400e-01  2.2833232880e-02 
 817.000  9.5327094000e-01  2.2980724330e-02 
 818.000  9.4727692500e-01  2.2805938720e-02 
 819.000  9.2112378900e-01  2.2460292820e-02 
 820.000  9.0148224400e-01  2.2735755920e-02 
 821.000  9.2928584100e-01  2.4353219990e-02 
 822.000  9.0466775200e-01  2.2893447880e-02 
 823.000  9.2089280100e-01  2.1549789430e-02 
 824.000  9.3147762700e-01  2.3293239590e-02 
 825.000  9.2755896200e-01  2.4460828780e-02 
 826.000  9.3386332400e-01  2.4347560880e-02 
 827.000  9.3121089800e-01  2.4087100980e-02 
 828.000  9.3108895000e-01  2.3313264850e-02 
 829.000  9.3001589500e-01  2.3504337310e-02 
 830.000  9.1454361800e-01  2.3405174260e-02 
 831.000  8.9831416600e-01  2.3043613430e-02 
 832.000  9.1661085500e-01  2.3510650630e-02 
 833.000  8.8765597800e-01  2.3031305310e-02 
 834.000  9.0013779900e-01  2.3575273510e-02 
 835.000  9.0008247500e-01  2.3884815220e-02 
 836.000  9.1121245900e-01  2.4172927860e-02 
 837.000  9.0377509300e-01  2.3917074200e-02 
 838.000  9.0599841300e-01  2.4220083240e-02 
 839.000  8.7707086300e-01  2.3547506330e-02 
 840.000  9.0028945200e-01  2.4157701490e-02 
 841.000  9.0360968700e-01  2.4071819310e-02 
 842.000  8.9712508400e-01  2.3999147420e-02 
 843.000  8.8889403400e-01  2.4212030410e-02 
 844.000  8.7320227600e-01  2.3953500750e-02 
 845.000  8.8597568300e-01  2.4376304630e-02 
 846.000  8.9333134400e-01  2.4719745640e-02 
 847.000  8.6194118200e-01  2.4002784730e-02 
 848.000  8.8844171700e-01  2.4534854890e-02 
 849.000  8.8995820400e-01  2.4678232190e-02 
 850.000  7.6995470600e-01  2.1200101850e-02 
 851.000  8.8280085600e-01  2.4163322450e-02 
 852.000  8.4928274900e-01  2.3311601640e-02 
 853.000  8.5798168500e-01  2.3604404450e-02 
 854.000  6.8985032200e-01  1.9006357190e-02 
 855.000  7.5886357700e-01  2.1015947340e-02 
 856.000  8.5976743900e-01  2.3862167360e-02 
 857.000  8.7287920800e-01  2.4379367830e-02 
 858.000  8.5858946300e-01  2.3980745320e-02 
 859.000  8.5771886100e-01  2.4016950610e-02 
 860.000  8.4967310800e-01  2.3879358290e-02 
 861.000  8.4952268200e-01  2.3854970930e-02 
 862.000  8.4651423400e-01  2.3713819500e-02 
 863.000  8.6268995600e-01  2.4263441090e-02 
 864.000  8.6081533800e-01  2.4069881440e-02 
 865.000  8.4466371100e-01  2.3746505740e-02 
 866.000  7.0848779500e-01  1.9960258480e-02 
 867.000  7.5451144300e-01  2.1054891590e-02 
 868.000  8.1830662700e-01  2.2919656750e-02 
 869.000  8.0680462900e-01  2.2586294170e-02 
 870.000  8.4014031800e-01  2.3630359650e-02 
 871.000  8.3893770200e-01  2.3526432040e-02 
 872.000  8.3547408900e-01  2.3208724980e-02 
 873.000  8.3895985300e-01  2.3423654560e-02 
 874.000  8.2065027700e-01  2.2828855510e-02 
 875.000  8.1314104500e-01  2.2757406230e-02 
 876.000  8.2010560700e-01  2.2866455080e-02 
 877.000  8.3657083200e-01  2.3175806050e-02 
 878.000  8.2280221100e-01  2.2854860310e-02 
 879.000  8.2476209500e-01  2.2959928510e-02 
 880.000  8.2050966500e-01  2.2650604250e-02 
 881.000  7.7813552500e-01  2.1516355510e-02 
 882.000  8.2139866200e-01  2.2515640260e-02 
 883.000  8.0241805500e-01  2.2173759460e-02 
 884.000  8.0914808900e-01  2.2563369750e-02 
 885.000  8.1849321800e-01  2.2356151580e-02 
 886.000  7.9299790500e-01  2.1674795150e-02 
 887.000  7.8392789300e-01  2.1416648860e-02 
 888.000  8.0748213400e-01  2.1877119060e-02 
 889.000  8.1259888700e-01  2.2291324620e-02 
 890.000  8.1076873100e-01  2.2140768050e-02 
 891.000  8.0773085300e-01  2.1820369720e-02 
 892.000  8.0708177900e-01  2.1551164630e-02 
 893.000  7.8149140400e-01  1.9994915010e-02 
 894.000  8.0991295600e-01  2.0443605420e-02 
 895.000  7.7492227600e-01  1.8872579570e-02 
 896.000  8.0568910800e-01  1.8746601100e-02 
 897.000  7.8713184200e-01  1.7784248350e-02 
 898.000  7.8848676200e-01  1.7420352940e-02 
 899.000  7.8777658900e-01  1.6488008500e-02 
 900.000  7.6810368000e-01  1.6087545390e-02 
 901.000  7.5164910500e-01  1.5558164600e-02 
 902.000  7.3781423600e-01  1.5309073450e-02 
 903.000  7.7390770800e-01  1.7400377270e-02 
 904.000  7.8828325000e-01  1.8555437090e-02 
 905.000  7.8618719300e-01  1.8738365170e-02 
 906.000  7.6536993500e-01  1.7702877040e-02 
 907.000  7.7833813600e-01  1.6976819990e-02 
 908.000  7.5930003400e-01  1.5879918100e-02 
 909.000  7.4440424700e-01  1.5571712490e-02 
 910.000  7.5320874300e-01  1.5834861760e-02 
 911.000  7.5121236600e-01  1.6351486210e-02 
 912.000  7.5283803600e-01  1.5962503430e-02 
 913.000  7.7045902600e-01  1.5552611350e-02 
 914.000  7.6550041500e-01  1.5803385730e-02 
 915.000  7.5286480500e-01  1.6050176620e-02 
 916.000  7.6122196100e-01  1.6248819350e-02 
 917.000  7.4930656600e-01  1.6149717330e-02 
 918.000  7.4550226900e-01  1.6300872800e-02 
 919.000  7.5533662200e-01  1.7680505750e-02 
 920.000  7.4812507300e-01  1.7874055860e-02 
 921.000  7.3175082800e-01  1.7326831820e-02 
 922.000  7.2521416500e-01  1.7257154460e-02 
 923.000  6.9480126600e-01  1.6025863650e-02 
 924.000  7.2419846700e-01  1.6593458180e-02 
 925.000  7.3381268900e-01  1.6706661220e-02 
 926.000  7.0761406900e-01  1.5949316980e-02 
 927.000  7.3397470700e-01  1.6313295360e-02 
 928.000  7.3849306400e-01  1.5545598980e-02 
 929.000  7.2817576300e-01  1.4241660120e-02 
 930.000  7.2634631900e-01  1.3046918870e-02 
 931.000  7.2604731300e-01  1.2147442820e-02 
 932.000  7.1893349700e-01  1.1061813350e-02 
 933.000  7.2089342900e-01  1.0518333440e-02 
 934.000  7.1458054000e-01  9.9342069630e-03 
 935.000  7.0399138700e-01  9.7369241710e-03 
 936.000  6.9892409800e-01  9.8344879150e-03 
 937.000  7.1452401700e-01  1.0010783200e-02 
 938.000  7.0702856400e-01  1.0472047810e-02 
 939.000  7.1329907200e-01  1.2468162540e-02 
 940.000  7.0965822400e-01  1.2795070650e-02 
 941.000  6.9352451700e-01  1.2191244130e-02 
 942.000  6.6698415700e-01  1.1070124630e-02 
 943.000  7.0276460900e-01  1.0714026450e-02 
 944.000  6.8344683000e-01  1.0350955010e-02 
 945.000  6.8999559100e-01  1.0747859000e-02 
 946.000  6.9935282400e-01  1.0915575030e-02 
 947.000  6.9512403600e-01  1.1156693460e-02 
 948.000  6.9932693100e-01  1.1412033080e-02 
 949.000  7.0154209100e-01  1.1432197570e-02 
 950.000  6.9691748000e-01  1.1406289100e-02 
 951.000  6.9278147600e-01  1.1786879540e-02 
 952.000  6.9270665800e-01  1.1324714660e-02 
 953.000  6.9079526300e-01  1.1632321360e-02 
 954.000  6.8412282600e-01  1.1919338230e-02 
 955.000  6.3900778700e-01  1.0853715900e-02 
 956.000  6.8167131000e-01  1.1537180900e-02 
 957.000  6.8131983500e-01  1.2629846570e-02 
 958.000  6.8657188400e-01  1.2915341380e-02 
 959.000  6.8922520300e-01  1.2763706210e-02 
 960.000  6.8271248400e-01  1.2592818260e-02 
 961.000  6.7538954600e-01  1.2359879490e-02 
 962.000  6.7875115900e-01  1.2516930580e-02 
 963.000  6.7734983600e-01  1.3236912730e-02 
 964.000  6.6959875900e-01  1.3204352380e-02 
 965.000  6.7778352600e-01  1.3289953230e-02 
 966.000  6.5821836100e-01  1.2954199790e-02 
 967.000  6.7779358800e-01  1.3966884610e-02 
 968.000  6.7032358300e-01  1.4843330380e-02 
 969.000  6.7441721400e-01  1.5386413570e-02 
 970.000  6.7624471600e-01  1.5451147080e-02 
 971.000  6.7026493700e-01  1.5295204160e-02 
 972.000  6.7501183500e-01  1.5260278700e-02 
 973.000  6.6877442800e-01  1.4815683360e-02 
 974.000  6.5852060500e-01  1.4231261250e-02 
 975.000  6.6181321800e-01  1.4059400560e-02 
 976.000  6.6982386800e-01  1.4506614690e-02 
 977.000  6.5284352100e-01  1.4574161530e-02 
 978.000  6.6898995600e-01  1.4896742820e-02 
 979.000  6.4955038500e-01  1.4578652380e-02 
 980.000  6.5871629400e-01  1.5259399410e-02 
 981.000  6.6319877200e-01  1.5480731010e-02 
 982.000  6.6176487300e-01  1.5332515720e-02 
 983.000  6.5997549400e-01  1.5565045360e-02 
 984.000  6.5555644800e-01  1.5770434380e-02 
 985.000  6.5524333900e-01  1.5954074860e-02 
 986.000  6.4989711000e-01  1.6094089510e-02 
 987.000  6.5728720100e-01  1.6401969910e-02 
 988.000  6.4918267900e-01  1.6223285680e-02 
 989.000  6.4094002900e-01  1.6028514860e-02 
 990.000  6.4640280500e-01  1.6189392090e-02 
 991.000  6.5164656400e-01  1.6418649670e-02 
 992.000  6.4561292700e-01  1.6278640750e-02 
 993.000  6.4556847900e-01  1.6266950610e-02 
 994.000  6.4880676800e-01  1.6428091050e-02 
 995.000  6.4399082700e-01  1.6372385030e-02 
 996.000  6.4387097400e-01  1.6344440460e-02 
 997.000  6.4459267900e-01  1.6281044010e-02 
 998.000  6.4223123500e-01  1.6147947310e-02 
 999.000  6.4066140600e-01  1.6062952040e-02 
1000.000  6.3554652300e-01  1.5928127290e-02 
1001.000  6.3925897800e-01  1.5893398280e-02 
1002.000  6.3855511800e-01  1.5690942760e-02 
1003.000  6.3102758000e-01  1.5537713050e-02 
1004.000  6.2559493300e-01  1.5494902610e-02 
1005.000  5.8447209400e-01  1.4511784550e-02 
1006.000  6.1493338700e-01  1.5275908470e-02 
1007.000  6.2619532200e-01  1.5512528420e-02 
1008.000  6.2908544500e-01  1.5434516910e-02 
1009.000  6.2558119500e-01  1.5166633610e-02 
1010.000  6.2777461400e-01  1.5288131710e-02 
1011.000  6.2405981200e-01  1.5382591250e-02 
1012.000  6.2409456400e-01  1.5454068180e-02 
1013.000  6.1948268700e-01  1.5395903590e-02 
1014.000  6.2338452900e-01  1.5551406860e-02 
1015.000  6.1186698000e-01  1.5304444310e-02 
1016.000  6.1573185800e-01  1.5465974810e-02 
1017.000  6.0960144200e-01  1.5352099420e-02 
1018.000  6.1766605800e-01  1.5565002440e-02 
1019.000  6.0378978200e-01  1.5175452230e-02 
1020.000  6.0244084400e-01  1.5126117710e-02 
1021.000  6.0826804500e-01  1.5245516780e-02 
1022.000  5.9943147800e-01  1.4857628820e-02 
1023.000  6.1119817600e-01  1.4999129300e-02 
1024.000  6.0825535700e-01  1.4808346750e-02 
1025.000  6.0753543100e-01  1.4837121960e-02 
1026.000  6.0799948900e-01  1.4884392740e-02 
1027.000  6.0443708700e-01  1.4818593030e-02 
1028.000  6.0576584100e-01  1.4918659210e-02 
1029.000  5.9631333300e-01  1.4782336240e-02 
1030.000  6.0206590900e-01  1.5033650400e-02 
1031.000  6.0003681100e-01  1.5063343050e-02 
1032.000  5.9782024700e-01  1.5060825350e-02 
1033.000  5.8678903300e-01  1.4758488660e-02 
1034.000  5.9292781700e-01  1.4886954310e-02 
1035.000  5.8653601600e-01  1.4707661630e-02 
1036.000  5.9423801500e-01  1.4875179290e-02 
1037.000  5.8171376100e-01  1.4535055160e-02 
1038.000  5.8743199900e-01  1.4650718690e-02 
1039.000  5.8994115800e-01  1.4676545140e-02 
1040.000  5.8304941200e-01  1.4470365520e-02 
1041.000  5.8618193500e-01  1.4516002660e-02 
1042.000  5.8794898200e-01  1.4531106950e-02 
1043.000  5.7781717600e-01  1.4254113200e-02 
1044.000  5.8363569700e-01  1.4366960530e-02 
1045.000  5.8130114800e-01  1.4343418120e-02 
1046.000  5.6450609300e-01  1.3974419590e-02 
1047.000  5.7501950100e-01  1.4279121400e-02 
1048.000  5.8091054500e-01  1.4471954350e-02 
1049.000  5.7734550200e-01  1.4431610110e-02 
1050.000  5.7408115000e-01  1.4386368750e-02 
1051.000  5.7440969500e-01  1.4363945960e-02 
1052.000  5.7190790300e-01  1.4258481980e-02 
1053.000  5.7218888700e-01  1.4241253850e-02 
1054.000  5.6659222300e-01  1.4043259620e-02 
1055.000  5.7103911600e-01  1.4101309780e-02 
1056.000  5.6975724200e-01  1.4023779870e-02 
1057.000  5.6933615400e-01  1.3965393070e-02 
1058.000  5.6437818500e-01  1.3774005890e-02 
1059.000  5.4657428600e-01  1.3362531660e-02 
1060.000  5.6577189300e-01  1.3894976620e-02 
1061.000  5.4606704800e-01  1.3416975980e-02 
1062.000  5.6183360000e-01  1.3767854690e-02 
1063.000  5.5256792100e-01  1.3510106090e-02 
1064.000  5.5999446600e-01  1.3598439220e-02 
1065.000  5.5990565100e-01  1.3491196630e-02 
1066.000  5.4270144700e-01  1.3032138820e-02 
1067.000  5.5588383100e-01  1.3284790040e-02 
1068.000  5.5454187500e-01  1.3110470770e-02 
1069.000  5.1318089900e-01  1.2071007730e-02 
1070.000  5.4349514900e-01  1.2828274730e-02 
1071.000  5.4490620200e-01  1.2843887330e-02 
1072.000  5.4726847100e-01  1.2883397100e-02 
1073.000  5.2936000200e-01  1.2487445830e-02 
1074.000  5.4783552300e-01  1.2968569760e-02 
1075.000  5.3008815300e-01  1.2654432300e-02 
1076.000  5.4222849200e-01  1.2908957480e-02 
1077.000  5.4164211400e-01  1.2844871520e-02 
1078.000  5.4376671200e-01  1.2836900710e-02 
1079.000  5.2293472100e-01  1.2349528310e-02 
1080.000  5.4033885200e-01  1.2593515400e-02 
1081.000  5.2055652500e-01  1.2117602350e-02 
1082.000  5.2639306100e-01  1.2280847550e-02 
1083.000  5.1311524600e-01  1.1836490630e-02 
1084.000  5.3373701400e-01  1.2171285630e-02 
1085.000  5.2913064500e-01  1.1818765640e-02 
1086.000  5.3547832900e-01  1.1959946630e-02 
1087.000  5.0019618800e-01  1.1357679370e-02 
1088.000  5.3040928600e-01  1.2106782910e-02 
1089.000  5.1319109600e-01  1.1493614200e-02 
1090.000  5.2492323600e-01  1.1755195620e-02 
1091.000  5.2772588600e-01  1.1918148040e-02 
1092.000  5.1696694100e-01  1.1599377630e-02 
1093.000  5.1383878500e-01  1.1303078650e-02 
1094.000  4.6882566100e-01  1.0178911210e-02 
1095.000  5.0723300500e-01  1.0988692280e-02 
1096.000  5.0796859600e-01  1.0981979370e-02 
1097.000  4.9876366800e-01  1.0686211590e-02 
1098.000  4.9781234700e-01  1.0059598920e-02 
1099.000  5.0230208600e-01  9.6018981930e-03 
1100.000  5.1071626600e-01  9.7968997960e-03 
1101.000  5.0913458300e-01  9.8353452680e-03 
1102.000  4.8821866500e-01  9.3921613690e-03 
1103.000  5.0725566500e-01  9.7993345260e-03 
1104.000  5.0400969800e-01  9.6453275680e-03 
1105.000  5.0437030900e-01  9.4368543620e-03 
1106.000  5.0125960800e-01  9.1818656920e-03 
1107.000  5.0036186100e-01  9.2015514370e-03 
1108.000  4.9852130100e-01  9.1864433290e-03 
1109.000  4.9983677800e-01  9.3572349550e-03 
1110.000  5.0240127900e-01  9.3535766600e-03 
1111.000  4.9636610600e-01  9.1332883830e-03 
1112.000  4.9195229900e-01  8.6591892240e-03 
1113.000  4.9022850900e-01  8.1587162020e-03 
1114.000  4.9553664900e-01  8.0945491790e-03 
1115.000  4.9054567300e-01  7.5607447620e-03 
1116.000  4.8433892600e-01  7.2308855060e-03 
1117.000  4.9008319000e-01  6.8610715870e-03 
1118.000  4.8494949300e-01  6.4314212800e-03 
1119.000  4.7138776700e-01  6.0970859530e-03 
1120.000  4.7233743600e-01  5.9496474270e-03 
1121.000  4.7534355500e-01  5.9555606840e-03 
1122.000  4.7313849700e-01  5.7898693080e-03 
1123.000  4.7536123300e-01  5.8923201560e-03 
1124.000  4.7627657800e-01  5.9556398390e-03 
1125.000  4.6635274000e-01  5.8051395420e-03 
1126.000  4.5743315400e-01  5.6839928630e-03 
1127.000  4.7291952500e-01  5.8880033490e-03 
1128.000  4.6427360900e-01  5.8030214310e-03 
1129.000  4.6717016600e-01  5.9888958930e-03 
1130.000  4.6808800600e-01  6.4285326000e-03 
1131.000  4.7321845800e-01  6.6385169030e-03 
1132.000  4.7421771900e-01  6.4577794080e-03 
1133.000  4.6196860300e-01  5.9851136210e-03 
1134.000  4.5656904000e-01  5.4914207460e-03 
1135.000  4.6255139700e-01  5.5907168390e-03 
1136.000  4.6446982000e-01  6.0595340730e-03 
1137.000  4.7126864000e-01  6.4777455330e-03 
1138.000  4.5520763000e-01  6.6224761010e-03 
1139.000  4.6542258600e-01  6.9273967740e-03 
1140.000  4.6664959000e-01  6.8665919300e-03 
1141.000  4.5315967800e-01  6.5285601620e-03 
1142.000  4.6542528300e-01  6.6488947870e-03 
1143.000  4.5704696000e-01  6.3647851940e-03 
1144.000  4.5377147900e-01  6.1491780280e-03 
1145.000  4.5638958400e-01  5.9623188970e-03 
1146.000  4.6106711300e-01  6.0710144040e-03 
1147.000  4.6340565400e-01  6.2823233600e-03 
1148.000  4.5899873400e-01  6.3967552190e-03 
1149.000  4.6047206700e-01  6.4944825170e-03 
1150.000  4.5851695300e-01  6.4846110340e-03 
1151.000  4.5717166900e-01  6.5984630580e-03 
1152.000  4.5631742700e-01  6.6542344090e-03 
1153.000  4.5552034800e-01  6.7422647480e-03 
1154.000  4.5899917300e-01  6.7843694690e-03 
1155.000  4.6057868500e-01  7.0172114370e-03 
1156.000  4.5433579300e-01  7.1577172280e-03 
1157.000  4.5859540300e-01  7.7850270270e-03 
1158.000  4.5866730200e-01  8.0986986160e-03 
1159.000  4.5218312300e-01  8.2896995540e-03 
1160.000  4.4643850500e-01  8.3259763720e-03 
1161.000  4.3681023400e-01  8.4729633330e-03 
1162.000  4.5262310200e-01  9.0558242800e-03 
1163.000  4.5450272300e-01  9.4122533800e-03 
1164.000  4.4527073900e-01  9.2856798170e-03 
1165.000  4.5386515300e-01  9.5196065900e-03 
1166.000  4.4209274100e-01  9.3545198440e-03 
1167.000  4.4926274500e-01  9.5587377550e-03 
1168.000  4.5318973900e-01  9.6306009290e-03 
1169.000  4.3751871900e-01  9.3477678300e-03 
1170.000  4.4928438700e-01  9.6436433790e-03 
1171.000  4.5136309700e-01  9.7904262540e-03 
1172.000  4.4995070900e-01  9.7024631500e-03 
1173.000  4.4681669500e-01  9.5812654500e-03 
1174.000  4.4704298100e-01  9.5903024670e-03 
1175.000  4.4180944800e-01  9.6297378540e-03 
1176.000  4.3114381400e-01  9.5372037890e-03 
1177.000  4.4445611300e-01  9.7617511750e-03 
1178.000  4.3694837700e-01  9.4602918620e-03 
1179.000  4.3498906400e-01  9.4183387760e-03 
1180.000  4.4109557000e-01  9.5006933210e-03 
1181.000  4.3884190500e-01  9.3283538820e-03 
1182.000  4.3939709700e-01  9.2129974370e-03 
1183.000  4.1388537900e-01  8.6865243910e-03 
1184.000  4.3253929500e-01  9.1421508790e-03 
1185.000  4.3826228400e-01  9.4308538440e-03 
1186.000  4.3565383500e-01  9.3170928960e-03 
1187.000  4.3580853100e-01  9.1397371290e-03 
1188.000  4.3357229800e-01  9.0347976680e-03 
1189.000  4.0820680900e-01  8.5809202190e-03 
1190.000  4.2828080100e-01  9.2387685780e-03 
1191.000  4.3495886100e-01  9.4280500410e-03 
1192.000  4.3259073600e-01  9.4607210160e-03 
1193.000  4.3275730200e-01  9.3976421360e-03 
1194.000  4.3194361300e-01  9.3551702500e-03 
1195.000  4.2710176800e-01  9.1390638350e-03 
1196.000  4.2683192400e-01  9.1514644620e-03 
1197.000  4.2671913800e-01  9.0965261460e-03 
1198.000  4.1238712400e-01  8.7811527250e-03 
1199.000  3.9706230700e-01  8.3940334320e-03 
1200.000  4.2209283300e-01  8.9603424070e-03 
1201.000  4.2512118300e-01  9.0441551210e-03 
1202.000  4.2593683400e-01  9.0869264600e-03 
1203.000  4.0514865300e-01  8.6198368070e-03 
1204.000  4.1186278600e-01  8.7968759540e-03 
1205.000  4.2141637700e-01  9.1994752880e-03 
1206.000  4.1885257300e-01  9.2372093200e-03 
1207.000  4.2166577800e-01  9.3390245440e-03 
1208.000  4.1552717400e-01  9.1734981540e-03 
1209.000  3.8956621000e-01  8.5537405010e-03 
1210.000  4.1684599200e-01  9.0724124910e-03 
1211.000  4.0292139800e-01  8.7625770570e-03 
1212.000  4.1553683700e-01  9.0697336200e-03 
1213.000  4.1707247200e-01  9.1956481930e-03 
1214.000  4.1528766400e-01  9.1576242450e-03 
1215.000  4.1671407300e-01  9.2328224180e-03 
1216.000  4.1548206700e-01  9.3509550090e-03 
1217.000  4.1461803900e-01  9.4509611130e-03 
1218.000  4.1316743800e-01  9.4681367870e-03 
1219.000  4.0930098500e-01  9.4055118560e-03 
1220.000  4.1205207300e-01  9.4585103990e-03 
1221.000  4.1119892400e-01  9.4398822780e-03 
1222.000  4.0892123800e-01  9.3801574710e-03 
1223.000  4.0691963900e-01  9.3612985610e-03 
1224.000  4.0986085700e-01  9.5238857270e-03 
1225.000  4.0753698300e-01  9.5022058490e-03 
1226.000  4.0886528700e-01  9.5745973590e-03 
1227.000  3.9483560100e-01  9.3043565750e-03 
1228.000  4.0693501900e-01  9.6603212360e-03 
1229.000  4.0625909000e-01  9.6933794020e-03 
1230.000  4.0463012900e-01  9.7120304110e-03 
1231.000  4.0449747100e-01  9.7434701920e-03 
1232.000  3.9989833400e-01  9.6479759220e-03 
1233.000  4.0301806000e-01  9.7337150570e-03 
1234.000  4.0155094400e-01  9.7730798720e-03 
1235.000  3.9867849000e-01  9.7261838910e-03 
1236.000  4.0093745300e-01  9.7898044590e-03 
1237.000  4.0083172000e-01  9.8114061360e-03 
1238.000  4.0054736700e-01  9.8112154010e-03 
1239.000  3.9596379400e-01  9.7008914950e-03 
1240.000  3.9418631800e-01  9.6971702580e-03 
1241.000  3.9779454800e-01  9.8209476470e-03 
1242.000  3.9557564300e-01  9.7983226780e-03 
1243.000  3.9124531200e-01  9.7241907120e-03 
1244.000  3.8789650100e-01  9.6626319890e-03 
1245.000  3.9467641100e-01  9.8476314540e-03 
1246.000  3.9174246800e-01  9.7278394700e-03 
1247.000  3.8995504800e-01  9.6356515880e-03 
1248.000  3.9312283000e-01  9.6647710800e-03 
1249.000  3.9179199900e-01  9.5932636260e-03 
1250.000  3.9039757000e-01  9.5124826430e-03 
1251.000  3.8786600000e-01  9.4161872860e-03 
1252.000  3.8686887800e-01  9.3539457320e-03 
1253.000  3.8384496800e-01  9.2411279680e-03 
1254.000  3.8517142700e-01  9.2039976120e-03 
1255.000  3.8475994600e-01  9.1454668050e-03 
1256.000  3.8416573200e-01  9.0901393890e-03 
1257.000  3.8005086800e-01  8.9066114430e-03 
1258.000  3.8204309000e-01  8.8104133610e-03 
1259.000  3.7814685800e-01  8.6002321240e-03 
1260.000  3.7896302230e-01  8.4932775500e-03 
1261.000  3.7851559520e-01  8.3555593490e-03 
1262.000  3.7041605070e-01  8.0202493670e-03 
1263.000  3.7490856280e-01  8.1003704070e-03 
1264.000  3.6907135000e-01  7.9729838370e-03 
1265.000  3.6974376210e-01  8.0007305150e-03 
1266.000  3.7213152130e-01  8.0282878880e-03 
1267.000  3.6516208940e-01  7.8518619540e-03 
1268.000  3.6156580370e-01  7.7374892230e-03 
1269.000  3.6495025620e-01  7.7931733130e-03 
1270.000  3.6896153730e-01  8.0079736710e-03 
1271.000  3.7101031930e-01  8.1156539920e-03 
1272.000  3.6991314780e-01  8.1539049150e-03 
1273.000  3.6959498690e-01  8.2138700490e-03 
1274.000  3.6738775220e-01  8.2347593310e-03 
1275.000  3.6955001750e-01  8.3091945650e-03 
1276.000  3.7014349800e-01  8.3303499220e-03 
1277.000  3.6986705160e-01  8.3185548780e-03 
1278.000  3.6880682950e-01  8.2855243680e-03 
1279.000  3.6633805420e-01  8.2514028550e-03 
1280.000  3.6417448330e-01  8.2932119370e-03 
1281.000  3.5378804050e-01  8.1430158620e-03 
1282.000  3.1417084070e-01  7.3076753620e-03 
1283.000  3.4479684800e-01  8.0804786680e-03 
1284.000  3.5902465190e-01  8.4541387560e-03 
1285.000  3.6165783890e-01  8.5352687840e-03 
1286.000  3.6153920320e-01  8.4995946880e-03 
1287.000  3.6375023320e-01  8.4950647350e-03 
1288.000  3.6146988950e-01  8.2617273330e-03 
1289.000  3.6362466270e-01  8.2573566440e-03 
1290.000  3.5529293390e-01  8.0505590440e-03 
1291.000  3.6015645970e-01  8.1425123210e-03 
1292.000  3.6165935040e-01  8.1967296600e-03 
1293.000  3.6198258040e-01  8.1660003660e-03 
1294.000  3.5623734700e-01  7.9211759570e-03 
1295.000  3.6007253710e-01  7.8629426960e-03 
1296.000  3.6033742350e-01  7.7627696990e-03 
1297.000  3.5811585990e-01  7.6533179280e-03 
1298.000  3.5491606980e-01  7.5903620720e-03 
1299.000  3.5847949940e-01  7.6699428560e-03 
1300.000  3.5704016310e-01  7.6431665420e-03 
1301.000  3.5647170850e-01  7.6109728810e-03 
1302.000  3.5189829300e-01  7.4277729990e-03 
1303.000  3.5000839030e-01  7.2109317780e-03 
1304.000  3.5023665890e-01  7.1235680580e-03 
1305.000  3.5239329790e-01  7.1155610080e-03 
1306.000  3.5272927570e-01  7.0657038690e-03 
1307.000  3.5168770120e-01  7.0056128500e-03 
1308.000  3.5138807580e-01  6.9129023550e-03 
1309.000  3.5107499950e-01  6.7846226690e-03 
1310.000  3.4961706230e-01  6.7517819400e-03 
1311.000  3.4854617820e-01  6.7366333010e-03 
1312.000  3.4746053400e-01  6.5710682870e-03 
1313.000  3.3462744700e-01  6.1571416850e-03 
1314.000  3.4507279560e-01  6.1995391850e-03 
1315.000  3.3345382450e-01  6.0606827740e-03 
1316.000  3.4121082430e-01  6.3107275960e-03 
1317.000  3.4488160510e-01  6.3782482150e-03 
1318.000  3.4000145770e-01  6.1073603630e-03 
1319.000  3.4465895360e-01  5.9592452050e-03 
1320.000  3.4211466280e-01  5.6807460780e-03 
1321.000  3.4061181340e-01  5.5719261170e-03 
1322.000  3.3993162510e-01  5.6891398430e-03 
1323.000  3.4068401580e-01  5.8513870240e-03 
1324.000  3.4086526900e-01  5.9429230690e-03 
1325.000  3.3977558820e-01  5.8605461120e-03 
1326.000  3.3818618220e-01  5.6761169430e-03 
1327.000  3.3548581100e-01  5.3274950980e-03 
1328.000  3.3637051410e-01  5.0702924730e-03 
1329.000  3.2409436120e-01  4.4857773780e-03 
1330.000  3.2916726530e-01  4.4197740550e-03 
1331.000  3.3063364710e-01  4.3586397170e-03 
1332.000  3.2308766720e-01  4.2831454280e-03 
1333.000  3.3162663640e-01  4.4681468010e-03 
1334.000  3.3204164510e-01  4.5739283560e-03 
1335.000  3.3232663230e-01  4.6523699760e-03 
1336.000  3.2872902310e-01  4.6272726060e-03 
1337.000  3.2979337370e-01  4.6486263280e-03 
1338.000  3.2954992850e-01  4.6997394560e-03 
1339.000  3.2600895760e-01  4.6567096710e-03 
1340.000  3.2366888030e-01  4.6691598890e-03 
1341.000  3.2855438440e-01  4.6855263710e-03 
1342.000  3.2775030490e-01  4.6806106570e-03 
1343.000  3.2772152220e-01  4.4988832470e-03 
1344.000  3.2622346770e-01  4.3224039080e-03 
1345.000  3.2372240710e-01  3.9929304120e-03 
1346.000  3.1855064010e-01  3.7903263570e-03 
1347.000  3.1915576600e-01  3.7143986230e-03 
1348.000  3.1557812190e-01  3.5863010880e-03 
1349.000  3.1343559840e-01  3.5194802280e-03 
1350.000  3.0703646550e-01  3.3641572000e-03 
1351.000  3.0486817480e-01  3.2828116420e-03 
1352.000  3.0542512640e-01  3.2024819850e-03 
1353.000  2.9957202040e-01  3.0354626180e-03 
1354.000  2.9595334790e-01  2.9370803830e-03 
1355.000  2.9031211860e-01  2.8135721680e-03 
1356.000  2.8603811280e-01  2.6977016930e-03 
1357.000  2.7933796720e-01  2.5422363280e-03 
1358.000  2.7973510340e-01  2.4460468290e-03 
1359.000  2.7201726690e-01  2.2100913520e-03 
1360.000  2.6204813240e-01  2.0240926740e-03 
1361.000  2.6424543510e-01  1.9727938180e-03 
1362.000  2.6198172070e-01  1.9367036820e-03 
1363.000  2.6224504970e-01  2.0431272980e-03 
1364.000  2.6751593220e-01  2.1197168830e-03 
1365.000  2.6737939380e-01  2.1380670070e-03 
1366.000  2.6925720900e-01  2.1939475540e-03 
1367.000  2.6430703220e-01  2.1011993890e-03 
1368.000  2.6433065840e-01  2.0529646870e-03 
1369.000  2.5956824440e-01  2.0275061130e-03 
1370.000  2.6508042040e-01  2.1927218440e-03 
1371.000  2.7286140670e-01  2.4269468780e-03 
1372.000  2.8370129740e-01  2.6989316940e-03 
1373.000  2.8780486530e-01  2.8435490130e-03 
1374.000  2.9109293590e-01  2.9311635490e-03 
1375.000  2.8700317100e-01  2.9143641000e-03 
1376.000  2.8271368810e-01  2.8524734970e-03 
1377.000  2.8529230660e-01  2.8389120100e-03 
1378.000  2.8039365070e-01  2.7146246430e-03 
1379.000  2.7853879100e-01  2.5815494060e-03 
1380.000  2.6854915810e-01  2.3288319110e-03 
1381.000  2.6249442510e-01  2.1212983130e-03 
1382.000  2.5434950030e-01  1.9712326530e-03 
1383.000  2.5657453920e-01  1.9787920710e-03 
1384.000  2.6227160310e-01  2.1497848030e-03 
1385.000  2.6435561490e-01  2.2662358280e-03 
1386.000  2.7233483360e-01  2.4527995590e-03 
1387.000  2.7623907120e-01  2.6628057960e-03 
1388.000  2.8202955930e-01  2.7969102860e-03 
1389.000  2.8427488300e-01  2.8526585100e-03 
1390.000  2.7926331790e-01  2.8122420310e-03 
1391.000  2.8199865810e-01  2.8125488760e-03 
1392.000  2.7755733720e-01  2.6879589560e-03 
1393.000  2.7301298150e-01  2.5651550290e-03 
1394.000  2.6696124920e-01  2.4338157180e-03 
1395.000  2.6826194040e-01  2.4794039730e-03 
1396.000  2.7419189910e-01  2.6236236100e-03 
1397.000  2.7725990890e-01  2.7234253880e-03 
1398.000  2.7747135180e-01  2.7335519790e-03 
1399.000  2.7565811950e-01  2.6920673850e-03 
1400.000  2.6765440180e-01  2.6022732260e-03 
1401.000  2.6886629910e-01  2.6212849620e-03 
1402.000  2.7543095080e-01  2.7395088670e-03 
1403.000  2.7473175070e-01  2.7646639350e-03 
1404.000  2.7264872810e-01  2.7246465680e-03 
1405.000  2.7281522700e-01  2.7287602420e-03 
1406.000  2.7243041090e-01  2.7000763420e-03 
1407.000  2.7270092960e-01  2.7008967400e-03 
1408.000  2.7354324100e-01  2.7599225040e-03 
1409.000  2.7645882030e-01  2.8250427250e-03 
1410.000  2.7765034020e-01  2.8989441390e-03 
1411.000  2.7972238460e-01  2.9637930390e-03 
1412.000  2.6879169710e-01  2.8438248630e-03 
1413.000  2.7398230240e-01  2.9120681290e-03 
1414.000  2.7756572100e-01  2.9341583250e-03 
1415.000  2.7740463410e-01  2.9552829270e-03 
1416.000  2.7689600970e-01  2.9711139200e-03 
1417.000  2.7891709960e-01  2.9879333970e-03 
1418.000  2.7902618420e-01  2.9858915810e-03 
1419.000  2.7505203080e-01  2.9379684930e-03 
1420.000  2.7444847140e-01  2.9352068900e-03 
1421.000  2.7900358340e-01  3.0141246320e-03 
1422.000  2.7276967090e-01  2.9580073360e-03 
1423.000  2.7110868220e-01  2.9372441770e-03 
1424.000  2.7135385930e-01  2.9290032390e-03 
1425.000  2.7658994150e-01  2.9613227840e-03 
1426.000  2.6539788370e-01  2.8348910810e-03 
1427.000  2.6953909160e-01  2.8882753850e-03 
1428.000  2.7538910030e-01  2.9568767550e-03 
1429.000  2.6893058270e-01  2.8951051240e-03 
1430.000  2.6308879620e-01  2.8178796770e-03 
1431.000  2.6248548050e-01  2.7644534110e-03 
1432.000  2.6725687690e-01  2.7850558760e-03 
1433.000  2.6739263430e-01  2.7766778470e-03 
1434.000  2.6200347190e-01  2.7026777270e-03 
1435.000  2.6520014060e-01  2.7530593870e-03 
1436.000  2.6523591950e-01  2.7557940480e-03 
1437.000  2.6628361790e-01  2.7631835940e-03 
1438.000  2.6563573980e-01  2.7778563500e-03 
1439.000  2.6877630050e-01  2.8065409660e-03 
1440.000  2.5213894690e-01  2.6372561450e-03 
1441.000  2.6484473610e-01  2.7671017650e-03 
1442.000  2.5867842370e-01  2.6837208270e-03 
1443.000  2.6297383010e-01  2.7183086870e-03 
1444.000  2.6425259810e-01  2.7313263420e-03 
1445.000  2.6345501380e-01  2.7159869670e-03 
1446.000  2.6628315710e-01  2.7557494640e-03 
1447.000  2.6506588430e-01  2.7533843520e-03 
1448.000  2.6709231800e-01  2.7671976090e-03 
1449.000  2.6698590320e-01  2.7429389950e-03 
1450.000  2.6518954230e-01  2.6914892200e-03 
1451.000  2.6347948140e-01  2.6711764340e-03 
1452.000  2.6023571810e-01  2.6618540290e-03 
1453.000  2.6518895600e-01  2.7730085850e-03 
1454.000  2.6621941300e-01  2.8637700080e-03 
1455.000  2.6285233000e-01  2.8837854860e-03 
1456.000  2.6273237420e-01  2.9442715640e-03 
1457.000  2.6525142180e-01  2.9690737720e-03 
1458.000  2.6887830000e-01  3.0117015840e-03 
1459.000  2.6987716360e-01  2.9507994650e-03 
1460.000  2.6528545790e-01  2.8396713730e-03 
1461.000  2.6470593420e-01  2.7932312490e-03 
1462.000  2.6181508420e-01  2.6872150900e-03 
1463.000  2.6006866350e-01  2.6553611760e-03 
1464.000  2.5989718210e-01  2.6233823300e-03 
1465.000  2.6290305680e-01  2.6015720370e-03 
1466.000  2.5664112350e-01  2.4839541910e-03 
1467.000  2.6279257700e-01  2.5036087040e-03 
1468.000  2.5632500070e-01  2.4017229080e-03 
1469.000  2.5915124290e-01  2.3762078290e-03 
1470.000  2.5765647890e-01  2.3365273480e-03 
1471.000  2.5358232800e-01  2.3295207020e-03 
1472.000  2.5511475170e-01  2.3965733050e-03 
1473.000  2.5735965020e-01  2.5161840920e-03 
1474.000  2.5027390920e-01  2.5353345870e-03 
1475.000  2.5559531480e-01  2.5767757890e-03 
1476.000  2.5599943620e-01  2.5684256550e-03 
1477.000  2.5675062000e-01  2.5307552810e-03 
1478.000  2.5303681000e-01  2.4509263040e-03 
1479.000  2.5593560130e-01  2.4259047510e-03 
1480.000  2.5733787180e-01  2.4525454040e-03 
1481.000  2.5350153680e-01  2.4561448100e-03 
1482.000  2.5665789310e-01  2.5379567150e-03 
1483.000  2.5137145220e-01  2.4952173230e-03 
1484.000  2.5369501760e-01  2.5153725150e-03 
1485.000  2.5852400680e-01  2.5479938980e-03 
1486.000  2.5426422580e-01  2.5565538410e-03 
1487.000  2.5455503360e-01  2.6767630580e-03 
1488.000  2.2253222880e-01  2.3471601010e-03 
1489.000  2.5551410660e-01  2.8704555030e-03 
1490.000  2.5610903310e-01  3.0458898540e-03 
1491.000  2.5865456310e-01  3.1998612880e-03 
1492.000  2.5264428000e-01  3.1476724150e-03 
1493.000  2.5832192830e-01  3.3072142600e-03 
1494.000  2.5734045620e-01  3.3025786880e-03 
1495.000  2.5553994080e-01  3.3599543570e-03 
1496.000  2.4798315100e-01  3.4001028540e-03 
1497.000  2.5380742960e-01  3.4724512100e-03 
1498.000  2.5637794550e-01  3.6390686040e-03 
1499.000  2.5206591060e-01  3.6988053320e-03 
1500.000  2.5636441390e-01  3.8502736090e-03 
1501.000  2.5599842820e-01  3.7988703250e-03 
1502.000  2.5402128480e-01  3.7073864940e-03 
1503.000  2.2809608090e-01  3.2836785320e-03 
1504.000  2.3764061930e-01  3.4436600210e-03 
1505.000  2.3690237850e-01  3.5446865560e-03 
1506.000  2.4009620160e-01  3.6201713090e-03 
1507.000  2.5110818500e-01  3.8964838980e-03 
1508.000  2.4718718180e-01  3.9030234810e-03 
1509.000  2.4825503630e-01  3.9949855800e-03 
1510.000  2.5209137210e-01  4.0957827570e-03 
1511.000  2.5323781080e-01  4.1756153110e-03 
1512.000  2.4848393690e-01  4.1405191420e-03 
1513.000  2.4806792940e-01  4.1711645130e-03 
1514.000  2.4467221770e-01  4.1350355150e-03 
1515.000  2.4948031020e-01  4.2364072800e-03 
1516.000  2.4716524860e-01  4.1714296340e-03 
1517.000  2.4570146280e-01  4.1339426040e-03 
1518.000  2.5022997430e-01  4.2237997060e-03 
1519.000  2.4651654200e-01  4.1806588170e-03 
1520.000  2.4803304950e-01  4.2790374760e-03 
1521.000  2.4330859460e-01  4.2873282430e-03 
1522.000  2.4188466720e-01  4.3082356450e-03 
1523.000  2.4777224380e-01  4.4752407070e-03 
1524.000  2.4601354090e-01  4.4726433750e-03 
1525.000  2.4053114970e-01  4.3852739330e-03 
1526.000  2.4730642710e-01  4.4897685050e-03 
1527.000  2.4463376240e-01  4.4405059810e-03 
1528.000  2.4611704860e-01  4.4746241570e-03 
1529.000  2.4533834050e-01  4.4359426500e-03 
1530.000  2.2950657180e-01  4.1503605840e-03 
1531.000  2.4523142620e-01  4.4099030490e-03 
1532.000  2.4365824020e-01  4.3593502040e-03 
1533.000  2.4242742840e-01  4.3038148880e-03 
1534.000  2.3857481310e-01  4.2013483050e-03 
1535.000  2.3918908150e-01  4.1788864140e-03 
1536.000  2.4238762660e-01  4.2691974640e-03 
1537.000  2.4295036140e-01  4.3290648460e-03 
1538.000  2.3610559840e-01  4.2580933570e-03 
1539.000  2.4093352900e-01  4.3946337700e-03 
1540.000  2.3210516940e-01  4.2737140660e-03 
1541.000  2.3686756750e-01  4.3658232690e-03 
1542.000  2.3827604190e-01  4.3855924610e-03 
1543.000  2.3738979130e-01  4.3712878230e-03 
1544.000  2.4007467430e-01  4.4277310370e-03 
1545.000  2.4047633230e-01  4.4508481030e-03 
1546.000  2.4026949420e-01  4.4769806860e-03 
1547.000  2.3761737150e-01  4.4549140930e-03 
1548.000  2.3041218830e-01  4.3454012870e-03 
1549.000  2.3631766430e-01  4.4731020930e-03 
1550.000  2.3500562810e-01  4.4618825910e-03 
1551.000  2.3377543440e-01  4.4283280370e-03 
1552.000  2.3774910610e-01  4.4816193580e-03 
1553.000  2.3640783850e-01  4.4399638180e-03 
1554.000  2.2774583490e-01  4.2554826740e-03 
1555.000  2.3139835050e-01  4.3107304570e-03 
1556.000  2.2689324090e-01  4.2497811320e-03 
1557.000  2.3425839800e-01  4.4408049580e-03 
1558.000  2.3246393870e-01  4.4513626100e-03 
1559.000  2.3257510510e-01  4.4957900050e-03 
1560.000  2.2855884660e-01  4.4657635690e-03 
1561.000  2.3399663480e-01  4.5833120350e-03 
1562.000  2.3407182560e-01  4.5570378300e-03 
1563.000  2.3073215160e-01  4.4725584980e-03 
1564.000  2.2638895940e-01  4.3592686650e-03 
1565.000  2.3030264820e-01  4.3983964920e-03 
1566.000  2.2593866990e-01  4.3197751050e-03 
1567.000  2.2659128190e-01  4.3338780400e-03 
1568.000  2.2278205900e-01  4.2499113080e-03 
1569.000  2.2461053490e-01  4.2696499820e-03 
1570.000  2.1957311640e-01  4.1717438700e-03 
1571.000  2.2545653420e-01  4.3108587270e-03 
1572.000  2.2565926810e-01  4.3252515790e-03 
1573.000  2.2188274690e-01  4.2830004690e-03 
1574.000  2.2210436040e-01  4.3263673780e-03 
1575.000  2.0598435090e-01  4.0418071750e-03 
1576.000  2.2129543360e-01  4.3447117810e-03 
1577.000  1.9973393470e-01  3.8886127470e-03 
1578.000  2.1845094090e-01  4.2175226210e-03 
1579.000  2.1938482690e-01  4.2060527800e-03 
1580.000  2.2329064760e-01  4.2608385090e-03 
1581.000  2.2180998550e-01  4.2000989910e-03 
1582.000  2.1671224000e-01  4.1366925240e-03 
1583.000  2.1880126110e-01  4.2084074020e-03 
1584.000  2.1633884670e-01  4.1929512020e-03 
1585.000  2.2236274480e-01  4.3359603880e-03 
1586.000  2.1956973320e-01  4.2915625570e-03 
1587.000  2.1689420360e-01  4.2661428450e-03 
1588.000  2.1342477540e-01  4.2221565250e-03 
1589.000  1.9521130540e-01  3.8701841830e-03 
1590.000  2.1036425990e-01  4.1817808150e-03 
1591.000  2.0565077250e-01  4.1015143390e-03 
1592.000  2.1655836190e-01  4.3267173770e-03 
1593.000  2.2147600330e-01  4.4283137320e-03 
1594.000  2.1992169520e-01  4.3996658330e-03 
1595.000  2.2138662490e-01  4.4304609300e-03 
1596.000  2.0738062950e-01  4.1660461430e-03 
1597.000  2.1583858510e-01  4.3295397760e-03 
1598.000  2.1991173070e-01  4.3958520890e-03 
1599.000  2.1254986170e-01  4.2283101080e-03 
1600.000  2.1609212990e-01  4.2863869670e-03 
1601.000  2.0699545690e-01  4.1214728360e-03 
1602.000  2.1228874710e-01  4.2604556080e-03 
1603.000  2.1067850740e-01  4.2793326380e-03 
1604.000  2.1326570360e-01  4.3902583120e-03 
1605.000  2.1011259030e-01  4.3641748430e-03 
1606.000  2.0925711720e-01  4.3876733780e-03 
1607.000  2.1013672280e-01  4.3725981710e-03 
1608.000  2.1253098960e-01  4.3898062710e-03 
1609.000  2.1171393130e-01  4.3467226030e-03 
1610.000  1.9850318760e-01  4.0547556880e-03 
1611.000  2.0420973170e-01  4.1663756370e-03 
1612.000  2.0595589970e-01  4.1991896630e-03 
1613.000  2.1035171130e-01  4.2842998500e-03 
1614.000  2.0828727690e-01  4.2128944400e-03 
1615.000  2.1155149210e-01  4.2686824800e-03 
1616.000  1.9821010840e-01  3.9869809150e-03 
1617.000  2.0392293850e-01  4.1463913920e-03 
1618.000  2.1027672560e-01  4.3012385370e-03 
1619.000  2.0953271690e-01  4.3320713040e-03 
1620.000  2.0418207030e-01  4.2658939360e-03 
1621.000  2.0112127550e-01  4.2388768200e-03 
1622.000  2.0618360910e-01  4.3513011930e-03 
1623.000  2.1031192350e-01  4.4535136220e-03 
1624.000  2.1176529640e-01  4.4943161010e-03 
1625.000  2.0644725980e-01  4.4074039460e-03 
1626.000  2.0897870400e-01  4.4510860440e-03 
1627.000  2.0870911130e-01  4.4646391870e-03 
1628.000  2.1038626410e-01  4.5106086730e-03 
1629.000  2.1035573070e-01  4.5182557110e-03 
1630.000  2.0464472050e-01  4.3966202740e-03 
1631.000  2.0784540580e-01  4.4769024850e-03 
1632.000  2.0789789450e-01  4.4234871860e-03 
1633.000  2.0522231010e-01  4.3269047740e-03 
1634.000  2.0042000070e-01  4.1837878230e-03 
1635.000  2.0579357130e-01  4.2593226430e-03 
1636.000  2.0524911200e-01  4.2043681140e-03 
1637.000  1.9611116990e-01  3.9775104520e-03 
1638.000  1.9467809990e-01  3.9181330200e-03 
1639.000  1.9273813530e-01  3.8345992570e-03 
1640.000  1.9389423710e-01  3.8218023780e-03 
1641.000  1.9269431820e-01  3.7749478820e-03 
1642.000  1.9245409480e-01  3.8354964260e-03 
1643.000  1.9740053130e-01  3.9962487220e-03 
1644.000  1.9434560610e-01  3.9938781260e-03 
1645.000  1.9477880790e-01  4.0586094860e-03 
1646.000  1.9711986740e-01  4.1614756580e-03 
1647.000  1.9897057530e-01  4.1976799960e-03 
1648.000  1.9820204720e-01  4.1716108320e-03 
1649.000  1.9367416180e-01  4.0722508430e-03 
1650.000  1.9858187940e-01  4.1736550330e-03 
1651.000  1.9410758630e-01  4.0772008900e-03 
1652.000  1.9798157970e-01  4.1544737820e-03 
1653.000  1.9575848580e-01  4.1152791980e-03 
1654.000  1.9795490760e-01  4.1632604600e-03 
1655.000  1.9398723340e-01  4.0899019240e-03 
1656.000  1.9771345290e-01  4.1750931740e-03 
1657.000  1.9628008500e-01  4.1448750500e-03 
1658.000  1.9734052770e-01  4.1753616330e-03 
1659.000  1.9370560390e-01  4.0992941860e-03 
1660.000  1.9606953170e-01  4.1422815320e-03 
1661.000  1.9683878230e-01  4.1405472760e-03 
1662.000  1.9551634690e-01  4.0527267460e-03 
1663.000  1.9428573610e-01  3.9746365550e-03 
1664.000  1.9346321020e-01  3.9044661520e-03 
1665.000  1.9148792240e-01  3.8113112450e-03 
1666.000  1.9055575460e-01  3.7846081260e-03 
1667.000  1.9207840540e-01  3.8709208970e-03 
1668.000  1.8882408740e-01  3.8430695530e-03 
1669.000  1.8912641090e-01  3.8949458600e-03 
1670.000  1.9319862570e-01  4.0258560180e-03 
1671.000  1.9172348050e-01  4.0429043770e-03 
1672.000  1.8264241940e-01  3.9069297310e-03 
1673.000  1.8802301080e-01  4.0683593750e-03 
1674.000  1.8889681370e-01  4.1374559400e-03 
1675.000  1.8714646250e-01  4.1556525230e-03 
1676.000  1.8416532990e-01  4.1077189450e-03 
1677.000  1.8505070650e-01  4.1250767710e-03 
1678.000  1.8591922140e-01  4.1486520770e-03 
1679.000  1.8344671020e-01  4.0868563650e-03 
1680.000  1.7703786710e-01  3.9467115400e-03 
1681.000  1.7083209040e-01  3.8095221520e-03 
1682.000  1.7576554020e-01  3.9172456260e-03 
1683.000  1.8015863290e-01  4.0089440350e-03 
1684.000  1.8351978880e-01  4.0783734320e-03 
1685.000  1.8423872310e-01  4.0778646470e-03 
1686.000  1.8201586050e-01  4.0158205030e-03 
1687.000  1.8303205760e-01  3.9992465970e-03 
1688.000  1.8337395150e-01  3.9729344840e-03 
1689.000  1.8116397160e-01  3.9080665110e-03 
1690.000  1.8132723670e-01  3.8753936290e-03 
1691.000  1.8370012930e-01  3.9348506930e-03 
1692.000  1.8403438000e-01  3.9587476250e-03 
1693.000  1.8333474670e-01  3.9637594220e-03 
1694.000  1.8305730790e-01  3.9747190480e-03 
1695.000  1.8326658120e-01  3.9843826290e-03 
1696.000  1.8219481100e-01  3.9257807730e-03 
1697.000  1.8115406180e-01  3.8567709920e-03 
1698.000  1.8224730600e-01  3.8370234970e-03 
1699.000  1.8106976180e-01  3.7727751730e-03 
1700.000  1.7874861010e-01  3.6875462530e-03 
