 lambda   Irr_dw            Rad_up 
 550.000  1.5576648900e+00  7.9050712590e-02 
 551.000  1.5473509400e+00  7.8367225650e-02 
 552.000  1.6133808900e+00  8.1650840760e-02 
 553.000  1.5496194700e+00  7.8243133540e-02 
 554.000  1.5996867800e+00  8.0690338130e-02 
 555.000  1.6036573200e+00  8.0677177430e-02 
 556.000  1.5589773500e+00  7.8226684570e-02 
 557.000  1.5123288000e+00  7.5816497800e-02 
 558.000  1.5693918800e+00  7.8472717290e-02 
 559.000  1.4830812100e+00  7.4019454960e-02 
 560.000  1.4893351500e+00  7.4256080630e-02 
 561.000  1.6366201000e+00  8.1379928590e-02 
 562.000  1.5024512300e+00  7.4603576660e-02 
 563.000  1.5718050200e+00  7.7843101500e-02 
 564.000  1.5497432500e+00  7.6492576600e-02 
 565.000  1.5685127500e+00  7.7318237300e-02 
 566.000  1.4462173800e+00  7.1100967410e-02 
 567.000  1.5526253400e+00  7.6004493710e-02 
 568.000  1.5531940600e+00  7.5373497010e-02 
 569.000  1.5317593200e+00  7.3143814090e-02 
 570.000  1.5382850000e+00  7.3446914670e-02 
 571.000  1.4772040000e+00  7.1139205930e-02 
 572.000  1.5681789400e+00  7.4783912660e-02 
 573.000  1.5830389900e+00  7.5614669800e-02 
 574.000  1.5739474800e+00  7.5124130250e-02 
 575.000  1.5360544800e+00  7.3161979680e-02 
 576.000  1.5083880900e+00  7.1751419070e-02 
 577.000  1.5691238600e+00  7.4693382260e-02 
 578.000  1.5205812100e+00  7.2688247680e-02 
 579.000  1.5067282800e+00  7.2096336360e-02 
 580.000  1.5566416300e+00  7.4719512940e-02 
 581.000  1.5254552700e+00  7.3383438110e-02 
 582.000  1.5464314900e+00  7.4310241700e-02 
 583.000  1.5563374200e+00  7.4822395320e-02 
 584.000  1.5506607100e+00  7.4380683900e-02 
 585.000  1.5400190100e+00  7.3725860600e-02 
 586.000  1.4735142100e+00  7.0487442020e-02 
 587.000  1.5342065800e+00  7.2840805050e-02 
 588.000  1.5323327000e+00  7.1363616940e-02 
 589.000  1.3776244300e+00  6.2544654850e-02 
 590.000  1.4396195300e+00  6.5238006590e-02 
 591.000  1.5150330500e+00  6.9630950930e-02 
 592.000  1.4936079500e+00  6.7904067990e-02 
 593.000  1.4928464000e+00  6.9004013060e-02 
 594.000  1.5101496500e+00  6.9459213260e-02 
 595.000  1.4927702400e+00  6.7688339230e-02 
 596.000  1.5130137000e+00  6.9819335940e-02 
 597.000  1.5210695000e+00  6.9726234440e-02 
 598.000  1.4830725000e+00  6.8481277470e-02 
 599.000  1.4805747500e+00  6.8525733950e-02 
 600.000  1.4746544800e+00  6.8729324340e-02 
 601.000  1.4621991600e+00  6.8494636540e-02 
 602.000  1.4446948200e+00  6.7693504330e-02 
 603.000  1.4519293700e+00  6.8149658200e-02 
 604.000  1.4966403000e+00  7.0386184690e-02 
 605.000  1.4921978000e+00  7.0047416690e-02 
 606.000  1.4746688200e+00  6.9249595640e-02 
 607.000  1.4661849300e+00  6.8749923710e-02 
 608.000  1.4606711300e+00  6.8363311770e-02 
 609.000  1.4455811400e+00  6.7613533020e-02 
 610.000  1.4223242400e+00  6.6404174800e-02 
 611.000  1.4453257000e+00  6.7422294620e-02 
 612.000  1.4264518700e+00  6.6495933530e-02 
 613.000  1.4055698100e+00  6.5416648860e-02 
 614.000  1.3543227900e+00  6.3002471920e-02 
 615.000  1.4197223100e+00  6.5901985170e-02 
 616.000  1.3498920700e+00  6.2642333980e-02 
 617.000  1.3575760500e+00  6.2943447110e-02 
 618.000  1.4217269500e+00  6.5748344420e-02 
 619.000  1.4088782200e+00  6.5154670720e-02 
 620.000  1.4299032900e+00  6.5953094480e-02 
 621.000  1.4547916400e+00  6.7037872310e-02 
 622.000  1.3783731200e+00  6.3402572630e-02 
 623.000  1.3895994700e+00  6.3708934780e-02 
 624.000  1.3915333400e+00  6.3806976320e-02 
 625.000  1.3542686300e+00  6.2039039610e-02 
 626.000  1.3621942400e+00  6.2152217860e-02 
 627.000  1.3906806200e+00  6.2861907960e-02 
 628.000  1.3971879300e+00  6.1473869320e-02 
 629.000  1.4181290800e+00  6.3078956600e-02 
 630.000  1.3672217900e+00  6.1181690220e-02 
 631.000  1.4130590300e+00  6.3387744900e-02 
 632.000  1.3184062300e+00  5.8894889830e-02 
 633.000  1.4086255700e+00  6.3348854060e-02 
 634.000  1.3639945600e+00  6.1506042480e-02 
 635.000  1.3885082500e+00  6.2624355320e-02 
 636.000  1.3382264700e+00  6.0438339230e-02 
 637.000  1.3815612700e+00  6.2451408390e-02 
 638.000  1.4003043800e+00  6.3477863310e-02 
 639.000  1.3884466600e+00  6.2797882080e-02 
 640.000  1.3434500400e+00  6.0998191830e-02 
 641.000  1.3626986900e+00  6.1816890720e-02 
 642.000  1.3453268200e+00  6.1059303280e-02 
 643.000  1.3705293000e+00  6.1989547730e-02 
 644.000  1.3547265900e+00  6.1150032040e-02 
 645.000  1.3689570100e+00  6.1599998470e-02 
 646.000  1.3267109500e+00  5.8692279820e-02 
 647.000  1.3519921300e+00  5.9143409730e-02 
 648.000  1.3575612800e+00  5.8862037660e-02 
 649.000  1.3775731700e+00  6.0061672210e-02 
 650.000  1.2641817200e+00  5.6059261320e-02 
 651.000  1.3618716300e+00  6.0353855130e-02 
 652.000  1.3472919400e+00  5.8782257080e-02 
 653.000  1.3609564900e+00  6.0374050140e-02 
 654.000  1.3447074400e+00  5.9382019040e-02 
 655.000  1.3140616300e+00  5.7607833860e-02 
 656.000  1.1143004700e+00  4.8906547550e-02 
 657.000  1.1870476200e+00  5.2259407040e-02 
 658.000  1.3178210600e+00  5.8426582340e-02 
 659.000  1.3184708800e+00  5.8604774480e-02 
 660.000  1.3277607400e+00  5.9102443700e-02 
 661.000  1.3303601100e+00  5.9524948120e-02 
 662.000  1.3480449400e+00  6.0426330570e-02 
 663.000  1.3334628300e+00  5.9648445130e-02 
 664.000  1.3117602100e+00  5.8681816100e-02 
 665.000  1.3171020500e+00  5.8902736660e-02 
 666.000  1.3323887600e+00  5.9695075990e-02 
 667.000  1.3055362500e+00  5.8407489780e-02 
 668.000  1.3123998200e+00  5.8816368100e-02 
 669.000  1.3310197300e+00  5.9675903320e-02 
 670.000  1.3149790800e+00  5.8827018740e-02 
 671.000  1.3008701500e+00  5.8191902160e-02 
 672.000  1.2965633500e+00  5.7950653080e-02 
 673.000  1.3057787400e+00  5.8295578000e-02 
 674.000  1.3082501300e+00  5.8383811950e-02 
 675.000  1.2881849200e+00  5.7407226560e-02 
 676.000  1.3124498400e+00  5.8466968540e-02 
 677.000  1.2862690500e+00  5.7285858150e-02 
 678.000  1.3074824800e+00  5.8162937160e-02 
 679.000  1.2890430900e+00  5.7242095950e-02 
 680.000  1.2795865500e+00  5.6760688780e-02 
 681.000  1.2815735400e+00  5.6744842530e-02 
 682.000  1.2791253100e+00  5.6513343810e-02 
 683.000  1.2878176200e+00  5.6778251650e-02 
 684.000  1.2655826400e+00  5.5734077450e-02 
 685.000  1.2792645200e+00  5.6287738800e-02 
 686.000  1.2260150000e+00  5.3530059810e-02 
 687.000  1.2269028800e+00  4.9062152860e-02 
 688.000  1.2278275200e+00  5.0234230040e-02 
 689.000  1.2313626700e+00  5.0093536380e-02 
 690.000  1.2373215000e+00  5.0939975740e-02 
 691.000  1.2423091600e+00  5.1957038880e-02 
 692.000  1.2348480000e+00  5.2065876010e-02 
 693.000  1.2430280400e+00  5.1558757780e-02 
 694.000  1.2566942500e+00  5.1440174100e-02 
 695.000  1.2336803500e+00  5.0905509950e-02 
 696.000  1.2474916800e+00  5.1732849120e-02 
 697.000  1.2464211800e+00  5.3325595860e-02 
 698.000  1.2241301800e+00  5.1925334930e-02 
 699.000  1.2499867800e+00  5.1642711640e-02 
 700.000  1.2350224700e+00  5.1190734860e-02 
 701.000  1.2080812900e+00  4.9729881290e-02 
 702.000  1.2018615000e+00  4.9661792760e-02 
 703.000  1.2164617400e+00  5.1295673370e-02 
 704.000  1.2200048500e+00  5.1499107360e-02 
 705.000  1.2304795900e+00  5.1438961030e-02 
 706.000  1.2173413300e+00  5.0965122220e-02 
 707.000  1.1986664400e+00  5.0341987610e-02 
 708.000  1.2331738500e+00  5.1967853550e-02 
 709.000  1.1886415800e+00  5.0435176850e-02 
 710.000  1.2169250500e+00  5.1142108920e-02 
 711.000  1.2039018000e+00  5.0977397920e-02 
 712.000  1.1864779700e+00  5.0623901370e-02 
 713.000  1.1820683300e+00  5.0087886810e-02 
 714.000  1.2023977900e+00  5.0759319310e-02 
 715.000  1.1612296000e+00  4.8503913880e-02 
 716.000  1.1924712800e+00  4.9279644010e-02 
 717.000  1.1626925100e+00  4.5581298830e-02 
 718.000  1.1565312900e+00  4.3888637540e-02 
 719.000  1.1432133000e+00  4.2797306060e-02 
 720.000  1.1515482200e+00  4.2442180630e-02 
 721.000  1.1498825500e+00  4.5590946200e-02 
 722.000  1.1659540000e+00  4.7336109160e-02 
 723.000  1.1636064200e+00  4.6483928680e-02 
 724.000  1.1706612500e+00  4.4813797000e-02 
 725.000  1.1578775600e+00  4.4571537020e-02 
 726.000  1.1557550900e+00  4.4385379790e-02 
 727.000  1.1728498800e+00  4.5234630580e-02 
 728.000  1.1526962100e+00  4.4192214970e-02 
 729.000  1.1068789500e+00  4.3067020420e-02 
 730.000  1.1477723900e+00  4.4518440250e-02 
 731.000  1.1288503500e+00  4.3697113040e-02 
 732.000  1.1499519300e+00  4.5655685420e-02 
 733.000  1.1321100500e+00  4.6196636200e-02 
 734.000  1.1553189400e+00  4.7736125950e-02 
 735.000  1.1461113100e+00  4.7072074890e-02 
 736.000  1.1250641600e+00  4.5805595400e-02 
 737.000  1.1396626400e+00  4.6644546510e-02 
 738.000  1.1361976000e+00  4.6922954560e-02 
 739.000  1.0993010300e+00  4.5608833310e-02 
 740.000  1.1092804300e+00  4.6453155520e-02 
 741.000  1.1001955200e+00  4.6416076660e-02 
 742.000  1.0820148100e+00  4.5776550290e-02 
 743.000  1.1134863900e+00  4.7413215640e-02 
 744.000  1.1239232200e+00  4.8003299710e-02 
 745.000  1.0945688400e+00  4.6883399960e-02 
 746.000  1.1097073300e+00  4.7574455260e-02 
 747.000  1.1263184400e+00  4.8256000520e-02 
 748.000  1.1060763100e+00  4.7399169920e-02 
 749.000  1.1062708700e+00  4.7423450470e-02 
 750.000  1.0901119600e+00  4.6637065890e-02 
 751.000  1.0873032400e+00  4.6499183650e-02 
 752.000  1.1037681500e+00  4.7253372190e-02 
 753.000  1.0933164200e+00  4.6805866240e-02 
 754.000  1.1104339200e+00  4.7531017300e-02 
 755.000  1.1040583500e+00  4.7241825100e-02 
 756.000  1.0824389500e+00  4.6299869540e-02 
 757.000  1.0904332400e+00  4.6622062680e-02 
 758.000  1.0893055300e+00  4.6476108550e-02 
 759.000  1.0480161900e+00  4.2430549620e-02 
 760.000  8.2436787000e-01  2.3463670730e-02 
 761.000  7.9440923600e-01  2.1641344070e-02 
 762.000  9.2675755000e-01  3.1566684720e-02 
 763.000  9.1185970500e-01  2.9118087770e-02 
 764.000  9.3526476800e-01  3.0806041720e-02 
 765.000  9.8161155000e-01  3.4820884700e-02 
 766.000  9.7333186000e-01  3.7464370730e-02 
 767.000  1.0032475800e+00  4.0025695800e-02 
 768.000  1.0522207600e+00  4.3089092250e-02 
 769.000  1.0536965000e+00  4.4006366730e-02 
 770.000  1.0510197100e+00  4.4346542360e-02 
 771.000  1.0524888900e+00  4.4661636350e-02 
 772.000  1.0485882500e+00  4.4544406890e-02 
 773.000  1.0442678400e+00  4.4370700840e-02 
 774.000  1.0552837000e+00  4.4853084560e-02 
 775.000  1.0155342000e+00  4.3164031980e-02 
 776.000  1.0572831100e+00  4.4971576690e-02 
 777.000  1.0499570500e+00  4.4629131320e-02 
 778.000  1.0444048000e+00  4.4339584350e-02 
 779.000  1.0478786200e+00  4.4423183440e-02 
 780.000  1.0349938300e+00  4.3881198880e-02 
 781.000  1.0331289200e+00  4.3791320800e-02 
 782.000  1.0456703900e+00  4.4240116120e-02 
 783.000  1.0213102500e+00  4.3273849490e-02 
 784.000  1.0272234300e+00  4.3462192540e-02 
 785.000  1.0306008300e+00  4.3383464810e-02 
 786.000  1.0137249100e+00  4.2502708440e-02 
 787.000  1.0306205200e+00  4.2716121670e-02 
 788.000  1.0161360400e+00  4.1929920200e-02 
 789.000  1.0252808100e+00  4.1647708890e-02 
 790.000  1.0152262300e+00  4.1139240260e-02 
 791.000  1.0094817900e+00  4.1018867490e-02 
 792.000  9.9301577000e-01  4.0389118190e-02 
 793.000  9.9082270000e-01  4.0523662570e-02 
 794.000  9.7817746700e-01  4.0579067230e-02 
 795.000  9.7447126800e-01  3.9955017090e-02 
 796.000  9.9519805000e-01  4.0051967620e-02 
 797.000  1.0003369200e+00  4.0489376070e-02 
 798.000  9.9830821000e-01  4.0904071810e-02 
 799.000  9.9815387000e-01  4.0711021420e-02 
 800.000  9.7394816800e-01  3.9320816040e-02 
 801.000  9.9197641800e-01  4.0078952790e-02 
 802.000  9.9020597700e-01  3.9920753480e-02 
 803.000  9.7588417700e-01  3.9400997160e-02 
 804.000  9.8387519700e-01  3.9934494020e-02 
 805.000  9.5540398800e-01  3.9134311680e-02 
 806.000  9.8034283800e-01  4.0324672700e-02 
 807.000  9.7427439900e-01  4.0104640960e-02 
 808.000  9.6912226500e-01  3.9713253020e-02 
 809.000  9.5331799800e-01  3.8884376530e-02 
 810.000  9.4967282500e-01  3.8532901760e-02 
 811.000  9.6610087900e-01  3.8866394040e-02 
 812.000  9.6433903800e-01  3.8430168150e-02 
 813.000  9.6180851100e-01  3.7817844390e-02 
 814.000  9.6244172600e-01  3.7353382110e-02 
 815.000  9.5421962400e-01  3.6438308720e-02 
 816.000  9.4812872100e-01  3.5490123750e-02 
 817.000  9.5372120200e-01  3.5711711880e-02 
 818.000  9.4771319800e-01  3.5465072630e-02 
 819.000  9.2155542400e-01  3.4759250640e-02 
 820.000  9.0189890000e-01  3.4766849520e-02 
 821.000  9.2971379100e-01  3.6760070800e-02 
 822.000  9.0508327500e-01  3.4994392400e-02 
 823.000  9.2131959600e-01  3.3863353730e-02 
 824.000  9.3190143800e-01  3.5763511660e-02 
 825.000  9.2798133700e-01  3.6855056760e-02 
 826.000  9.3428720000e-01  3.6844783780e-02 
 827.000  9.3163098400e-01  3.6561988830e-02 
 828.000  9.3150557300e-01  3.5804882050e-02 
 829.000  9.3043143800e-01  3.5989147190e-02 
 830.000  9.1495087500e-01  3.5684978490e-02 
 831.000  8.9871607900e-01  3.5106849670e-02 
 832.000  9.1701858500e-01  3.5825065610e-02 
 833.000  8.8804806500e-01  3.4942478180e-02 
 834.000  9.0053572100e-01  3.5651023860e-02 
 835.000  9.0047699100e-01  3.5975093840e-02 
 836.000  9.1161233800e-01  3.6395805360e-02 
 837.000  9.0416909700e-01  3.6045120240e-02 
 838.000  9.0639551800e-01  3.6374649050e-02 
 839.000  8.7745051300e-01  3.5318309780e-02 
 840.000  9.0067870800e-01  3.6248809810e-02 
 841.000  9.0399593400e-01  3.6210811610e-02 
 842.000  8.9751205800e-01  3.6057586670e-02 
 843.000  8.8927099600e-01  3.6153583530e-02 
 844.000  8.7356987600e-01  3.5688674930e-02 
 845.000  8.8635137900e-01  3.6287456510e-02 
 846.000  8.9370738900e-01  3.6726997380e-02 
 847.000  8.6230316300e-01  3.5586009980e-02 
 848.000  8.8881304900e-01  3.6475196840e-02 
 849.000  8.9032818700e-01  3.6630592350e-02 
 850.000  7.7027433700e-01  3.1550264360e-02 
 851.000  8.8316603800e-01  3.6036331180e-02 
 852.000  8.4963080800e-01  3.4728061680e-02 
 853.000  8.5833320600e-01  3.5154197690e-02 
 854.000  6.9013187400e-01  2.8289577480e-02 
 855.000  7.5917339800e-01  3.1225564960e-02 
 856.000  8.6011803800e-01  3.5445312500e-02 
 857.000  8.7322971200e-01  3.6136028290e-02 
 858.000  8.5893510600e-01  3.5553096770e-02 
 859.000  8.5806241500e-01  3.5588333130e-02 
 860.000  8.5001196300e-01  3.5340801240e-02 
 861.000  8.4985948100e-01  3.5316593170e-02 
 862.000  8.4684907500e-01  3.5144062040e-02 
 863.000  8.6302946600e-01  3.5900051120e-02 
 864.000  8.6115315500e-01  3.5700988770e-02 
 865.000  8.4499530000e-01  3.5143886570e-02 
 866.000  7.0876514600e-01  2.9515028000e-02 
 867.000  7.5480561000e-01  3.1254009250e-02 
 868.000  8.1862402200e-01  3.3969814300e-02 
 869.000  8.0711567000e-01  3.3482662200e-02 
 870.000  8.4046276100e-01  3.4961940770e-02 
 871.000  8.3925846500e-01  3.4847423550e-02 
 872.000  8.3579450700e-01  3.4507102970e-02 
 873.000  8.3927865500e-01  3.4747951510e-02 
 874.000  8.2096144200e-01  3.3912101750e-02 
 875.000  8.1344784500e-01  3.3719169620e-02 
 876.000  8.2041458500e-01  3.3924304960e-02 
 877.000  8.3688491900e-01  3.4469104770e-02 
 878.000  8.2311182100e-01  3.3939949040e-02 
 879.000  8.2506874100e-01  3.4061122890e-02 
 880.000  8.2081191100e-01  3.3705390930e-02 
 881.000  7.7842431300e-01  3.1988393780e-02 
 882.000  8.2170311300e-01  3.3587665560e-02 
 883.000  8.0271158900e-01  3.2968833920e-02 
 884.000  8.0944223900e-01  3.3422828670e-02 
 885.000  8.1879586800e-01  3.3379039760e-02 
 886.000  7.9328639800e-01  3.2336761470e-02 
 887.000  7.8420770800e-01  3.1963001250e-02 
 888.000  8.0776333600e-01  3.2759052280e-02 
 889.000  8.1289156000e-01  3.3210807800e-02 
 890.000  8.1105965300e-01  3.3039958950e-02 
 891.000  8.0801988800e-01  3.2685482030e-02 
 892.000  8.0737174500e-01  3.2397300720e-02 
 893.000  7.8177098400e-01  3.0518724440e-02 
 894.000  8.1020160500e-01  3.1345806120e-02 
 895.000  7.7519526200e-01  2.9296722410e-02 
 896.000  8.0595716900e-01  2.9611534120e-02 
 897.000  7.8740664700e-01  2.8375316620e-02 
 898.000  7.8876107900e-01  2.8037971500e-02 
 899.000  7.8804821800e-01  2.7102697370e-02 
 900.000  7.6836742100e-01  2.6451162340e-02 
 901.000  7.5190669100e-01  2.5692502980e-02 
 902.000  7.3806513200e-01  2.5256055830e-02 
 903.000  7.7417540200e-01  2.7830505370e-02 
 904.000  7.8855178800e-01  2.9192693710e-02 
 905.000  7.8645473500e-01  2.9310323720e-02 
 906.000  7.6562948800e-01  2.7992891310e-02 
 907.000  7.7859997200e-01  2.7442956920e-02 
 908.000  7.5955360200e-01  2.6096763610e-02 
 909.000  7.4465117400e-01  2.5586092000e-02 
 910.000  7.5345920400e-01  2.5965452190e-02 
 911.000  7.5146171900e-01  2.6430809020e-02 
 912.000  7.5308612500e-01  2.6093944550e-02 
 913.000  7.7071180900e-01  2.5912752150e-02 
 914.000  7.6575196000e-01  2.6100429530e-02 
 915.000  7.5311090000e-01  2.6151821140e-02 
 916.000  7.6146888800e-01  2.6468585970e-02 
 917.000  7.4954805700e-01  2.6211940770e-02 
 918.000  7.4574383700e-01  2.6311460490e-02 
 919.000  7.5557761900e-01  2.7775129320e-02 
 920.000  7.4837174200e-01  2.7902793880e-02 
 921.000  7.3199006300e-01  2.7139936450e-02 
 922.000  7.2542482500e-01  2.6968471530e-02 
 923.000  6.9502283400e-01  2.5376522060e-02 
 924.000  7.2442717300e-01  2.6299587250e-02 
 925.000  7.3404400000e-01  2.6547916410e-02 
 926.000  7.0783834700e-01  2.5453489300e-02 
 927.000  7.3420504700e-01  2.6132602690e-02 
 928.000  7.3872290300e-01  2.5441686630e-02 
 929.000  7.2840333800e-01  2.4020763400e-02 
 930.000  7.2656887600e-01  2.2822235110e-02 
 931.000  7.2626575000e-01  2.1896522520e-02 
 932.000  7.1914714300e-01  2.0670270920e-02 
 933.000  7.2110167900e-01  2.0095630650e-02 
 934.000  7.1478293500e-01  1.9350229260e-02 
 935.000  7.0419015300e-01  1.9005744930e-02 
 936.000  6.9912292100e-01  1.9072475430e-02 
 937.000  7.1472593100e-01  1.9442731860e-02 
 938.000  7.0723070400e-01  1.9880844120e-02 
 939.000  7.1351325200e-01  2.2094551090e-02 
 940.000  7.0987024000e-01  2.2375930790e-02 
 941.000  6.9373111900e-01  2.1546581270e-02 
 942.000  6.6717949700e-01  2.0040136340e-02 
 943.000  7.0296425400e-01  2.0086708070e-02 
 944.000  6.8364144300e-01  1.9460813520e-02 
 945.000  6.9019217500e-01  1.9978118900e-02 
 946.000  6.9955038800e-01  2.0270021440e-02 
 947.000  6.9532284600e-01  2.0475648880e-02 
 948.000  6.9952514300e-01  2.0798400880e-02 
 949.000  7.0174060800e-01  2.0843259810e-02 
 950.000  6.9711446300e-01  2.0757062910e-02 
 951.000  6.9297924900e-01  2.1104709630e-02 
 952.000  6.9290009500e-01  2.0611537930e-02 
 953.000  6.9098962900e-01  2.0909921650e-02 
 954.000  6.8431606900e-01  2.1119783400e-02 
 955.000  6.3918579100e-01  1.9433343890e-02 
 956.000  6.8186152600e-01  2.0680541990e-02 
 957.000  6.8151205000e-01  2.1794935230e-02 
 958.000  6.8676534700e-01  2.2149402620e-02 
 959.000  6.8941749400e-01  2.2029838560e-02 
 960.000  6.8290261400e-01  2.1769046780e-02 
 961.000  6.7557655000e-01  2.1431888580e-02 
 962.000  6.7893797500e-01  2.1630918500e-02 
 963.000  6.7753659500e-01  2.2331569670e-02 
 964.000  6.6978453600e-01  2.2190954210e-02 
 965.000  6.7797029100e-01  2.2382635120e-02 
 966.000  6.5839745100e-01  2.1780620570e-02 
 967.000  6.7797893600e-01  2.3050632480e-02 
 968.000  6.7050856600e-01  2.3833000180e-02 
 969.000  6.7460441700e-01  2.4431837080e-02 
 970.000  6.7643239900e-01  2.4518259050e-02 
 971.000  6.7044576200e-01  2.4281494140e-02 
 972.000  6.7519479500e-01  2.4307201390e-02 
 973.000  6.6895498500e-01  2.3776485440e-02 
 974.000  6.5869660300e-01  2.3047796250e-02 
 975.000  6.6199076400e-01  2.2917310710e-02 
 976.000  6.7000355700e-01  2.3474346160e-02 
 977.000  6.5301592400e-01  2.3320560460e-02 
 978.000  6.6916707100e-01  2.3858112340e-02 
 979.000  6.4972137300e-01  2.3279727940e-02 
 980.000  6.5888828200e-01  2.4083494190e-02 
 981.000  6.6337446900e-01  2.4364461900e-02 
 982.000  6.6194081700e-01  2.4196567540e-02 
 983.000  6.6014987300e-01  2.4402103420e-02 
 984.000  6.5572875400e-01  2.4545156480e-02 
 985.000  6.5541624500e-01  2.4722906110e-02 
 986.000  6.5006817200e-01  2.4790710450e-02 
 987.000  6.5745735400e-01  2.5197875980e-02 
 988.000  6.4935220000e-01  2.4909891130e-02 
 989.000  6.4110650100e-01  2.4604270940e-02 
 990.000  6.4656909300e-01  2.4837699890e-02 
 991.000  6.5181034300e-01  2.5124212270e-02 
 992.000  6.4577881000e-01  2.4889162060e-02 
 993.000  6.4573295900e-01  2.4862112050e-02 
 994.000  6.4896795100e-01  2.5051364900e-02 
 995.000  6.4415847900e-01  2.4921396260e-02 
 996.000  6.4404027800e-01  2.4876216890e-02 
 997.000  6.4475165300e-01  2.4804248810e-02 
 998.000  6.4239134100e-01  2.4625387190e-02 
 999.000  6.4081877300e-01  2.4503721240e-02 
1000.000  6.3570181600e-01  2.4287399290e-02 
1001.000  6.3932623500e-01  2.4301244740e-02 
1002.000  6.3871187500e-01  2.4090280530e-02 
1003.000  6.3118229400e-01  2.3842460630e-02 
1004.000  6.2574612300e-01  2.3733810420e-02 
1005.000  5.8459367500e-01  2.2213104250e-02 
1006.000  6.1508572600e-01  2.3383193970e-02 
1007.000  6.2634445500e-01  2.3770654680e-02 
1008.000  6.2923749800e-01  2.3732126240e-02 
1009.000  6.2573132700e-01  2.3419319150e-02 
1010.000  6.2792508200e-01  2.3574127200e-02 
1011.000  6.2420553300e-01  2.3626186370e-02 
1012.000  6.2424759300e-01  2.3704105380e-02 
1013.000  6.1962890200e-01  2.3590620040e-02 
1014.000  6.2353336000e-01  2.3797718050e-02 
1015.000  6.1201340600e-01  2.3397064210e-02 
1016.000  6.1587651500e-01  2.3609424590e-02 
1017.000  6.0974166100e-01  2.3410787580e-02 
1018.000  6.1780783400e-01  2.3730829240e-02 
1019.000  6.0393104000e-01  2.3154277800e-02 
1020.000  6.0258314900e-01  2.3095737460e-02 
1021.000  6.0840358000e-01  2.3303123470e-02 
1022.000  5.9957035900e-01  2.2804821010e-02 
1023.000  6.1133874400e-01  2.3109867100e-02 
1024.000  6.0839332500e-01  2.2888307570e-02 
1025.000  6.0767323700e-01  2.2919889450e-02 
1026.000  6.0813914000e-01  2.2977230070e-02 
1027.000  6.0457552100e-01  2.2856979370e-02 
1028.000  6.0590760800e-01  2.2968942640e-02 
1029.000  5.9644675600e-01  2.2700529100e-02 
1030.000  6.0219650000e-01  2.3025299070e-02 
1031.000  6.0017129800e-01  2.3027366640e-02 
1032.000  5.9795172500e-01  2.2996873860e-02 
1033.000  5.8691829100e-01  2.2556015010e-02 
1034.000  5.9306978600e-01  2.2783250810e-02 
1035.000  5.8666951600e-01  2.2523002620e-02 
1036.000  5.9436859800e-01  2.2794195180e-02 
1037.000  5.8184083700e-01  2.2293825150e-02 
1038.000  5.8755979500e-01  2.2493202210e-02 
1039.000  5.9007137000e-01  2.2558570860e-02 
1040.000  5.8317597500e-01  2.2266990660e-02 
1041.000  5.8630873900e-01  2.2357973100e-02 
1042.000  5.8807657100e-01  2.2400594710e-02 
1043.000  5.7794212500e-01  2.1991760250e-02 
1044.000  5.8376125800e-01  2.2185852050e-02 
1045.000  5.8142417500e-01  2.2125240330e-02 
1046.000  5.6462580300e-01  2.1524328230e-02 
1047.000  5.7514049600e-01  2.1962787630e-02 
1048.000  5.8103208000e-01  2.2227060320e-02 
1049.000  5.7746480000e-01  2.2132009510e-02 
1050.000  5.7420033400e-01  2.2035224910e-02 
1051.000  5.7452958100e-01  2.2018945690e-02 
1052.000  5.7202581300e-01  2.1883071900e-02 
1053.000  5.7230681800e-01  2.1858703610e-02 
1054.000  5.6670853500e-01  2.1605932240e-02 
1055.000  5.7115630500e-01  2.1726846690e-02 
1056.000  5.6987346900e-01  2.1635725020e-02 
1057.000  5.6945176000e-01  2.1570224760e-02 
1058.000  5.6449264600e-01  2.1306900020e-02 
1059.000  5.4668469200e-01  2.0657123570e-02 
1060.000  5.6588551400e-01  2.1447454450e-02 
1061.000  5.4617656800e-01  2.0704524990e-02 
1062.000  5.6194614900e-01  2.1261238100e-02 
1063.000  5.5267793800e-01  2.0881349560e-02 
1064.000  5.6010576200e-01  2.1072509770e-02 
1065.000  5.6001672200e-01  2.0968967440e-02 
1066.000  5.4280894900e-01  2.0287309650e-02 
1067.000  5.5599353600e-01  2.0724678040e-02 
1068.000  5.5465219900e-01  2.0537229540e-02 
1069.000  5.1328199700e-01  1.8946926120e-02 
1070.000  5.4360328000e-01  2.0107481000e-02 
1071.000  5.4501200100e-01  2.0140455250e-02 
1072.000  5.4737519700e-01  2.0209701540e-02 
1073.000  5.2946297300e-01  1.9572908400e-02 
1074.000  5.4794314100e-01  2.0300510410e-02 
1075.000  5.3019267200e-01  1.9749193190e-02 
1076.000  5.4232964900e-01  2.0167490010e-02 
1077.000  5.4174466400e-01  2.0096776960e-02 
1078.000  5.4387077200e-01  2.0118808750e-02 
1079.000  5.2303439000e-01  1.9354333880e-02 
1080.000  5.4044218000e-01  1.9833602910e-02 
1081.000  5.2065780800e-01  1.9092792510e-02 
1082.000  5.2649497800e-01  1.9339469910e-02 
1083.000  5.1321302800e-01  1.8722084050e-02 
1084.000  5.3384051800e-01  1.9339643480e-02 
1085.000  5.2923157700e-01  1.8930826190e-02 
1086.000  5.3558048400e-01  1.9162260060e-02 
1087.000  5.0028851200e-01  1.8087474820e-02 
1088.000  5.3050799300e-01  1.9235103610e-02 
1089.000  5.1328517700e-01  1.8383710860e-02 
1090.000  5.2502039100e-01  1.8795747760e-02 
1091.000  5.2782476100e-01  1.8988817210e-02 
1092.000  5.1706258500e-01  1.8519271850e-02 
1093.000  5.1392999400e-01  1.8175569530e-02 
1094.000  4.6891072100e-01  1.6452844620e-02 
1095.000  5.0732688900e-01  1.7781904220e-02 
1096.000  5.0806051500e-01  1.7791406630e-02 
1097.000  4.9885490700e-01  1.7375873570e-02 
1098.000  4.9790331200e-01  1.6729757310e-02 
1099.000  5.0239273800e-01  1.6331325530e-02 
1100.000  5.1080576700e-01  1.6638898850e-02 
1101.000  5.0922416100e-01  1.6656600950e-02 
1102.000  4.8830209500e-01  1.5933010100e-02 
1103.000  5.0734297300e-01  1.6595281600e-02 
1104.000  5.0409770100e-01  1.6397258760e-02 
1105.000  5.0445747600e-01  1.6192583080e-02 
1106.000  5.0134725300e-01  1.5893640520e-02 
1107.000  5.0044809500e-01  1.5902455330e-02 
1108.000  4.9860860900e-01  1.5863993640e-02 
1109.000  4.9992463200e-01  1.6054958340e-02 
1110.000  5.0248995000e-01  1.6087738040e-02 
1111.000  4.9645262500e-01  1.5788337710e-02 
1112.000  4.9203811900e-01  1.5254185680e-02 
1113.000  4.9031209900e-01  1.4725395200e-02 
1114.000  4.9562093500e-01  1.4736734390e-02 
1115.000  4.9062828700e-01  1.4118947030e-02 
1116.000  4.8441942500e-01  1.3690329550e-02 
1117.000  4.9016319400e-01  1.3340980530e-02 
1118.000  4.8502738800e-01  1.2783250810e-02 
1119.000  4.7145943900e-01  1.2238220210e-02 
1120.000  4.7241014800e-01  1.2048746110e-02 
1121.000  4.7541471600e-01  1.2080449100e-02 
1122.000  4.7320816700e-01  1.1810769080e-02 
1123.000  4.7543186600e-01  1.1989078520e-02 
1124.000  4.7634914000e-01  1.2093874930e-02 
1125.000  4.6642383600e-01  1.1801271440e-02 
1126.000  4.5750138600e-01  1.1558940890e-02 
1127.000  4.7298933300e-01  1.1966003420e-02 
1128.000  4.6434227400e-01  1.1778378490e-02 
1129.000  4.6724183300e-01  1.2065243720e-02 
1130.000  4.6816171000e-01  1.2641786580e-02 
1131.000  4.7329386200e-01  1.2949502940e-02 
1132.000  4.7429245300e-01  1.2740437510e-02 
1133.000  4.6203796500e-01  1.2014254570e-02 
1134.000  4.5663433200e-01  1.1229930880e-02 
1135.000  4.6261678300e-01  1.1422727580e-02 
1136.000  4.6454009900e-01  1.2127454760e-02 
1137.000  4.7134238300e-01  1.2716350560e-02 
1138.000  4.5527956200e-01  1.2706111910e-02 
1139.000  4.6549776700e-01  1.3152579310e-02 
1140.000  4.6672398700e-01  1.3096583370e-02 
1141.000  4.5323087800e-01  1.2552839280e-02 
1142.000  4.6549762100e-01  1.2829009060e-02 
1143.000  4.5711637300e-01  1.2408590320e-02 
1144.000  4.5383953100e-01  1.2117175100e-02 
1145.000  4.5645760700e-01  1.1912447930e-02 
1146.000  4.6113380400e-01  1.2095150950e-02 
1147.000  4.6347433200e-01  1.2378501890e-02 
1148.000  4.5906696400e-01  1.2466976170e-02 
1149.000  4.6054135200e-01  1.2593589780e-02 
1150.000  4.5858674700e-01  1.2554713250e-02 
1151.000  4.5724060500e-01  1.2660182950e-02 
1152.000  4.5638686800e-01  1.2707638740e-02 
1153.000  4.5559056900e-01  1.2791271210e-02 
1154.000  4.5906813200e-01  1.2870203020e-02 
1155.000  4.6064884100e-01  1.3133821490e-02 
1156.000  4.5440556300e-01  1.3205030440e-02 
1157.000  4.5866663900e-01  1.3909293170e-02 
1158.000  4.5873954900e-01  1.4221274380e-02 
1159.000  4.5225280700e-01  1.4319713590e-02 
1160.000  4.4650753900e-01  1.4274998660e-02 
1161.000  4.3687821400e-01  1.4290421490e-02 
1162.000  4.5269397200e-01  1.5080718990e-02 
1163.000  4.5457317000e-01  1.5461777690e-02 
1164.000  4.4534071800e-01  1.5211696620e-02 
1165.000  4.5393570400e-01  1.5557042120e-02 
1166.000  4.4216065500e-01  1.5233728410e-02 
1167.000  4.4933240500e-01  1.5531499860e-02 
1168.000  4.5325969100e-01  1.5653666500e-02 
1169.000  4.3758595700e-01  1.5161165240e-02 
1170.000  4.4935387100e-01  1.5611783980e-02 
1171.000  4.5143315500e-01  1.5786599160e-02 
1172.000  4.5001925700e-01  1.5678356170e-02 
1173.000  4.4688511600e-01  1.5513971330e-02 
1174.000  4.4711118900e-01  1.5525375370e-02 
1175.000  4.4187705500e-01  1.5496376040e-02 
1176.000  4.3120985800e-01  1.5262079240e-02 
1177.000  4.4452323600e-01  1.5662516590e-02 
1178.000  4.3701396400e-01  1.5259633060e-02 
1179.000  4.3505503700e-01  1.5191191670e-02 
1180.000  4.4116157400e-01  1.5352978710e-02 
1181.000  4.3890742800e-01  1.5148331640e-02 
1182.000  4.3946286300e-01  1.5037841800e-02 
1183.000  4.1394661000e-01  1.4173743250e-02 
1184.000  4.3260360900e-01  1.4878055570e-02 
1185.000  4.3832793500e-01  1.5245433810e-02 
1186.000  4.3571772700e-01  1.5096717830e-02 
1187.000  4.3587373200e-01  1.4918889050e-02 
1188.000  4.3363577500e-01  1.4785623550e-02 
1189.000  4.0826726400e-01  1.4000683780e-02 
1190.000  4.2834356100e-01  1.4933099750e-02 
1191.000  4.3502360200e-01  1.5215071680e-02 
1192.000  4.3265465600e-01  1.5219855310e-02 
1193.000  4.3282170700e-01  1.5162264820e-02 
1194.000  4.3200650600e-01  1.5107778550e-02 
1195.000  4.2716375600e-01  1.4823841090e-02 
1196.000  4.2689389700e-01  1.4830412860e-02 
1197.000  4.2678153900e-01  1.4770993230e-02 
1198.000  4.1244648500e-01  1.4262594220e-02 
1199.000  3.9711943400e-01  1.3668575290e-02 
1200.000  4.2215324100e-01  1.4565943720e-02 
1201.000  4.2518105100e-01  1.4687590600e-02 
1202.000  4.2599690200e-01  1.4735113140e-02 
1203.000  4.0520586900e-01  1.3986800190e-02 
1204.000  4.1192025900e-01  1.4249044420e-02 
1205.000  4.2147564000e-01  1.4778638840e-02 
1206.000  4.1891120300e-01  1.4782355310e-02 
1207.000  4.2172438800e-01  1.4920715330e-02 
1208.000  4.1558514600e-01  1.4673566820e-02 
1209.000  3.8962056500e-01  1.3709609990e-02 
1210.000  4.1690426500e-01  1.4589787480e-02 
1211.000  4.0297749000e-01  1.4093908310e-02 
1212.000  4.1559423100e-01  1.4564970020e-02 
1213.000  4.1713054400e-01  1.4708380700e-02 
1214.000  4.1534498100e-01  1.4643266680e-02 
1215.000  4.1677235200e-01  1.4733389850e-02 
1216.000  4.1553938000e-01  1.4828867910e-02 
1217.000  4.1467494000e-01  1.4912856100e-02 
1218.000  4.1322374400e-01  1.4907650950e-02 
1219.000  4.0935659700e-01  1.4791428570e-02 
1220.000  4.1210789400e-01  1.4880739210e-02 
1221.000  4.1125471200e-01  1.4851435660e-02 
1222.000  4.0897639700e-01  1.4762352940e-02 
1223.000  4.0697454100e-01  1.4713561060e-02 
1224.000  4.0991599500e-01  1.4911287310e-02 
1225.000  4.0759177700e-01  1.4855553630e-02 
1226.000  4.0892068500e-01  1.4941611290e-02 
1227.000  3.9488848700e-01  1.4483653070e-02 
1228.000  4.0698921900e-01  1.4994917870e-02 
1229.000  4.0631398300e-01  1.5017177580e-02 
1230.000  4.0468409100e-01  1.5012592320e-02 
1231.000  4.0455103700e-01  1.5041285510e-02 
1232.000  3.9995089600e-01  1.4884330750e-02 
1233.000  4.0307145100e-01  1.5009781840e-02 
1234.000  4.0160460100e-01  1.5030385970e-02 
1235.000  3.9873030100e-01  1.4946315770e-02 
1236.000  4.0099023800e-01  1.5038127900e-02 
1237.000  4.0088435000e-01  1.5059695240e-02 
1238.000  4.0059971200e-01  1.5056217190e-02 
1239.000  3.9601535100e-01  1.4886166570e-02 
1240.000  3.9423761900e-01  1.4853631970e-02 
1241.000  3.9784613200e-01  1.5016686440e-02 
1242.000  3.9562670000e-01  1.4957039830e-02 
1243.000  3.9129563100e-01  1.4818468090e-02 
1244.000  3.8794617900e-01  1.4704806330e-02 
1245.000  3.9472672100e-01  1.4971604350e-02 
1246.000  3.9179238700e-01  1.4815109250e-02 
1247.000  3.9000449700e-01  1.4701033590e-02 
1248.000  3.9317251500e-01  1.4771465300e-02 
1249.000  3.9184133800e-01  1.4684027670e-02 
1250.000  3.9044655800e-01  1.4585994720e-02 
1251.000  3.8791447600e-01  1.4457079890e-02 
1252.000  3.8691705700e-01  1.4380949020e-02 
1253.000  3.8389262600e-01  1.4227773670e-02 
1254.000  3.8521901300e-01  1.4205260280e-02 
1255.000  3.8480734700e-01  1.4139678000e-02 
1256.000  3.8421271800e-01  1.4074655530e-02 
1257.000  3.8009725800e-01  1.3842096330e-02 
1258.000  3.8208913100e-01  1.3771597860e-02 
1259.000  3.7819193100e-01  1.3512753490e-02 
1260.000  3.7900740500e-01  1.3417157170e-02 
1261.000  3.7855990800e-01  1.3273914340e-02 
1262.000  3.7045803400e-01  1.2826658250e-02 
1263.000  3.7495088600e-01  1.2955635070e-02 
1264.000  3.6911289170e-01  1.2744567870e-02 
1265.000  3.6978524310e-01  1.2775544170e-02 
1266.000  3.7217287860e-01  1.2825661660e-02 
1267.000  3.6520254820e-01  1.2550120350e-02 
1268.000  3.6160524660e-01  1.2380114560e-02 
1269.000  3.6498980670e-01  1.2474686620e-02 
1270.000  3.6900249060e-01  1.2757289890e-02 
1271.000  3.7105204800e-01  1.2898454670e-02 
1272.000  3.6995463250e-01  1.2926750180e-02 
1273.000  3.6963664470e-01  1.2984383580e-02 
1274.000  3.6742944310e-01  1.2980978970e-02 
1275.000  3.6959226740e-01  1.3087094310e-02 
1276.000  3.7018616030e-01  1.3119461060e-02 
1277.000  3.6990951540e-01  1.3108099940e-02 
1278.000  3.6884945990e-01  1.3066471100e-02 
1279.000  3.6638060070e-01  1.3000530240e-02 
1280.000  3.6421670830e-01  1.3009532930e-02 
1281.000  3.5382897150e-01  1.2720828060e-02 
1282.000  3.1420737140e-01  1.1368793490e-02 
1283.000  3.4483721840e-01  1.2534207340e-02 
1284.000  3.5906627130e-01  1.3087043760e-02 
1285.000  3.6170070620e-01  1.3202148440e-02 
1286.000  3.6158121970e-01  1.3166245460e-02 
1287.000  3.6379213740e-01  1.3191977500e-02 
1288.000  3.6151147810e-01  1.2933616640e-02 
1289.000  3.6366678270e-01  1.2959128380e-02 
1290.000  3.5533380780e-01  1.2646483420e-02 
1291.000  3.6019825890e-01  1.2807936670e-02 
1292.000  3.6170102630e-01  1.2887784000e-02 
1293.000  3.6202415330e-01  1.2868524550e-02 
1294.000  3.5627826020e-01  1.2557676320e-02 
1295.000  3.6011363030e-01  1.2558210370e-02 
1296.000  3.6037844780e-01  1.2464811330e-02 
1297.000  3.5815660530e-01  1.2326445580e-02 
1298.000  3.5495583440e-01  1.2221184730e-02 
1299.000  3.5851968800e-01  1.2346619610e-02 
1300.000  3.5708047610e-01  1.2300021170e-02 
1301.000  3.5651271460e-01  1.2258551600e-02 
1302.000  3.5193719390e-01  1.2019366260e-02 
1303.000  3.5004610830e-01  1.1780793190e-02 
1304.000  3.5027594930e-01  1.1699248310e-02 
1305.000  3.5243115520e-01  1.1721843720e-02 
1306.000  3.5276865000e-01  1.1679499630e-02 
1307.000  3.5172631700e-01  1.1604853630e-02 
1308.000  3.5142589270e-01  1.1504405020e-02 
1309.000  3.5111344280e-01  1.1368650440e-02 
1310.000  3.4965434210e-01  1.1313706400e-02 
1311.000  3.4858426600e-01  1.1282313350e-02 
1312.000  3.4749836000e-01  1.1099380490e-02 
1313.000  3.3466370700e-01  1.0520874020e-02 
1314.000  3.4510991850e-01  1.0695331570e-02 
1315.000  3.3348954650e-01  1.0403140070e-02 
1316.000  3.4124749410e-01  1.0752467160e-02 
1317.000  3.4491847650e-01  1.0866044040e-02 
1318.000  3.4003785080e-01  1.0532798770e-02 
1319.000  3.4469533070e-01  1.0445334430e-02 
1320.000  3.4215059330e-01  1.0131940840e-02 
1321.000  3.4064726900e-01  1.0001602170e-02 
1322.000  3.3996708030e-01  1.0112405780e-02 
1323.000  3.4071967630e-01  1.0286157610e-02 
1324.000  3.4090229760e-01  1.0378937720e-02 
1325.000  3.3981165100e-01  1.0283329010e-02 
1326.000  3.3822107810e-01  1.0076808930e-02 
1327.000  3.3552061460e-01  9.6885385510e-03 
1328.000  3.3640346720e-01  9.4298038480e-03 
1329.000  3.2412680550e-01  8.6515579220e-03 
1330.000  3.2919693910e-01  8.6364698410e-03 
1331.000  3.3066429460e-01  8.5818700790e-03 
1332.000  3.2311817250e-01  8.4153070450e-03 
1333.000  3.3165872370e-01  8.7185335160e-03 
1334.000  3.3207455080e-01  8.8440170290e-03 
1335.000  3.3235875370e-01  8.9352903370e-03 
1336.000  3.2876128330e-01  8.8678598400e-03 
1337.000  3.2982549840e-01  8.9086599350e-03 
1338.000  3.2958243920e-01  8.9616260530e-03 
1339.000  3.2604100890e-01  8.8835382460e-03 
1340.000  3.2370073960e-01  8.8695840840e-03 
1341.000  3.2858713000e-01  8.9618253710e-03 
1342.000  3.2778241240e-01  8.9464225770e-03 
1343.000  3.2775351710e-01  8.7670392990e-03 
1344.000  3.2625490230e-01  8.5544900890e-03 
1345.000  3.2375105590e-01  8.1146764760e-03 
1346.000  3.1857872110e-01  7.7894978520e-03 
1347.000  3.1918263860e-01  7.6575770380e-03 
1348.000  3.1560447320e-01  7.4146108630e-03 
1349.000  3.1346120270e-01  7.2795219420e-03 
1350.000  3.0706043640e-01  6.9640626910e-03 
1351.000  3.0489172900e-01  6.7979331020e-03 
1352.000  3.0544774650e-01  6.6341128350e-03 
1353.000  2.9959394580e-01  6.2883915900e-03 
1354.000  2.9597353260e-01  6.0837144850e-03 
1355.000  2.9033015100e-01  5.8255538940e-03 
1356.000  2.8605637840e-01  5.5813913350e-03 
1357.000  2.7935414630e-01  5.2521705630e-03 
1358.000  2.7975057760e-01  5.0432729720e-03 
1359.000  2.7203068590e-01  4.5395708080e-03 
1360.000  2.6205951080e-01  4.1483430860e-03 
1361.000  2.6425620530e-01  4.0375847820e-03 
1362.000  2.6199232550e-01  3.9622447490e-03 
1363.000  2.6225625860e-01  4.1885252000e-03 
1364.000  2.6752828040e-01  4.3488841060e-03 
1365.000  2.6739184700e-01  4.3883514400e-03 
1366.000  2.6926944090e-01  4.5072236060e-03 
1367.000  2.6431895400e-01  4.3112716670e-03 
1368.000  2.6434198490e-01  4.2077398300e-03 
1369.000  2.5957966850e-01  4.1565117840e-03 
1370.000  2.6509278670e-01  4.5076828000e-03 
1371.000  2.7287550630e-01  5.0089621540e-03 
1372.000  2.8371848890e-01  5.5873198510e-03 
1373.000  2.8782258040e-01  5.8919324870e-03 
1374.000  2.9111131110e-01  6.0746488570e-03 
1375.000  2.8702302410e-01  6.0400500300e-03 
1376.000  2.8273234610e-01  5.9111323360e-03 
1377.000  2.8531017500e-01  5.8820333480e-03 
1378.000  2.8041106080e-01  5.6215419770e-03 
1379.000  2.7855499540e-01  5.3375463490e-03 
1380.000  2.6856285910e-01  4.7982168200e-03 
1381.000  2.6250690130e-01  4.3542594910e-03 
1382.000  2.5436043780e-01  4.0385136600e-03 
1383.000  2.5658510760e-01  4.0530743600e-03 
1384.000  2.6228357660e-01  4.4159507750e-03 
1385.000  2.6436898930e-01  4.6665749550e-03 
1386.000  2.7234935570e-01  5.0643830300e-03 
1387.000  2.7625615970e-01  5.5128436090e-03 
1388.000  2.8204654060e-01  5.7933216090e-03 
1389.000  2.8429226560e-01  5.9095249180e-03 
1390.000  2.7928188690e-01  5.8259577750e-03 
1391.000  2.8201592070e-01  5.8260698320e-03 
1392.000  2.7757389400e-01  5.5655555730e-03 
1393.000  2.7302808890e-01  5.3065571780e-03 
1394.000  2.6697627570e-01  5.0284924510e-03 
1395.000  2.6827660120e-01  5.1259398460e-03 
1396.000  2.7420766250e-01  5.4309873580e-03 
1397.000  2.7727638890e-01  5.6408610340e-03 
1398.000  2.7748780760e-01  5.6620707510e-03 
1399.000  2.7567483000e-01  5.5755200390e-03 
1400.000  2.6767070470e-01  5.3891925810e-03 
1401.000  2.6888203940e-01  5.4290366170e-03 
1402.000  2.7544712000e-01  5.6757378580e-03 
1403.000  2.7474848590e-01  5.7286486630e-03 
1404.000  2.7266447540e-01  5.6456298830e-03 
1405.000  2.7283283350e-01  5.6544814110e-03 
1406.000  2.7244668330e-01  5.5947194100e-03 
1407.000  2.7271743460e-01  5.5966038700e-03 
1408.000  2.7356028580e-01  5.7197451590e-03 
1409.000  2.7647655760e-01  5.8548097610e-03 
1410.000  2.7766813020e-01  6.0076551440e-03 
1411.000  2.7974146360e-01  6.1417655940e-03 
1412.000  2.6880925110e-01  5.8939328190e-03 
1413.000  2.7399995650e-01  6.0350627900e-03 
1414.000  2.7758427220e-01  6.0820302960e-03 
1415.000  2.7742284430e-01  6.1246685980e-03 
1416.000  2.7691472130e-01  6.1569099430e-03 
1417.000  2.7893552830e-01  6.1911559100e-03 
1418.000  2.7904519750e-01  6.1876463890e-03 
1419.000  2.7507026030e-01  6.0880236630e-03 
1420.000  2.7446686290e-01  6.0822658540e-03 
1421.000  2.7902250960e-01  6.2399387360e-03 
1422.000  2.7278859660e-01  6.1212158200e-03 
1423.000  2.7112673060e-01  6.0760812760e-03 
1424.000  2.7137219410e-01  6.0604982380e-03 
1425.000  2.7660866820e-01  6.1302351950e-03 
1426.000  2.6541550660e-01  5.8690690990e-03 
1427.000  2.6955739420e-01  5.9754338260e-03 
1428.000  2.7540731370e-01  6.1138467790e-03 
1429.000  2.6894851540e-01  5.9800071720e-03 
1430.000  2.6310603630e-01  5.8211832050e-03 
1431.000  2.6250222210e-01  5.7202444080e-03 
1432.000  2.6727368780e-01  5.7677617070e-03 
1433.000  2.6740939920e-01  5.7510252000e-03 
1434.000  2.6201972970e-01  5.6009092330e-03 
1435.000  2.6521673500e-01  5.6992206570e-03 
1436.000  2.6525248700e-01  5.7019705770e-03 
1437.000  2.6630018000e-01  5.7156934740e-03 
1438.000  2.6565237140e-01  5.7356414790e-03 
1439.000  2.6879310120e-01  5.7937731740e-03 
1440.000  2.5215472820e-01  5.4403600690e-03 
1441.000  2.6486138430e-01  5.7060503960e-03 
1442.000  2.5869457670e-01  5.5391449930e-03 
1443.000  2.6299009230e-01  5.6103200910e-03 
1444.000  2.6426884770e-01  5.6335206030e-03 
1445.000  2.6347124930e-01  5.6010532380e-03 
1446.000  2.6629959390e-01  5.6733117100e-03 
1447.000  2.6508238320e-01  5.6578712460e-03 
1448.000  2.6710876980e-01  5.6843075750e-03 
1449.000  2.6700210080e-01  5.6423959730e-03 
1450.000  2.6520567410e-01  5.5471367840e-03 
1451.000  2.6349524020e-01  5.5013275150e-03 
1452.000  2.6025173100e-01  5.4598007200e-03 
1453.000  2.6520552690e-01  5.6380252840e-03 
1454.000  2.6623571690e-01  5.7459239960e-03 
1455.000  2.6286857130e-01  5.7277717590e-03 
1456.000  2.6274889630e-01  5.7804088590e-03 
1457.000  2.6526781910e-01  5.8197627070e-03 
1458.000  2.6889477890e-01  5.8863835330e-03 
1459.000  2.6989359660e-01  5.8160729410e-03 
1460.000  2.6530138670e-01  5.6365160940e-03 
1461.000  2.6472208480e-01  5.5658326150e-03 
1462.000  2.6183116880e-01  5.4068331720e-03 
1463.000  2.6008344730e-01  5.3427629470e-03 
1464.000  2.5991136260e-01  5.2930765150e-03 
1465.000  2.6291836380e-01  5.2808990480e-03 
1466.000  2.5665535700e-01  5.0744085310e-03 
1467.000  2.6280745890e-01  5.1350755690e-03 
1468.000  2.5633895980e-01  4.9447007180e-03 
1469.000  2.5916480940e-01  4.9161067010e-03 
1470.000  2.5767000740e-01  4.8417873380e-03 
1471.000  2.5359611710e-01  4.8030147550e-03 
1472.000  2.5512864620e-01  4.8954877850e-03 
1473.000  2.5737389620e-01  5.0474534030e-03 
1474.000  2.5028771400e-01  4.9970340730e-03 
1475.000  2.5560957620e-01  5.0760536190e-03 
1476.000  2.5601349760e-01  5.0591111180e-03 
1477.000  2.5676463670e-01  5.0114488600e-03 
1478.000  2.5305037140e-01  4.8782167430e-03 
1479.000  2.5594916320e-01  4.8639521600e-03 
1480.000  2.5735127530e-01  4.8916749950e-03 
1481.000  2.5351489000e-01  4.8563771250e-03 
1482.000  2.5667183050e-01  4.9619011880e-03 
1483.000  2.5138461890e-01  4.8631134030e-03 
1484.000  2.5370860820e-01  4.8950505260e-03 
1485.000  2.5853708410e-01  4.9654903410e-03 
1486.000  2.5427759540e-01  4.9253010750e-03 
1487.000  2.5456826480e-01  5.0427517890e-03 
1488.000  2.2254402170e-01  4.4071164130e-03 
1489.000  2.5552756400e-01  5.2244281770e-03 
1490.000  2.5612295330e-01  5.3910398480e-03 
1491.000  2.5866823010e-01  5.5572991370e-03 
1492.000  2.5265739050e-01  5.4479537010e-03 
1493.000  2.5833579030e-01  5.6495437620e-03 
1494.000  2.5735353690e-01  5.6349158290e-03 
1495.000  2.5555304830e-01  5.6693730350e-03 
1496.000  2.4799600160e-01  5.6309766770e-03 
1497.000  2.5382073760e-01  5.7574620250e-03 
1498.000  2.5639096600e-01  5.9374122620e-03 
1499.000  2.5207890820e-01  5.9508790970e-03 
1500.000  2.5637742970e-01  6.1349849700e-03 
1501.000  2.5601154430e-01  6.0899491310e-03 
1502.000  2.5403462800e-01  5.9908208850e-03 
1503.000  2.2810739080e-01  5.3428521160e-03 
1504.000  2.3765292590e-01  5.5925555230e-03 
1505.000  2.3691471930e-01  5.6814794540e-03 
1506.000  2.4010832470e-01  5.7851915360e-03 
1507.000  2.5112146010e-01  6.1549887660e-03 
1508.000  2.4719980050e-01  6.1233286860e-03 
1509.000  2.4826785060e-01  6.2210521700e-03 
1510.000  2.5210459350e-01  6.3551979060e-03 
1511.000  2.5325134430e-01  6.4416027070e-03 
1512.000  2.4849700890e-01  6.3616776470e-03 
1513.000  2.4808061190e-01  6.3864898680e-03 
1514.000  2.4468457340e-01  6.3195648190e-03 
1515.000  2.4949306580e-01  6.4664840700e-03 
1516.000  2.4717794260e-01  6.3896889690e-03 
1517.000  2.4571416290e-01  6.3470668790e-03 
1518.000  2.5024277690e-01  6.4836854930e-03 
1519.000  2.4652919250e-01  6.4123840330e-03 
1520.000  2.4804578040e-01  6.5225009920e-03 
1521.000  2.4332100100e-01  6.4803447720e-03 
1522.000  2.4189689400e-01  6.4845333100e-03 
1523.000  2.4778441730e-01  6.6990489960e-03 
1524.000  2.4602574220e-01  6.6779136660e-03 
1525.000  2.4054306280e-01  6.5418486600e-03 
1526.000  2.4731863210e-01  6.7147641180e-03 
1527.000  2.4464589880e-01  6.6475863460e-03 
1528.000  2.4612954710e-01  6.7004208560e-03 
1529.000  2.4535073090e-01  6.6632919310e-03 
1530.000  2.2951801700e-01  6.2395491600e-03 
1531.000  2.4524361830e-01  6.6531467440e-03 
1532.000  2.4367034340e-01  6.5989336970e-03 
1533.000  2.4243932910e-01  6.5440716740e-03 
1534.000  2.3858659890e-01  6.4183773990e-03 
1535.000  2.3920089200e-01  6.4145317080e-03 
1536.000  2.4239951910e-01  6.5340952870e-03 
1537.000  2.4296231920e-01  6.5980892180e-03 
1538.000  2.3611722080e-01  6.4617929460e-03 
1539.000  2.4094523020e-01  6.6418972020e-03 
1540.000  2.3211666240e-01  6.4376664160e-03 
1541.000  2.3687911730e-01  6.5791130070e-03 
1542.000  2.3828775680e-01  6.6179161070e-03 
1543.000  2.3740133190e-01  6.6013875010e-03 
1544.000  2.4008660840e-01  6.6890544890e-03 
1545.000  2.4048830420e-01  6.7215976720e-03 
1546.000  2.4028144570e-01  6.7486996650e-03 
1547.000  2.3762924120e-01  6.7028322220e-03 
1548.000  2.3042369520e-01  6.5274229050e-03 
1549.000  2.3632948220e-01  6.7131452560e-03 
1550.000  2.3501731430e-01  6.6920461650e-03 
1551.000  2.3378713920e-01  6.6540904050e-03 
1552.000  2.3776096100e-01  6.7546963690e-03 
1553.000  2.3641954860e-01  6.7095437050e-03 
1554.000  2.2775716010e-01  6.4510297780e-03 
1555.000  2.3141001560e-01  6.5505852700e-03 
1556.000  2.2690456790e-01  6.4487237930e-03 
1557.000  2.3427015640e-01  6.7087969780e-03 
1558.000  2.3247557700e-01  6.6998929980e-03 
1559.000  2.3258674910e-01  6.7433419230e-03 
1560.000  2.2857022650e-01  6.6724643710e-03 
1561.000  2.3400830220e-01  6.8449420930e-03 
1562.000  2.3408345160e-01  6.8274512290e-03 
1563.000  2.3074338840e-01  6.7188591960e-03 
1564.000  2.2640000590e-01  6.5704803470e-03 
1565.000  2.3031387260e-01  6.6544947620e-03 
1566.000  2.2594983080e-01  6.5374145510e-03 
1567.000  2.2660239660e-01  6.5558128360e-03 
1568.000  2.2279268130e-01  6.4319210050e-03 
1569.000  2.2462108500e-01  6.4667963980e-03 
1570.000  2.1958330830e-01  6.3175768850e-03 
1571.000  2.2546708540e-01  6.5152273180e-03 
1572.000  2.2566965910e-01  6.5330967900e-03 
1573.000  2.2189303670e-01  6.4564890860e-03 
1574.000  2.2211472130e-01  6.5050835610e-03 
1575.000  2.0599400020e-01  6.0649933820e-03 
1576.000  2.2130578370e-01  6.5233588220e-03 
1577.000  1.9974329730e-01  5.8660473820e-03 
1578.000  2.1846130770e-01  6.3925890920e-03 
1579.000  2.1939521070e-01  6.4031553270e-03 
1580.000  2.2330130890e-01  6.5106086730e-03 
1581.000  2.2182062960e-01  6.4445137980e-03 
1582.000  2.1672268830e-01  6.3341932300e-03 
1583.000  2.1881187650e-01  6.4317984580e-03 
1584.000  2.1634949770e-01  6.3955855370e-03 
1585.000  2.2237365760e-01  6.6041040420e-03 
1586.000  2.1958065690e-01  6.5341062550e-03 
1587.000  2.1690499340e-01  6.4845685960e-03 
1588.000  2.1343536080e-01  6.4078450200e-03 
1589.000  1.9522096440e-01  5.8712968830e-03 
1590.000  2.1037447380e-01  6.3415961270e-03 
1591.000  2.0566091990e-01  6.2158255580e-03 
1592.000  2.1656922130e-01  6.5561161040e-03 
1593.000  2.2148710510e-01  6.7112865450e-03 
1594.000  2.1993269020e-01  6.6690797810e-03 
1595.000  2.2139736460e-01  6.7167410850e-03 
1596.000  2.0739059920e-01  6.3102927210e-03 
1597.000  2.1584915060e-01  6.5621218680e-03 
1598.000  2.1992220250e-01  6.6706681250e-03 
1599.000  2.1255990780e-01  6.4267563820e-03 
1600.000  2.1610220240e-01  6.5220069890e-03 
1601.000  2.0700503560e-01  6.2634320260e-03 
1602.000  2.1229856980e-01  6.4531326290e-03 
1603.000  2.1068819620e-01  6.4524159430e-03 
1604.000  2.1327557300e-01  6.5875425340e-03 
1605.000  2.1012234320e-01  6.5259542470e-03 
1606.000  2.0926678060e-01  6.5385675430e-03 
1607.000  2.1014640800e-01  6.5395860670e-03 
1608.000  2.1254079070e-01  6.5887122150e-03 
1609.000  2.1172370680e-01  6.5441389080e-03 
1610.000  1.9851231280e-01  6.1220374110e-03 
1611.000  2.0421924380e-01  6.3000483510e-03 
1612.000  2.0596556180e-01  6.3590240480e-03 
1613.000  2.1036169400e-01  6.4982795720e-03 
1614.000  2.0829713620e-01  6.4117693900e-03 
1615.000  2.1156154780e-01  6.5099487300e-03 
1616.000  1.9821960610e-01  6.0938415530e-03 
1617.000  2.0393268420e-01  6.3130221370e-03 
1618.000  2.1028683620e-01  6.5337486270e-03 
1619.000  2.0954249640e-01  6.5556159020e-03 
1620.000  2.0419201430e-01  6.4315605160e-03 
1621.000  2.0113095560e-01  6.3701219560e-03 
1622.000  2.0619354700e-01  6.5367574690e-03 
1623.000  2.1032202730e-01  6.6837906840e-03 
1624.000  2.1177552620e-01  6.7407960890e-03 
1625.000  2.0645714620e-01  6.5981345180e-03 
1626.000  2.0898872650e-01  6.6691732410e-03 
1627.000  2.0871907790e-01  6.6788053510e-03 
1628.000  2.1039626810e-01  6.7415771480e-03 
1629.000  2.1036573340e-01  6.7479128840e-03 
1630.000  2.0465446580e-01  6.5648908620e-03 
1631.000  2.0785528920e-01  6.6781978610e-03 
1632.000  2.0790780970e-01  6.6316323280e-03 
1633.000  2.0523208540e-01  6.5125546460e-03 
1634.000  2.0042953920e-01  6.3247246740e-03 
1635.000  2.0580324440e-01  6.4637656210e-03 
1636.000  2.0525867900e-01  6.4083061220e-03 
1637.000  1.9612011680e-01  6.0877985950e-03 
1638.000  1.9468716430e-01  6.0181226730e-03 
1639.000  1.9274727190e-01  5.9180979730e-03 
1640.000  1.9390340430e-01  5.9222617150e-03 
1641.000  1.9270344910e-01  5.8669500350e-03 
1642.000  1.9246307480e-01  5.9175844190e-03 
1643.000  1.9740965060e-01  6.1246390340e-03 
1644.000  1.9435478750e-01  6.0824790000e-03 
1645.000  1.9478785990e-01  6.1452102660e-03 
1646.000  1.9712882660e-01  6.2675690650e-03 
1647.000  1.9897966300e-01  6.3263540270e-03 
1648.000  1.9821135710e-01  6.2951345440e-03 
1649.000  1.9368295340e-01  6.1501498220e-03 
1650.000  1.9859101590e-01  6.3069424630e-03 
1651.000  1.9411643180e-01  6.1644048690e-03 
1652.000  1.9799071110e-01  6.2851929660e-03 
1653.000  1.9576737290e-01  6.2235488890e-03 
1654.000  1.9796381210e-01  6.2962527280e-03 
1655.000  1.9399620680e-01  6.1814789770e-03 
1656.000  1.9772286110e-01  6.3082914350e-03 
1657.000  1.9628914350e-01  6.2639012340e-03 
1658.000  1.9734956830e-01  6.3072733880e-03 
1659.000  1.9371455620e-01  6.1934061050e-03 
1660.000  1.9607864870e-01  6.2633895870e-03 
1661.000  1.9684734720e-01  6.2739453320e-03 
1662.000  1.9552515310e-01  6.1807284360e-03 
1663.000  1.9429449210e-01  6.0976881980e-03 
1664.000  1.9347163240e-01  6.0269451140e-03 
1665.000  1.9149685150e-01  5.9212117200e-03 
1666.000  1.9056449800e-01  5.8877158160e-03 
1667.000  1.9208717830e-01  5.9870643620e-03 
1668.000  1.8883281950e-01  5.9191355710e-03 
1669.000  1.8913502070e-01  5.9707994460e-03 
1670.000  1.9320730150e-01  6.1440544130e-03 
1671.000  1.9173189300e-01  6.1380524640e-03 
1672.000  1.8265062250e-01  5.8959202770e-03 
1673.000  1.8803189730e-01  6.1090459820e-03 
1674.000  1.8890536610e-01  6.1807084080e-03 
1675.000  1.8715433780e-01  6.1729884150e-03 
1676.000  1.8417355430e-01  6.0910253520e-03 
1677.000  1.8505916800e-01  6.1199097630e-03 
1678.000  1.8592727060e-01  6.1545009610e-03 
1679.000  1.8345523960e-01  6.0683178900e-03 
1680.000  1.7704596820e-01  5.8607172970e-03 
1681.000  1.7083965980e-01  5.6583189960e-03 
1682.000  1.7577350000e-01  5.8212552070e-03 
1683.000  1.8016673330e-01  5.9624423980e-03 
1684.000  1.8352794930e-01  6.0703520770e-03 
1685.000  1.8424695860e-01  6.0799865720e-03 
1686.000  1.8202428480e-01  5.9971885680e-03 
1687.000  1.8304002220e-01  5.9963197710e-03 
1688.000  1.8338210560e-01  5.9783573150e-03 
1689.000  1.8117213080e-01  5.8932399750e-03 
1690.000  1.8133552260e-01  5.8669438360e-03 
1691.000  1.8370855950e-01  5.9511709210e-03 
1692.000  1.8404270860e-01  5.9764051440e-03 
1693.000  1.8334254190e-01  5.9713044170e-03 
1694.000  1.8306524490e-01  5.9769577980e-03 
1695.000  1.8327482830e-01  5.9871454240e-03 
1696.000  1.8220296450e-01  5.9220609660e-03 
1697.000  1.8116193750e-01  5.8478198050e-03 
1698.000  1.8225522790e-01  5.8462629320e-03 
1699.000  1.8107785080e-01  5.7748174670e-03 
1700.000  1.7875674160e-01  5.6695342060e-03 
