 lambda   Irr_dw            Rad_up 
 550.000  1.5536259800e+00  4.7665805820e-02 
 551.000  1.5433635900e+00  4.7192749020e-02 
 552.000  1.6092474600e+00  4.9172313690e-02 
 553.000  1.5456769600e+00  4.7045631410e-02 
 554.000  1.5956428200e+00  4.8506725310e-02 
 555.000  1.5996316600e+00  4.8406154630e-02 
 556.000  1.5550895300e+00  4.6848312380e-02 
 557.000  1.5085840200e+00  4.5399761200e-02 
 558.000  1.5655284300e+00  4.6903312680e-02 
 559.000  1.4794562300e+00  4.4193405150e-02 
 560.000  1.4857182300e+00  4.4326572420e-02 
 561.000  1.6326681100e+00  4.8477981570e-02 
 562.000  1.4988482300e+00  4.4420318600e-02 
 563.000  1.5680585400e+00  4.6258922580e-02 
 564.000  1.5460684300e+00  4.5334289550e-02 
 565.000  1.5648182700e+00  4.5809925080e-02 
 566.000  1.4428297600e+00  4.2043670650e-02 
 567.000  1.5490114300e+00  4.4816211700e-02 
 568.000  1.5495875100e+00  4.4235519410e-02 
 569.000  1.5282038400e+00  4.2441204070e-02 
 570.000  1.5347379200e+00  4.2614219670e-02 
 571.000  1.4738314200e+00  4.1484111790e-02 
 572.000  1.5646056100e+00  4.3291217800e-02 
 573.000  1.5794554200e+00  4.3785984040e-02 
 574.000  1.5704034800e+00  4.3431003570e-02 
 575.000  1.5326127400e+00  4.2189937590e-02 
 576.000  1.5050229300e+00  4.1297187810e-02 
 577.000  1.5656391700e+00  4.2964759830e-02 
 578.000  1.5172279400e+00  4.1887313840e-02 
 579.000  1.5034228200e+00  4.1491210940e-02 
 580.000  1.5532408100e+00  4.3064434050e-02 
 581.000  1.5221442200e+00  4.2325569150e-02 
 582.000  1.5430902000e+00  4.2775089260e-02 
 583.000  1.5529925100e+00  4.3097587590e-02 
 584.000  1.5473397100e+00  4.2741104130e-02 
 585.000  1.5367385200e+00  4.2289180760e-02 
 586.000  1.4703887000e+00  4.0412738800e-02 
 587.000  1.5309586600e+00  4.1513515470e-02 
 588.000  1.5290828900e+00  4.0101707460e-02 
 589.000  1.3746983700e+00  3.4421543120e-02 
 590.000  1.4365771200e+00  3.5859485630e-02 
 591.000  1.5118613800e+00  3.8716705320e-02 
 592.000  1.4904916300e+00  3.7397644040e-02 
 593.000  1.4897643600e+00  3.8509258270e-02 
 594.000  1.5070463000e+00  3.8617145540e-02 
 595.000  1.4897060600e+00  3.7189552310e-02 
 596.000  1.5099462300e+00  3.8915359500e-02 
 597.000  1.5179991000e+00  3.8632453920e-02 
 598.000  1.4801062300e+00  3.8165760040e-02 
 599.000  1.4776360400e+00  3.8255054470e-02 
 600.000  1.4717562700e+00  3.8562065120e-02 
 601.000  1.4593522200e+00  3.8588794710e-02 
 602.000  1.4419002100e+00  3.8121231080e-02 
 603.000  1.4491411400e+00  3.8426769260e-02 
 604.000  1.4937853600e+00  3.9760757450e-02 
 605.000  1.4893651100e+00  3.9487609860e-02 
 606.000  1.4718844100e+00  3.9071163180e-02 
 607.000  1.4634306300e+00  3.8741615300e-02 
 608.000  1.4579401600e+00  3.8460174560e-02 
 609.000  1.4428912000e+00  3.8031646730e-02 
 610.000  1.4196883000e+00  3.7292480470e-02 
 611.000  1.4426603100e+00  3.7841987610e-02 
 612.000  1.4238358200e+00  3.7305801390e-02 
 613.000  1.4030040800e+00  3.6645141600e-02 
 614.000  1.3518625500e+00  3.5291072850e-02 
 615.000  1.4171561600e+00  3.6835548400e-02 
 616.000  1.3474603100e+00  3.5016834260e-02 
 617.000  1.3551462700e+00  3.5165794370e-02 
 618.000  1.4191940300e+00  3.6639163970e-02 
 619.000  1.4063789600e+00  3.6330715180e-02 
 620.000  1.4273769800e+00  3.6682579040e-02 
 621.000  1.4522369900e+00  3.7278636930e-02 
 622.000  1.3759628800e+00  3.5214725490e-02 
 623.000  1.3871784600e+00  3.5281700130e-02 
 624.000  1.3891238200e+00  3.5379779820e-02 
 625.000  1.3519346700e+00  3.4396968840e-02 
 626.000  1.3598582200e+00  3.4351108550e-02 
 627.000  1.3883010000e+00  3.4537544250e-02 
 628.000  1.3948808700e+00  3.3238109590e-02 
 629.000  1.4157483300e+00  3.4288997650e-02 
 630.000  1.3649456400e+00  3.3448215480e-02 
 631.000  1.4107051900e+00  3.4660881040e-02 
 632.000  1.3162061800e+00  3.2095886230e-02 
 633.000  1.4062844400e+00  3.4658115390e-02 
 634.000  1.3617351900e+00  3.3718391420e-02 
 635.000  1.3862163000e+00  3.4341972350e-02 
 636.000  1.3360282200e+00  3.3167961120e-02 
 637.000  1.3793006700e+00  3.4293384550e-02 
 638.000  1.3980285300e+00  3.4894508360e-02 
 639.000  1.3861949500e+00  3.4426898960e-02 
 640.000  1.3412836500e+00  3.3560573580e-02 
 641.000  1.3605092000e+00  3.3980403900e-02 
 642.000  1.3431770900e+00  3.3559215550e-02 
 643.000  1.3683444000e+00  3.3998241420e-02 
 644.000  1.3525740700e+00  3.3461387630e-02 
 645.000  1.3667914700e+00  3.3644203190e-02 
 646.000  1.3246075300e+00  3.1605113980e-02 
 647.000  1.3498499500e+00  3.1522518160e-02 
 648.000  1.3554144200e+00  3.1143350600e-02 
 649.000  1.3754075400e+00  3.1907417300e-02 
 650.000  1.2622149400e+00  3.0215986250e-02 
 651.000  1.3597586400e+00  3.2516605380e-02 
 652.000  1.3452040000e+00  3.1258314130e-02 
 653.000  1.3588679600e+00  3.2554676060e-02 
 654.000  1.3426477200e+00  3.1875598910e-02 
 655.000  1.3120563000e+00  3.0736753460e-02 
 656.000  1.1126085500e+00  2.6115653990e-02 
 657.000  1.1852540100e+00  2.7981040950e-02 
 658.000  1.3158484900e+00  3.1481445310e-02 
 659.000  1.3165066600e+00  3.1628290180e-02 
 660.000  1.3257920500e+00  3.1936935420e-02 
 661.000  1.3284016400e+00  3.2301433560e-02 
 662.000  1.3460734500e+00  3.2823230740e-02 
 663.000  1.3315141400e+00  3.2340656280e-02 
 664.000  1.3098594100e+00  3.1812978740e-02 
 665.000  1.3151996400e+00  3.1916133880e-02 
 666.000  1.3304717800e+00  3.2410449980e-02 
 667.000  1.3036669200e+00  3.1648954390e-02 
 668.000  1.3105340700e+00  3.1932460780e-02 
 669.000  1.3291393000e+00  3.2429088590e-02 
 670.000  1.3131205000e+00  3.1865676880e-02 
 671.000  1.2990454500e+00  3.1541669850e-02 
 672.000  1.2947474300e+00  3.1394958500e-02 
 673.000  1.3039612500e+00  3.1556200030e-02 
 674.000  1.3064336800e+00  3.1607921600e-02 
 675.000  1.2864052400e+00  3.1041830060e-02 
 676.000  1.3106426400e+00  3.1620044710e-02 
 677.000  1.2845140200e+00  3.0989803310e-02 
 678.000  1.3057001000e+00  3.1436212540e-02 
 679.000  1.2872974200e+00  3.0891895290e-02 
 680.000  1.2778676500e+00  3.0627479550e-02 
 681.000  1.2798492300e+00  3.0575441360e-02 
 682.000  1.2774079100e+00  3.0379356380e-02 
 683.000  1.2860934700e+00  3.0455701830e-02 
 684.000  1.2639018300e+00  2.9894035340e-02 
 685.000  1.2775749500e+00  3.0148406980e-02 
 686.000  1.2244023500e+00  2.8475963590e-02 
 687.000  1.2254660200e+00  2.4635648730e-02 
 688.000  1.2263578900e+00  2.5605310440e-02 
 689.000  1.2299078800e+00  2.5467668530e-02 
 690.000  1.2358451000e+00  2.6102060320e-02 
 691.000  1.2407967800e+00  2.6880510330e-02 
 692.000  1.2333131200e+00  2.7036706920e-02 
 693.000  1.2414569500e+00  2.6256238940e-02 
 694.000  1.2550837300e+00  2.5823619840e-02 
 695.000  1.2321025800e+00  2.5729417800e-02 
 696.000  1.2458995400e+00  2.6261190410e-02 
 697.000  1.2448397300e+00  2.7882503510e-02 
 698.000  1.2225685400e+00  2.6928020480e-02 
 699.000  1.2484041100e+00  2.6119150160e-02 
 700.000  1.2334733200e+00  2.5967363360e-02 
 701.000  1.2065780200e+00  2.5048023220e-02 
 702.000  1.2003690400e+00  2.5112718580e-02 
 703.000  1.2149790300e+00  2.6444787980e-02 
 704.000  1.2185081900e+00  2.6585094450e-02 
 705.000  1.2289664700e+00  2.6312606810e-02 
 706.000  1.2158556600e+00  2.6112712860e-02 
 707.000  1.1972465500e+00  2.5875133510e-02 
 708.000  1.2316607000e+00  2.6802452090e-02 
 709.000  1.1872277000e+00  2.6173400880e-02 
 710.000  1.2154597700e+00  2.6299509050e-02 
 711.000  1.2024717200e+00  2.6389146800e-02 
 712.000  1.1850673500e+00  2.6387279510e-02 
 713.000  1.1806725100e+00  2.5942607880e-02 
 714.000  1.2009687600e+00  2.6184501650e-02 
 715.000  1.1598644800e+00  2.4763885500e-02 
 716.000  1.1910776600e+00  2.4891956330e-02 
 717.000  1.1613251200e+00  2.1788864140e-02 
 718.000  1.1551731100e+00  2.0220878600e-02 
 719.000  1.1418753300e+00  1.9376192090e-02 
 720.000  1.1502063400e+00  1.8849859240e-02 
 721.000  1.1485505100e+00  2.2060398100e-02 
 722.000  1.1646366400e+00  2.3475910190e-02 
 723.000  1.1622632000e+00  2.2675821300e-02 
 724.000  1.1693203000e+00  2.0877832410e-02 
 725.000  1.1565585300e+00  2.0914413450e-02 
 726.000  1.1544456800e+00  2.0789041520e-02 
 727.000  1.1715280000e+00  2.1290079120e-02 
 728.000  1.1514054400e+00  2.0686815260e-02 
 729.000  1.1056460500e+00  2.0497989650e-02 
 730.000  1.1464997700e+00  2.1129995350e-02 
 731.000  1.1276011200e+00  2.0717496870e-02 
 732.000  1.1487078500e+00  2.2230865480e-02 
 733.000  1.1308701000e+00  2.3161518100e-02 
 734.000  1.1540664600e+00  2.4222043990e-02 
 735.000  1.1448670900e+00  2.3740282060e-02 
 736.000  1.1238526300e+00  2.2911165240e-02 
 737.000  1.1384398600e+00  2.3448740010e-02 
 738.000  1.1349845000e+00  2.3801118850e-02 
 739.000  1.0981324000e+00  2.3249137880e-02 
 740.000  1.1081088800e+00  2.3882267000e-02 
 741.000  1.0990486100e+00  2.4035011290e-02 
 742.000  1.0808757400e+00  2.3764678960e-02 
 743.000  1.1123299400e+00  2.4747325900e-02 
 744.000  1.1227605000e+00  2.5129903790e-02 
 745.000  1.0934442300e+00  2.4601224900e-02 
 746.000  1.1085725500e+00  2.4967620850e-02 
 747.000  1.1251745900e+00  2.5305440900e-02 
 748.000  1.1049565000e+00  2.4839418410e-02 
 749.000  1.1051534400e+00  2.4858072280e-02 
 750.000  1.0890127000e+00  2.4397945400e-02 
 751.000  1.0862128500e+00  2.4320796970e-02 
 752.000  1.1026700700e+00  2.4733987810e-02 
 753.000  1.0922351500e+00  2.4501533510e-02 
 754.000  1.1093337200e+00  2.4878492360e-02 
 755.000  1.1029692300e+00  2.4721065520e-02 
 756.000  1.0813770100e+00  2.4222881320e-02 
 757.000  1.0893695700e+00  2.4385999680e-02 
 758.000  1.0882466100e+00  2.4281881330e-02 
 759.000  1.0470702300e+00  2.1424665450e-02 
 760.000  8.2383726700e-01  8.6985864640e-03 
 761.000  7.9393881200e-01  7.7124390600e-03 
 762.000  9.2602816300e-01  1.3889884950e-02 
 763.000  9.1117703300e-01  1.2018682480e-02 
 764.000  9.3454945900e-01  1.3115438460e-02 
 765.000  9.8083294100e-01  1.5913400650e-02 
 766.000  9.7252429500e-01  1.8245677950e-02 
 767.000  1.0023843160e+00  1.9997186660e-02 
 768.000  1.0512905700e+00  2.1932138440e-02 
 769.000  1.0527379700e+00  2.2695209500e-02 
 770.000  1.0500532000e+00  2.3012197490e-02 
 771.000  1.0515134700e+00  2.3254545210e-02 
 772.000  1.0476212000e+00  2.3208002090e-02 
 773.000  1.0433078200e+00  2.3118473050e-02 
 774.000  1.0543183000e+00  2.3372323990e-02 
 775.000  1.0146060000e+00  2.2491535190e-02 
 776.000  1.0563215000e+00  2.3457246780e-02 
 777.000  1.0490078600e+00  2.3264675140e-02 
 778.000  1.0434637500e+00  2.3086984630e-02 
 779.000  1.0469371900e+00  2.3095159530e-02 
 780.000  1.0340663300e+00  2.2826211930e-02 
 781.000  1.0322072500e+00  2.2770147320e-02 
 782.000  1.0447413700e+00  2.2953737260e-02 
 783.000  1.0204072450e+00  2.2507497790e-02 
 784.000  1.0263175290e+00  2.2577260970e-02 
 785.000  1.0296909040e+00  2.2437393190e-02 
 786.000  1.0128316520e+00  2.1924493790e-02 
 787.000  1.0297143060e+00  2.1804086690e-02 
 788.000  1.0152478110e+00  2.1327816010e-02 
 789.000  1.0243846040e+00  2.0866819380e-02 
 790.000  1.0143422590e+00  2.0556711200e-02 
 791.000  1.0086101520e+00  2.0566165920e-02 
 792.000  9.9215714500e-01  2.0266914370e-02 
 793.000  9.9001491200e-01  2.0450307850e-02 
 794.000  9.7734435700e-01  2.0758489610e-02 
 795.000  9.7364208100e-01  2.0206518170e-02 
 796.000  9.9435221100e-01  1.9917243960e-02 
 797.000  9.9949226300e-01  2.0266004560e-02 
 798.000  9.9746675900e-01  2.0721700670e-02 
 799.000  9.9728824800e-01  2.0532165530e-02 
 800.000  9.7313213700e-01  1.9635950090e-02 
 801.000  9.9115185700e-01  2.0035419460e-02 
 802.000  9.8938183000e-01  1.9909189220e-02 
 803.000  9.7507767500e-01  1.9688890460e-02 
 804.000  9.8306420600e-01  2.0077615740e-02 
 805.000  9.5461300100e-01  1.9859432220e-02 
 806.000  9.7954385600e-01  2.0534997940e-02 
 807.000  9.7348396100e-01  2.0449409480e-02 
 808.000  9.6833849100e-01  2.0163896560e-02 
 809.000  9.5253920700e-01  1.9657484050e-02 
 810.000  9.4891333600e-01  1.9381191250e-02 
 811.000  9.6532781800e-01  1.9387548450e-02 
 812.000  9.6357018600e-01  1.8997058870e-02 
 813.000  9.6104208300e-01  1.8418632510e-02 
 814.000  9.6167874000e-01  1.7951192860e-02 
 815.000  9.5346534900e-01  1.7208374020e-02 
 816.000  9.4738555200e-01  1.6393608090e-02 
 817.000  9.5297622200e-01  1.6505355830e-02 
 818.000  9.4697369400e-01  1.6363580700e-02 
 819.000  9.2083365900e-01  1.6200502400e-02 
 820.000  9.0120062200e-01  1.6607761380e-02 
 821.000  9.2899562900e-01  1.8029874800e-02 
 822.000  9.0438575900e-01  1.6730239870e-02 
 823.000  9.2061135700e-01  1.5291512490e-02 
 824.000  9.3118752600e-01  1.6946908950e-02 
 825.000  9.2727358300e-01  1.8151109700e-02 
 826.000  9.3357423200e-01  1.7986379620e-02 
 827.000  9.3092634000e-01  1.7739566800e-02 
 828.000  9.3080398900e-01  1.6961063390e-02 
 829.000  9.2973178700e-01  1.7155530930e-02 
 830.000  9.1426548500e-01  1.7161396030e-02 
 831.000  8.9804319900e-01  1.6909708020e-02 
 832.000  9.1633407800e-01  1.7248199460e-02 
 833.000  8.8738862000e-01  1.6974437710e-02 
 834.000  8.9986804900e-01  1.7433626170e-02 
 835.000  8.9981525400e-01  1.7730461120e-02 
 836.000  9.1094145900e-01  1.7956207280e-02 
 837.000  9.0350718000e-01  1.7746925350e-02 
 838.000  9.0573567200e-01  1.8035303120e-02 
 839.000  8.7681365000e-01  1.7555376050e-02 
 840.000  9.0003018200e-01  1.8002237320e-02 
 841.000  9.0334712200e-01  1.7893875120e-02 
 842.000  8.9686362600e-01  1.7859889980e-02 
 843.000  8.8863709900e-01  1.8129152300e-02 
 844.000  8.7295169400e-01  1.7972572330e-02 
 845.000  8.8572310400e-01  1.8304508210e-02 
 846.000  8.9307653800e-01  1.8598426820e-02 
 847.000  8.6169628300e-01  1.8095972060e-02 
 848.000  8.8819031700e-01  1.8450473790e-02 
 849.000  8.8970796000e-01  1.8588777540e-02 
 850.000  7.6973745000e-01  1.5927738190e-02 
 851.000  8.8255486000e-01  1.8116958620e-02 
 852.000  8.4904581100e-01  1.7499231340e-02 
 853.000  8.5774354500e-01  1.7721031190e-02 
 854.000  6.8965934900e-01  1.4278626440e-02 
 855.000  7.5865384600e-01  1.5815839770e-02 
 856.000  8.5953285700e-01  1.7959592820e-02 
 857.000  8.7264100300e-01  1.8387502670e-02 
 858.000  8.5835759300e-01  1.8081674580e-02 
 859.000  8.5748605800e-01  1.8114860530e-02 
 860.000  8.4944501800e-01  1.8033704760e-02 
 861.000  8.4929451600e-01  1.8007539750e-02 
 862.000  8.4628752400e-01  1.7879789350e-02 
 863.000  8.6246064100e-01  1.8324964520e-02 
 864.000  8.6058605000e-01  1.8131273270e-02 
 865.000  8.4444030200e-01  1.7927024840e-02 
 866.000  7.0830133100e-01  1.5081935880e-02 
 867.000  7.5431281700e-01  1.5844984050e-02 
 868.000  8.1809279200e-01  1.7275123600e-02 
 869.000  8.0659324500e-01  1.7020238880e-02 
 870.000  8.3992257400e-01  1.7842805860e-02 
 871.000  8.3872125700e-01  1.7744003300e-02 
 872.000  8.3525726900e-01  1.7434394840e-02 
 873.000  8.3874276700e-01  1.7637662890e-02 
 874.000  8.2043900400e-01  1.7166088100e-02 
 875.000  8.1293355700e-01  1.7159915920e-02 
 876.000  8.1989634100e-01  1.7218784330e-02 
 877.000  8.3635753700e-01  1.7406801220e-02 
 878.000  8.2259559700e-01  1.7195291520e-02 
 879.000  8.2455214600e-01  1.7294013980e-02 
 880.000  8.2030232000e-01  1.7008405690e-02 
 881.000  7.7793985100e-01  1.6173954010e-02 
 882.000  8.2119074700e-01  1.6868244170e-02 
 883.000  8.0221677600e-01  1.6669103620e-02 
 884.000  8.0894613000e-01  1.7029214860e-02 
 885.000  8.1828885400e-01  1.6738307950e-02 
 886.000  7.9280200200e-01  1.6245302200e-02 
 887.000  7.8372550700e-01  1.6046173100e-02 
 888.000  8.0729260500e-01  1.6334917070e-02 
 889.000  8.1239667300e-01  1.6732837680e-02 
 890.000  8.1057098800e-01  1.6593530650e-02 
 891.000  8.0753414200e-01  1.6294569020e-02 
 892.000  8.0688604800e-01  1.6041994090e-02 
 893.000  7.8130129100e-01  1.4658510210e-02 
 894.000  8.0971644800e-01  1.4920014380e-02 
 895.000  7.7473499400e-01  1.3597861290e-02 
 896.000  8.0548386300e-01  1.3249580380e-02 
 897.000  7.8694277100e-01  1.2434422490e-02 
 898.000  7.8829728200e-01  1.2059394840e-02 
 899.000  7.8758839400e-01  1.1131078720e-02 
 900.000  7.6792222600e-01  1.0856872560e-02 
 901.000  7.5147080500e-01  1.0442174910e-02 
 902.000  7.3764025300e-01  1.0287069320e-02 
 903.000  7.7372724000e-01  1.2130215640e-02 
 904.000  7.8809141600e-01  1.3174204830e-02 
 905.000  7.8600398300e-01  1.3394017220e-02 
 906.000  7.6518807600e-01  1.2500927930e-02 
 907.000  7.7815772900e-01  1.1687975880e-02 
 908.000  7.5912478300e-01  1.0715930940e-02 
 909.000  7.4423290100e-01  1.0509026530e-02 
 910.000  7.5303673800e-01  1.0712409020e-02 
 911.000  7.5104000300e-01  1.1258782390e-02 
 912.000  7.5266744800e-01  1.0839483260e-02 
 913.000  7.7028499000e-01  1.0315417290e-02 
 914.000  7.6532621300e-01  1.0596499440e-02 
 915.000  7.5269476000e-01  1.0948091510e-02 
 916.000  7.6105085100e-01  1.1085717200e-02 
 917.000  7.4914090500e-01  1.1065931320e-02 
 918.000  7.4533735100e-01  1.1242711070e-02 
 919.000  7.5516603300e-01  1.2583965300e-02 
 920.000  7.4796322500e-01  1.2804011340e-02 
 921.000  7.3158551900e-01  1.2365942000e-02 
 922.000  7.2503384100e-01  1.2349678990e-02 
 923.000  6.9464246700e-01  1.1295434950e-02 
 924.000  7.2404070600e-01  1.1689984320e-02 
 925.000  7.3365165700e-01  1.1735048290e-02 
 926.000  7.0746047700e-01  1.1148112300e-02 
 927.000  7.3381421900e-01  1.1361300470e-02 
 928.000  7.3833327800e-01  1.0556027410e-02 
 929.000  7.2801912800e-01  9.3086566930e-03 
 930.000  7.2619207100e-01  8.1072225570e-03 
 931.000  7.2589615800e-01  7.2137851720e-03 
 932.000  7.1878577100e-01  6.1894321440e-03 
 933.000  7.2074924700e-01  5.6534867290e-03 
 934.000  7.1444067600e-01  5.1426968570e-03 
 935.000  7.0385406300e-01  5.0186581610e-03 
 936.000  6.9878674600e-01  5.1342062950e-03 
 937.000  7.1438449600e-01  5.2103762630e-03 
 938.000  7.0688860200e-01  5.6916351320e-03 
 939.000  7.1315085800e-01  7.5978965760e-03 
 940.000  7.0951098200e-01  7.9507756230e-03 
 941.000  6.9338147800e-01  7.4575614930e-03 
 942.000  6.6684877200e-01  6.5245924000e-03 
 943.000  7.0262633800e-01  5.9541072850e-03 
 944.000  6.8331228900e-01  5.7234458920e-03 
 945.000  6.8985954800e-01  6.0623450280e-03 
 946.000  6.9921590300e-01  6.1671795850e-03 
 947.000  6.9498636000e-01  6.4293847080e-03 
 948.000  6.9918946900e-01  6.6519465450e-03 
 949.000  7.0140453200e-01  6.6591143610e-03 
 950.000  6.9678097200e-01  6.6641154290e-03 
 951.000  6.9264432800e-01  7.0658974650e-03 
 952.000  6.9257237400e-01  6.6152191160e-03 
 953.000  6.9066055100e-01  6.9307832720e-03 
 954.000  6.8398871300e-01  7.2605285640e-03 
 955.000  6.3888418500e-01  6.5069499020e-03 
 956.000  6.8153958500e-01  6.9045124050e-03 
 957.000  6.8118688500e-01  7.9942607880e-03 
 958.000  6.8643844100e-01  8.2458839420e-03 
 959.000  6.8909179200e-01  8.0767097470e-03 
 960.000  6.8258108700e-01  7.9510760310e-03 
 961.000  6.7525953700e-01  7.7703466420e-03 
 962.000  6.7862129600e-01  7.9066429140e-03 
 963.000  6.7722030300e-01  8.6399230960e-03 
 964.000  6.6947051900e-01  8.6622028350e-03 
 965.000  6.7765436800e-01  8.6942176820e-03 
 966.000  6.5809393700e-01  8.4930553440e-03 
 967.000  6.7766585700e-01  9.3756494520e-03 
 968.000  6.7019621000e-01  1.0295751570e-02 
 969.000  6.7428414200e-01  1.0808749200e-02 
 970.000  6.7611702700e-01  1.0862420080e-02 
 971.000  6.7013689400e-01  1.0747834210e-02 
 972.000  6.7488294900e-01  1.0682654380e-02 
 973.000  6.6864938100e-01  1.0284154890e-02 
 974.000  6.5839951500e-01  9.7739038470e-03 
 975.000  6.6169054800e-01  9.5839004520e-03 
 976.000  6.6969936000e-01  9.9748630520e-03 
 977.000  6.5272287200e-01  1.0152515410e-02 
 978.000  6.6886852900e-01  1.0366811750e-02 
 979.000  6.4943195100e-01  1.0179689410e-02 
 980.000  6.5859283500e-01  1.0796841620e-02 
 981.000  6.6307735100e-01  1.0987488750e-02 
 982.000  6.6164930000e-01  1.0848332410e-02 
 983.000  6.5985685500e-01  1.1092483520e-02 
 984.000  6.5543706100e-01  1.1327076910e-02 
 985.000  6.5512512700e-01  1.1511723520e-02 
 986.000  6.4978065900e-01  1.1684373860e-02 
 987.000  6.5716986200e-01  1.1939170840e-02 
 988.000  6.4906761600e-01  1.1814545630e-02 
 989.000  6.4082650200e-01  1.1675177570e-02 
 990.000  6.4629101700e-01  1.1797617910e-02 
 991.000  6.5153345700e-01  1.1995576860e-02 
 992.000  6.4550109700e-01  1.1903117180e-02 
 993.000  6.4545614700e-01  1.1899111750e-02 
 994.000  6.4869361800e-01  1.2044395450e-02 
 995.000  6.4388238700e-01  1.2023536680e-02 
 996.000  6.4376930200e-01  1.2004124640e-02 
 997.000  6.4448200100e-01  1.1946969030e-02 
 998.000  6.4212185100e-01  1.1838051800e-02 
 999.000  6.4055399900e-01  1.1772152900e-02 
1000.000  6.3544038900e-01  1.1678714750e-02 
1001.000  6.3909019400e-01  1.1621978760e-02 
1002.000  6.3844888200e-01  1.1427696230e-02 
1003.000  6.3092202900e-01  1.1322160720e-02 
1004.000  6.2549156300e-01  1.1311696050e-02 
1005.000  5.8434927300e-01  1.0600486760e-02 
1006.000  6.1483605500e-01  1.1159299850e-02 
1007.000  6.2608740900e-01  1.1320161820e-02 
1008.000  6.2898262100e-01  1.1225439070e-02 
1009.000  6.2547876400e-01  1.0982703210e-02 
1010.000  6.2767111900e-01  1.1086669920e-02 
1011.000  6.2396028500e-01  1.1199509620e-02 
1012.000  6.2399460200e-01  1.1266363140e-02 
1013.000  6.1938552200e-01  1.1234928130e-02 
1014.000  6.2328502000e-01  1.1364242550e-02 
1015.000  6.1177026400e-01  1.1195686340e-02 
1016.000  6.1563475200e-01  1.1331432340e-02 
1017.000  6.0950454500e-01  1.1261894230e-02 
1018.000  6.1756719500e-01  1.1420838360e-02 
1019.000  6.0369570500e-01  1.1128523830e-02 
1020.000  6.0234605500e-01  1.1082637790e-02 
1021.000  6.0817130400e-01  1.1155637740e-02 
1022.000  5.9933663900e-01  1.0825222970e-02 
1023.000  6.1110177700e-01  1.0884518620e-02 
1024.000  6.0815948500e-01  1.0709288600e-02 
1025.000  6.0743978700e-01  1.0733213420e-02 
1026.000  6.0790320900e-01  1.0774135590e-02 
1027.000  6.0434329100e-01  1.0737956050e-02 
1028.000  6.0567226400e-01  1.0832327840e-02 
1029.000  5.9622278100e-01  1.0763506890e-02 
1030.000  6.0197254000e-01  1.0976580620e-02 
1031.000  5.9994330700e-01  1.1020693780e-02 
1032.000  5.9772865300e-01  1.1032651900e-02 
1033.000  5.8670026000e-01  1.0801955220e-02 
1034.000  5.9283505100e-01  1.0891321180e-02 
1035.000  5.8645572200e-01  1.0760437970e-02 
1036.000  5.9415011400e-01  1.0858319280e-02 
1037.000  5.8162718600e-01  1.0599568370e-02 
1038.000  5.8734449400e-01  1.0673358920e-02 
1039.000  5.8985616700e-01  1.0680110930e-02 
1040.000  5.8296456800e-01  1.0518865590e-02 
1041.000  5.8609707500e-01  1.0540674210e-02 
1042.000  5.8786488300e-01  1.0541340830e-02 
1043.000  5.7773261500e-01  1.0330281260e-02 
1044.000  5.8354992500e-01  1.0401401520e-02 
1045.000  5.8121683200e-01  1.0397780420e-02 
1046.000  5.6442471600e-01  1.0146765710e-02 
1047.000  5.7493636800e-01  1.0384546280e-02 
1048.000  5.8082634400e-01  1.0542084690e-02 
1049.000  5.7726132400e-01  1.0530103680e-02 
1050.000  5.7399954200e-01  1.0527637480e-02 
1051.000  5.7432847700e-01  1.0486686710e-02 
1052.000  5.7182679800e-01  1.0395553590e-02 
1053.000  5.7210833200e-01  1.0371837620e-02 
1054.000  5.6651210300e-01  1.0212372780e-02 
1055.000  5.7095899400e-01  1.0238974570e-02 
1056.000  5.6967737200e-01  1.0168338780e-02 
1057.000  5.6925668800e-01  1.0114881520e-02 
1058.000  5.6429963100e-01  9.9627170560e-03 
1059.000  5.4649835600e-01  9.6716728210e-03 
1060.000  5.6569353000e-01  1.0072518350e-02 
1061.000  5.4599190000e-01  9.7290411000e-03 
1062.000  5.6175646100e-01  9.9775314330e-03 
1063.000  5.5249212200e-01  9.7815904620e-03 
1064.000  5.5991783100e-01  9.8185987470e-03 
1065.000  5.5982919300e-01  9.7101678850e-03 
1066.000  5.4262734300e-01  9.3629055020e-03 
1067.000  5.5580814400e-01  9.5208168030e-03 
1068.000  5.5446586100e-01  9.3540887830e-03 
1069.000  5.1311099000e-01  8.5939331050e-03 
1070.000  5.4342060800e-01  9.1474828720e-03 
1071.000  5.4483300200e-01  9.1556587220e-03 
1072.000  5.4719488100e-01  9.1812076570e-03 
1073.000  5.2928875600e-01  8.9075002670e-03 
1074.000  5.4776117900e-01  9.2645301820e-03 
1075.000  5.3001631100e-01  9.0695066450e-03 
1076.000  5.4215820900e-01  9.2419815060e-03 
1077.000  5.4157104800e-01  9.1819086070e-03 
1078.000  5.4369485400e-01  9.1595239640e-03 
1079.000  5.2286564700e-01  8.8121767040e-03 
1080.000  5.4026740100e-01  8.9385795590e-03 
1081.000  5.2048619000e-01  8.5979089740e-03 
1082.000  5.2632312500e-01  8.7196283340e-03 
1083.000  5.1304804300e-01  8.3634901050e-03 
1084.000  5.3366555100e-01  8.5570011140e-03 
1085.000  5.2906064000e-01  8.2338571550e-03 
1086.000  5.3540865600e-01  8.3302307130e-03 
1087.000  5.0013124300e-01  7.9666728970e-03 
1088.000  5.3034081600e-01  8.5169887540e-03 
1089.000  5.1312589300e-01  8.0277004240e-03 
1090.000  5.2485564600e-01  8.2156057360e-03 
1091.000  5.2765714800e-01  8.3643150330e-03 
1092.000  5.1690112900e-01  8.1221218110e-03 
1093.000  5.1377547000e-01  7.8507165910e-03 
1094.000  4.6876614800e-01  7.0269017220e-03 
1095.000  5.0716796600e-01  7.5752224920e-03 
1096.000  5.0790426800e-01  7.5601911540e-03 
1097.000  4.9869990900e-01  7.3237762450e-03 
1098.000  4.9774904400e-01  6.7085146900e-03 
1099.000  5.0223921500e-01  6.2209582330e-03 
1100.000  5.1065375400e-01  6.3594889640e-03 
1101.000  5.0907194700e-01  6.4084253310e-03 
1102.000  4.8816032700e-01  6.1060128210e-03 
1103.000  5.0719419300e-01  6.3851227760e-03 
1104.000  5.0394839300e-01  6.2531566620e-03 
1105.000  5.0430929800e-01  6.0421118740e-03 
1106.000  5.0119848200e-01  5.8083839420e-03 
1107.000  5.0030149000e-01  5.8338932990e-03 
1108.000  4.9846088800e-01  5.8308835030e-03 
1109.000  4.9977573700e-01  5.9925060270e-03 
1110.000  5.0233958100e-01  5.9707312580e-03 
1111.000  4.9630566000e-01  5.7908554080e-03 
1112.000  4.9189255900e-01  5.3454046250e-03 
1113.000  4.9017018900e-01  4.8564481740e-03 
1114.000  4.9547782100e-01  4.7541518210e-03 
1115.000  4.9048814000e-01  4.2583532330e-03 
1116.000  4.8428277000e-01  3.9759752750e-03 
1117.000  4.9002748900e-01  3.5896947380e-03 
1118.000  4.8489544900e-01  3.2190520760e-03 
1119.000  4.7133768700e-01  2.9885354040e-03 
1120.000  4.7228691800e-01  2.8597216610e-03 
1121.000  4.7529400600e-01  2.8515081410e-03 
1122.000  4.7309001000e-01  2.7355873580e-03 
1123.000  4.7531204900e-01  2.8003683090e-03 
1124.000  4.7622616200e-01  2.8432900910e-03 
1125.000  4.6630339500e-01  2.7638409140e-03 
1126.000  4.5738570400e-01  2.7034976480e-03 
1127.000  4.7287094800e-01  2.8043046000e-03 
1128.000  4.6422583500e-01  2.7713921070e-03 
1129.000  4.6712038900e-01  2.9086825850e-03 
1130.000  4.6803669800e-01  3.2869026660e-03 
1131.000  4.7316585200e-01  3.4501054290e-03 
1132.000  4.7416571600e-01  3.2801826000e-03 
1133.000  4.6192026000e-01  2.9299192430e-03 
1134.000  4.5652378700e-01  2.5759141450e-03 
1135.000  4.6250592100e-01  2.6281838420e-03 
1136.000  4.6442100400e-01  2.9858832360e-03 
1137.000  4.7121732600e-01  3.3241760730e-03 
1138.000  4.5515740600e-01  3.5535943510e-03 
1139.000  4.6537005100e-01  3.7896060940e-03 
1140.000  4.6659776300e-01  3.7252950670e-03 
1141.000  4.5311011300e-01  3.4892795090e-03 
1142.000  4.6537482900e-01  3.5304102900e-03 
1143.000  4.5699851400e-01  3.3128409390e-03 
1144.000  4.5372394700e-01  3.1328873630e-03 
1145.000  4.5634234500e-01  2.9508173470e-03 
1146.000  4.6102046700e-01  3.0238227840e-03 
1147.000  4.6335771400e-01  3.2026584150e-03 
1148.000  4.5895098900e-01  3.3338725570e-03 
1149.000  4.6042363500e-01  3.4187893870e-03 
1150.000  4.5846839700e-01  3.4242734910e-03 
1151.000  4.5712356800e-01  3.5440580840e-03 
1152.000  4.5626904400e-01  3.6047096250e-03 
1153.000  4.5547149900e-01  3.6960399150e-03 
1154.000  4.5895101000e-01  3.7192916870e-03 
1155.000  4.6052975400e-01  3.9387700560e-03 
1156.000  4.5428716800e-01  4.1163706780e-03 
1157.000  4.5854560200e-01  4.7107310300e-03 
1158.000  4.5861698600e-01  5.0272865300e-03 
1159.000  4.5213416900e-01  5.2658324240e-03 
1160.000  4.4639030900e-01  5.3428573610e-03 
1161.000  4.3676263100e-01  5.5561523440e-03 
1162.000  4.5257374200e-01  6.0341997150e-03 
1163.000  4.5445355300e-01  6.3765153880e-03 
1164.000  4.4522224900e-01  6.3114237790e-03 
1165.000  4.5381603400e-01  6.4882125850e-03 
1166.000  4.4204508700e-01  6.4013848300e-03 
1167.000  4.4921438500e-01  6.5577359200e-03 
1168.000  4.5314080600e-01  6.6040935520e-03 
1169.000  4.3747157100e-01  6.4257907870e-03 
1170.000  4.4923607400e-01  6.6431479450e-03 
1171.000  4.5131480200e-01  6.7761001590e-03 
1172.000  4.4990328500e-01  6.6990418430e-03 
1173.000  4.4676910700e-01  6.6003341670e-03 
1174.000  4.4699580700e-01  6.6087889670e-03 
1175.000  4.4176303700e-01  6.6828336720e-03 
1176.000  4.3109745100e-01  6.6619482040e-03 
1177.000  4.4440953500e-01  6.7989201550e-03 
1178.000  4.3690280800e-01  6.5495810510e-03 
1179.000  4.3494333000e-01  6.5214180950e-03 
1180.000  4.4104957600e-01  6.5646109580e-03 
1181.000  4.3879620300e-01  6.4087529180e-03 
1182.000  4.3935124400e-01  6.2910799980e-03 
1183.000  4.1384254000e-01  5.9336028100e-03 
1184.000  4.3249436500e-01  6.2638206480e-03 
1185.000  4.3821683000e-01  6.5120511050e-03 
1186.000  4.3560950500e-01  6.4155411720e-03 
1187.000  4.3576346800e-01  6.2386474610e-03 
1188.000  4.3352802000e-01  6.1474342350e-03 
1189.000  4.0816509200e-01  5.8585114480e-03 
1190.000  4.2823701900e-01  6.3765544890e-03 
1191.000  4.3491367000e-01  6.5191969870e-03 
1192.000  4.3254606700e-01  6.5655441280e-03 
1193.000  4.3271238200e-01  6.4998316760e-03 
1194.000  4.3189971000e-01  6.4638109210e-03 
1195.000  4.2705818500e-01  6.2826957700e-03 
1196.000  4.2678897900e-01  6.2986888890e-03 
1197.000  4.2667579600e-01  6.2470355030e-03 
1198.000  4.1234575000e-01  6.0293483730e-03 
1199.000  3.9702219300e-01  5.7469167710e-03 
1200.000  4.2205072200e-01  6.1477708820e-03 
1201.000  4.2507946400e-01  6.2119960780e-03 
1202.000  4.2589472200e-01  6.2520208360e-03 
1203.000  4.0510930800e-01  5.9256491660e-03 
1204.000  4.1182243100e-01  6.0593609810e-03 
1205.000  4.2137548500e-01  6.3969726560e-03 
1206.000  4.1881209000e-01  6.4509844780e-03 
1207.000  4.2162477300e-01  6.5337371830e-03 
1208.000  4.1548721600e-01  6.4085593220e-03 
1209.000  3.8952854000e-01  5.9614810940e-03 
1210.000  4.1680542000e-01  6.2978744510e-03 
1211.000  4.0288222200e-01  6.0824122430e-03 
1212.000  4.1549674700e-01  6.3079528810e-03 
1213.000  4.1703222900e-01  6.4258799550e-03 
1214.000  4.1524757200e-01  6.4023461340e-03 
1215.000  4.1667382600e-01  6.4708433150e-03 
1216.000  4.1544221300e-01  6.6011047360e-03 
1217.000  4.1457838100e-01  6.7093830110e-03 
1218.000  4.1312824200e-01  6.7377853390e-03 
1219.000  4.0926250400e-01  6.7022724150e-03 
1220.000  4.1201314000e-01  6.7375144960e-03 
1221.000  4.1116021900e-01  6.7243089680e-03 
1222.000  4.0888290000e-01  6.6794991490e-03 
1223.000  4.0688130400e-01  6.6758012770e-03 
1224.000  4.0982229200e-01  6.8208360670e-03 
1225.000  4.0749893100e-01  6.8165464400e-03 
1226.000  4.0882709500e-01  6.8824772830e-03 
1227.000  3.9479869900e-01  6.7065072060e-03 
1228.000  4.0689720200e-01  6.9845395090e-03 
1229.000  4.0622115900e-01  7.0227746960e-03 
1230.000  4.0459273600e-01  7.0526223180e-03 
1231.000  4.0446039600e-01  7.0854554180e-03 
1232.000  3.9986174200e-01  7.0209293370e-03 
1233.000  4.0298099200e-01  7.0871229170e-03 
1234.000  4.0151404000e-01  7.1348729130e-03 
1235.000  3.9864252900e-01  7.1062116620e-03 
1236.000  4.0090095500e-01  7.1562466620e-03 
1237.000  4.0079534300e-01  7.1770601270e-03 
1238.000  4.0051109800e-01  7.1782288550e-03 
1239.000  3.9592793900e-01  7.0977988240e-03 
1240.000  3.9415083900e-01  7.1093564030e-03 
1241.000  3.9775887900e-01  7.2146043780e-03 
1242.000  3.9554035800e-01  7.2117414470e-03 
1243.000  3.9121048900e-01  7.1710758210e-03 
1244.000  3.8786207900e-01  7.1370577810e-03 
1245.000  3.9464146300e-01  7.2821059230e-03 
1246.000  3.9170785500e-01  7.1810879710e-03 
1247.000  3.8992070000e-01  7.0998907090e-03 
1248.000  3.9308834900e-01  7.1086230280e-03 
1249.000  3.9175773600e-01  7.0450973510e-03 
1250.000  3.9036347300e-01  6.9731259350e-03 
1251.000  3.8783235100e-01  6.8932876590e-03 
1252.000  3.8683533100e-01  6.8386387830e-03 
1253.000  3.8381183200e-01  6.7465348240e-03 
1254.000  3.8513823600e-01  6.7032713890e-03 
1255.000  3.8472706550e-01  6.6491661070e-03 
1256.000  3.8413304210e-01  6.5991921420e-03 
1257.000  3.8001861060e-01  6.4395923610e-03 
1258.000  3.8201104070e-01  6.3308401110e-03 
1259.000  3.7811554400e-01  6.1456007960e-03 
1260.000  3.7893210750e-01  6.0322856900e-03 
1261.000  3.7848487690e-01  5.8971996310e-03 
1262.000  3.7038675860e-01  5.6181015970e-03 
1263.000  3.7487913140e-01  5.6746616360e-03 
1264.000  3.6904250890e-01  5.5898585320e-03 
1265.000  3.6971497260e-01  5.6167888640e-03 
1266.000  3.7210279850e-01  5.6338124280e-03 
1267.000  3.6513401280e-01  5.5074706080e-03 
1268.000  3.6153841460e-01  5.4211454390e-03 
1269.000  3.6492280790e-01  5.4575862880e-03 
1270.000  3.6893307370e-01  5.6389107700e-03 
1271.000  3.7098127800e-01  5.7299695010e-03 
1272.000  3.6988428320e-01  5.7730517390e-03 
1273.000  3.6956599070e-01  5.8339738850e-03 
1274.000  3.6735874950e-01  5.8663625720e-03 
1275.000  3.6952055930e-01  5.9244313240e-03 
1276.000  3.7011374610e-01  5.9395093920e-03 
1277.000  3.6983742710e-01  5.9270730020e-03 
1278.000  3.6877703920e-01  5.8980121610e-03 
1279.000  3.6630840390e-01  5.8797812460e-03 
1280.000  3.6414514050e-01  5.9382562640e-03 
1281.000  3.5375956160e-01  5.8577766420e-03 
1282.000  3.1414536840e-01  5.2808766370e-03 
1283.000  3.4476874100e-01  5.8584809300e-03 
1284.000  3.5899565410e-01  6.1436095240e-03 
1285.000  3.6162805930e-01  6.2079973220e-03 
1286.000  3.6150988240e-01  6.1728639600e-03 
1287.000  3.6372098880e-01  6.1541066170e-03 
1288.000  3.6144078680e-01  5.9332199100e-03 
1289.000  3.6359530220e-01  5.9140877720e-03 
1290.000  3.5526438760e-01  5.7599148750e-03 
1291.000  3.6012730220e-01  5.8157238960e-03 
1292.000  3.6163024810e-01  5.8556513790e-03 
1293.000  3.6195355160e-01  5.8176031110e-03 
1294.000  3.5620868100e-01  5.6042575840e-03 
1295.000  3.6004383600e-01  5.5149378780e-03 
1296.000  3.6030876350e-01  5.4103226660e-03 
1297.000  3.5808739960e-01  5.3148999210e-03 
1298.000  3.5488822020e-01  5.2726550100e-03 
1299.000  3.5845134950e-01  5.3289957050e-03 
1300.000  3.5701199750e-01  5.3116536140e-03 
1301.000  3.5644307960e-01  5.2849292760e-03 
1302.000  3.5187092070e-01  5.1296486850e-03 
1303.000  3.4998173830e-01  4.9235544200e-03 
1304.000  3.5020922980e-01  4.8334145550e-03 
1305.000  3.5236667440e-01  4.8099808690e-03 
1306.000  3.5270165710e-01  4.7566404340e-03 
1307.000  3.5166055480e-01  4.7042031290e-03 
1308.000  3.5136138060e-01  4.6164689060e-03 
1309.000  3.5104799390e-01  4.4929375650e-03 
1310.000  3.4959073520e-01  4.4719500540e-03 
1311.000  3.4851938400e-01  4.4650545120e-03 
1312.000  3.4743395350e-01  4.3080449100e-03 
1313.000  3.3460191900e-01  3.9754672050e-03 
1314.000  3.4504672120e-01  3.9514477250e-03 
1315.000  3.3342865850e-01  3.8896775250e-03 
1316.000  3.4118501840e-01  4.0906972890e-03 
1317.000  3.4485567890e-01  4.1350221630e-03 
1318.000  3.3997590460e-01  3.8943018910e-03 
1319.000  3.4463338230e-01  3.7138288020e-03 
1320.000  3.4208941260e-01  3.4504952430e-03 
1321.000  3.4058686370e-01  3.3517603870e-03 
1322.000  3.3990666220e-01  3.4735813140e-03 
1323.000  3.4065880470e-01  3.6319718360e-03 
1324.000  3.4083935910e-01  3.7237796780e-03 
1325.000  3.3975025820e-01  3.6479148860e-03 
1326.000  3.3816155210e-01  3.4730689530e-03 
1327.000  3.3546134100e-01  3.1412224770e-03 
1328.000  3.3634717420e-01  2.8816831110e-03 
1329.000  3.2407160140e-01  2.3892357350e-03 
1330.000  3.2914611440e-01  2.2953264710e-03 
1331.000  3.3061197020e-01  2.2291307450e-03 
1332.000  3.2306613440e-01  2.1997177600e-03 
1333.000  3.3160408270e-01  2.3262932300e-03 
1334.000  3.3201854970e-01  2.4235177040e-03 
1335.000  3.3230395930e-01  2.4964337350e-03 
1336.000  3.2870634890e-01  2.4927742480e-03 
1337.000  3.2977070220e-01  2.5042536260e-03 
1338.000  3.2952706570e-01  2.5550813670e-03 
1339.000  3.2598639130e-01  2.5295979980e-03 
1340.000  3.2364640430e-01  2.5558438300e-03 
1341.000  3.2853134760e-01  2.5330238340e-03 
1342.000  3.2772763090e-01  2.5332567690e-03 
1343.000  3.2769898160e-01  2.3467078210e-03 
1344.000  3.2620135950e-01  2.1849482060e-03 
1345.000  3.2370214080e-01  1.9042592050e-03 
1346.000  3.1853092330e-01  1.7603092190e-03 
1347.000  3.1913685370e-01  1.7110064030e-03 
1348.000  3.1555965040e-01  1.6396046880e-03 
1349.000  3.1341765520e-01  1.6066873070e-03 
1350.000  3.0701970350e-01  1.5315058230e-03 
1351.000  3.0485177710e-01  1.4930793050e-03 
1352.000  3.0540943030e-01  1.4547295570e-03 
1353.000  2.9955694460e-01  1.3778498170e-03 
1354.000  2.9593949020e-01  1.3330378530e-03 
1355.000  2.9029968890e-01  1.2772600650e-03 
1356.000  2.8602570390e-01  1.2255208490e-03 
1357.000  2.7932699720e-01  1.1564892530e-03 
1358.000  2.7972471070e-01  1.1150807140e-03 
1359.000  2.7200836600e-01  1.0115045310e-03 
1360.000  2.6204058280e-01  9.2855870720e-04 
1361.000  2.6423833050e-01  9.0630561110e-04 
1362.000  2.6197474010e-01  8.9003419880e-04 
1363.000  2.6223757160e-01  9.3683809040e-04 
1364.000  2.6750775430e-01  9.7113001350e-04 
1365.000  2.6737113680e-01  9.7903472190e-04 
1366.000  2.6924901370e-01  1.0035738950e-03 
1367.000  2.6429910230e-01  9.6238231660e-04 
1368.000  2.6432312290e-01  9.4132101540e-04 
1369.000  2.5956067290e-01  9.2937475440e-04 
1370.000  2.6507210450e-01  1.0021352770e-03 
1371.000  2.7285181460e-01  1.1045194860e-03 
1372.000  2.8368956130e-01  1.2244138720e-03 
1373.000  2.8779261790e-01  1.2889642720e-03 
1374.000  2.9108018580e-01  1.3285380600e-03 
1375.000  2.8698953330e-01  1.3208800550e-03 
1376.000  2.8270081900e-01  1.2927384380e-03 
1377.000  2.8527997650e-01  1.2865182160e-03 
1378.000  2.8038173370e-01  1.2305108310e-03 
1379.000  2.7852779450e-01  1.1718791720e-03 
1380.000  2.6853994210e-01  1.0608677860e-03 
1381.000  2.6248615990e-01  9.7018492220e-04 
1382.000  2.5434225700e-01  9.0343177320e-04 
1383.000  2.5656751750e-01  9.0711462500e-04 
1384.000  2.6226359730e-01  9.8257172110e-04 
1385.000  2.6434665310e-01  1.0331848860e-03 
1386.000  2.7232498730e-01  1.1151491400e-03 
1387.000  2.7622740160e-01  1.2074512240e-03 
1388.000  2.8201779270e-01  1.2679119110e-03 
1389.000  2.8426280470e-01  1.2932598590e-03 
1390.000  2.7925054600e-01  1.2750111820e-03 
1391.000  2.8198669260e-01  1.2750405070e-03 
1392.000  2.7754596390e-01  1.2187623980e-03 
1393.000  2.7300260800e-01  1.1639362570e-03 
1394.000  2.6695108040e-01  1.1056770090e-03 
1395.000  2.6825192230e-01  1.1255769730e-03 
1396.000  2.7418105850e-01  1.1894787550e-03 
1397.000  2.7724851460e-01  1.2340765000e-03 
1398.000  2.7745995240e-01  1.2385340930e-03 
1399.000  2.7564663860e-01  1.2197377680e-03 
1400.000  2.6764322610e-01  1.1790153980e-03 
1401.000  2.6885542880e-01  1.1874154810e-03 
1402.000  2.7541969110e-01  1.2405937910e-03 
1403.000  2.7472009510e-01  1.2519010310e-03 
1404.000  2.7263769150e-01  1.2335189580e-03 
1405.000  2.7280309320e-01  1.2352318760e-03 
1406.000  2.7241911910e-01  1.2220236060e-03 
1407.000  2.7268948410e-01  1.2222223280e-03 
1408.000  2.7353139610e-01  1.2489249710e-03 
1409.000  2.7644648030e-01  1.2785981890e-03 
1410.000  2.7763786870e-01  1.3126342300e-03 
1411.000  2.7970905540e-01  1.3426115510e-03 
1412.000  2.6877935560e-01  1.2877907750e-03 
1413.000  2.7396982320e-01  1.3190227750e-03 
1414.000  2.7755269090e-01  1.3282527920e-03 
1415.000  2.7739178200e-01  1.3386921880e-03 
1416.000  2.7688286010e-01  1.3464167120e-03 
1417.000  2.7890408470e-01  1.3543074130e-03 
1418.000  2.7901281530e-01  1.3529981370e-03 
1419.000  2.7503914860e-01  1.3314237590e-03 
1420.000  2.7443551450e-01  1.3302564620e-03 
1421.000  2.7899020510e-01  1.3695508240e-03 
1422.000  2.7275633120e-01  1.3456799980e-03 
1423.000  2.7109587740e-01  1.3374415640e-03 
1424.000  2.7134089490e-01  1.3329102990e-03 
1425.000  2.7657671660e-01  1.3459464310e-03 
1426.000  2.6538539810e-01  1.2882137300e-03 
1427.000  2.6952621010e-01  1.3149337770e-03 
1428.000  2.7537620880e-01  1.3482522960e-03 
1429.000  2.6891787140e-01  1.3235689400e-03 
1430.000  2.6307659190e-01  1.2879093890e-03 
1431.000  2.6247363020e-01  1.2577631470e-03 
1432.000  2.6724502050e-01  1.2640087600e-03 
1433.000  2.6738081060e-01  1.2595222000e-03 
1434.000  2.6199197180e-01  1.2238447670e-03 
1435.000  2.6518840220e-01  1.2498148680e-03 
1436.000  2.6522418030e-01  1.2524044510e-03 
1437.000  2.6627188380e-01  1.2563210730e-03 
1438.000  2.6562394140e-01  1.2685626750e-03 
1439.000  2.6876437610e-01  1.2819533350e-03 
1440.000  2.5212775100e-01  1.2065519090e-03 
1441.000  2.6483294090e-01  1.2669818400e-03 
1442.000  2.5866695970e-01  1.2258238790e-03 
1443.000  2.6296227780e-01  1.2415169480e-03 
1444.000  2.6424101960e-01  1.2493370770e-03 
1445.000  2.6344346450e-01  1.2421940570e-03 
1446.000  2.6627144340e-01  1.2660632130e-03 
1447.000  2.6505415030e-01  1.2706679110e-03 
1448.000  2.6708059730e-01  1.2779439690e-03 
1449.000  2.6697435860e-01  1.2621889110e-03 
1450.000  2.6517805110e-01  1.2324305770e-03 
1451.000  2.6346823770e-01  1.2253725530e-03 
1452.000  2.6022430060e-01  1.2334954740e-03 
1453.000  2.6517718640e-01  1.3124029640e-03 
1454.000  2.6620772620e-01  1.3970513340e-03 
1455.000  2.6284068220e-01  1.4384188650e-03 
1456.000  2.6272051350e-01  1.5049417020e-03 
1457.000  2.6523963350e-01  1.5227810140e-03 
1458.000  2.6886645870e-01  1.5538074970e-03 
1459.000  2.6986539080e-01  1.4963684080e-03 
1460.000  2.6527404050e-01  1.4189131260e-03 
1461.000  2.6469443760e-01  1.3841089010e-03 
1462.000  2.6180365890e-01  1.3033707140e-03 
1463.000  2.6005802470e-01  1.2878756520e-03 
1464.000  2.5988695140e-01  1.2644728420e-03 
1465.000  2.6289214100e-01  1.2366811040e-03 
1466.000  2.5663090140e-01  1.1631897690e-03 
1467.000  2.6278197320e-01  1.1612181660e-03 
1468.000  2.5631497400e-01  1.1037478450e-03 
1469.000  2.5914151600e-01  1.0788120030e-03 
1470.000  2.5764680530e-01  1.0565780400e-03 
1471.000  2.5357248790e-01  1.0668569800e-03 
1472.000  2.5510479280e-01  1.1227928400e-03 
1473.000  2.5734943600e-01  1.2292432790e-03 
1474.000  2.5026398580e-01  1.2867432830e-03 
1475.000  2.5558508550e-01  1.3092989920e-03 
1476.000  2.5598932240e-01  1.3053159710e-03 
1477.000  2.5674056510e-01  1.2718820570e-03 
1478.000  2.5302707340e-01  1.2183517220e-03 
1479.000  2.5592584760e-01  1.1866974830e-03 
1480.000  2.5732822700e-01  1.2137173410e-03 
1481.000  2.5349194730e-01  1.2384870050e-03 
1482.000  2.5664790750e-01  1.3100553750e-03 
1483.000  2.5136195730e-01  1.2961857320e-03 
1484.000  2.5368527500e-01  1.3105794190e-03 
1485.000  2.5851453800e-01  1.3238261940e-03 
1486.000  2.5425461180e-01  1.3588199620e-03 
1487.000  2.5454548770e-01  1.4837740660e-03 
1488.000  2.2252374950e-01  1.3088983300e-03 
1489.000  2.5550440290e-01  1.6886010170e-03 
1490.000  2.5609908530e-01  1.8729181290e-03 
1491.000  2.5864473240e-01  2.0235135560e-03 
1492.000  2.5263481380e-01  2.0003342630e-03 
1493.000  2.5831199420e-01  2.1406850810e-03 
1494.000  2.5733096940e-01  2.1411116120e-03 
1495.000  2.5553045380e-01  2.2110958100e-03 
1496.000  2.4797385080e-01  2.2929134370e-03 
1497.000  2.5379791120e-01  2.3376591210e-03 
1498.000  2.5636850160e-01  2.4995086190e-03 
1499.000  2.5205655910e-01  2.5835416320e-03 
1500.000  2.5635505250e-01  2.7193243500e-03 
1501.000  2.5598897150e-01  2.6635382180e-03 
1502.000  2.5401168850e-01  2.5742368700e-03 
1503.000  2.2808784070e-01  2.2606496810e-03 
1504.000  2.3763175810e-01  2.3756530280e-03 
1505.000  2.3689357250e-01  2.4840626720e-03 
1506.000  2.4008747690e-01  2.5459547040e-03 
1507.000  2.5109874060e-01  2.7772071360e-03 
1508.000  2.4717814650e-01  2.8036117550e-03 
1509.000  2.4824589160e-01  2.8936700820e-03 
1510.000  2.5208195380e-01  2.9785895350e-03 
1511.000  2.5322822900e-01  3.0561289790e-03 
1512.000  2.4847466850e-01  3.0440495010e-03 
1513.000  2.4805880510e-01  3.0779635910e-03 
1514.000  2.4466338690e-01  3.0578713420e-03 
1515.000  2.4947122370e-01  3.1366815570e-03 
1516.000  2.4715624780e-01  3.0764210220e-03 
1517.000  2.4569250190e-01  3.0405929090e-03 
1518.000  2.5022081020e-01  3.1067433360e-03 
1519.000  2.4650755470e-01  3.0770978930e-03 
1520.000  2.4802394920e-01  3.1703252790e-03 
1521.000  2.4329984610e-01  3.2053744790e-03 
1522.000  2.4187613820e-01  3.2358043190e-03 
1523.000  2.4776363530e-01  3.3808310030e-03 
1524.000  2.4600483880e-01  3.3885025980e-03 
1525.000  2.4052260490e-01  3.3255805970e-03 
1526.000  2.4729768420e-01  3.3957610130e-03 
1527.000  2.4462504920e-01  3.3547673230e-03 
1528.000  2.4610820560e-01  3.3792645930e-03 
1529.000  2.4532954890e-01  3.3390407560e-03 
1530.000  2.2949838210e-01  3.1209321020e-03 
1531.000  2.4522280960e-01  3.3029625420e-03 
1532.000  2.4364981870e-01  3.2524933820e-03 
1533.000  2.4241901880e-01  3.1951260570e-03 
1534.000  2.3856651910e-01  3.1024127010e-03 
1535.000  2.3918070550e-01  3.0690708160e-03 
1536.000  2.4237922160e-01  3.1454808710e-03 
1537.000  2.4294180320e-01  3.2038974760e-03 
1538.000  2.3609740230e-01  3.1658873560e-03 
1539.000  2.4092516280e-01  3.2813880440e-03 
1540.000  2.3209720000e-01  3.2022757530e-03 
1541.000  2.3685937350e-01  3.2696876530e-03 
1542.000  2.3826783360e-01  3.2795782090e-03 
1543.000  2.3738139070e-01  3.2659926410e-03 
1544.000  2.4006646900e-01  3.3064827920e-03 
1545.000  2.4046771500e-01  3.3243396280e-03 
1546.000  2.4026099880e-01  3.3498783110e-03 
1547.000  2.3760897250e-01  3.3400270940e-03 
1548.000  2.3040410970e-01  3.2632277010e-03 
1549.000  2.3630932980e-01  3.3621304040e-03 
1550.000  2.3499734100e-01  3.3561601640e-03 
1551.000  2.3376717510e-01  3.3245413300e-03 
1552.000  2.3774065700e-01  3.3537878990e-03 
1553.000  2.3639940210e-01  3.3132059570e-03 
1554.000  2.2773766250e-01  3.1649515630e-03 
1555.000  2.3139019130e-01  3.1974298950e-03 
1556.000  2.2688516360e-01  3.1571524140e-03 
1557.000  2.3424999460e-01  3.3149168490e-03 
1558.000  2.3245580630e-01  3.3363709450e-03 
1559.000  2.3256698470e-01  3.3825809960e-03 
1560.000  2.2855083500e-01  3.3739318850e-03 
1561.000  2.3398839990e-01  3.4643881320e-03 
1562.000  2.3406356970e-01  3.4331088070e-03 
1563.000  2.3072435240e-01  3.3594233990e-03 
1564.000  2.2638112030e-01  3.2628254890e-03 
1565.000  2.3029463830e-01  3.2787935730e-03 
1566.000  2.2593079020e-01  3.2191443440e-03 
1567.000  2.2658355870e-01  3.2315921780e-03 
1568.000  2.2277460680e-01  3.1679189210e-03 
1569.000  2.2460311410e-01  3.1805100440e-03 
1570.000  2.1956592540e-01  3.1083326340e-03 
1571.000  2.2544915800e-01  3.2189877030e-03 
1572.000  2.2565192070e-01  3.2319982050e-03 
1573.000  2.2187554720e-01  3.2071442600e-03 
1574.000  2.2209709690e-01  3.2483026980e-03 
1575.000  2.0597759520e-01  3.0410285000e-03 
1576.000  2.2128816190e-01  3.2669909000e-03 
1577.000  1.9972736820e-01  2.9093866350e-03 
1578.000  2.1844365020e-01  3.1393184660e-03 
1579.000  2.1937751580e-01  3.1158027650e-03 
1580.000  2.2328316990e-01  3.1433084010e-03 
1581.000  2.2180251990e-01  3.0844607350e-03 
1582.000  2.1670487690e-01  3.0444164280e-03 
1583.000  2.1879371410e-01  3.1033227440e-03 
1584.000  2.1633131270e-01  3.0981779100e-03 
1585.000  2.2235501820e-01  3.2086396220e-03 
1586.000  2.1956208990e-01  3.1771507260e-03 
1587.000  2.1688648980e-01  3.1638283730e-03 
1588.000  2.1341742580e-01  3.1361880300e-03 
1589.000  1.9520444460e-01  2.8765184880e-03 
1590.000  2.1035717250e-01  3.1092171670e-03 
1591.000  2.0564377890e-01  3.0516505240e-03 
1592.000  2.1655061790e-01  3.2200107570e-03 
1593.000  2.2146840380e-01  3.2953279020e-03 
1594.000  2.1991395870e-01  3.2736814020e-03 
1595.000  2.2137904530e-01  3.2963070870e-03 
1596.000  2.0737346400e-01  3.1024987700e-03 
1597.000  2.1583111770e-01  3.2224247460e-03 
1598.000  2.1990431760e-01  3.2680852410e-03 
1599.000  2.1254275040e-01  3.1386492250e-03 
1600.000  2.1608503340e-01  3.1784849170e-03 
1601.000  2.0698870740e-01  3.0603394510e-03 
1602.000  2.1228185370e-01  3.1750972270e-03 
1603.000  2.1067168000e-01  3.2045803070e-03 
1604.000  2.1325875350e-01  3.3043951990e-03 
1605.000  2.1010575920e-01  3.2967393400e-03 
1606.000  2.0925032440e-01  3.3263957500e-03 
1607.000  2.1012991040e-01  3.3028128150e-03 
1608.000  2.1252409080e-01  3.3037183280e-03 
1609.000  2.1170705380e-01  3.2607846260e-03 
1610.000  1.9849670900e-01  3.0325858590e-03 
1611.000  2.0420305140e-01  3.1107857230e-03 
1612.000  2.0594910510e-01  3.1300172810e-03 
1613.000  2.1034473540e-01  3.1876039510e-03 
1614.000  2.0828033230e-01  3.1230888370e-03 
1615.000  2.1154438920e-01  3.1571407320e-03 
1616.000  1.9820334790e-01  2.9414875510e-03 
1617.000  2.0391595060e-01  3.0715878010e-03 
1618.000  2.1026956160e-01  3.1943600180e-03 
1619.000  2.0952573620e-01  3.2299690250e-03 
1620.000  2.0417516440e-01  3.1927518840e-03 
1621.000  2.0111445240e-01  3.1832554340e-03 
1622.000  2.0617665680e-01  3.2689862250e-03 
1623.000  2.1030476240e-01  3.3489067550e-03 
1624.000  2.1175816040e-01  3.3817565440e-03 
1625.000  2.0644031800e-01  3.3220884800e-03 
1626.000  2.0897163350e-01  3.3528585430e-03 
1627.000  2.0870206410e-01  3.3686065670e-03 
1628.000  2.1037920330e-01  3.4068043230e-03 
1629.000  2.1034869970e-01  3.4156661030e-03 
1630.000  2.0463778170e-01  3.3251500130e-03 
1631.000  2.0783841580e-01  3.3895015720e-03 
1632.000  2.0789087360e-01  3.3323121070e-03 
1633.000  2.0521540660e-01  3.2462260720e-03 
1634.000  2.0041346920e-01  3.1243116860e-03 
1635.000  2.0578671170e-01  3.1676750180e-03 
1636.000  2.0524243990e-01  3.1123716830e-03 
1637.000  1.9610476360e-01  2.9315431120e-03 
1638.000  1.9467167720e-01  2.8766558170e-03 
1639.000  1.9273168760e-01  2.8009176250e-03 
1640.000  1.9388778190e-01  2.7792017460e-03 
1641.000  1.9268788600e-01  2.7360813620e-03 
1642.000  1.9244774320e-01  2.8027024270e-03 
1643.000  1.9739400420e-01  2.9416799550e-03 
1644.000  1.9433932550e-01  2.9601972100e-03 
1645.000  1.9477252540e-01  3.0272104740e-03 
1646.000  1.9711349520e-01  3.1213018890e-03 
1647.000  1.9896418130e-01  3.1460843090e-03 
1648.000  1.9819561820e-01  3.1223590370e-03 
1649.000  1.9366798400e-01  3.0453386310e-03 
1650.000  1.9857546660e-01  3.1190476420e-03 
1651.000  1.9410129230e-01  3.0454940800e-03 
1652.000  1.9797513070e-01  3.1014239790e-03 
1653.000  1.9575219950e-01  3.0734546180e-03 
1654.000  1.9794853590e-01  3.1093599800e-03 
1655.000  1.9398090640e-01  3.0565679070e-03 
1656.000  1.9770664140e-01  3.1213219170e-03 
1657.000  1.9627370500e-01  3.0981934070e-03 
1658.000  1.9733416740e-01  3.1223702430e-03 
1659.000  1.9369928580e-01  3.0650687220e-03 
1660.000  1.9606306380e-01  3.0949058530e-03 
1661.000  1.9683278290e-01  3.0866763590e-03 
1662.000  1.9551017970e-01  3.0004818440e-03 
1663.000  1.9427952000e-01  2.9237141610e-03 
1664.000  1.9345724140e-01  2.8527529240e-03 
1665.000  1.9148160260e-01  2.7647416590e-03 
1666.000  1.9054959830e-01  2.7410182950e-03 
1667.000  1.9207222050e-01  2.8214786050e-03 
1668.000  1.8881792990e-01  2.8142824170e-03 
1669.000  1.8912030090e-01  2.8669643400e-03 
1670.000  1.9319249730e-01  2.9774675370e-03 
1671.000  1.9171748440e-01  3.0070121290e-03 
1672.000  1.8263656880e-01  2.9246158600e-03 
1673.000  1.8801700490e-01  3.0618011950e-03 
1674.000  1.8889079800e-01  3.1308422090e-03 
1675.000  1.8714070980e-01  3.1629035470e-03 
1676.000  1.8415962220e-01  3.1321239470e-03 
1677.000  1.8504471050e-01  3.1436471940e-03 
1678.000  1.8591340600e-01  3.1614987850e-03 
1679.000  1.8344083530e-01  3.1115994450e-03 
1680.000  1.7703210000e-01  3.0043306350e-03 
1681.000  1.7082677950e-01  2.8991577630e-03 
1682.000  1.7575986950e-01  2.9796898370e-03 
1683.000  1.8015297220e-01  3.0470218660e-03 
1684.000  1.8351390050e-01  3.0974802970e-03 
1685.000  1.8423288100e-01  3.0921959880e-03 
1686.000  1.8201024790e-01  3.0400567050e-03 
1687.000  1.8302637530e-01  3.0157067780e-03 
1688.000  1.8336812410e-01  2.9850714210e-03 
1689.000  1.8115818080e-01  2.9298708440e-03 
1690.000  1.8132144710e-01  2.8938851360e-03 
1691.000  1.8369429020e-01  2.9413509370e-03 
1692.000  1.8402857590e-01  2.9649093150e-03 
1693.000  1.8332904200e-01  2.9752073290e-03 
1694.000  1.8305164960e-01  2.9890906810e-03 
1695.000  1.8326087750e-01  2.9988851550e-03 
1696.000  1.8218911420e-01  2.9427123070e-03 
1697.000  1.8114850010e-01  2.8754718300e-03 
1698.000  1.8224167180e-01  2.8459417820e-03 
1699.000  1.8106389140e-01  2.7844257350e-03 
1700.000  1.7874290630e-01  2.7083086970e-03 
