 lambda   Irr_dw            Rad_up 
 550.000  1.5574344600e+00  7.6902488710e-02 
 551.000  1.5471214900e+00  7.6233657840e-02 
 552.000  1.6131406100e+00  7.9428070070e-02 
 553.000  1.5493922300e+00  7.6109184270e-02 
 554.000  1.5994502500e+00  7.8488197330e-02 
 555.000  1.6034245600e+00  7.8469734190e-02 
 556.000  1.5587518500e+00  7.6080696110e-02 
 557.000  1.5121155900e+00  7.3736793520e-02 
 558.000  1.5691699200e+00  7.6314239500e-02 
 559.000  1.4828734700e+00  7.1980094910e-02 
 560.000  1.4891258800e+00  7.2210083010e-02 
 561.000  1.6363954400e+00  7.9129814150e-02 
 562.000  1.5022435600e+00  7.2537406920e-02 
 563.000  1.5715899200e+00  7.5681053160e-02 
 564.000  1.5495320500e+00  7.4357406620e-02 
 565.000  1.5682995600e+00  7.5157943730e-02 
 566.000  1.4460221500e+00  6.9107887270e-02 
 567.000  1.5524182000e+00  7.3863365170e-02 
 568.000  1.5529888300e+00  7.3232719420e-02 
 569.000  1.5315571700e+00  7.1030319210e-02 
 570.000  1.5380822000e+00  7.1322906490e-02 
 571.000  1.4770104900e+00  6.9095710750e-02 
 572.000  1.5679733400e+00  7.2609634400e-02 
 573.000  1.5828340000e+00  7.3414848330e-02 
 574.000  1.5737440600e+00  7.2931282040e-02 
 575.000  1.5358567700e+00  7.1016448970e-02 
 576.000  1.5081949000e+00  6.9639564510e-02 
 577.000  1.5689223900e+00  7.2489379880e-02 
 578.000  1.5203862600e+00  7.0548072810e-02 
 579.000  1.5065372500e+00  6.9969047550e-02 
 580.000  1.5564421100e+00  7.2516494750e-02 
 581.000  1.5252615100e+00  7.1224044800e-02 
 582.000  1.5462370600e+00  7.2119377140e-02 
 583.000  1.5561446500e+00  7.2617973330e-02 
 584.000  1.5504679400e+00  7.2183624270e-02 
 585.000  1.5398279700e+00  7.1542877200e-02 
 586.000  1.4733324500e+00  6.8399299620e-02 
 587.000  1.5340184000e+00  7.0666221620e-02 
 588.000  1.5321455700e+00  6.9191284180e-02 
 589.000  1.3774563900e+00  6.0589370730e-02 
 590.000  1.4394425900e+00  6.3194778440e-02 
 591.000  1.5148485200e+00  6.7482048030e-02 
 592.000  1.4934301800e+00  6.5782234190e-02 
 593.000  1.4926681500e+00  6.6884605410e-02 
 594.000  1.5099718000e+00  6.7314506530e-02 
 595.000  1.4925943400e+00  6.5565589900e-02 
 596.000  1.5128377000e+00  6.7670394900e-02 
 597.000  1.5208926100e+00  6.7562355040e-02 
 598.000  1.4829016600e+00  6.6371849060e-02 
 599.000  1.4804049400e+00  6.6419700620e-02 
 600.000  1.4744858600e+00  6.6631362920e-02 
 601.000  1.4620329800e+00  6.6415214540e-02 
 602.000  1.4445309400e+00  6.5638870240e-02 
 603.000  1.4517676100e+00  6.6084854130e-02 
 604.000  1.4964765700e+00  6.8259780880e-02 
 605.000  1.4920323600e+00  6.7926185610e-02 
 606.000  1.4745078500e+00  6.7154090880e-02 
 607.000  1.4660253800e+00  6.6666053770e-02 
 608.000  1.4605136100e+00  6.6287872310e-02 
 609.000  1.4454249000e+00  6.5560462950e-02 
 610.000  1.4221718100e+00  6.4384620670e-02 
 611.000  1.4451681800e+00  6.5369705200e-02 
 612.000  1.4263036000e+00  6.4469505310e-02 
 613.000  1.4054201400e+00  6.3419677730e-02 
 614.000  1.3541795700e+00  6.1079296110e-02 
 615.000  1.4195737500e+00  6.3885192870e-02 
 616.000  1.3497516600e+00  6.0724967960e-02 
 617.000  1.3574345300e+00  6.1015480040e-02 
 618.000  1.4215826900e+00  6.3728019710e-02 
 619.000  1.4087319900e+00  6.3154914860e-02 
 620.000  1.4297561700e+00  6.3921607970e-02 
 621.000  1.4546444200e+00  6.4972595210e-02 
 622.000  1.3782348700e+00  6.1444339750e-02 
 623.000  1.3894616400e+00  6.1732952120e-02 
 624.000  1.3913951700e+00  6.1829856870e-02 
 625.000  1.3541328500e+00  6.0114830020e-02 
 626.000  1.3620598600e+00  6.0216075900e-02 
 627.000  1.3905436900e+00  6.0886306760e-02 
 628.000  1.3970556700e+00  5.9499935150e-02 
 629.000  1.4179922400e+00  6.1066661830e-02 
 630.000  1.3670903700e+00  5.9242565160e-02 
 631.000  1.4129239300e+00  6.1380043030e-02 
 632.000  1.3182807200e+00  5.7021396640e-02 
 633.000  1.4084909800e+00  6.1344081880e-02 
 634.000  1.3638643500e+00  5.9563922880e-02 
 635.000  1.3883755300e+00  6.0647373200e-02 
 636.000  1.3380992400e+00  5.8532444000e-02 
 637.000  1.3814327900e+00  6.0483985900e-02 
 638.000  1.4001728600e+00  6.1481372830e-02 
 639.000  1.3883174400e+00  6.0817077640e-02 
 640.000  1.3433231000e+00  5.9082427980e-02 
 641.000  1.3625716800e+00  5.9873950960e-02 
 642.000  1.3452030300e+00  5.9139202120e-02 
 643.000  1.3704052900e+00  6.0035175320e-02 
 644.000  1.3546020600e+00  5.9217334750e-02 
 645.000  1.3688335500e+00  5.9648490910e-02 
 646.000  1.3265892400e+00  5.6799366000e-02 
 647.000  1.3518687000e+00  5.7212703700e-02 
 648.000  1.3574361400e+00  5.6923583980e-02 
 649.000  1.3774502100e+00  5.8094676970e-02 
 650.000  1.2640718700e+00  5.4255161290e-02 
 651.000  1.3617454300e+00  5.8408634190e-02 
 652.000  1.3471708300e+00  5.6856006620e-02 
 653.000  1.3608370200e+00  5.8427467350e-02 
 654.000  1.3445895400e+00  5.7455696110e-02 
 655.000  1.3139461900e+00  5.5724010470e-02 
 656.000  1.1142022000e+00  4.7307231900e-02 
 657.000  1.1869450600e+00  5.0554595950e-02 
 658.000  1.3177090800e+00  5.6534557340e-02 
 659.000  1.3183599900e+00  5.6709522250e-02 
 660.000  1.3276502300e+00  5.7192462920e-02 
 661.000  1.3302459200e+00  5.7612407680e-02 
 662.000  1.3479317500e+00  5.8488430020e-02 
 663.000  1.3333510900e+00  5.7730003360e-02 
 664.000  1.3116532000e+00  5.6795703890e-02 
 665.000  1.3169903800e+00  5.7008140560e-02 
 666.000  1.3322788400e+00  5.7780841830e-02 
 667.000  1.3054256500e+00  5.6528152470e-02 
 668.000  1.3122950400e+00  5.6930404660e-02 
 669.000  1.3309154800e+00  5.7768154140e-02 
 670.000  1.3148696600e+00  5.6932918550e-02 
 671.000  1.3007686100e+00  5.6320762630e-02 
 672.000  1.2964619200e+00  5.6085468290e-02 
 673.000  1.3056751600e+00  5.6418384550e-02 
 674.000  1.3081423600e+00  5.6502239230e-02 
 675.000  1.2880894100e+00  5.5554615020e-02 
 676.000  1.3123418100e+00  5.6578533170e-02 
 677.000  1.2861732000e+00  5.5435878750e-02 
 678.000  1.3073768500e+00  5.6281558990e-02 
 679.000  1.2889475500e+00  5.5387355800e-02 
 680.000  1.2794864600e+00  5.4920249940e-02 
 681.000  1.2814749300e+00  5.4901962280e-02 
 682.000  1.2790235400e+00  5.4673934940e-02 
 683.000  1.2877229100e+00  5.4924690250e-02 
 684.000  1.2654941100e+00  5.3914276120e-02 
 685.000  1.2791669300e+00  5.4452785490e-02 
 686.000  1.2259232600e+00  5.1766040800e-02 
 687.000  1.2268206800e+00  4.7338909150e-02 
 688.000  1.2277434600e+00  4.8497051240e-02 
 689.000  1.2312788700e+00  4.8356567380e-02 
 690.000  1.2372368600e+00  4.9188564300e-02 
 691.000  1.2422214300e+00  5.0189018250e-02 
 692.000  1.2347600900e+00  5.0301631930e-02 
 693.000  1.2429391600e+00  4.9774951930e-02 
 694.000  1.2565971000e+00  4.9633735660e-02 
 695.000  1.2335881700e+00  4.9131980900e-02 
 696.000  1.2474013700e+00  4.9937530520e-02 
 697.000  1.2463395700e+00  5.1534442900e-02 
 698.000  1.2240339000e+00  5.0166511540e-02 
 699.000  1.2498928000e+00  4.9848842620e-02 
 700.000  1.2349334200e+00  4.9414585110e-02 
 701.000  1.2079991700e+00  4.7993068700e-02 
 702.000  1.2017766000e+00  4.7931076050e-02 
 703.000  1.2163765400e+00  4.9543628690e-02 
 704.000  1.2198987700e+00  4.9741359710e-02 
 705.000  1.2303942200e+00  4.9664791110e-02 
 706.000  1.2172358300e+00  4.9209438320e-02 
 707.000  1.1986195900e+00  4.8612957000e-02 
 708.000  1.2330495700e+00  5.0188282010e-02 
 709.000  1.1885759300e+00  4.8719093320e-02 
 710.000  1.2168455200e+00  4.9383045200e-02 
 711.000  1.2038305800e+00  4.9237682340e-02 
 712.000  1.1863938600e+00  4.8910827640e-02 
 713.000  1.1819890300e+00  4.8380821230e-02 
 714.000  1.2023012900e+00  4.9022712710e-02 
 715.000  1.1611674000e+00  4.6826385500e-02 
 716.000  1.1922784900e+00  4.7556381230e-02 
 717.000  1.1626142000e+00  4.3898914340e-02 
 718.000  1.1564556000e+00  4.2214954380e-02 
 719.000  1.1431385000e+00  4.1141922000e-02 
 720.000  1.1514732200e+00  4.0775260930e-02 
 721.000  1.1498032100e+00  4.3928081510e-02 
 722.000  1.1658422500e+00  4.5649936680e-02 
 723.000  1.1635166500e+00  4.4800079350e-02 
 724.000  1.1705832400e+00  4.3118499760e-02 
 725.000  1.1578040900e+00  4.2894905090e-02 
 726.000  1.1556811400e+00  4.2711963650e-02 
 727.000  1.1727759700e+00  4.3535617830e-02 
 728.000  1.1526223500e+00  4.2522922520e-02 
 729.000  1.1068084800e+00  4.1463821410e-02 
 730.000  1.1477028500e+00  4.2855743410e-02 
 731.000  1.1287787700e+00  4.2063762660e-02 
 732.000  1.1498809000e+00  4.3990337370e-02 
 733.000  1.1320335700e+00  4.4560409550e-02 
 734.000  1.1552496800e+00  4.6067127230e-02 
 735.000  1.1460359700e+00  4.5415229800e-02 
 736.000  1.1250010000e+00  4.4179729460e-02 
 737.000  1.1395903100e+00  4.4998115540e-02 
 738.000  1.1361293000e+00  4.5281787870e-02 
 739.000  1.0992368100e+00  4.4022716520e-02 
 740.000  1.1092138800e+00  4.4852363590e-02 
 741.000  1.1001504300e+00  4.4829349520e-02 
 742.000  1.0819489100e+00  4.4216632840e-02 
 743.000  1.1134208400e+00  4.5809700010e-02 
 744.000  1.1238472900e+00  4.6384258270e-02 
 745.000  1.0945016400e+00  4.5307052610e-02 
 746.000  1.1096386700e+00  4.5976387020e-02 
 747.000  1.1262560600e+00  4.6634883880e-02 
 748.000  1.1060154800e+00  4.5806591030e-02 
 749.000  1.1062069700e+00  4.5830642700e-02 
 750.000  1.0900473300e+00  4.5067295070e-02 
 751.000  1.0872393100e+00  4.4934352870e-02 
 752.000  1.1037054700e+00  4.5665039060e-02 
 753.000  1.0932529000e+00  4.5232841490e-02 
 754.000  1.1103698800e+00  4.5933315280e-02 
 755.000  1.1039946100e+00  4.5652641300e-02 
 756.000  1.0823753400e+00  4.4743705750e-02 
 757.000  1.0903750600e+00  4.5054149630e-02 
 758.000  1.0892451900e+00  4.4911155700e-02 
 759.000  1.0479632700e+00  4.0945652010e-02 
 760.000  8.2433807400e-01  2.2425067900e-02 
 761.000  7.9438277100e-01  2.0664869310e-02 
 762.000  9.2671650800e-01  3.0318410870e-02 
 763.000  9.1182142100e-01  2.7912685390e-02 
 764.000  9.3522452300e-01  2.9559099200e-02 
 765.000  9.8156753000e-01  3.3488231660e-02 
 766.000  9.7328609000e-01  3.6111923220e-02 
 767.000  1.0031991600e+00  3.8616920470e-02 
 768.000  1.0521682800e+00  4.1602813720e-02 
 769.000  1.0536407800e+00  4.2511962890e-02 
 770.000  1.0509644900e+00  4.2851257320e-02 
 771.000  1.0524356500e+00  4.3162063600e-02 
 772.000  1.0485351100e+00  4.3048728940e-02 
 773.000  1.0442126800e+00  4.2879726410e-02 
 774.000  1.0552274000e+00  4.3343887330e-02 
 775.000  1.0154810100e+00  4.1711105350e-02 
 776.000  1.0572272300e+00  4.3457233430e-02 
 777.000  1.0499025700e+00  4.3123264310e-02 
 778.000  1.0443506800e+00  4.2840759280e-02 
 779.000  1.0478262000e+00  4.2917922970e-02 
 780.000  1.0349406300e+00  4.2393028260e-02 
 781.000  1.0330746000e+00  4.2307235720e-02 
 782.000  1.0456181500e+00  4.2737392430e-02 
 783.000  1.0212585300e+00  4.1807132720e-02 
 784.000  1.0271718300e+00  4.1987854000e-02 
 785.000  1.0305480700e+00  4.1905052190e-02 
 786.000  1.0136740700e+00  4.1049724580e-02 
 787.000  1.0305702900e+00  4.1239093780e-02 
 788.000  1.0160871700e+00  4.0475223540e-02 
 789.000  1.0252294400e+00  4.0179119110e-02 
 790.000  1.0151735800e+00  3.9685943600e-02 
 791.000  1.0094340500e+00  3.9574028020e-02 
 792.000  9.9296717000e-01  3.8968105320e-02 
 793.000  9.9078610000e-01  3.9106056210e-02 
 794.000  9.7813022100e-01  3.9180278780e-02 
 795.000  9.7442348100e-01  3.8559612270e-02 
 796.000  9.9514891300e-01  3.8628940580e-02 
 797.000  1.0002885700e+00  3.9059864040e-02 
 798.000  9.9826350000e-01  3.9477352140e-02 
 799.000  9.9808499600e-01  3.9284816740e-02 
 800.000  9.7390371100e-01  3.7928462980e-02 
 801.000  9.9192944500e-01  3.8660713200e-02 
 802.000  9.9015849500e-01  3.8504333500e-02 
 803.000  9.7583677900e-01  3.8006168370e-02 
 804.000  9.8382902000e-01  3.8529262540e-02 
 805.000  9.5535383500e-01  3.7771137240e-02 
 806.000  9.8029671100e-01  3.8925735470e-02 
 807.000  9.7422945500e-01  3.8714328770e-02 
 808.000  9.6907750900e-01  3.8330482480e-02 
 809.000  9.5328289600e-01  3.7524349210e-02 
 810.000  9.4963157200e-01  3.7177238460e-02 
 811.000  9.6605619400e-01  3.7487720490e-02 
 812.000  9.6429575900e-01  3.7054431920e-02 
 813.000  9.6176513100e-01  3.6445590970e-02 
 814.000  9.6239802300e-01  3.5981544490e-02 
 815.000  9.5417697900e-01  3.5078350070e-02 
 816.000  9.4809294700e-01  3.4140525820e-02 
 817.000  9.5367940400e-01  3.4354804990e-02 
 818.000  9.4767560300e-01  3.4115234380e-02 
 819.000  9.2151062000e-01  3.3448490140e-02 
 820.000  9.0186046100e-01  3.3485256200e-02 
 821.000  9.2967435700e-01  3.5436969760e-02 
 822.000  9.0504423100e-01  3.3703495030e-02 
 823.000  9.2128093300e-01  3.2548534390e-02 
 824.000  9.3186549500e-01  3.4430767060e-02 
 825.000  9.2794188300e-01  3.5529350280e-02 
 826.000  9.3424686200e-01  3.5507118230e-02 
 827.000  9.3159122800e-01  3.5225334170e-02 
 828.000  9.3146833500e-01  3.4466014860e-02 
 829.000  9.3039262300e-01  3.4649639130e-02 
 830.000  9.1491213200e-01  3.4366397860e-02 
 831.000  8.9867793400e-01  3.3811531070e-02 
 832.000  9.1698135000e-01  3.4502323150e-02 
 833.000  8.8801011100e-01  3.3662876130e-02 
 834.000  9.0049798900e-01  3.4353878020e-02 
 835.000  9.0043738600e-01  3.4676116940e-02 
 836.000  9.1157480000e-01  3.5082450870e-02 
 837.000  9.0413167800e-01  3.4742050170e-02 
 838.000  9.0635724600e-01  3.5068656920e-02 
 839.000  8.7741348300e-01  3.4053764340e-02 
 840.000  9.0064528600e-01  3.4949413300e-02 
 841.000  9.0396047200e-01  3.4906444550e-02 
 842.000  8.9747461200e-01  3.4761241910e-02 
 843.000  8.8923537600e-01  3.4870571140e-02 
 844.000  8.7353584700e-01  3.4427433010e-02 
 845.000  8.8631513800e-01  3.5007236480e-02 
 846.000  8.9367152200e-01  3.5436634060e-02 
 847.000  8.6226873100e-01  3.4341251370e-02 
 848.000  8.8877750800e-01  3.5192237850e-02 
 849.000  8.9029268300e-01  3.5345966340e-02 
 850.000  7.7024431200e-01  3.0437656400e-02 
 851.000  8.8313107400e-01  3.4758945470e-02 
 852.000  8.4959925400e-01  3.3499835970e-02 
 853.000  8.5829996000e-01  3.3910995480e-02 
 854.000  6.9010510800e-01  2.7289587020e-02 
 855.000  7.5914419900e-01  3.0125171660e-02 
 856.000  8.6008488200e-01  3.4197055820e-02 
 857.000  8.7319719600e-01  3.4867881770e-02 
 858.000  8.5890205800e-01  3.4304641720e-02 
 859.000  8.5802910700e-01  3.4339038850e-02 
 860.000  8.4998002300e-01  3.4102565770e-02 
 861.000  8.4982766500e-01  3.4079345700e-02 
 862.000  8.4681684600e-01  3.3911312100e-02 
 863.000  8.6299822800e-01  3.4645183560e-02 
 864.000  8.6112097600e-01  3.4447628020e-02 
 865.000  8.4496302700e-01  3.3916145320e-02 
 866.000  7.0873944400e-01  2.8486291890e-02 
 867.000  7.5477766600e-01  3.0155687330e-02 
 868.000  8.1859337800e-01  3.2780780790e-02 
 869.000  8.0708601200e-01  3.2310459140e-02 
 870.000  8.4043280600e-01  3.3742362980e-02 
 871.000  8.3922895700e-01  3.3629619600e-02 
 872.000  8.3576316200e-01  3.3292957310e-02 
 873.000  8.3924851100e-01  3.3531391140e-02 
 874.000  8.2093269100e-01  3.2721195220e-02 
 875.000  8.1341947000e-01  3.2541179660e-02 
 876.000  8.2038511800e-01  3.2736415860e-02 
 877.000  8.3685457100e-01  3.3255802150e-02 
 878.000  8.2308134800e-01  3.2749183650e-02 
 879.000  8.2503865100e-01  3.2868850710e-02 
 880.000  8.2078372900e-01  3.2517776490e-02 
 881.000  7.7839517100e-01  3.0862850190e-02 
 882.000  8.2167342800e-01  3.2396564480e-02 
 883.000  8.0268342000e-01  3.1807422640e-02 
 884.000  8.0941455900e-01  3.2253795620e-02 
 885.000  8.1876939200e-01  3.2192253110e-02 
 886.000  7.9325838900e-01  3.1187118530e-02 
 887.000  7.8417683300e-01  3.0825517650e-02 
 888.000  8.0774117000e-01  3.1585281370e-02 
 889.000  8.1286712400e-01  3.2031303410e-02 
 890.000  8.1103171900e-01  3.1862369540e-02 
 891.000  8.0799308100e-01  3.1511020660e-02 
 892.000  8.0734479300e-01  3.1223180770e-02 
 893.000  7.8174452900e-01  2.9378324510e-02 
 894.000  8.1017450700e-01  3.0163345340e-02 
 895.000  7.7517150700e-01  2.8164937970e-02 
 896.000  8.0594259400e-01  2.8431051250e-02 
 897.000  7.8738136700e-01  2.7223918910e-02 
 898.000  7.8873525200e-01  2.6882755280e-02 
 899.000  7.8802262900e-01  2.5947229390e-02 
 900.000  7.6834306700e-01  2.5322044370e-02 
 901.000  7.5188249600e-01  2.4589490890e-02 
 902.000  7.3804276500e-01  2.4174139020e-02 
 903.000  7.7415038700e-01  2.6696254730e-02 
 904.000  7.8853019800e-01  2.8036710740e-02 
 905.000  7.8643349100e-01  2.8161815640e-02 
 906.000  7.6560404600e-01  2.6876522060e-02 
 907.000  7.7857538600e-01  2.6308641430e-02 
 908.000  7.5952906100e-01  2.4990940090e-02 
 909.000  7.4462770800e-01  2.4502902980e-02 
 910.000  7.5343575200e-01  2.4870723720e-02 
 911.000  7.5143655100e-01  2.5341176990e-02 
 912.000  7.5306311200e-01  2.4998973850e-02 
 913.000  7.7068769900e-01  2.4793436050e-02 
 914.000  7.6572850800e-01  2.4987781520e-02 
 915.000  7.5308759200e-01  2.5059738160e-02 
 916.000  7.6144604600e-01  2.5363824840e-02 
 917.000  7.4952617000e-01  2.5124364850e-02 
 918.000  7.4572097200e-01  2.5229003910e-02 
 919.000  7.5555726100e-01  2.6682466510e-02 
 920.000  7.4834688200e-01  2.6818052290e-02 
 921.000  7.3195931300e-01  2.6077873230e-02 
 922.000  7.2541919800e-01  2.5917509080e-02 
 923.000  6.9500791700e-01  2.4365100860e-02 
 924.000  7.2440584700e-01  2.5249330520e-02 
 925.000  7.3402402000e-01  2.5482963560e-02 
 926.000  7.0781900400e-01  2.4424865720e-02 
 927.000  7.3418366200e-01  2.5069131850e-02 
 928.000  7.3870113000e-01  2.4370449070e-02 
 929.000  7.2838150200e-01  2.2962902070e-02 
 930.000  7.2654782700e-01  2.1766159060e-02 
 931.000  7.2624506800e-01  2.0845127110e-02 
 932.000  7.1912719500e-01  1.9636390690e-02 
 933.000  7.2108220800e-01  1.9067144390e-02 
 934.000  7.1476401200e-01  1.8341115950e-02 
 935.000  7.0417157200e-01  1.8013292310e-02 
 936.000  6.9910432500e-01  1.8083209990e-02 
 937.000  7.1470711800e-01  1.8433526990e-02 
 938.000  7.0721176600e-01  1.8873157500e-02 
 939.000  7.1349325300e-01  2.1060077670e-02 
 940.000  7.0985053700e-01  2.1346538540e-02 
 941.000  6.9371174300e-01  2.0542186740e-02 
 942.000  6.6716153600e-01  1.9078685760e-02 
 943.000  7.0294559100e-01  1.9084306720e-02 
 944.000  6.8362309500e-01  1.8487079620e-02 
 945.000  6.9017387200e-01  1.8991203310e-02 
 946.000  6.9953193400e-01  1.9270158770e-02 
 947.000  6.9530440300e-01  1.9479112630e-02 
 948.000  6.9950661300e-01  1.9794692990e-02 
 949.000  7.0172203100e-01  1.9837409970e-02 
 950.000  6.9709608800e-01  1.9757751460e-02 
 951.000  6.9296059900e-01  2.0107778550e-02 
 952.000  6.9288205700e-01  1.9618703840e-02 
 953.000  6.9097149800e-01  1.9916994090e-02 
 954.000  6.8429820000e-01  2.0133953090e-02 
 955.000  6.3916926700e-01  1.8514238360e-02 
 956.000  6.8184367500e-01  1.9700925830e-02 
 957.000  6.8149362100e-01  2.0810817720e-02 
 958.000  6.8674713400e-01  2.1157520290e-02 
 959.000  6.8939960900e-01  2.1034250260e-02 
 960.000  6.8288471200e-01  2.0782627110e-02 
 961.000  6.7555890700e-01  2.0457191470e-02 
 962.000  6.7892040000e-01  2.0651557920e-02 
 963.000  6.7751861300e-01  2.1353689190e-02 
 964.000  6.6976685600e-01  2.1224636080e-02 
 965.000  6.7795251700e-01  2.1405151370e-02 
 966.000  6.5838030600e-01  2.0831789020e-02 
 967.000  6.7796164800e-01  2.2073888780e-02 
 968.000  6.7049112100e-01  2.2866014480e-02 
 969.000  6.7458868300e-01  2.3458904270e-02 
 970.000  6.7642097400e-01  2.3543025970e-02 
 971.000  6.7042921900e-01  2.3314561840e-02 
 972.000  6.7517491000e-01  2.3334609990e-02 
 973.000  6.6893661900e-01  2.2812103270e-02 
 974.000  6.5868016500e-01  2.2098487850e-02 
 975.000  6.6197383200e-01  2.1963636400e-02 
 976.000  6.6998658400e-01  2.2508733750e-02 
 977.000  6.5299951800e-01  2.2378091810e-02 
 978.000  6.6914950400e-01  2.2892356870e-02 
 979.000  6.4970555600e-01  2.2341909410e-02 
 980.000  6.5887012800e-01  2.3133123400e-02 
 981.000  6.6335957200e-01  2.3406787870e-02 
 982.000  6.6191460300e-01  2.3241329190e-02 
 983.000  6.6013423400e-01  2.3450223920e-02 
 984.000  6.5571321300e-01  2.3600137710e-02 
 985.000  6.5539892600e-01  2.3778963090e-02 
 986.000  6.5005096100e-01  2.3855089190e-02 
 987.000  6.5744181400e-01  2.4251445770e-02 
 988.000  6.4933478300e-01  2.3975950240e-02 
 989.000  6.4108912500e-01  2.3682680130e-02 
 990.000  6.4655252600e-01  2.3908754350e-02 
 991.000  6.5179585500e-01  2.4190448760e-02 
 992.000  6.4576415700e-01  2.3966634750e-02 
 993.000  6.4571826700e-01  2.3942487720e-02 
 994.000  6.4895323700e-01  2.4129911420e-02 
 995.000  6.4413047100e-01  2.4009571080e-02 
 996.000  6.4400828100e-01  2.3967693330e-02 
 997.000  6.4473641300e-01  2.3897216800e-02 
 998.000  6.4237572200e-01  2.3724529270e-02 
 999.000  6.4080428600e-01  2.3607986450e-02 
1000.000  6.3568816400e-01  2.3401517870e-02 
1001.000  6.3928604700e-01  2.3409517290e-02 
1002.000  6.3869795300e-01  2.3198631290e-02 
1003.000  6.3116754100e-01  2.2960241320e-02 
1004.000  6.2573340000e-01  2.2858188630e-02 
1005.000  5.8458635900e-01  2.1394117360e-02 
1006.000  6.1506715500e-01  2.2520107270e-02 
1007.000  6.2633110900e-01  2.2891613010e-02 
1008.000  6.2922327600e-01  2.2848022460e-02 
1009.000  6.2571755800e-01  2.2539581300e-02 
1010.000  6.2791124000e-01  2.2690052030e-02 
1011.000  6.2419277100e-01  2.2746379850e-02 
1012.000  6.2423371600e-01  2.2823215480e-02 
1013.000  6.1961360700e-01  2.2715488430e-02 
1014.000  6.2351985000e-01  2.2916528700e-02 
1015.000  6.1199963500e-01  2.2531982420e-02 
1016.000  6.1586200100e-01  2.2738567350e-02 
1017.000  6.0972926500e-01  2.2548357010e-02 
1018.000  6.1779741100e-01  2.2856204990e-02 
1019.000  6.0392085600e-01  2.2299501420e-02 
1020.000  6.0257232700e-01  2.2241613390e-02 
1021.000  6.0839290100e-01  2.2440021510e-02 
1022.000  5.9955730800e-01  2.1953550340e-02 
1023.000  6.1132587600e-01  2.2241170880e-02 
1024.000  6.0838018200e-01  2.2023077010e-02 
1025.000  6.0766046700e-01  2.2054809570e-02 
1026.000  6.0812206300e-01  2.2111244200e-02 
1027.000  6.0456235500e-01  2.1996620180e-02 
1028.000  6.0589189800e-01  2.2107530590e-02 
1029.000  5.9643553500e-01  2.1853748320e-02 
1030.000  6.0218550400e-01  2.2170402530e-02 
1031.000  6.0015624500e-01  2.2174278260e-02 
1032.000  5.9794146500e-01  2.2145534520e-02 
1033.000  5.8690369100e-01  2.1718599320e-02 
1034.000  5.9306357500e-01  2.1940288540e-02 
1035.000  5.8665609300e-01  2.1700693130e-02 
1036.000  5.9435450700e-01  2.1940835950e-02 
1037.000  5.8182648100e-01  2.1457307820e-02 
1038.000  5.8754505600e-01  2.1646789550e-02 
1039.000  5.9005819500e-01  2.1707124710e-02 
1040.000  5.8316383700e-01  2.1423782350e-02 
1041.000  5.8629580800e-01  2.1510215760e-02 
1042.000  5.8806558700e-01  2.1549936290e-02 
1043.000  5.7792862300e-01  2.1155862810e-02 
1044.000  5.8374802200e-01  2.1341650010e-02 
1045.000  5.8141267400e-01  2.1285068510e-02 
1046.000  5.6461482800e-01  2.0709327700e-02 
1047.000  5.7512915700e-01  2.1133884430e-02 
1048.000  5.8102002300e-01  2.1390733720e-02 
1049.000  5.7745456600e-01  2.1301553730e-02 
1050.000  5.7418920800e-01  2.1215162280e-02 
1051.000  5.7451789400e-01  2.1193527220e-02 
1052.000  5.7201496400e-01  2.1060955050e-02 
1053.000  5.7229537200e-01  2.1043155670e-02 
1054.000  5.6669767000e-01  2.0790559770e-02 
1055.000  5.7114476300e-01  2.0904697420e-02 
1056.000  5.6986262100e-01  2.0815120700e-02 
1057.000  5.6944091800e-01  2.0750286100e-02 
1058.000  5.6448189700e-01  2.0494550700e-02 
1059.000  5.4667431900e-01  1.9870679860e-02 
1060.000  5.6587473700e-01  2.0633102420e-02 
1061.000  5.4616620400e-01  1.9918508530e-02 
1062.000  5.6193548400e-01  2.0453763960e-02 
1063.000  5.5266771500e-01  2.0086851120e-02 
1064.000  5.6009516300e-01  2.0267019270e-02 
1065.000  5.6000635800e-01  2.0163379670e-02 
1066.000  5.4279879100e-01  1.9505796430e-02 
1067.000  5.5598317500e-01  1.9923450470e-02 
1068.000  5.5464176400e-01  1.9737533570e-02 
1069.000  5.1327249100e-01  1.8206537250e-02 
1070.000  5.4359305500e-01  1.9323902130e-02 
1071.000  5.4500215100e-01  1.9354597090e-02 
1072.000  5.4736502600e-01  1.9420276640e-02 
1073.000  5.2945339900e-01  1.8809280400e-02 
1074.000  5.4793301400e-01  1.9509983060e-02 
1075.000  5.3018264800e-01  1.8984104160e-02 
1076.000  5.4232015400e-01  1.9384449010e-02 
1077.000  5.4173493800e-01  1.9314352040e-02 
1078.000  5.4386090700e-01  1.9332786560e-02 
1079.000  5.2302509100e-01  1.8598005290e-02 
1080.000  5.4043249200e-01  1.9051788330e-02 
1081.000  5.2064812700e-01  1.8338817600e-02 
1082.000  5.2648533200e-01  1.8575654980e-02 
1083.000  5.1320385500e-01  1.7976926800e-02 
1084.000  5.3383065400e-01  1.8563283920e-02 
1085.000  5.2922216600e-01  1.8160144810e-02 
1086.000  5.3557057100e-01  1.8381216050e-02 
1087.000  5.0027989000e-01  1.7357030870e-02 
1088.000  5.3049900200e-01  1.8460876460e-02 
1089.000  5.1327684300e-01  1.7634700780e-02 
1090.000  5.2501129200e-01  1.8029552460e-02 
1091.000  5.2781546700e-01  1.8219434740e-02 
1092.000  5.1705373300e-01  1.7766565320e-02 
1093.000  5.1392146800e-01  1.7428211210e-02 
1094.000  4.6890266800e-01  1.5770718570e-02 
1095.000  5.0731764500e-01  1.7043523790e-02 
1096.000  5.0805178900e-01  1.7051317210e-02 
1097.000  4.9884613300e-01  1.6649106980e-02 
1098.000  4.9789470500e-01  1.6005476000e-02 
1099.000  5.0238412900e-01  1.5601222990e-02 
1100.000  5.1079731200e-01  1.5896625520e-02 
1101.000  5.0921555300e-01  1.5916419030e-02 
1102.000  4.8829426400e-01  1.5223158840e-02 
1103.000  5.0733480000e-01  1.5857646940e-02 
1104.000  5.0408950100e-01  1.5664545060e-02 
1105.000  5.0444941300e-01  1.5459537510e-02 
1106.000  5.0133907900e-01  1.5165600780e-02 
1107.000  5.0043983500e-01  1.5175381660e-02 
1108.000  4.9860025100e-01  1.5139246940e-02 
1109.000  4.9991626700e-01  1.5327896120e-02 
1110.000  5.0248170700e-01  1.5356653210e-02 
1111.000  4.9644456500e-01  1.5065693860e-02 
1112.000  4.9203008400e-01  1.4538363460e-02 
1113.000  4.9030423600e-01  1.4013071060e-02 
1114.000  4.9561311600e-01  1.4016026500e-02 
1115.000  4.9062059700e-01  1.3408147810e-02 
1116.000  4.8441187700e-01  1.2990464210e-02 
1117.000  4.9015571300e-01  1.2640017510e-02 
1118.000  4.8502009800e-01  1.2097085000e-02 
1119.000  4.7145273400e-01  1.1575135230e-02 
1120.000  4.7240334400e-01  1.1390839580e-02 
1121.000  4.7540804200e-01  1.1420071600e-02 
1122.000  4.7320165300e-01  1.1162578580e-02 
1123.000  4.7542524500e-01  1.1332400320e-02 
1124.000  4.7634239100e-01  1.1432567600e-02 
1125.000  4.6641722200e-01  1.1155539510e-02 
1126.000  4.5749496900e-01  1.0926486020e-02 
1127.000  4.7298282600e-01  1.1311766620e-02 
1128.000  4.6433590400e-01  1.1135228160e-02 
1129.000  4.6723514200e-01  1.1410526280e-02 
1130.000  4.6815481800e-01  1.1970637320e-02 
1131.000  4.7328682700e-01  1.2267296790e-02 
1132.000  4.7428546000e-01  1.2062016490e-02 
1133.000  4.6203155200e-01  1.1364587780e-02 
1134.000  4.5662821700e-01  1.0614046100e-02 
1135.000  4.6261069000e-01  1.0796655650e-02 
1136.000  4.6453352500e-01  1.1473601340e-02 
1137.000  4.7133546200e-01  1.2042813300e-02 
1138.000  4.5527283000e-01  1.2048055650e-02 
1139.000  4.6549066600e-01  1.2478953360e-02 
1140.000  4.6671698300e-01  1.2422634120e-02 
1141.000  4.5322419200e-01  1.1901483540e-02 
1142.000  4.6549083800e-01  1.2160763740e-02 
1143.000  4.5710987300e-01  1.1755374910e-02 
1144.000  4.5383318600e-01  1.1472602840e-02 
1145.000  4.5645123300e-01  1.1270442960e-02 
1146.000  4.6112759500e-01  1.1444664960e-02 
1147.000  4.6346788000e-01  1.1719294550e-02 
1148.000  4.5906055200e-01  1.1809658050e-02 
1149.000  4.6053485700e-01  1.1932757380e-02 
1150.000  4.5858014600e-01  1.1896780010e-02 
1151.000  4.5723410000e-01  1.2003149990e-02 
1152.000  4.5638035800e-01  1.2051748280e-02 
1153.000  4.5558393400e-01  1.2135901450e-02 
1154.000  4.5906167900e-01  1.2211299900e-02 
1155.000  4.6064228800e-01  1.2471563340e-02 
1156.000  4.5439898000e-01  1.2550065990e-02 
1157.000  4.5865996500e-01  1.3245184900e-02 
1158.000  4.5873274700e-01  1.3557334900e-02 
1159.000  4.5224630000e-01  1.3665886880e-02 
1160.000  4.4650103900e-01  1.3630167010e-02 
1161.000  4.3687178600e-01  1.3659729960e-02 
1162.000  4.5268739400e-01  1.4427653310e-02 
1163.000  4.5456661000e-01  1.4806163790e-02 
1164.000  4.4533407100e-01  1.4569666860e-02 
1165.000  4.5392916700e-01  1.4903366090e-02 
1166.000  4.4215405500e-01  1.4597273830e-02 
1167.000  4.4932584100e-01  1.4885303500e-02 
1168.000  4.5325307400e-01  1.5002353670e-02 
1169.000  4.3757951700e-01  1.4532741550e-02 
1170.000  4.4934730100e-01  1.4966995240e-02 
1171.000  4.5142661300e-01  1.5138082500e-02 
1172.000  4.5001280900e-01  1.5031517980e-02 
1173.000  4.4687826500e-01  1.4871163370e-02 
1174.000  4.4710467900e-01  1.4881758690e-02 
1175.000  4.4187082600e-01  1.4859440800e-02 
1176.000  4.3120357800e-01  1.4639847760e-02 
1177.000  4.4451696700e-01  1.5020615580e-02 
1178.000  4.3700775900e-01  1.4628470420e-02 
1179.000  4.3504860400e-01  1.4561890600e-02 
1180.000  4.4115539400e-01  1.4714858060e-02 
1181.000  4.3890112400e-01  1.4513709070e-02 
1182.000  4.3945664400e-01  1.4402855870e-02 
1183.000  4.1394090900e-01  1.3575572010e-02 
1184.000  4.3259745700e-01  1.4252638820e-02 
1185.000  4.3832144700e-01  1.4611292840e-02 
1186.000  4.3571146700e-01  1.4466428760e-02 
1187.000  4.3586741200e-01  1.4288805010e-02 
1188.000  4.3362971300e-01  1.4158838270e-02 
1189.000  4.0826155700e-01  1.3409856800e-02 
1190.000  4.2833763800e-01  1.4312175750e-02 
1191.000  4.3501736700e-01  1.4583530430e-02 
1192.000  4.3264856500e-01  1.4591053010e-02 
1193.000  4.3281550500e-01  1.4532489780e-02 
1194.000  4.3200063800e-01  1.4479002950e-02 
1195.000  4.2715794700e-01  1.4202192310e-02 
1196.000  4.2688803900e-01  1.4208985330e-02 
1197.000  4.2677562400e-01  1.4149744030e-02 
1198.000  4.1244103500e-01  1.3662075040e-02 
1199.000  3.9711412900e-01  1.3090454100e-02 
1200.000  4.2214750100e-01  1.3951108930e-02 
1201.000  4.2517548400e-01  1.4068818090e-02 
1202.000  4.2599116200e-01  1.4115941050e-02 
1203.000  4.0520054500e-01  1.3398743630e-02 
1204.000  4.1191479200e-01  1.3651709560e-02 
1205.000  4.2146974900e-01  1.4167427060e-02 
1206.000  4.1890593200e-01  1.4174966810e-02 
1207.000  4.2171903100e-01  1.4309486390e-02 
1208.000  4.1557966500e-01  1.4071537020e-02 
1209.000  3.8961513000e-01  1.3145418170e-02 
1210.000  4.1689856400e-01  1.3986259460e-02 
1211.000  4.0297219400e-01  1.3510362630e-02 
1212.000  4.1558894300e-01  1.3963036540e-02 
1213.000  4.1712510800e-01  1.4104094510e-02 
1214.000  4.1533980600e-01  1.4041505810e-02 
1215.000  4.1676657100e-01  1.4129582410e-02 
1216.000  4.1553373300e-01  1.4227001190e-02 
1217.000  4.1466948900e-01  1.4312222480e-02 
1218.000  4.1321825600e-01  1.4309017180e-02 
1219.000  4.0935122500e-01  1.4198443410e-02 
1220.000  4.1210259200e-01  1.4283312800e-02 
1221.000  4.1124937800e-01  1.4255102160e-02 
1222.000  4.0897117400e-01  1.4169060710e-02 
1223.000  4.0696940100e-01  1.4123521800e-02 
1224.000  4.0991083600e-01  1.4317167280e-02 
1225.000  4.0758650900e-01  1.4265067100e-02 
1226.000  4.0891526300e-01  1.4349503520e-02 
1227.000  3.9488340600e-01  1.3912047390e-02 
1228.000  4.0698410100e-01  1.4406010630e-02 
1229.000  4.0630867600e-01  1.4429294590e-02 
1230.000  4.0467898500e-01  1.4427213670e-02 
1231.000  4.0454596500e-01  1.4456003190e-02 
1232.000  3.9994607000e-01  1.4305727960e-02 
1233.000  4.0306630000e-01  1.4426628110e-02 
1234.000  4.0159936600e-01  1.4449022290e-02 
1235.000  3.9872542400e-01  1.4369015690e-02 
1236.000  4.0098520600e-01  1.4457539560e-02 
1237.000  4.0087923700e-01  1.4479108810e-02 
1238.000  4.0059474000e-01  1.4475857730e-02 
1239.000  3.9601040900e-01  1.4312250140e-02 
1240.000  3.9423269900e-01  1.4282687190e-02 
1241.000  3.9784113800e-01  1.4441246990e-02 
1242.000  3.9562181600e-01  1.4385662080e-02 
1243.000  3.9129085300e-01  1.4254237170e-02 
1244.000  3.8794146800e-01  1.4146433830e-02 
1245.000  3.9472187200e-01  1.4404017450e-02 
1246.000  3.9178752000e-01  1.4251597400e-02 
1247.000  3.8999981300e-01  1.4140114780e-02 
1248.000  3.9316773700e-01  1.4206090930e-02 
1249.000  3.9183665600e-01  1.4120491030e-02 
1250.000  3.9044181100e-01  1.4024521830e-02 
1251.000  3.8790983700e-01  1.3899191860e-02 
1252.000  3.8691248200e-01  1.3824488640e-02 
1253.000  3.8388803300e-01  1.3675814630e-02 
1254.000  3.8521440100e-01  1.3651657100e-02 
1255.000  3.8480273800e-01  1.3586732860e-02 
1256.000  3.8420819200e-01  1.3522885320e-02 
1257.000  3.8009278900e-01  1.3295723920e-02 
1258.000  3.8208469000e-01  1.3222682000e-02 
1259.000  3.7818757600e-01  1.2969186780e-02 
1260.000  3.7900314500e-01  1.2872596740e-02 
1261.000  3.7855564900e-01  1.2730098720e-02 
1262.000  3.7045402400e-01  1.2295426370e-02 
1263.000  3.7494683700e-01  1.2419004440e-02 
1264.000  3.6910891230e-01  1.2217165950e-02 
1265.000  3.6978125690e-01  1.2247654910e-02 
1266.000  3.7216893700e-01  1.2295251850e-02 
1267.000  3.6519865950e-01  1.2030737880e-02 
1268.000  3.6160145390e-01  1.1866871830e-02 
1269.000  3.6498604440e-01  1.1957104680e-02 
1270.000  3.6899853690e-01  1.2231944080e-02 
1271.000  3.7104802850e-01  1.2369332310e-02 
1272.000  3.6995065560e-01  1.2398736950e-02 
1273.000  3.6963266990e-01  1.2456592560e-02 
1274.000  3.6742548090e-01  1.2455844880e-02 
1275.000  3.6958820330e-01  1.2558451650e-02 
1276.000  3.7018209970e-01  1.2589665410e-02 
1277.000  3.6990545050e-01  1.2578376770e-02 
1278.000  3.6884537570e-01  1.2537730220e-02 
1279.000  3.6637650630e-01  1.2475368500e-02 
1280.000  3.6421263630e-01  1.2487978940e-02 
1281.000  3.5382506840e-01  1.2214436530e-02 
1282.000  3.1420384760e-01  1.0919371600e-02 
1283.000  3.4483332600e-01  1.2041210170e-02 
1284.000  3.5906229250e-01  1.2574101450e-02 
1285.000  3.6169659780e-01  1.2685360910e-02 
1286.000  3.6157719460e-01  1.2649500850e-02 
1287.000  3.6378809990e-01  1.2671870230e-02 
1288.000  3.6150754160e-01  1.2416520120e-02 
1289.000  3.6366273350e-01  1.2438773160e-02 
1290.000  3.5532990540e-01  1.2137867930e-02 
1291.000  3.6019423990e-01  1.2292075160e-02 
1292.000  3.6169704930e-01  1.2369431500e-02 
1293.000  3.6202018330e-01  1.2349384310e-02 
1294.000  3.5627435500e-01  1.2046361920e-02 
1295.000  3.6010974420e-01  1.2040971760e-02 
1296.000  3.6037454380e-01  1.1947397230e-02 
1297.000  3.5815277230e-01  1.1812689780e-02 
1298.000  3.5495204720e-01  1.1712374690e-02 
1299.000  3.5851587720e-01  1.1833118440e-02 
1300.000  3.5707665080e-01  1.1789089200e-02 
1301.000  3.5650875880e-01  1.1748505590e-02 
1302.000  3.5193350180e-01  1.1515448570e-02 
1303.000  3.5004260730e-01  1.1279423710e-02 
1304.000  3.5027222130e-01  1.1197172160e-02 
1305.000  3.5242758810e-01  1.1216465950e-02 
1306.000  3.5276488700e-01  1.1173234940e-02 
1307.000  3.5172266800e-01  1.1100074770e-02 
1308.000  3.5142233200e-01  1.1000406270e-02 
1309.000  3.5110979050e-01  1.0865436550e-02 
1310.000  3.4965078810e-01  1.0812795640e-02 
1311.000  3.4858062780e-01  1.0783381460e-02 
1312.000  3.4749478920e-01  1.0602783200e-02 
1313.000  3.3466022700e-01  1.0042754170e-02 
1314.000  3.4510635530e-01  1.0203129770e-02 
1315.000  3.3348621500e-01  9.9277925490e-03 
1316.000  3.4124409520e-01  1.0266234400e-02 
1317.000  3.4491500010e-01  1.0374982830e-02 
1318.000  3.4003440290e-01  1.0049000740e-02 
1319.000  3.4469188610e-01  9.9555511470e-03 
1320.000  3.4214720150e-01  9.6466369630e-03 
1321.000  3.4064392980e-01  9.5187091830e-03 
1322.000  3.3996373220e-01  9.6297807690e-03 
1323.000  3.4071634630e-01  9.8018226620e-03 
1324.000  3.4089876160e-01  9.8942356110e-03 
1325.000  3.3980828500e-01  9.7999687190e-03 
1326.000  3.3821781580e-01  9.5961408620e-03 
1327.000  3.3551734910e-01  9.2127580640e-03 
1328.000  3.3640041110e-01  8.9547719960e-03 
1329.000  3.2412378650e-01  8.1986503600e-03 
1330.000  3.2919418020e-01  8.1783828740e-03 
1331.000  3.3066145360e-01  8.1235704420e-03 
1332.000  3.2311534440e-01  7.9669761660e-03 
1333.000  3.3165571570e-01  8.2572813030e-03 
1334.000  3.3207145400e-01  8.3804473880e-03 
1335.000  3.3235575150e-01  8.4702339170e-03 
1336.000  3.2875828080e-01  8.4075546260e-03 
1337.000  3.2982252520e-01  8.4463214870e-03 
1338.000  3.2957942990e-01  8.4991350170e-03 
1339.000  3.2603801110e-01  8.4248085020e-03 
1340.000  3.2369775430e-01  8.4138841630e-03 
1341.000  3.2858410050e-01  8.4980001450e-03 
1342.000  3.2777943720e-01  8.4837579730e-03 
1343.000  3.2775052540e-01  8.3046503070e-03 
1344.000  3.2625197270e-01  8.0966787340e-03 
1345.000  3.2374839620e-01  7.6702904700e-03 
1346.000  3.1857610300e-01  7.3592376710e-03 
1347.000  3.1918013790e-01  7.2340641020e-03 
1348.000  3.1560203870e-01  7.0041837690e-03 
1349.000  3.1345883800e-01  6.8768739700e-03 
1350.000  3.0705822950e-01  6.5793552400e-03 
1351.000  3.0488956630e-01  6.4225978850e-03 
1352.000  3.0544566220e-01  6.2683391570e-03 
1353.000  2.9959193010e-01  5.9424018860e-03 
1354.000  2.9597168880e-01  5.7494711880e-03 
1355.000  2.9032851810e-01  5.5061931610e-03 
1356.000  2.8605472580e-01  5.2764062880e-03 
1357.000  2.7935270780e-01  4.9667224880e-03 
1358.000  2.7974920040e-01  4.7711977960e-03 
1359.000  2.7202950730e-01  4.2982406620e-03 
1360.000  2.6205852400e-01  3.9298188690e-03 
1361.000  2.6425528210e-01  3.8261435030e-03 
1362.000  2.6199140440e-01  3.7550742630e-03 
1363.000  2.6225529530e-01  3.9675297740e-03 
1364.000  2.6752720050e-01  4.1186733250e-03 
1365.000  2.6739075640e-01  4.1556177140e-03 
1366.000  2.6926838530e-01  4.2672505380e-03 
1367.000  2.6431791040e-01  4.0828647610e-03 
1368.000  2.6434100410e-01  3.9858005050e-03 
1369.000  2.5957866070e-01  3.9370336530e-03 
1370.000  2.6509169460e-01  4.2669095990e-03 
1371.000  2.7287424870e-01  4.7373886110e-03 
1372.000  2.8371692430e-01  5.2809619900e-03 
1373.000  2.8782097830e-01  5.5675730710e-03 
1374.000  2.9110962330e-01  5.7397255900e-03 
1375.000  2.8702121140e-01  5.7068991660e-03 
1376.000  2.8273064960e-01  5.5853352550e-03 
1377.000  2.8530855370e-01  5.5582709310e-03 
1378.000  2.8040948470e-01  5.3130230900e-03 
1379.000  2.7855353510e-01  5.0464282040e-03 
1380.000  2.6856163670e-01  4.5398831370e-03 
1381.000  2.6250580360e-01  4.1232256890e-03 
1382.000  2.5435948130e-01  3.8259260650e-03 
1383.000  2.5658419740e-01  3.8399026390e-03 
1384.000  2.6228252280e-01  4.1809158330e-03 
1385.000  2.6436780690e-01  4.4158158300e-03 
1386.000  2.7234806140e-01  4.7895073890e-03 
1387.000  2.7625460560e-01  5.2105031010e-03 
1388.000  2.8204500190e-01  5.4747061730e-03 
1389.000  2.8429068280e-01  5.5841827390e-03 
1390.000  2.7928017630e-01  5.5051112170e-03 
1391.000  2.8201434920e-01  5.5054349900e-03 
1392.000  2.7757238870e-01  5.2600502970e-03 
1393.000  2.7302672570e-01  5.0163283350e-03 
1394.000  2.6697492270e-01  4.7547621730e-03 
1395.000  2.6827528660e-01  4.8462142940e-03 
1396.000  2.7420623550e-01  5.1331129070e-03 
1397.000  2.7727488680e-01  5.3305840490e-03 
1398.000  2.7748631420e-01  5.3505201340e-03 
1399.000  2.7567331150e-01  5.2689170840e-03 
1400.000  2.6766922270e-01  5.0929150580e-03 
1401.000  2.6888059940e-01  5.1299934390e-03 
1402.000  2.7544564390e-01  5.3620185850e-03 
1403.000  2.7474695000e-01  5.4111800190e-03 
1404.000  2.7266302740e-01  5.3324341770e-03 
1405.000  2.7283119990e-01  5.3402271270e-03 
1406.000  2.7244518420e-01  5.2834901810e-03 
1407.000  2.7271589770e-01  5.2847843170e-03 
1408.000  2.7355869440e-01  5.4000811580e-03 
1409.000  2.7647489520e-01  5.5267620090e-03 
1410.000  2.7766647600e-01  5.6700234410e-03 
1411.000  2.7973965940e-01  5.7950634960e-03 
1412.000  2.6880759410e-01  5.5600976940e-03 
1413.000  2.7399828020e-01  5.6919798850e-03 
1414.000  2.7758248520e-01  5.7351970670e-03 
1415.000  2.7742109570e-01  5.7740821840e-03 
1416.000  2.7691291750e-01  5.8031272890e-03 
1417.000  2.7893374220e-01  5.8343014720e-03 
1418.000  2.7904334900e-01  5.8298230170e-03 
1419.000  2.7506848800e-01  5.7348747250e-03 
1420.000  2.7446505600e-01  5.7282490730e-03 
1421.000  2.7902062860e-01  5.8748760220e-03 
1422.000  2.7278671300e-01  5.7611970900e-03 
1423.000  2.7112493760e-01  5.7170925140e-03 
1424.000  2.7137034980e-01  5.7005004880e-03 
1425.000  2.7660676070e-01  5.7642612460e-03 
1426.000  2.6541371470e-01  5.5169715880e-03 
1427.000  2.6955550580e-01  5.6152725220e-03 
1428.000  2.7540543160e-01  5.7436199190e-03 
1429.000  2.6894664700e-01  5.6162924770e-03 
1430.000  2.6310423880e-01  5.4653539660e-03 
1431.000  2.6250045640e-01  5.3689050670e-03 
1432.000  2.6727191020e-01  5.4118819240e-03 
1433.000  2.6740760970e-01  5.3946075440e-03 
1434.000  2.6201799330e-01  5.2521896360e-03 
1435.000  2.6521494660e-01  5.3429102900e-03 
1436.000  2.6525070270e-01  5.3440160750e-03 
1437.000  2.6629837960e-01  5.3553376200e-03 
1438.000  2.6565056390e-01  5.3727746010e-03 
1439.000  2.6879125740e-01  5.4256677630e-03 
1440.000  2.5215297780e-01  5.0933132170e-03 
1441.000  2.6485953310e-01  5.3403754230e-03 
1442.000  2.5869276530e-01  5.1822137830e-03 
1443.000  2.6298826810e-01  5.2470555310e-03 
1444.000  2.6426701810e-01  5.2671160700e-03 
1445.000  2.6346939210e-01  5.2350249290e-03 
1446.000  2.6629772760e-01  5.3011236190e-03 
1447.000  2.6508047410e-01  5.2853350640e-03 
1448.000  2.6710686660e-01  5.3083443640e-03 
1449.000  2.6700020560e-01  5.2670807840e-03 
1450.000  2.6520377110e-01  5.1760220530e-03 
1451.000  2.6349337300e-01  5.1308641430e-03 
1452.000  2.6024983210e-01  5.0905418400e-03 
1453.000  2.6520352150e-01  5.2563509940e-03 
1454.000  2.6623373700e-01  5.3580589290e-03 
1455.000  2.6286656500e-01  5.3414840700e-03 
1456.000  2.6274684170e-01  5.3914842610e-03 
1457.000  2.6526578930e-01  5.4259929660e-03 
1458.000  2.6889268460e-01  5.4863328930e-03 
1459.000  2.6989149770e-01  5.4154262540e-03 
1460.000  2.6529934110e-01  5.2434620860e-03 
1461.000  2.6472000570e-01  5.1741023060e-03 
1462.000  2.6182908960e-01  5.0210886000e-03 
1463.000  2.6008152700e-01  4.9591941830e-03 
1464.000  2.5990950210e-01  4.9099192620e-03 
1465.000  2.6291633300e-01  4.8945770260e-03 
1466.000  2.5665349030e-01  4.6993017200e-03 
1467.000  2.6280545750e-01  4.7521266940e-03 
1468.000  2.5633707710e-01  4.5728292470e-03 
1469.000  2.5916297330e-01  4.5431013110e-03 
1470.000  2.5766816100e-01  4.4718542100e-03 
1471.000  2.5359421390e-01  4.4350481030e-03 
1472.000  2.5512672380e-01  4.5205364230e-03 
1473.000  2.5737190090e-01  4.6634645460e-03 
1474.000  2.5028576190e-01  4.6195960040e-03 
1475.000  2.5560755710e-01  4.6907200810e-03 
1476.000  2.5601149800e-01  4.6729750630e-03 
1477.000  2.5676262550e-01  4.6253757480e-03 
1478.000  2.5304841980e-01  4.4990177150e-03 
1479.000  2.5594719740e-01  4.4818339350e-03 
1480.000  2.5734930220e-01  4.5067648890e-03 
1481.000  2.5351291990e-01  4.4756021500e-03 
1482.000  2.5666976180e-01  4.5750656130e-03 
1483.000  2.5138265770e-01  4.4838609700e-03 
1484.000  2.5370658620e-01  4.5127959250e-03 
1485.000  2.5853514010e-01  4.5762720110e-03 
1486.000  2.5427560490e-01  4.5416121480e-03 
1487.000  2.5456629730e-01  4.6556825640e-03 
1488.000  2.2254223850e-01  4.0688700680e-03 
1489.000  2.5552552640e-01  4.8326544760e-03 
1490.000  2.5612081800e-01  4.9955134390e-03 
1491.000  2.5866610560e-01  5.1567444800e-03 
1492.000  2.5265536280e-01  5.0565667150e-03 
1493.000  2.5833363040e-01  5.2488832470e-03 
1494.000  2.5735147550e-01  5.2357611660e-03 
1495.000  2.5555097350e-01  5.2722043990e-03 
1496.000  2.4799398160e-01  5.2439751630e-03 
1497.000  2.5381861310e-01  5.3612718580e-03 
1498.000  2.5638890720e-01  5.5357646940e-03 
1499.000  2.5207681680e-01  5.5544543270e-03 
1500.000  2.5637530290e-01  5.7306933400e-03 
1501.000  2.5600940830e-01  5.6863870620e-03 
1502.000  2.5403249890e-01  5.5908341410e-03 
1503.000  2.2810559760e-01  4.9838867190e-03 
1504.000  2.3765098100e-01  5.2180719380e-03 
1505.000  2.3691271220e-01  5.3070769310e-03 
1506.000  2.4010640170e-01  5.4058136940e-03 
1507.000  2.5111931270e-01  5.7572746280e-03 
1508.000  2.4719778750e-01  5.7314019200e-03 
1509.000  2.4826577650e-01  5.8269662860e-03 
1510.000  2.5210246460e-01  5.9549727440e-03 
1511.000  2.5324912380e-01  6.0394110680e-03 
1512.000  2.4849490490e-01  5.9670748710e-03 
1513.000  2.4807855900e-01  5.9927401540e-03 
1514.000  2.4468255000e-01  5.9314556120e-03 
1515.000  2.4949100660e-01  6.0704755780e-03 
1516.000  2.4717590030e-01  5.9971618650e-03 
1517.000  2.4571215130e-01  5.9565348630e-03 
1518.000  2.5024067650e-01  6.0853610040e-03 
1519.000  2.4652714030e-01  6.0193243030e-03 
1520.000  2.4804370760e-01  6.1264328960e-03 
1521.000  2.4331903480e-01  6.0917358400e-03 
1522.000  2.4189484530e-01  6.0984535220e-03 
1523.000  2.4778246970e-01  6.3037571910e-03 
1524.000  2.4602381920e-01  6.2858648300e-03 
1525.000  2.4054112400e-01  6.1588139530e-03 
1526.000  2.4731672400e-01  6.3208813670e-03 
1527.000  2.4464396370e-01  6.2576189040e-03 
1528.000  2.4612747940e-01  6.3078179360e-03 
1529.000  2.4534873650e-01  6.2717418670e-03 
1530.000  2.2951618090e-01  5.8730301860e-03 
1531.000  2.4524166590e-01  6.2613344190e-03 
1532.000  2.4366853630e-01  6.2093601230e-03 
1533.000  2.4243744000e-01  6.1563105580e-03 
1534.000  2.3858474830e-01  6.0365524290e-03 
1535.000  2.3919896810e-01  6.0313258170e-03 
1536.000  2.4239756220e-01  6.1461491580e-03 
1537.000  2.4296044700e-01  6.2093911170e-03 
1538.000  2.3611544710e-01  6.0841865540e-03 
1539.000  2.4094339540e-01  6.2567701340e-03 
1540.000  2.3211487080e-01  6.0669493680e-03 
1541.000  2.3687729050e-01  6.2009773250e-03 
1542.000  2.3828597890e-01  6.2377877240e-03 
1543.000  2.3739946800e-01  6.2227172850e-03 
1544.000  2.4008471830e-01  6.3061165810e-03 
1545.000  2.4048630780e-01  6.3379082680e-03 
1546.000  2.4027960140e-01  6.3653798100e-03 
1547.000  2.3762742390e-01  6.3241024020e-03 
1548.000  2.3042190170e-01  6.1603407860e-03 
1549.000  2.3632764280e-01  6.3370471000e-03 
1550.000  2.3501558240e-01  6.3184485440e-03 
1551.000  2.3378535210e-01  6.2822389600e-03 
1552.000  2.3775915980e-01  6.3762116430e-03 
1553.000  2.3641775700e-01  6.3327918050e-03 
1554.000  2.2775548170e-01  6.0877919200e-03 
1555.000  2.3140826260e-01  6.1810741420e-03 
1556.000  2.2690288060e-01  6.0862507820e-03 
1557.000  2.3426838210e-01  6.3346457480e-03 
1558.000  2.3247381610e-01  6.3288240430e-03 
1559.000  2.3258493930e-01  6.3723559380e-03 
1560.000  2.2856849510e-01  6.3080501560e-03 
1561.000  2.3400656180e-01  6.4725866320e-03 
1562.000  2.3408166170e-01  6.4555749890e-03 
1563.000  2.3074170370e-01  6.3526549340e-03 
1564.000  2.2639848180e-01  6.2118754390e-03 
1565.000  2.3031234330e-01  6.2904863360e-03 
1566.000  2.2594825470e-01  6.1809282300e-03 
1567.000  2.2660076790e-01  6.1998085980e-03 
1568.000  2.2279113280e-01  6.0836744310e-03 
1569.000  2.2461956560e-01  6.1175637250e-03 
1570.000  2.1958181180e-01  5.9776997570e-03 
1571.000  2.2546554600e-01  6.1665806770e-03 
1572.000  2.2566816950e-01  6.1846885680e-03 
1573.000  2.2189154770e-01  6.1139607430e-03 
1574.000  2.2211322760e-01  6.1620345120e-03 
1575.000  2.0599258920e-01  5.7468690870e-03 
1576.000  2.2130431500e-01  6.1817545890e-03 
1577.000  1.9974198530e-01  5.5575027470e-03 
1578.000  2.1845982340e-01  6.0548133850e-03 
1579.000  2.1939375050e-01  6.0634307860e-03 
1580.000  2.2329979900e-01  6.1642165180e-03 
1581.000  2.2181911070e-01  6.1003298760e-03 
1582.000  2.1672122840e-01  5.9975323680e-03 
1583.000  2.1881040410e-01  6.0915298460e-03 
1584.000  2.1634793510e-01  6.0588898660e-03 
1585.000  2.2237210670e-01  6.2578444480e-03 
1586.000  2.1957905050e-01  6.1924443240e-03 
1587.000  2.1690365810e-01  6.1470198630e-03 
1588.000  2.1343384330e-01  6.0757489200e-03 
1589.000  1.9521964600e-01  5.5678572650e-03 
1590.000  2.1037292840e-01  6.0147471430e-03 
1591.000  2.0565946980e-01  5.8964591030e-03 
1592.000  2.1656755070e-01  6.2200741770e-03 
1593.000  2.2148554210e-01  6.3679766650e-03 
1594.000  2.1993115890e-01  6.3286042210e-03 
1595.000  2.2139589280e-01  6.3745517730e-03 
1596.000  2.0738924880e-01  5.9899182320e-03 
1597.000  2.1584770890e-01  6.2294378280e-03 
1598.000  2.1992079010e-01  6.3326978680e-03 
1599.000  2.1255856990e-01  6.1011624340e-03 
1600.000  2.1610085480e-01  6.1918625830e-03 
1601.000  2.0700378970e-01  5.9473910330e-03 
1602.000  2.1229725310e-01  6.1295952800e-03 
1603.000  2.1068693170e-01  6.1315660480e-03 
1604.000  2.1327426570e-01  6.2628355030e-03 
1605.000  2.1012102150e-01  6.2064514160e-03 
1606.000  2.0926548050e-01  6.2206201550e-03 
1607.000  2.1014512280e-01  6.2202429770e-03 
1608.000  2.1253946130e-01  6.2656574250e-03 
1609.000  2.1172239900e-01  6.2222170830e-03 
1610.000  1.9851113860e-01  5.8199863430e-03 
1611.000  2.0421798750e-01  5.9887523650e-03 
1612.000  2.0596430150e-01  6.0443549160e-03 
1613.000  2.1036040080e-01  6.1761898990e-03 
1614.000  2.0829583290e-01  6.0926346780e-03 
1615.000  2.1156026740e-01  6.1851973530e-03 
1616.000  1.9821831780e-01  5.7891058920e-03 
1617.000  2.0393145300e-01  5.9994096760e-03 
1618.000  2.1028548840e-01  6.2105889320e-03 
1619.000  2.0954123760e-01  6.2335205080e-03 
1620.000  2.0419052580e-01  6.1176271440e-03 
1621.000  2.0112970740e-01  6.0609707830e-03 
1622.000  2.0619225320e-01  6.2199401860e-03 
1623.000  2.1032066470e-01  6.3605771060e-03 
1624.000  2.1177415450e-01  6.4154081340e-03 
1625.000  2.0645589440e-01  6.2807884220e-03 
1626.000  2.0898740170e-01  6.3482413290e-03 
1627.000  2.0871781230e-01  6.3584375380e-03 
1628.000  2.1039497770e-01  6.4189000130e-03 
1629.000  2.1036444320e-01  6.4255852700e-03 
1630.000  2.0465321060e-01  6.2516908650e-03 
1631.000  2.0785401440e-01  6.3603725430e-03 
1632.000  2.0790650580e-01  6.3137879370e-03 
1633.000  2.0523082640e-01  6.1987881660e-03 
1634.000  2.0042839280e-01  6.0181999210e-03 
1635.000  2.0580201770e-01  6.1489157680e-03 
1636.000  2.0525741000e-01  6.0943870540e-03 
1637.000  1.9611900390e-01  5.7879810330e-03 
1638.000  1.9468596580e-01  5.7204322810e-03 
1639.000  1.9274606420e-01  5.6235485080e-03 
1640.000  1.9390226960e-01  5.6260528560e-03 
1641.000  1.9270228870e-01  5.5725317000e-03 
1642.000  1.9246193640e-01  5.6241059300e-03 
1643.000  1.9740845630e-01  5.8241734500e-03 
1644.000  1.9435366060e-01  5.7872214320e-03 
1645.000  1.9478666950e-01  5.8498435020e-03 
1646.000  1.9712766020e-01  5.9691481590e-03 
1647.000  1.9897852020e-01  6.0251426700e-03 
1648.000  1.9821016020e-01  5.9950919150e-03 
1649.000  1.9368184430e-01  5.8569483760e-03 
1650.000  1.9858980510e-01  6.0063166620e-03 
1651.000  1.9411524170e-01  5.8706355090e-03 
1652.000  1.9798958140e-01  5.9856858250e-03 
1653.000  1.9576628590e-01  5.9274811740e-03 
1654.000  1.9796269210e-01  5.9970288280e-03 
1655.000  1.9399509010e-01  5.8882961270e-03 
1656.000  1.9772170520e-01  6.0095243450e-03 
1657.000  1.9628810010e-01  5.9674925800e-03 
1658.000  1.9734831780e-01  6.0093436240e-03 
1659.000  1.9371334750e-01  5.9010934830e-03 
1660.000  1.9607746270e-01  5.9677047730e-03 
1661.000  1.9684623090e-01  5.9771475790e-03 
1662.000  1.9552410650e-01  5.8857221600e-03 
1663.000  1.9429348270e-01  5.8043146130e-03 
1664.000  1.9347063880e-01  5.7346620560e-03 
1665.000  1.9149574210e-01  5.6315836910e-03 
1666.000  1.9056332700e-01  5.5994710920e-03 
1667.000  1.9208612470e-01  5.6967725750e-03 
1668.000  1.8883169360e-01  5.6342782970e-03 
1669.000  1.8913392670e-01  5.6857891080e-03 
1670.000  1.9320620380e-01  5.8530530930e-03 
1671.000  1.9173074640e-01  5.8501071930e-03 
1672.000  1.8264958420e-01  5.6223468780e-03 
1673.000  1.8803079020e-01  5.8282246590e-03 
1674.000  1.8890427660e-01  5.8994030950e-03 
1675.000  1.8715343870e-01  5.8950715070e-03 
1676.000  1.8417259350e-01  5.8179750440e-03 
1677.000  1.8505814580e-01  5.8456988330e-03 
1678.000  1.8592618630e-01  5.8792104720e-03 
1679.000  1.8345413330e-01  5.7968492510e-03 
1680.000  1.7704511580e-01  5.5988545420e-03 
1681.000  1.7083870480e-01  5.4056353570e-03 
1682.000  1.7577247480e-01  5.5613508220e-03 
1683.000  1.8016569090e-01  5.6961221690e-03 
1684.000  1.8352702060e-01  5.7991232870e-03 
1685.000  1.8424603660e-01  5.8078174590e-03 
1686.000  1.8202326860e-01  5.7282595630e-03 
1687.000  1.8303908110e-01  5.7259225850e-03 
1688.000  1.8338113030e-01  5.7074480060e-03 
1689.000  1.8117115780e-01  5.6255316730e-03 
1690.000  1.8133449970e-01  5.5990037920e-03 
1691.000  1.8370759460e-01  5.6800913810e-03 
1692.000  1.8404177940e-01  5.7052464490e-03 
1693.000  1.8334164550e-01  5.7015833850e-03 
1694.000  1.8306425390e-01  5.7080478670e-03 
1695.000  1.8327394100e-01  5.7183814050e-03 
1696.000  1.8220204630e-01  5.6548027990e-03 
1697.000  1.8116107200e-01  5.5819964410e-03 
1698.000  1.8225426900e-01  5.5787167550e-03 
1699.000  1.8107686060e-01  5.5089130400e-03 
1700.000  1.7875581540e-01  5.4069199560e-03 
