 lambda   Irr_dw            Rad_up 
 550.000  1.5536345600e+00  4.7725517270e-02 
 551.000  1.5433733400e+00  4.7252937320e-02 
 552.000  1.6092593700e+00  4.9234081270e-02 
 553.000  1.5456887400e+00  4.7106380460e-02 
 554.000  1.5956546300e+00  4.8568439480e-02 
 555.000  1.5996421200e+00  4.8468154910e-02 
 556.000  1.5550968000e+00  4.6908641820e-02 
 557.000  1.5085935800e+00  4.5457965850e-02 
 558.000  1.5655367800e+00  4.6964057920e-02 
 559.000  1.4794656100e+00  4.4250820160e-02 
 560.000  1.4857255200e+00  4.4384330750e-02 
 561.000  1.6326794200e+00  4.8541152950e-02 
 562.000  1.4988548300e+00  4.4478317260e-02 
 563.000  1.5680661300e+00  4.6320026400e-02 
 564.000  1.5460786000e+00  4.5394115450e-02 
 565.000  1.5648272100e+00  4.5870109560e-02 
 566.000  1.4428407200e+00  4.2099590300e-02 
 567.000  1.5490196200e+00  4.4875999450e-02 
 568.000  1.5495944800e+00  4.4295272830e-02 
 569.000  1.5282121300e+00  4.2499633790e-02 
 570.000  1.5347469300e+00  4.2672973630e-02 
 571.000  1.4738392300e+00  4.1540836330e-02 
 572.000  1.5646138600e+00  4.3351249690e-02 
 573.000  1.5794643600e+00  4.3846614840e-02 
 574.000  1.5704127200e+00  4.3491470340e-02 
 575.000  1.5326200800e+00  4.2248992920e-02 
 576.000  1.5050316500e+00  4.1355361940e-02 
 577.000  1.5656489500e+00  4.3025257110e-02 
 578.000  1.5172368600e+00  4.1946205140e-02 
 579.000  1.5034307800e+00  4.1549800870e-02 
 580.000  1.5532505000e+00  4.3125179290e-02 
 581.000  1.5221519500e+00  4.2385124210e-02 
 582.000  1.5430985800e+00  4.2835918430e-02 
 583.000  1.5530004900e+00  4.3158515930e-02 
 584.000  1.5473465400e+00  4.2802219390e-02 
 585.000  1.5367466400e+00  4.2349391940e-02 
 586.000  1.4703961500e+00  4.0470314030e-02 
 587.000  1.5309676900e+00  4.1573707580e-02 
 588.000  1.5290900500e+00  4.0161979680e-02 
 589.000  1.3747049500e+00  3.4475212100e-02 
 590.000  1.4365843200e+00  3.5915969850e-02 
 591.000  1.5118685300e+00  3.8776012420e-02 
 592.000  1.4905004100e+00  3.7456287380e-02 
 593.000  1.4897732800e+00  3.8567840580e-02 
 594.000  1.5070530300e+00  3.8676681520e-02 
 595.000  1.4897160900e+00  3.7247802730e-02 
 596.000  1.5099544000e+00  3.8974800110e-02 
 597.000  1.5180066100e+00  3.8691974640e-02 
 598.000  1.4801133200e+00  3.8223945620e-02 
 599.000  1.4776450000e+00  3.8312999730e-02 
 600.000  1.4717629100e+00  3.8619987490e-02 
 601.000  1.4593594200e+00  3.8646099090e-02 
 602.000  1.4419068100e+00  3.8178337100e-02 
 603.000  1.4491492500e+00  3.8483806610e-02 
 604.000  1.4937928400e+00  3.9819915770e-02 
 605.000  1.4893735400e+00  3.9545997620e-02 
 606.000  1.4718915600e+00  3.9128864290e-02 
 607.000  1.4634382700e+00  3.8799102780e-02 
 608.000  1.4579442800e+00  3.8517990110e-02 
 609.000  1.4428970500e+00  3.8088504790e-02 
 610.000  1.4196960100e+00  3.7348552700e-02 
 611.000  1.4426680400e+00  3.7898963930e-02 
 612.000  1.4238424100e+00  3.7362258910e-02 
 613.000  1.4030103700e+00  3.6700309750e-02 
 614.000  1.3518686000e+00  3.5344749450e-02 
 615.000  1.4171609700e+00  3.6891456600e-02 
 616.000  1.3474679900e+00  3.5069927220e-02 
 617.000  1.3551517400e+00  3.5219341280e-02 
 618.000  1.4191995600e+00  3.6695621490e-02 
 619.000  1.4063846300e+00  3.6386344910e-02 
 620.000  1.4273826300e+00  3.6738788600e-02 
 621.000  1.4522425300e+00  3.7335952760e-02 
 622.000  1.3759695100e+00  3.5269207000e-02 
 623.000  1.3871861500e+00  3.5336566930e-02 
 624.000  1.3891279200e+00  3.5434810640e-02 
 625.000  1.3519425500e+00  3.4449966430e-02 
 626.000  1.3598627100e+00  3.4404350280e-02 
 627.000  1.3883069700e+00  3.4591674800e-02 
 628.000  1.3948863300e+00  3.3291622160e-02 
 629.000  1.4157550500e+00  3.4343948360e-02 
 630.000  1.3649507000e+00  3.3500869750e-02 
 631.000  1.4107109800e+00  3.4715682980e-02 
 632.000  1.3162117600e+00  3.2147048950e-02 
 633.000  1.4062920500e+00  3.4712959290e-02 
 634.000  1.3617400600e+00  3.3771514890e-02 
 635.000  1.3862237400e+00  3.4396274570e-02 
 636.000  1.3360334700e+00  3.3220035550e-02 
 637.000  1.3793071700e+00  3.4347476960e-02 
 638.000  1.3980343100e+00  3.4949596410e-02 
 639.000  1.3862002900e+00  3.4481067660e-02 
 640.000  1.3412896700e+00  3.3613090520e-02 
 641.000  1.3605143300e+00  3.4033622740e-02 
 642.000  1.3431822500e+00  3.3612045290e-02 
 643.000  1.3683503400e+00  3.4052265170e-02 
 644.000  1.3525793600e+00  3.3514511110e-02 
 645.000  1.3667973800e+00  3.3697895050e-02 
 646.000  1.3246110900e+00  3.1656927110e-02 
 647.000  1.3498549700e+00  3.1575414660e-02 
 648.000  1.3554194300e+00  3.1196300510e-02 
 649.000  1.3754139500e+00  3.1960990910e-02 
 650.000  1.2622193400e+00  3.0265449520e-02 
 651.000  1.3597638300e+00  3.2570014950e-02 
 652.000  1.3452106200e+00  3.1310699460e-02 
 653.000  1.3588756200e+00  3.2607917790e-02 
 654.000  1.3426525800e+00  3.1928356170e-02 
 655.000  1.3120607100e+00  3.0788349150e-02 
 656.000  1.1126128300e+00  2.6159122470e-02 
 657.000  1.1852598800e+00  2.8027383800e-02 
 658.000  1.3158516000e+00  3.1532848360e-02 
 659.000  1.3165125000e+00  3.1679769520e-02 
 660.000  1.3257991100e+00  3.1988801960e-02 
 661.000  1.3284078300e+00  3.2353431700e-02 
 662.000  1.3460761100e+00  3.2876312260e-02 
 663.000  1.3315251200e+00  3.2393081670e-02 
 664.000  1.3098667100e+00  3.1864486690e-02 
 665.000  1.3152050200e+00  3.1967741010e-02 
 666.000  1.3304773100e+00  3.2462551120e-02 
 667.000  1.3036739900e+00  3.1700088500e-02 
 668.000  1.3105310300e+00  3.1983049390e-02 
 669.000  1.3291376200e+00  3.2479633330e-02 
 670.000  1.3131253900e+00  3.1915683750e-02 
 671.000  1.2990515700e+00  3.1591772080e-02 
 672.000  1.2947524400e+00  3.1444381710e-02 
 673.000  1.3039651000e+00  3.1608123780e-02 
 674.000  1.3064411100e+00  3.1658769610e-02 
 675.000  1.2864116400e+00  3.1092401500e-02 
 676.000  1.3106471400e+00  3.1671001430e-02 
 677.000  1.2845164600e+00  3.1039714810e-02 
 678.000  1.3057016500e+00  3.1487701420e-02 
 679.000  1.2873000300e+00  3.0942029950e-02 
 680.000  1.2778694400e+00  3.0677480700e-02 
 681.000  1.2798550500e+00  3.0625097270e-02 
 682.000  1.2774154200e+00  3.0429492950e-02 
 683.000  1.2861009400e+00  3.0506599430e-02 
 684.000  1.2639061700e+00  2.9944019320e-02 
 685.000  1.2775790600e+00  3.0198112490e-02 
 686.000  1.2244082600e+00  2.8524070740e-02 
 687.000  1.2254688600e+00  2.4681722640e-02 
 688.000  1.2263615700e+00  2.5651988980e-02 
 689.000  1.2299109200e+00  2.5514320370e-02 
 690.000  1.2358486400e+00  2.6149097440e-02 
 691.000  1.2408003800e+00  2.6928184510e-02 
 692.000  1.2333167400e+00  2.7084522250e-02 
 693.000  1.2414611300e+00  2.6304252620e-02 
 694.000  1.2550880000e+00  2.5872215270e-02 
 695.000  1.2321034000e+00  2.5777648930e-02 
 696.000  1.2459076400e+00  2.6311658860e-02 
 697.000  1.2448409800e+00  2.7931381230e-02 
 698.000  1.2225659100e+00  2.6975788120e-02 
 699.000  1.2484098300e+00  2.6168483730e-02 
 700.000  1.2334784200e+00  2.6015640260e-02 
 701.000  1.2065792000e+00  2.5097000120e-02 
 702.000  1.2003698600e+00  2.5159830090e-02 
 703.000  1.2149865500e+00  2.6492393490e-02 
 704.000  1.2185118200e+00  2.6632556920e-02 
 705.000  1.2289677800e+00  2.6360643390e-02 
 706.000  1.2158480300e+00  2.6159948350e-02 
 707.000  1.1972446800e+00  2.5921722410e-02 
 708.000  1.2316649500e+00  2.6850358960e-02 
 709.000  1.1872295600e+00  2.6219890590e-02 
 710.000  1.2154652600e+00  2.6347133640e-02 
 711.000  1.2024729100e+00  2.6436056140e-02 
 712.000  1.1850761700e+00  2.6433574680e-02 
 713.000  1.1806774900e+00  2.5988658910e-02 
 714.000  1.2009724800e+00  2.6231590270e-02 
 715.000  1.1598759600e+00  2.4809106830e-02 
 716.000  1.1910671700e+00  2.4938667300e-02 
 717.000  1.1613293700e+00  2.1834405900e-02 
 718.000  1.1551765700e+00  2.0266271590e-02 
 719.000  1.1418787400e+00  1.9420705800e-02 
 720.000  1.1502096700e+00  1.8894842150e-02 
 721.000  1.1485502800e+00  2.2105331420e-02 
 722.000  1.1646087100e+00  2.3521438600e-02 
 723.000  1.1622706800e+00  2.2720943450e-02 
 724.000  1.1693261200e+00  2.0923370360e-02 
 725.000  1.1565636400e+00  2.0959495540e-02 
 726.000  1.1544471600e+00  2.0833868030e-02 
 727.000  1.1715268400e+00  2.1335418700e-02 
 728.000  1.1514078900e+00  2.0731401440e-02 
 729.000  1.1056411400e+00  2.0540376660e-02 
 730.000  1.1465046200e+00  2.1174106600e-02 
 731.000  1.1276027000e+00  2.0760923390e-02 
 732.000  1.1487120300e+00  2.2275487900e-02 
 733.000  1.1308720900e+00  2.3205402370e-02 
 734.000  1.1540691200e+00  2.4266521450e-02 
 735.000  1.1448657500e+00  2.3784370420e-02 
 736.000  1.1238562900e+00  2.2954526900e-02 
 737.000  1.1384387400e+00  2.3492538450e-02 
 738.000  1.1349879100e+00  2.3844942090e-02 
 739.000  1.0981328400e+00  2.3291606900e-02 
 740.000  1.1081133000e+00  2.3925182340e-02 
 741.000  1.0990458900e+00  2.4077585220e-02 
 742.000  1.0808781400e+00  2.3806833270e-02 
 743.000  1.1123330200e+00  2.4790407180e-02 
 744.000  1.1227589400e+00  2.5173391340e-02 
 745.000  1.0934433200e+00  2.4643787380e-02 
 746.000  1.1085712400e+00  2.5010780330e-02 
 747.000  1.1251754400e+00  2.5349121090e-02 
 748.000  1.1049584900e+00  2.4882625580e-02 
 749.000  1.1051594200e+00  2.4900774000e-02 
 750.000  1.0890183600e+00  2.4440683360e-02 
 751.000  1.0862159300e+00  2.4363149640e-02 
 752.000  1.1026713700e+00  2.4776943210e-02 
 753.000  1.0922369000e+00  2.4543319700e-02 
 754.000  1.1093376400e+00  2.4922140120e-02 
 755.000  1.1029731200e+00  2.4764385220e-02 
 756.000  1.0813785900e+00  2.4265399930e-02 
 757.000  1.0893747000e+00  2.4428506850e-02 
 758.000  1.0882342400e+00  2.4324665070e-02 
 759.000  1.0470740500e+00  2.1464437480e-02 
 760.000  8.2383852200e-01  8.7256755830e-03 
 761.000  7.9393995300e-01  7.7379264830e-03 
 762.000  9.2603007700e-01  1.3922869680e-02 
 763.000  9.1117879600e-01  1.2050383570e-02 
 764.000  9.3455118800e-01  1.3148333550e-02 
 765.000  9.8083487500e-01  1.5948843960e-02 
 766.000  9.7252635600e-01  1.8282018660e-02 
 767.000  1.0023872330e+00  2.0035121920e-02 
 768.000  1.0512906600e+00  2.1972190860e-02 
 769.000  1.0527410500e+00  2.2735750200e-02 
 770.000  1.0500574200e+00  2.3053693770e-02 
 771.000  1.0515062700e+00  2.3295534130e-02 
 772.000  1.0476306800e+00  2.3248344420e-02 
 773.000  1.0433110600e+00  2.3159420010e-02 
 774.000  1.0543214300e+00  2.3413206100e-02 
 775.000  1.0146082400e+00  2.2531486510e-02 
 776.000  1.0563244900e+00  2.3498407360e-02 
 777.000  1.0490098100e+00  2.3305475230e-02 
 778.000  1.0434656200e+00  2.3127960210e-02 
 779.000  1.0469397900e+00  2.3136297230e-02 
 780.000  1.0340672600e+00  2.2866874690e-02 
 781.000  1.0322106000e+00  2.2810260770e-02 
 782.000  1.0447441800e+00  2.2994419100e-02 
 783.000  1.0204093590e+00  2.2546386720e-02 
 784.000  1.0263195130e+00  2.2617809300e-02 
 785.000  1.0296948870e+00  2.2477735520e-02 
 786.000  1.0128331600e+00  2.1964088440e-02 
 787.000  1.0297180650e+00  2.1844230650e-02 
 788.000  1.0152491650e+00  2.1367197040e-02 
 789.000  1.0243860840e+00  2.0906555180e-02 
 790.000  1.0143438990e+00  2.0596170430e-02 
 791.000  1.0086113610e+00  2.0605140690e-02 
 792.000  9.9215674100e-01  2.0305593490e-02 
 793.000  9.9000440800e-01  2.0488367080e-02 
 794.000  9.7734561200e-01  2.0796220780e-02 
 795.000  9.7364470300e-01  2.0244485860e-02 
 796.000  9.9435454600e-01  1.9955417630e-02 
 797.000  9.9949429300e-01  2.0304361340e-02 
 798.000  9.9746753300e-01  2.0760299680e-02 
 799.000  9.9729319900e-01  2.0570503230e-02 
 800.000  9.7313248700e-01  1.9673357010e-02 
 801.000  9.9115345300e-01  2.0073274610e-02 
 802.000  9.8938309000e-01  1.9947217940e-02 
 803.000  9.7508077300e-01  1.9726434710e-02 
 804.000  9.8306750900e-01  2.0115230560e-02 
 805.000  9.5461634800e-01  1.9895805360e-02 
 806.000  9.7954641100e-01  2.0572296140e-02 
 807.000  9.7348575700e-01  2.0486652370e-02 
 808.000  9.6834110200e-01  2.0200937270e-02 
 809.000  9.5254526100e-01  1.9694793700e-02 
 810.000  9.4890898500e-01  1.9417642590e-02 
 811.000  9.6532841700e-01  1.9424011230e-02 
 812.000  9.6357077900e-01  1.9033899310e-02 
 813.000  9.6104302900e-01  1.8455434800e-02 
 814.000  9.6168049400e-01  1.7987857820e-02 
 815.000  9.5346503500e-01  1.7244693760e-02 
 816.000  9.4738490900e-01  1.6429746630e-02 
 817.000  9.5297812600e-01  1.6540620800e-02 
 818.000  9.4696657300e-01  1.6399915700e-02 
 819.000  9.2083587800e-01  1.6235700610e-02 
 820.000  9.0120299500e-01  1.6642063140e-02 
 821.000  9.2899698200e-01  1.8065479280e-02 
 822.000  9.0438701700e-01  1.6764654160e-02 
 823.000  9.2061296800e-01  1.5326376910e-02 
 824.000  9.3118948800e-01  1.6982446670e-02 
 825.000  9.2727643800e-01  1.8186235430e-02 
 826.000  9.3357690800e-01  1.8021852490e-02 
 827.000  9.3092724900e-01  1.7775251390e-02 
 828.000  9.3080367000e-01  1.6996606830e-02 
 829.000  9.2973397700e-01  1.7191087720e-02 
 830.000  9.1426811400e-01  1.7196115490e-02 
 831.000  8.9804576200e-01  1.6943889620e-02 
 832.000  9.1633677800e-01  1.7283018110e-02 
 833.000  8.8739098500e-01  1.7008287430e-02 
 834.000  8.9986927700e-01  1.7467966080e-02 
 835.000  8.9981662100e-01  1.7764493940e-02 
 836.000  9.1094238600e-01  1.7990695950e-02 
 837.000  9.0350932300e-01  1.7781507490e-02 
 838.000  9.0573636700e-01  1.8069713590e-02 
 839.000  8.7681428400e-01  1.7589067460e-02 
 840.000  9.0003001400e-01  1.8036905290e-02 
 841.000  9.0334852500e-01  1.7928428650e-02 
 842.000  8.9686563200e-01  1.7894548420e-02 
 843.000  8.8863937200e-01  1.8163356780e-02 
 844.000  8.7295311200e-01  1.8006206510e-02 
 845.000  8.8572440000e-01  1.8338541030e-02 
 846.000  8.9307829100e-01  1.8632755280e-02 
 847.000  8.6169793300e-01  1.8129158020e-02 
 848.000  8.8819157500e-01  1.8484762190e-02 
 849.000  8.8971028100e-01  1.8623273850e-02 
 850.000  7.6973977200e-01  1.5957593920e-02 
 851.000  8.8255590700e-01  1.8151004790e-02 
 852.000  8.4904895000e-01  1.7532026290e-02 
 853.000  8.5774504000e-01  1.7753871920e-02 
 854.000  6.8966133300e-01  1.4305298810e-02 
 855.000  7.5865500600e-01  1.5845194820e-02 
 856.000  8.5953445800e-01  1.7992715840e-02 
 857.000  8.7264112300e-01  1.8421419140e-02 
 858.000  8.5835931000e-01  1.8114330290e-02 
 859.000  8.5748807000e-01  1.8148797990e-02 
 860.000  8.4944718600e-01  1.8065973280e-02 
 861.000  8.4929516100e-01  1.8041204450e-02 
 862.000  8.4628869200e-01  1.7913076400e-02 
 863.000  8.6246177100e-01  1.8358455660e-02 
 864.000  8.6058878100e-01  1.8164957050e-02 
 865.000  8.4444222400e-01  1.7960195540e-02 
 866.000  7.0830216200e-01  1.5109948160e-02 
 867.000  7.5431432600e-01  1.5874469760e-02 
 868.000  8.1809454200e-01  1.7307065960e-02 
 869.000  8.0659563700e-01  1.7051706310e-02 
 870.000  8.3992355900e-01  1.7875362400e-02 
 871.000  8.3872224100e-01  1.7776529310e-02 
 872.000  8.3525957400e-01  1.7466730120e-02 
 873.000  8.3874519700e-01  1.7670440670e-02 
 874.000  8.2044206000e-01  1.7198356630e-02 
 875.000  8.1293495900e-01  1.7191825870e-02 
 876.000  8.1989826400e-01  1.7250947950e-02 
 877.000  8.3635973000e-01  1.7439599990e-02 
 878.000  8.2259667500e-01  1.7227827070e-02 
 879.000  8.2455470500e-01  1.7326309200e-02 
 880.000  8.2030373400e-01  1.7040363310e-02 
 881.000  7.7794140700e-01  1.6204967500e-02 
 882.000  8.2119357900e-01  1.6900108340e-02 
 883.000  8.0221732900e-01  1.6700731280e-02 
 884.000  8.0894624100e-01  1.7060659410e-02 
 885.000  8.1829229700e-01  1.6770301820e-02 
 886.000  7.9280309800e-01  1.6276308060e-02 
 887.000  7.8372913000e-01  1.6076801300e-02 
 888.000  8.0729745000e-01  1.6365886690e-02 
 889.000  8.1240093200e-01  1.6764375690e-02 
 890.000  8.1057182600e-01  1.6625308990e-02 
 891.000  8.0753607900e-01  1.6326116560e-02 
 892.000  8.0688467600e-01  1.6073541640e-02 
 893.000  7.8130189200e-01  1.4688489910e-02 
 894.000  8.0971778300e-01  1.4951423650e-02 
 895.000  7.7473458400e-01  1.3627561570e-02 
 896.000  8.0547834900e-01  1.3280922890e-02 
 897.000  7.8694543000e-01  1.2464485170e-02 
 898.000  7.8829867700e-01  1.2089627270e-02 
 899.000  7.8759033500e-01  1.1160845760e-02 
 900.000  7.6792293200e-01  1.0886125560e-02 
 901.000  7.5147186400e-01  1.0469855310e-02 
 902.000  7.3764068100e-01  1.0315225600e-02 
 903.000  7.7372849200e-01  1.2159852030e-02 
 904.000  7.8809747000e-01  1.3204854970e-02 
 905.000  7.8600477100e-01  1.3424008370e-02 
 906.000  7.6519203200e-01  1.2530306820e-02 
 907.000  7.7815940300e-01  1.1717584610e-02 
 908.000  7.5912622700e-01  1.0744865420e-02 
 909.000  7.4423527300e-01  1.0537343980e-02 
 910.000  7.5303785400e-01  1.0741140370e-02 
 911.000  7.5104097700e-01  1.1287247660e-02 
 912.000  7.5266809700e-01  1.0868163110e-02 
 913.000  7.7028583600e-01  1.0344730380e-02 
 914.000  7.6532818100e-01  1.0626481060e-02 
 915.000  7.5269494800e-01  1.0976717000e-02 
 916.000  7.6105174900e-01  1.1114575390e-02 
 917.000  7.4914097900e-01  1.1093788150e-02 
 918.000  7.4533885700e-01  1.1270960810e-02 
 919.000  7.5516696900e-01  1.2612615590e-02 
 920.000  7.4796474400e-01  1.2832455640e-02 
 921.000  7.3158685400e-01  1.2393828390e-02 
 922.000  7.2504592400e-01  1.2377327920e-02 
 923.000  6.9464413400e-01  1.1321846960e-02 
 924.000  7.2404148000e-01  1.1717472080e-02 
 925.000  7.3365262900e-01  1.1762931820e-02 
 926.000  7.0746091800e-01  1.1174965860e-02 
 927.000  7.3381456200e-01  1.1388713840e-02 
 928.000  7.3833384700e-01  1.0583989140e-02 
 929.000  7.2802010000e-01  9.3362665180e-03 
 930.000  7.2619320800e-01  8.1349945070e-03 
 931.000  7.2589734800e-01  7.2413630490e-03 
 932.000  7.1878678900e-01  6.2166161540e-03 
 933.000  7.2075022100e-01  5.6806783680e-03 
 934.000  7.1444165400e-01  5.1693925860e-03 
 935.000  7.0385494000e-01  5.0449914930e-03 
 936.000  6.9878773500e-01  5.1604743000e-03 
 937.000  7.1438537200e-01  5.2371778490e-03 
 938.000  7.0688955900e-01  5.7183609010e-03 
 939.000  7.1315194000e-01  7.6253075600e-03 
 940.000  7.0951216900e-01  7.9779725070e-03 
 941.000  6.9338251300e-01  7.4841761590e-03 
 942.000  6.6684976400e-01  6.5501303670e-03 
 943.000  7.0262718300e-01  5.9807958600e-03 
 944.000  6.8331321800e-01  5.7494330410e-03 
 945.000  6.8986046400e-01  6.0887222290e-03 
 946.000  6.9921675200e-01  6.1938328740e-03 
 947.000  6.9498729600e-01  6.4559659960e-03 
 948.000  6.9919039300e-01  6.6787424090e-03 
 949.000  7.0140543000e-01  6.6860160830e-03 
 950.000  6.9678196300e-01  6.6908650400e-03 
 951.000  6.9264541900e-01  7.0925164220e-03 
 952.000  6.9257327300e-01  6.6418027880e-03 
 953.000  6.9066136700e-01  6.9571108820e-03 
 954.000  6.8398979400e-01  7.2867345810e-03 
 955.000  6.3888505700e-01  6.5314450260e-03 
 956.000  6.8154039000e-01  6.9305143360e-03 
 957.000  6.8118767600e-01  8.0203514100e-03 
 958.000  6.8643924100e-01  8.2721357350e-03 
 959.000  6.8909284200e-01  8.1030559540e-03 
 960.000  6.8258201300e-01  7.9771809580e-03 
 961.000  6.7526060900e-01  7.7961544990e-03 
 962.000  6.7862213400e-01  7.9325609210e-03 
 963.000  6.7722071200e-01  8.6657438280e-03 
 964.000  6.6947132700e-01  8.6877107620e-03 
 965.000  6.7765513200e-01  8.7199630740e-03 
 966.000  6.5809495600e-01  8.5180997850e-03 
 967.000  6.7766663400e-01  9.4014701840e-03 
 968.000  6.7019792400e-01  1.0321361540e-02 
 969.000  6.7428950300e-01  1.0834590910e-02 
 970.000  6.7611894700e-01  1.0888264660e-02 
 971.000  6.7013353800e-01  1.0773696900e-02 
 972.000  6.7488723600e-01  1.0708132740e-02 
 973.000  6.6865028400e-01  1.0309703830e-02 
 974.000  6.5840068000e-01  9.7989530560e-03 
 975.000  6.6169182100e-01  9.6091785430e-03 
 976.000  6.6970069200e-01  1.0000249860e-02 
 977.000  6.5272314300e-01  1.0177459720e-02 
 978.000  6.6886936700e-01  1.0392388340e-02 
 979.000  6.4943251000e-01  1.0204315190e-02 
 980.000  6.5858897800e-01  1.0821957590e-02 
 981.000  6.6308095900e-01  1.1012978550e-02 
 982.000  6.6164966800e-01  1.0873821260e-02 
 983.000  6.5985725900e-01  1.1117819790e-02 
 984.000  6.5543857400e-01  1.1352347370e-02 
 985.000  6.5512586200e-01  1.1536780360e-02 
 986.000  6.4978209200e-01  1.1709475520e-02 
 987.000  6.5716942700e-01  1.1964566230e-02 
 988.000  6.4906782200e-01  1.1839622500e-02 
 989.000  6.4082669900e-01  1.1699978830e-02 
 990.000  6.4629066400e-01  1.1822748180e-02 
 991.000  6.5153224500e-01  1.2020801540e-02 
 992.000  6.4550201800e-01  1.1928039550e-02 
 993.000  6.4545642000e-01  1.1923822400e-02 
 994.000  6.4869679300e-01  1.2069214820e-02 
 995.000  6.4387914700e-01  1.2048223500e-02 
 996.000  6.4376894700e-01  1.2028305050e-02 
 997.000  6.4448408900e-01  1.1971715930e-02 
 998.000  6.4212176900e-01  1.1862428670e-02 
 999.000  6.4055430700e-01  1.1796402930e-02 
1000.000  6.3544119800e-01  1.1702795030e-02 
1001.000  6.3909617500e-01  1.1646166800e-02 
1002.000  6.3844930900e-01  1.1451766010e-02 
1003.000  6.3092242600e-01  1.1346015930e-02 
1004.000  6.2549415700e-01  1.1335073470e-02 
1005.000  5.8436948600e-01  1.0622715950e-02 
1006.000  6.1483461000e-01  1.1182517050e-02 
1007.000  6.2608990100e-01  1.1343808170e-02 
1008.000  6.2898295800e-01  1.1249359130e-02 
1009.000  6.2547912500e-01  1.1006440160e-02 
1010.000  6.2767174400e-01  1.1110463140e-02 
1011.000  6.2396016400e-01  1.1223172190e-02 
1012.000  6.2399781900e-01  1.1290210720e-02 
1013.000  6.1938280500e-01  1.1258515360e-02 
1014.000  6.2328470800e-01  1.1387996670e-02 
1015.000  6.1177028800e-01  1.1218981740e-02 
1016.000  6.1563414900e-01  1.1354815480e-02 
1017.000  6.0950513400e-01  1.1285101890e-02 
1018.000  6.1756820400e-01  1.1444448470e-02 
1019.000  6.0369708100e-01  1.1151580810e-02 
1020.000  6.0234953800e-01  1.1105705260e-02 
1021.000  6.0817434200e-01  1.1178816800e-02 
1022.000  5.9933770700e-01  1.0848263740e-02 
1023.000  6.1110188700e-01  1.0907812120e-02 
1024.000  6.0816017000e-01  1.0732629780e-02 
1025.000  6.0744060600e-01  1.0756559370e-02 
1026.000  6.0790402000e-01  1.0797385220e-02 
1027.000  6.0434262300e-01  1.0761061670e-02 
1028.000  6.0567206100e-01  1.0855522160e-02 
1029.000  5.9622175400e-01  1.0786451340e-02 
1030.000  6.0197079700e-01  1.0999295230e-02 
1031.000  5.9994752500e-01  1.1043626790e-02 
1032.000  5.9773178500e-01  1.1055349350e-02 
1033.000  5.8669941000e-01  1.0824270250e-02 
1034.000  5.9283353900e-01  1.0912930490e-02 
1035.000  5.8645944100e-01  1.0776081090e-02 
1036.000  5.9414937700e-01  1.0881438260e-02 
1037.000  5.8162806900e-01  1.0622049330e-02 
1038.000  5.8734388700e-01  1.0696150780e-02 
1039.000  5.8985637000e-01  1.0702937130e-02 
1040.000  5.8296589400e-01  1.0541269300e-02 
1041.000  5.8609667100e-01  1.0563371660e-02 
1042.000  5.8786516700e-01  1.0563759800e-02 
1043.000  5.7773388900e-01  1.0352692600e-02 
1044.000  5.8355004600e-01  1.0423888210e-02 
1045.000  5.8121883600e-01  1.0420259480e-02 
1046.000  5.6442471600e-01  1.0168475150e-02 
1047.000  5.7493656600e-01  1.0406570430e-02 
1048.000  5.8082770600e-01  1.0564471240e-02 
1049.000  5.7726228000e-01  1.0552770610e-02 
1050.000  5.7400021500e-01  1.0535216330e-02 
1051.000  5.7432895200e-01  1.0509118080e-02 
1052.000  5.7182727200e-01  1.0417598720e-02 
1053.000  5.7210904200e-01  1.0390825270e-02 
1054.000  5.6651265000e-01  1.0234268190e-02 
1055.000  5.7095911200e-01  1.0260981560e-02 
1056.000  5.6967796200e-01  1.0190258030e-02 
1057.000  5.6925692300e-01  1.0136999130e-02 
1058.000  5.6430013700e-01  9.9846611020e-03 
1059.000  5.4649880900e-01  9.6928720470e-03 
1060.000  5.6569396000e-01  1.0094493870e-02 
1061.000  5.4599231400e-01  9.7501029970e-03 
1062.000  5.6175700400e-01  9.9992790220e-03 
1063.000  5.5249265600e-01  9.8029766080e-03 
1064.000  5.5991845000e-01  9.8403463360e-03 
1065.000  5.5982961900e-01  9.7319755550e-03 
1066.000  5.4262771800e-01  9.3839664460e-03 
1067.000  5.5580876100e-01  9.5424366000e-03 
1068.000  5.5446653700e-01  9.3755903240e-03 
1069.000  5.1311150700e-01  8.6138629910e-03 
1070.000  5.4342113300e-01  9.1685705180e-03 
1071.000  5.4483353300e-01  9.1769142150e-03 
1072.000  5.4719552600e-01  9.2024459840e-03 
1073.000  5.2928939500e-01  8.9281520840e-03 
1074.000  5.4776162700e-01  9.2858133320e-03 
1075.000  5.3001686700e-01  9.0901441570e-03 
1076.000  5.4215877100e-01  9.2630119320e-03 
1077.000  5.4157161600e-01  9.2029199600e-03 
1078.000  5.4369547300e-01  9.1807899480e-03 
1079.000  5.2286643500e-01  8.8326196670e-03 
1080.000  5.4026810100e-01  8.9596242900e-03 
1081.000  5.2048694600e-01  8.6181917190e-03 
1082.000  5.2632335100e-01  8.7400922780e-03 
1083.000  5.1304821000e-01  8.3833341600e-03 
1084.000  5.3366625400e-01  8.5775775910e-03 
1085.000  5.2906113000e-01  8.2543706890e-03 
1086.000  5.3540885100e-01  8.3510065080e-03 
1087.000  5.0013155400e-01  7.9858317380e-03 
1088.000  5.3034101100e-01  8.5375471120e-03 
1089.000  5.1312638600e-01  8.0468082430e-03 
1090.000  5.2485632200e-01  8.2356357570e-03 
1091.000  5.2765763600e-01  8.3844957350e-03 
1092.000  5.1690130800e-01  8.1419134140e-03 
1093.000  5.1377560000e-01  7.8703193660e-03 
1094.000  4.6876629500e-01  7.0447053910e-03 
1095.000  5.0716853600e-01  7.5945549010e-03 
1096.000  5.0790494900e-01  7.5796465870e-03 
1097.000  4.9870018800e-01  7.3428082470e-03 
1098.000  4.9774952600e-01  6.7275137900e-03 
1099.000  5.0223970400e-01  6.2401146890e-03 
1100.000  5.1065414200e-01  6.3789367680e-03 
1101.000  5.0907231800e-01  6.4278578760e-03 
1102.000  4.8816068100e-01  6.1246380810e-03 
1103.000  5.0719505100e-01  6.4045314790e-03 
1104.000  5.0394878300e-01  6.2723999020e-03 
1105.000  5.0430975800e-01  6.0614809990e-03 
1106.000  5.0119891200e-01  5.8276009560e-03 
1107.000  5.0030178300e-01  5.8528661730e-03 
1108.000  4.9846110200e-01  5.8499851230e-03 
1109.000  4.9977623600e-01  6.0116586690e-03 
1110.000  5.0233995500e-01  5.9901280400e-03 
1111.000  4.9630603100e-01  5.8099083900e-03 
1112.000  4.9189295800e-01  5.3643178940e-03 
1113.000  4.9017055800e-01  4.8752431870e-03 
1114.000  4.9547823500e-01  4.7731289860e-03 
1115.000  4.9048849600e-01  4.2771320340e-03 
1116.000  4.8428319000e-01  3.9944176670e-03 
1117.000  4.9002787700e-01  3.6082527640e-03 
1118.000  4.8489582400e-01  3.2372000220e-03 
1119.000  4.7133804600e-01  3.0060534480e-03 
1120.000  4.7228727300e-01  2.8771479130e-03 
1121.000  4.7529434800e-01  2.8690643310e-03 
1122.000  4.7309032800e-01  2.7528276440e-03 
1123.000  4.7531236400e-01  2.8178546430e-03 
1124.000  4.7622651100e-01  2.8608806130e-03 
1125.000  4.6630372900e-01  2.7811172010e-03 
1126.000  4.5738599900e-01  2.7204484940e-03 
1127.000  4.7287121800e-01  2.8217892650e-03 
1128.000  4.6422615700e-01  2.7886142730e-03 
1129.000  4.6712070800e-01  2.9262990950e-03 
1130.000  4.6803706100e-01  3.3048586850e-03 
1131.000  4.7316620500e-01  3.4683609010e-03 
1132.000  4.7416607400e-01  3.2983081340e-03 
1133.000  4.6192061100e-01  2.9472954270e-03 
1134.000  4.5652409500e-01  2.5924091340e-03 
1135.000  4.6250624900e-01  2.6449432370e-03 
1136.000  4.6442131500e-01  3.0034034250e-03 
1137.000  4.7121763800e-01  3.3421227930e-03 
1138.000  4.5515777500e-01  3.5710964200e-03 
1139.000  4.6537044900e-01  3.8075196740e-03 
1140.000  4.6659809200e-01  3.7431404590e-03 
1141.000  4.5311039000e-01  3.5065488820e-03 
1142.000  4.6537519700e-01  3.5481348040e-03 
1143.000  4.5699889800e-01  3.3301906590e-03 
1144.000  4.5372429100e-01  3.1500236990e-03 
1145.000  4.5634266600e-01  2.9678936000e-03 
1146.000  4.6102076000e-01  3.0411405560e-03 
1147.000  4.6335804600e-01  3.2201962470e-03 
1148.000  4.5895130000e-01  3.3512902260e-03 
1149.000  4.6042400000e-01  3.4363060000e-03 
1150.000  4.5846867800e-01  3.4417092800e-03 
1151.000  4.5712390400e-01  3.5614690780e-03 
1152.000  4.5626937400e-01  3.6220605370e-03 
1153.000  4.5547186500e-01  3.7134146690e-03 
1154.000  4.5895132600e-01  3.7367694380e-03 
1155.000  4.6053006900e-01  3.9563071730e-03 
1156.000  4.5428749100e-01  4.1337728500e-03 
1157.000  4.5854593900e-01  4.7282438280e-03 
1158.000  4.5861732900e-01  5.0448212620e-03 
1159.000  4.5213461100e-01  5.2831315990e-03 
1160.000  4.4639062300e-01  5.3598999980e-03 
1161.000  4.3676286100e-01  5.5728607180e-03 
1162.000  4.5257412400e-01  6.0515279770e-03 
1163.000  4.5445370600e-01  6.3940091130e-03 
1164.000  4.4522239800e-01  6.3284721370e-03 
1165.000  4.5381655800e-01  6.5056128500e-03 
1166.000  4.4204557600e-01  6.4183592800e-03 
1167.000  4.4921453700e-01  6.5750131610e-03 
1168.000  4.5314128600e-01  6.6215186120e-03 
1169.000  4.3747222500e-01  6.4426541330e-03 
1170.000  4.4923618900e-01  6.6603889470e-03 
1171.000  4.5131501200e-01  6.7934799190e-03 
1172.000  4.4990362000e-01  6.7162933350e-03 
1173.000  4.4676954300e-01  6.6175432210e-03 
1174.000  4.4699634100e-01  6.6259903910e-03 
1175.000  4.4176324900e-01  6.6998820300e-03 
1176.000  4.3109804600e-01  6.6785964970e-03 
1177.000  4.4440980100e-01  6.8160567280e-03 
1178.000  4.3690319500e-01  6.5658559800e-03 
1179.000  4.3494371200e-01  6.5377368930e-03 
1180.000  4.4104966600e-01  6.5816283230e-03 
1181.000  4.3879661700e-01  6.4256267550e-03 
1182.000  4.3935151200e-01  6.3080205920e-03 
1183.000  4.1384290600e-01  5.9495925900e-03 
1184.000  4.3249466300e-01  6.2805595400e-03 
1185.000  4.3821706800e-01  6.5290627480e-03 
1186.000  4.3560982000e-01  6.4324827190e-03 
1187.000  4.3576387800e-01  6.2555742260e-03 
1188.000  4.3352843100e-01  6.1642594340e-03 
1189.000  4.0816511300e-01  5.8743581770e-03 
1190.000  4.2823740500e-01  6.3933405880e-03 
1191.000  4.3491416000e-01  6.5362691880e-03 
1192.000  4.3254640000e-01  6.5825943950e-03 
1193.000  4.3271263400e-01  6.5167794230e-03 
1194.000  4.3190012700e-01  6.4806661610e-03 
1195.000  4.2705862100e-01  6.2993168830e-03 
1196.000  4.2678923900e-01  6.3153243060e-03 
1197.000  4.2667606100e-01  6.2636260990e-03 
1198.000  4.1234597800e-01  6.0454049110e-03 
1199.000  3.9702249300e-01  5.7623372080e-03 
1200.000  4.2205104300e-01  6.1641507150e-03 
1201.000  4.2507959100e-01  6.2284989360e-03 
1202.000  4.2589504900e-01  6.2685556410e-03 
1203.000  4.0510951700e-01  5.9413986210e-03 
1204.000  4.1182308200e-01  6.0753636360e-03 
1205.000  4.2137571400e-01  6.4133772850e-03 
1206.000  4.1881245200e-01  6.4673638340e-03 
1207.000  4.2162513300e-01  6.5502820010e-03 
1208.000  4.1548740000e-01  6.4249472620e-03 
1209.000  3.8952892300e-01  5.9767575260e-03 
1210.000  4.1680575100e-01  6.3142876630e-03 
1211.000  4.0288249500e-01  6.0982365610e-03 
1212.000  4.1549697000e-01  6.3242564200e-03 
1213.000  4.1703251900e-01  6.4421844480e-03 
1214.000  4.1524780000e-01  6.4185972210e-03 
1215.000  4.1667413300e-01  6.4871129990e-03 
1216.000  4.1544257700e-01  6.6173005100e-03 
1217.000  4.1457864000e-01  6.7255444530e-03 
1218.000  4.1312854700e-01  6.7539463040e-03 
1219.000  4.0926259100e-01  6.7182435990e-03 
1220.000  4.1201360100e-01  6.7534852030e-03 
1221.000  4.1116050400e-01  6.7402753830e-03 
1222.000  4.0888314000e-01  6.6952881810e-03 
1223.000  4.0688163200e-01  6.6916399000e-03 
1224.000  4.0982236400e-01  6.8367700580e-03 
1225.000  4.0749925400e-01  6.8324127200e-03 
1226.000  4.0882743800e-01  6.8983888630e-03 
1227.000  3.9479887200e-01  6.7218914030e-03 
1228.000  4.0689743600e-01  7.0004096030e-03 
1229.000  4.0622134700e-01  7.0385971070e-03 
1230.000  4.0459299800e-01  7.0683712960e-03 
1231.000  4.0446060000e-01  7.1012063030e-03 
1232.000  3.9986197300e-01  7.0365047450e-03 
1233.000  4.0298125200e-01  7.1028151510e-03 
1234.000  4.0151428400e-01  7.1505179410e-03 
1235.000  3.9864279400e-01  7.1217560770e-03 
1236.000  4.0090120300e-01  7.1718225480e-03 
1237.000  4.0079562000e-01  7.1927356720e-03 
1238.000  4.0051131900e-01  7.1938052180e-03 
1239.000  3.9592821200e-01  7.1133046150e-03 
1240.000  3.9415116600e-01  7.1246943470e-03 
1241.000  3.9775918000e-01  7.2300853730e-03 
1242.000  3.9554052200e-01  7.2270421980e-03 
1243.000  3.9121078600e-01  7.1861586570e-03 
1244.000  3.8786234600e-01  7.1520233150e-03 
1245.000  3.9464168100e-01  7.2973775860e-03 
1246.000  3.9170815200e-01  7.1961774830e-03 
1247.000  3.8992091600e-01  7.1149740220e-03 
1248.000  3.9308862000e-01  7.1237902640e-03 
1249.000  3.9175795200e-01  7.0601897240e-03 
1250.000  3.9036377000e-01  6.9882287980e-03 
1251.000  3.8783253900e-01  6.9082512860e-03 
1252.000  3.8683562600e-01  6.8535318370e-03 
1253.000  3.8381204500e-01  6.7613415720e-03 
1254.000  3.8513852900e-01  6.7181386950e-03 
1255.000  3.8472733200e-01  6.6640152930e-03 
1256.000  3.8413328170e-01  6.6138772960e-03 
1257.000  3.8001880920e-01  6.4542112350e-03 
1258.000  3.8201125310e-01  6.3454957010e-03 
1259.000  3.7811578680e-01  6.1601767540e-03 
1260.000  3.7893233590e-01  6.0468230250e-03 
1261.000  3.7848512260e-01  5.9117517470e-03 
1262.000  3.7038698640e-01  5.6322822570e-03 
1263.000  3.7487936250e-01  5.6889858250e-03 
1264.000  3.6904272740e-01  5.6039657590e-03 
1265.000  3.6971516890e-01  5.6309270860e-03 
1266.000  3.7210301450e-01  5.6480112080e-03 
1267.000  3.6513421030e-01  5.5214152340e-03 
1268.000  3.6153862560e-01  5.4349255560e-03 
1269.000  3.6492299990e-01  5.4714922900e-03 
1270.000  3.6893328000e-01  5.6530485150e-03 
1271.000  3.7098150580e-01  5.7441649440e-03 
1272.000  3.6988449030e-01  5.7872142790e-03 
1273.000  3.6956618810e-01  5.8481383320e-03 
1274.000  3.6735893800e-01  5.8803739550e-03 
1275.000  3.6952080280e-01  5.9386429790e-03 
1276.000  3.7011396860e-01  5.9537734990e-03 
1277.000  3.6983763510e-01  5.9413371090e-03 
1278.000  3.6877726890e-01  5.9122200010e-03 
1279.000  3.6630863950e-01  5.8938684460e-03 
1280.000  3.6414533990e-01  5.9522342680e-03 
1281.000  3.5375971550e-01  5.8713569640e-03 
1282.000  3.1414553480e-01  5.2929086690e-03 
1283.000  3.4476892710e-01  5.8716816900e-03 
1284.000  3.5899588200e-01  6.1573123930e-03 
1285.000  3.6162823930e-01  6.2217912670e-03 
1286.000  3.6151007960e-01  6.1866393090e-03 
1287.000  3.6372120800e-01  6.1679258350e-03 
1288.000  3.6144101450e-01  5.9469747540e-03 
1289.000  3.6359553810e-01  5.9278907780e-03 
1290.000  3.5526460490e-01  5.7734251020e-03 
1291.000  3.6012752430e-01  5.8294529910e-03 
1292.000  3.6163048270e-01  5.8695316310e-03 
1293.000  3.6195378620e-01  5.8314933780e-03 
1294.000  3.5620889960e-01  5.6180310250e-03 
1295.000  3.6004399050e-01  5.5288834570e-03 
1296.000  3.6030897790e-01  5.4243197440e-03 
1297.000  3.5808760150e-01  5.3287754060e-03 
1298.000  3.5488835300e-01  5.2864394190e-03 
1299.000  3.5845157150e-01  5.3429441450e-03 
1300.000  3.5701218160e-01  5.3255681990e-03 
1301.000  3.5644328910e-01  5.2987957000e-03 
1302.000  3.5187113270e-01  5.1433587070e-03 
1303.000  3.4998193360e-01  4.9371943470e-03 
1304.000  3.5020943110e-01  4.8470897670e-03 
1305.000  3.5236688730e-01  4.8237223630e-03 
1306.000  3.5270184270e-01  4.7703542710e-03 
1307.000  3.5166071400e-01  4.7178678510e-03 
1308.000  3.5136163160e-01  4.6300911900e-03 
1309.000  3.5104815680e-01  4.5065312390e-03 
1310.000  3.4959091630e-01  4.4854893680e-03 
1311.000  3.4851960710e-01  4.4784793850e-03 
1312.000  3.4743417360e-01  4.3214130400e-03 
1313.000  3.3460210100e-01  3.9883499150e-03 
1314.000  3.4504688350e-01  3.9647259710e-03 
1315.000  3.3342886210e-01  3.9024734500e-03 
1316.000  3.4118517240e-01  4.1038064960e-03 
1317.000  3.4485590230e-01  4.1482753750e-03 
1318.000  3.3997610390e-01  3.9073281290e-03 
1319.000  3.4463355280e-01  3.7270467280e-03 
1320.000  3.4208962190e-01  3.4636158940e-03 
1321.000  3.4058703510e-01  3.3648257260e-03 
1322.000  3.3990682730e-01  3.4866335390e-03 
1323.000  3.4065901000e-01  3.6450536250e-03 
1324.000  3.4083955370e-01  3.7368476390e-03 
1325.000  3.3975040710e-01  3.6609673500e-03 
1326.000  3.3816175640e-01  3.4860482220e-03 
1327.000  3.3546153090e-01  3.1541204450e-03 
1328.000  3.3634736060e-01  2.8945641520e-03 
1329.000  3.2407176960e-01  2.4015378950e-03 
1330.000  3.2914628550e-01  2.3077955250e-03 
1331.000  3.3061209540e-01  2.2416203020e-03 
1332.000  3.2306627940e-01  2.2119634150e-03 
1333.000  3.3160424800e-01  2.3388834000e-03 
1334.000  3.3201873260e-01  2.4361569880e-03 
1335.000  3.3230412900e-01  2.5091090200e-03 
1336.000  3.2870650620e-01  2.5053336620e-03 
1337.000  3.2977084590e-01  2.5168554780e-03 
1338.000  3.2952724080e-01  2.5676782130e-03 
1339.000  3.2598655150e-01  2.5421125890e-03 
1340.000  3.2364661230e-01  2.5682773590e-03 
1341.000  3.2853150870e-01  2.5457172390e-03 
1342.000  3.2772781500e-01  2.5459077360e-03 
1343.000  3.2769912760e-01  2.3593986030e-03 
1344.000  3.2620150770e-01  2.1975636480e-03 
1345.000  3.2370228900e-01  1.9165471790e-03 
1346.000  3.1853106790e-01  1.7722200160e-03 
1347.000  3.1913697870e-01  1.7227500680e-03 
1348.000  3.1555978070e-01  1.6509937050e-03 
1349.000  3.1341777480e-01  1.6178295610e-03 
1350.000  3.0701980610e-01  1.5421686170e-03 
1351.000  3.0485188980e-01  1.5034648180e-03 
1352.000  3.0540953420e-01  1.4648329020e-03 
1353.000  2.9955704790e-01  1.3873785730e-03 
1354.000  2.9593957510e-01  1.3422248360e-03 
1355.000  2.9029976510e-01  1.2860312460e-03 
1356.000  2.8602577990e-01  1.2338525060e-03 
1357.000  2.7932706230e-01  1.1643142700e-03 
1358.000  2.7972476910e-01  1.1225113870e-03 
1359.000  2.7200840650e-01  1.0180553200e-03 
1360.000  2.6204062260e-01  9.3447691200e-04 
1361.000  2.6423836100e-01  9.1201895480e-04 
1362.000  2.6197477820e-01  8.9563339950e-04 
1363.000  2.6223761120e-01  9.4284069540e-04 
1364.000  2.6750779450e-01  9.7739541530e-04 
1365.000  2.6737117680e-01  9.8537790780e-04 
1366.000  2.6924906130e-01  1.0101250410e-03 
1367.000  2.6429914190e-01  9.6861171720e-04 
1368.000  2.6432316290e-01  9.4736409190e-04 
1369.000  2.5956070230e-01  9.3536055090e-04 
1370.000  2.6507215120e-01  1.0087337490e-03 
1371.000  2.7285187120e-01  1.1119951010e-03 
1372.000  2.8368963610e-01  1.2328861950e-03 
1373.000  2.8779269030e-01  1.2979170080e-03 
1374.000  2.9108026830e-01  1.3377994300e-03 
1375.000  2.8698962180e-01  1.3301069740e-03 
1376.000  2.8270089900e-01  1.3017712830e-03 
1377.000  2.8528005780e-01  1.2954988480e-03 
1378.000  2.8038181450e-01  1.2390716080e-03 
1379.000  2.7852786880e-01  1.1799670460e-03 
1380.000  2.6853998870e-01  1.0680353640e-03 
1381.000  2.6248619910e-01  9.7656637430e-04 
1382.000  2.5434229560e-01  9.0928298230e-04 
1383.000  2.5656754670e-01  9.1297984120e-04 
1384.000  2.6226364370e-01  9.8905342820e-04 
1385.000  2.6434670860e-01  1.0401105880e-03 
1386.000  2.7232505080e-01  1.1227424140e-03 
1387.000  2.7622747390e-01  1.2158039810e-03 
1388.000  2.8201786330e-01  1.2767236230e-03 
1389.000  2.8426288520e-01  1.3022512200e-03 
1390.000  2.7925063220e-01  1.2838753460e-03 
1391.000  2.8198678000e-01  1.2839056250e-03 
1392.000  2.7754602670e-01  1.2271997930e-03 
1393.000  2.7300267070e-01  1.1719485520e-03 
1394.000  2.6695114470e-01  1.1132353540e-03 
1395.000  2.6825197700e-01  1.1332721710e-03 
1396.000  2.7418113050e-01  1.1977254150e-03 
1397.000  2.7724858650e-01  1.2426809070e-03 
1398.000  2.7746003160e-01  1.2471773620e-03 
1399.000  2.7564670800e-01  1.2282480000e-03 
1400.000  2.6764329590e-01  1.1872403620e-03 
1401.000  2.6885549880e-01  1.1957380770e-03 
1402.000  2.7541976930e-01  1.2493419650e-03 
1403.000  2.7472017280e-01  1.2607656720e-03 
1404.000  2.7263777810e-01  1.2422778610e-03 
1405.000  2.7280317990e-01  1.2440372710e-03 
1406.000  2.7241919660e-01  1.2307496070e-03 
1407.000  2.7268956170e-01  1.2309812310e-03 
1408.000  2.7353146390e-01  1.2579207420e-03 
1409.000  2.7644656510e-01  1.2878521680e-03 
1410.000  2.7763795290e-01  1.3221874240e-03 
1411.000  2.7970915830e-01  1.3524401190e-03 
1412.000  2.6877943670e-01  1.2972755430e-03 
1413.000  2.7396990560e-01  1.3287922140e-03 
1414.000  2.7755279080e-01  1.3381370310e-03 
1415.000  2.7739186520e-01  1.3486902710e-03 
1416.000  2.7688295210e-01  1.3565434220e-03 
1417.000  2.7890418130e-01  1.3645309210e-03 
1418.000  2.7901290970e-01  1.3632740970e-03 
1419.000  2.7503925980e-01  1.3415942190e-03 
1420.000  2.7443561250e-01  1.3404780630e-03 
1421.000  2.7899031730e-01  1.3800866600e-03 
1422.000  2.7275643180e-01  1.3560911420e-03 
1423.000  2.7109597350e-01  1.3478356600e-03 
1424.000  2.7134100680e-01  1.3433384900e-03 
1425.000  2.7657682570e-01  1.3565536740e-03 
1426.000  2.6538549240e-01  1.2984378340e-03 
1427.000  2.6952630570e-01  1.3254140620e-03 
1428.000  2.7537631730e-01  1.3590240480e-03 
1429.000  2.6891797590e-01  1.3341593740e-03 
1430.000  2.6307667750e-01  1.2982897760e-03 
1431.000  2.6247374330e-01  1.2680292130e-03 
1432.000  2.6724511840e-01  1.2744377850e-03 
1433.000  2.6738091750e-01  1.2699967620e-03 
1434.000  2.6199206080e-01  1.2341181040e-03 
1435.000  2.6518850960e-01  1.2603425980e-03 
1436.000  2.6522427660e-01  1.2630047800e-03 
1437.000  2.6627198050e-01  1.2670187950e-03 
1438.000  2.6562403760e-01  1.2793629170e-03 
1439.000  2.6876448590e-01  1.2929450270e-03 
1440.000  2.5212784720e-01  1.2169373040e-03 
1441.000  2.6483304620e-01  1.2779484990e-03 
1442.000  2.5866706440e-01  1.2365444900e-03 
1443.000  2.6296238050e-01  1.2524467710e-03 
1444.000  2.6424112630e-01  1.2603837250e-03 
1445.000  2.6344356200e-01  1.2536715270e-03 
1446.000  2.6627155040e-01  1.2773182390e-03 
1447.000  2.6505426300e-01  1.2819701430e-03 
1448.000  2.6708069820e-01  1.2893584970e-03 
1449.000  2.6697446320e-01  1.2736108300e-03 
1450.000  2.6517814850e-01  1.2437385320e-03 
1451.000  2.6346835810e-01  1.2366758580e-03 
1452.000  2.6022441910e-01  1.2447589640e-03 
1453.000  2.6517728940e-01  1.3240531680e-03 
1454.000  2.6620783770e-01  1.4088960890e-03 
1455.000  2.6284080220e-01  1.4502192740e-03 
1456.000  2.6272064790e-01  1.5168453450e-03 
1457.000  2.6523975430e-01  1.5348355770e-03 
1458.000  2.6886658960e-01  1.5660736560e-03 
1459.000  2.6986550050e-01  1.5086634160e-03 
1460.000  2.6527417010e-01  1.4309824710e-03 
1461.000  2.6469455690e-01  1.3961429600e-03 
1462.000  2.6180376670e-01  1.3152121310e-03 
1463.000  2.6005812730e-01  1.2996765380e-03 
1464.000  2.5988705200e-01  1.2762639520e-03 
1465.000  2.6289225800e-01  1.2485817670e-03 
1466.000  2.5663101310e-01  1.1747400760e-03 
1467.000  2.6278208400e-01  1.1730215550e-03 
1468.000  2.5631509070e-01  1.1152168510e-03 
1469.000  2.5914163430e-01  1.0903235670e-03 
1470.000  2.5764689630e-01  1.0680003170e-03 
1471.000  2.5357257530e-01  1.0782128570e-03 
1472.000  2.5510491500e-01  1.1343604330e-03 
1473.000  2.5734953570e-01  1.2410976890e-03 
1474.000  2.5026408390e-01  1.2983975410e-03 
1475.000  2.5558520680e-01  1.3211193080e-03 
1476.000  2.5598944740e-01  1.3172358270e-03 
1477.000  2.5674069530e-01  1.2837687730e-03 
1478.000  2.5302720730e-01  1.2300556900e-03 
1479.000  2.5592596680e-01  1.1984989640e-03 
1480.000  2.5732832660e-01  1.2256020310e-03 
1481.000  2.5349204870e-01  1.2502576110e-03 
1482.000  2.5664801830e-01  1.3220084910e-03 
1483.000  2.5136207180e-01  1.3079056740e-03 
1484.000  2.5368540340e-01  1.3223907950e-03 
1485.000  2.5851464960e-01  1.3358557220e-03 
1486.000  2.5425471130e-01  1.3706818820e-03 
1487.000  2.5454560340e-01  1.4957498310e-03 
1488.000  2.2252384350e-01  1.3193635940e-03 
1489.000  2.5550450860e-01  1.7007489200e-03 
1490.000  2.5609918820e-01  1.8852071760e-03 
1491.000  2.5864485250e-01  2.0359823700e-03 
1492.000  2.5263493270e-01  2.0125105380e-03 
1493.000  2.5831210940e-01  2.1531734470e-03 
1494.000  2.5733109230e-01  2.1535632610e-03 
1495.000  2.5553058400e-01  2.2234981060e-03 
1496.000  2.4797396120e-01  2.3050200940e-03 
1497.000  2.5379801620e-01  2.3500692840e-03 
1498.000  2.5636864610e-01  2.5121307370e-03 
1499.000  2.5205670100e-01  2.5960388180e-03 
1500.000  2.5635516980e-01  2.7321074010e-03 
1501.000  2.5598908860e-01  2.6762866970e-03 
1502.000  2.5401183490e-01  2.5868732930e-03 
1503.000  2.2808795090e-01  2.2719867230e-03 
1504.000  2.3763190110e-01  2.3874948020e-03 
1505.000  2.3689367910e-01  2.4959363940e-03 
1506.000  2.4008759830e-01  2.5580039020e-03 
1507.000  2.5109887730e-01  2.7898740770e-03 
1508.000  2.4717822490e-01  2.8161118030e-03 
1509.000  2.4824598160e-01  2.9062685970e-03 
1510.000  2.5208207050e-01  2.9913990500e-03 
1511.000  2.5322837810e-01  3.0689973830e-03 
1512.000  2.4847478720e-01  3.0566933160e-03 
1513.000  2.4805893900e-01  3.0907344820e-03 
1514.000  2.4466350370e-01  3.0702590940e-03 
1515.000  2.4947136690e-01  3.1493697170e-03 
1516.000  2.4715636480e-01  3.0889923570e-03 
1517.000  2.4569257540e-01  3.0530972480e-03 
1518.000  2.5022099850e-01  3.1195042130e-03 
1519.000  2.4650765930e-01  3.0897042750e-03 
1520.000  2.4802407340e-01  3.1830382350e-03 
1521.000  2.4329996020e-01  3.2178719040e-03 
1522.000  2.4187616060e-01  3.2482004170e-03 
1523.000  2.4776376870e-01  3.3935291770e-03 
1524.000  2.4600495760e-01  3.4011094570e-03 
1525.000  2.4052277860e-01  3.3378624920e-03 
1526.000  2.4729792090e-01  3.4083929060e-03 
1527.000  2.4462521850e-01  3.3672826290e-03 
1528.000  2.4610838100e-01  3.3918497560e-03 
1529.000  2.4532960680e-01  3.3515422340e-03 
1530.000  2.2949851600e-01  3.1326463220e-03 
1531.000  2.4522294350e-01  3.3155577180e-03 
1532.000  2.4364996360e-01  3.2650215630e-03 
1533.000  2.4241904050e-01  3.2075276370e-03 
1534.000  2.3856656370e-01  3.1146399970e-03 
1535.000  2.3918079660e-01  3.0813848970e-03 
1536.000  2.4237925110e-01  3.1579115390e-03 
1537.000  2.4294196880e-01  3.2163782120e-03 
1538.000  2.3609758960e-01  3.1780433650e-03 
1539.000  2.4092532070e-01  3.2937655450e-03 
1540.000  2.3209727870e-01  3.2142322060e-03 
1541.000  2.3685950990e-01  3.2818441390e-03 
1542.000  2.3826788820e-01  3.2918281560e-03 
1543.000  2.3738162500e-01  3.2781901360e-03 
1544.000  2.4006652350e-01  3.3188121320e-03 
1545.000  2.4046778840e-01  3.3367090230e-03 
1546.000  2.4026111430e-01  3.3622541430e-03 
1547.000  2.3760908720e-01  3.3522286420e-03 
1548.000  2.3040422080e-01  3.2750926020e-03 
1549.000  2.3630947630e-01  3.3742523190e-03 
1550.000  2.3499747050e-01  3.3681912420e-03 
1551.000  2.3376730380e-01  3.3365216260e-03 
1552.000  2.3774082070e-01  3.3659441470e-03 
1553.000  2.3639943460e-01  3.3253216740e-03 
1554.000  2.2773781940e-01  3.1766178610e-03 
1555.000  2.3139027100e-01  3.2092745300e-03 
1556.000  2.2688528860e-01  3.1687827110e-03 
1557.000  2.3425018810e-01  3.3269000050e-03 
1558.000  2.3245588640e-01  3.3482606410e-03 
1559.000  2.3256706470e-01  3.3944466110e-03 
1560.000  2.2855092940e-01  3.3855819700e-03 
1561.000  2.3398854490e-01  3.4762918950e-03 
1562.000  2.3406368260e-01  3.4449865820e-03 
1563.000  2.3072461240e-01  3.3711218830e-03 
1564.000  2.2638117620e-01  3.2742781640e-03 
1565.000  2.3029464290e-01  3.2905716900e-03 
1566.000  2.2593082610e-01  3.2304646970e-03 
1567.000  2.2658359360e-01  3.2429990770e-03 
1568.000  2.2277468490e-01  3.1790254120e-03 
1569.000  2.2460321070e-01  3.1916344170e-03 
1570.000  2.1956601740e-01  3.1191606520e-03 
1571.000  2.2544923860e-01  3.2300879960e-03 
1572.000  2.2565201820e-01  3.2430758480e-03 
1573.000  2.2187564110e-01  3.2180333140e-03 
1574.000  2.2209719540e-01  3.2592022420e-03 
1575.000  2.0597769900e-01  3.0511424540e-03 
1576.000  2.2128824550e-01  3.2778337000e-03 
1577.000  1.9972740500e-01  2.9191739560e-03 
1578.000  2.1844376030e-01  3.1500382420e-03 
1579.000  2.1937760190e-01  3.1265776160e-03 
1580.000  2.2328324380e-01  3.1542863850e-03 
1581.000  2.2180261410e-01  3.0953497890e-03 
1582.000  2.1670495550e-01  3.0550787450e-03 
1583.000  2.1879384020e-01  3.1140754220e-03 
1584.000  2.1633144700e-01  3.1088161470e-03 
1585.000  2.2235512920e-01  3.2195906640e-03 
1586.000  2.1956223220e-01  3.1879451270e-03 
1587.000  2.1688655940e-01  3.1744790080e-03 
1588.000  2.1341740410e-01  3.1466786860e-03 
1589.000  1.9520452530e-01  2.8860921860e-03 
1590.000  2.1035724430e-01  3.1195244790e-03 
1591.000  2.0564373470e-01  3.0617609020e-03 
1592.000  2.1655076010e-01  3.2306108470e-03 
1593.000  2.2146855660e-01  3.3061676030e-03 
1594.000  2.1991404920e-01  3.2844648360e-03 
1595.000  2.2137918470e-01  3.3071408270e-03 
1596.000  2.0737357310e-01  3.1126630310e-03 
1597.000  2.1583127150e-01  3.2329757210e-03 
1598.000  2.1990443730e-01  3.2788095470e-03 
1599.000  2.1254279740e-01  3.1489844320e-03 
1600.000  2.1608513440e-01  3.1889712810e-03 
1601.000  2.0698878120e-01  3.0703775880e-03 
1602.000  2.1228194790e-01  3.1853694920e-03 
1603.000  2.1067174230e-01  3.2147490980e-03 
1604.000  2.1325883740e-01  3.3146772380e-03 
1605.000  2.1010587560e-01  3.3068528180e-03 
1606.000  2.0925040330e-01  3.3364655970e-03 
1607.000  2.1012997240e-01  3.3129217620e-03 
1608.000  2.1252418220e-01  3.3139166830e-03 
1609.000  2.1170714220e-01  3.2709500790e-03 
1610.000  1.9849676020e-01  3.0421161650e-03 
1611.000  2.0420313580e-01  3.1206388470e-03 
1612.000  2.0594919760e-01  3.1399393080e-03 
1613.000  2.1034478610e-01  3.1977536680e-03 
1614.000  2.0828043060e-01  3.1331436630e-03 
1615.000  2.1154449070e-01  3.1673707960e-03 
1616.000  1.9820347440e-01  2.9510655400e-03 
1617.000  2.0391604560e-01  3.0814611910e-03 
1618.000  2.1026971510e-01  3.2045128350e-03 
1619.000  2.0952578350e-01  3.2401039600e-03 
1620.000  2.0417521290e-01  3.2026319500e-03 
1621.000  2.0111453560e-01  3.1929821970e-03 
1622.000  2.0617674210e-01  3.2789394860e-03 
1623.000  2.1030486390e-01  3.3590893750e-03 
1624.000  2.1175827710e-01  3.3919830320e-03 
1625.000  2.0644037490e-01  3.3320965770e-03 
1626.000  2.0897173430e-01  3.3629391190e-03 
1627.000  2.0870219350e-01  3.3786730770e-03 
1628.000  2.1037926130e-01  3.4169411660e-03 
1629.000  2.1034872870e-01  3.4257862570e-03 
1630.000  2.0463790860e-01  3.3349761960e-03 
1631.000  2.0783850170e-01  3.3994448180e-03 
1632.000  2.0789095960e-01  3.3422629830e-03 
1633.000  2.0521547740e-01  3.2560367580e-03 
1634.000  2.0041355160e-01  3.1338896750e-03 
1635.000  2.0578677570e-01  3.1775107380e-03 
1636.000  2.0524248020e-01  3.1221711640e-03 
1637.000  1.9610485900e-01  2.9408936500e-03 
1638.000  1.9467171700e-01  2.8859207630e-03 
1639.000  1.9273180020e-01  2.8100705150e-03 
1640.000  1.9388789340e-01  2.7884087560e-03 
1641.000  1.9268798300e-01  2.7452292440e-03 
1642.000  1.9244782860e-01  2.8118226530e-03 
1643.000  1.9739405670e-01  2.9510269170e-03 
1644.000  1.9433932950e-01  2.9694025520e-03 
1645.000  1.9477255700e-01  3.0364155770e-03 
1646.000  1.9711349780e-01  3.1306109430e-03 
1647.000  1.9896433480e-01  3.1554830070e-03 
1648.000  1.9819565730e-01  3.1317272190e-03 
1649.000  1.9366799370e-01  3.0544817450e-03 
1650.000  1.9857544850e-01  3.1284403800e-03 
1651.000  1.9410142340e-01  3.0546622280e-03 
1652.000  1.9797517980e-01  3.1107752320e-03 
1653.000  1.9575222180e-01  3.0827040670e-03 
1654.000  1.9794857140e-01  3.1186990740e-03 
1655.000  1.9398098910e-01  3.0657069680e-03 
1656.000  1.9770668560e-01  3.1306195260e-03 
1657.000  1.9627371040e-01  3.1074171070e-03 
1658.000  1.9733421960e-01  3.1316335200e-03 
1659.000  1.9369939440e-01  3.0741534230e-03 
1660.000  1.9606308900e-01  3.1040601730e-03 
1661.000  1.9683282050e-01  3.0958938600e-03 
1662.000  1.9551018680e-01  3.0096013550e-03 
1663.000  1.9427957680e-01  2.9328150750e-03 
1664.000  1.9345732240e-01  2.8617949490e-03 
1665.000  1.9148165170e-01  2.7736775880e-03 
1666.000  1.9054965240e-01  2.7499449250e-03 
1667.000  1.9207224240e-01  2.8304703240e-03 
1668.000  1.8881794160e-01  2.8230738640e-03 
1669.000  1.8912043430e-01  2.8757507800e-03 
1670.000  1.9319262570e-01  2.9864697460e-03 
1671.000  1.9171748830e-01  3.0158753400e-03 
1672.000  1.8263667960e-01  2.9331042770e-03 
1673.000  1.8801705080e-01  3.0704755780e-03 
1674.000  1.8889087670e-01  3.1394884590e-03 
1675.000  1.8714066740e-01  3.1714501380e-03 
1676.000  1.8415960970e-01  3.1405591960e-03 
1677.000  1.8504479400e-01  3.1520929340e-03 
1678.000  1.8591345140e-01  3.1699728970e-03 
1679.000  1.8344085920e-01  3.1199474330e-03 
1680.000  1.7703209620e-01  3.0124373440e-03 
1681.000  1.7082679620e-01  2.9069440360e-03 
1682.000  1.7575989670e-01  2.9876813890e-03 
1683.000  1.8015309300e-01  3.0552206040e-03 
1684.000  1.8351400250e-01  3.1058807370e-03 
1685.000  1.8423304640e-01  3.1005237100e-03 
1686.000  1.8201026480e-01  3.0483632090e-03 
1687.000  1.8302625820e-01  3.0239934920e-03 
1688.000  1.8336822910e-01  2.9933874610e-03 
1689.000  1.8115816040e-01  2.9380767350e-03 
1690.000  1.8132148820e-01  2.9020764830e-03 
1691.000  1.8369425730e-01  2.9496443270e-03 
1692.000  1.8402857870e-01  2.9731905460e-03 
1693.000  1.8332912750e-01  2.9834549430e-03 
1694.000  1.8305177650e-01  2.9973220830e-03 
1695.000  1.8326085900e-01  3.0071046350e-03 
1696.000  1.8218914840e-01  2.9508891110e-03 
1697.000  1.8114854710e-01  2.8835992810e-03 
1698.000  1.8224174280e-01  2.8541347980e-03 
1699.000  1.8106396270e-01  2.7925491330e-03 
1700.000  1.7874301390e-01  2.7163171770e-03 
