 lambda   Irr_dw            Rad_up 
 550.000  1.5550018200e+00  5.6925659180e-02 
 551.000  1.5447200000e+00  5.6390022280e-02 
 552.000  1.6106552100e+00  5.8752613070e-02 
 553.000  1.5470215300e+00  5.6248062130e-02 
 554.000  1.5970205200e+00  5.7997901920e-02 
 555.000  1.6010020800e+00  5.7923248290e-02 
 556.000  1.5564141900e+00  5.6101360320e-02 
 557.000  1.5098633500e+00  5.4367912290e-02 
 558.000  1.5668452700e+00  5.6211303710e-02 
 559.000  1.4806926000e+00  5.2985836030e-02 
 560.000  1.4869517300e+00  5.3148300170e-02 
 561.000  1.6340171700e+00  5.8174442290e-02 
 562.000  1.5000776500e+00  5.3311729430e-02 
 563.000  1.5693369300e+00  5.5561641690e-02 
 564.000  1.5473245500e+00  5.4509735110e-02 
 565.000  1.5660790000e+00  5.5085079190e-02 
 566.000  1.4439867000e+00  5.0594837190e-02 
 567.000  1.5502451500e+00  5.3990268710e-02 
 568.000  1.5508216900e+00  5.3382724760e-02 
 569.000  1.5294239500e+00  5.1448822020e-02 
 570.000  1.5359547500e+00  5.1659160610e-02 
 571.000  1.4749865800e+00  5.0187095640e-02 
 572.000  1.5658295100e+00  5.2521957400e-02 
 573.000  1.5806847300e+00  5.3113605500e-02 
 574.000  1.5716171800e+00  5.2716567990e-02 
 575.000  1.5337914000e+00  5.1260372160e-02 
 576.000  1.5061758200e+00  5.0212413790e-02 
 577.000  1.5668328300e+00  5.2250991820e-02 
 578.000  1.5183746300e+00  5.0903732300e-02 
 579.000  1.5045526400e+00  5.0452365880e-02 
 580.000  1.5544020900e+00  5.2331485750e-02 
 581.000  1.5232755600e+00  5.1421936040e-02 
 582.000  1.5442325100e+00  5.2014854430e-02 
 583.000  1.5541359700e+00  5.2392082210e-02 
 584.000  1.5484749400e+00  5.2011016850e-02 
 585.000  1.5378589600e+00  5.1499458310e-02 
 586.000  1.4714578000e+00  4.9222831730e-02 
 587.000  1.5320690700e+00  5.0686717990e-02 
 588.000  1.5301974200e+00  4.9241836550e-02 
 589.000  1.3757044100e+00  4.2633506770e-02 
 590.000  1.4376231200e+00  4.4435867310e-02 
 591.000  1.5129505100e+00  4.7748428340e-02 
 592.000  1.4915625400e+00  4.6307437900e-02 
 593.000  1.4908214700e+00  4.7424419400e-02 
 594.000  1.5081120700e+00  4.7630905150e-02 
 595.000  1.4907597800e+00  4.6096954350e-02 
 596.000  1.5109992200e+00  4.7950096130e-02 
 597.000  1.5190525300e+00  4.7720951080e-02 
 598.000  1.4811235800e+00  4.7031002040e-02 
 599.000  1.4786431100e+00  4.7109359740e-02 
 600.000  1.4727483100e+00  4.7392150880e-02 
 601.000  1.4603258400e+00  4.7345066070e-02 
 602.000  1.4428563500e+00  4.6783386230e-02 
 603.000  1.4500969300e+00  4.7134387970e-02 
 604.000  1.4947628500e+00  4.8733749390e-02 
 605.000  1.4903343000e+00  4.8442893980e-02 
 606.000  1.4728400800e+00  4.7913028720e-02 
 607.000  1.4643723500e+00  4.7533378600e-02 
 608.000  1.4588730900e+00  4.7221099850e-02 
 609.000  1.4438122300e+00  4.6697433470e-02 
 610.000  1.4205910300e+00  4.5819911960e-02 
 611.000  1.4435734800e+00  4.6506370540e-02 
 612.000  1.4247300800e+00  4.5854286190e-02 
 613.000  1.4038833600e+00  4.5070755000e-02 
 614.000  1.3527047400e+00  4.3405254360e-02 
 615.000  1.4180339200e+00  4.5346630100e-02 
 616.000  1.3482935800e+00  4.3104812620e-02 
 617.000  1.3559767200e+00  4.3297355650e-02 
 618.000  1.4200618000e+00  4.5160770420e-02 
 619.000  1.4072372100e+00  4.4766708370e-02 
 620.000  1.4282426600e+00  4.5248683930e-02 
 621.000  1.4531123800e+00  4.5985443120e-02 
 622.000  1.3767899900e+00  4.3459518430e-02 
 623.000  1.3880108200e+00  4.3594924930e-02 
 624.000  1.3899523300e+00  4.3689491270e-02 
 625.000  1.3527354700e+00  4.2473941800e-02 
 626.000  1.3606609000e+00  4.2472244260e-02 
 627.000  1.3891192700e+00  4.2800300600e-02 
 628.000  1.3956758700e+00  4.1456588750e-02 
 629.000  1.4165680900e+00  4.2675083160e-02 
 630.000  1.3657286700e+00  4.1527652740e-02 
 631.000  1.4115169100e+00  4.3033065800e-02 
 632.000  1.3169643300e+00  3.9901733400e-02 
 633.000  1.4070908400e+00  4.3021430970e-02 
 634.000  1.3625123400e+00  4.1818645480e-02 
 635.000  1.3870066700e+00  4.2585483550e-02 
 636.000  1.3367847200e+00  4.1116981510e-02 
 637.000  1.3800800500e+00  4.2501274110e-02 
 638.000  1.3988117200e+00  4.3231475830e-02 
 639.000  1.3869702400e+00  4.2701778410e-02 
 640.000  1.3420271900e+00  4.1563365940e-02 
 641.000  1.3612615700e+00  4.2099647520e-02 
 642.000  1.3439178200e+00  4.1582733150e-02 
 643.000  1.3690971000e+00  4.2160602570e-02 
 644.000  1.3533139500e+00  4.1536243440e-02 
 645.000  1.3675365500e+00  4.1793476100e-02 
 646.000  1.3253325900e+00  3.9491416930e-02 
 647.000  1.3505896100e+00  3.9560401920e-02 
 648.000  1.3561577900e+00  3.9205284120e-02 
 649.000  1.3761576300e+00  4.0100589750e-02 
 650.000  1.2628931900e+00  3.7744804380e-02 
 651.000  1.3604881600e+00  4.0623718260e-02 
 652.000  1.3459264400e+00  3.9263134000e-02 
 653.000  1.3595891800e+00  4.0652595520e-02 
 654.000  1.3433580300e+00  3.9879791260e-02 
 655.000  1.3127483400e+00  3.8549919130e-02 
 656.000  1.1131933100e+00  3.2741317750e-02 
 657.000  1.1858734000e+00  3.5039096830e-02 
 658.000  1.3165268000e+00  3.9315509800e-02 
 659.000  1.3171846800e+00  3.9472373960e-02 
 660.000  1.3264724200e+00  3.9834716800e-02 
 661.000  1.3290794700e+00  4.0220348360e-02 
 662.000  1.3467498300e+00  4.0855236050e-02 
 663.000  1.3321889600e+00  4.0285556790e-02 
 664.000  1.3105131100e+00  3.9631561280e-02 
 665.000  1.3158570400e+00  3.9770408630e-02 
 666.000  1.3311361700e+00  4.0351741790e-02 
 667.000  1.3043163700e+00  3.9437557220e-02 
 668.000  1.3111770700e+00  3.9758552550e-02 
 669.000  1.3297852800e+00  4.0362808230e-02 
 670.000  1.3137549200e+00  3.9711822510e-02 
 671.000  1.2996757500e+00  3.9298927310e-02 
 672.000  1.2953775700e+00  3.9124038700e-02 
 673.000  1.3045872000e+00  3.9339534760e-02 
 674.000  1.3070567100e+00  3.9399482730e-02 
 675.000  1.2870262400e+00  3.8713855740e-02 
 676.000  1.3112681200e+00  3.9431236270e-02 
 677.000  1.2851278300e+00  3.8639518740e-02 
 678.000  1.3063123800e+00  3.9210819240e-02 
 679.000  1.2879058300e+00  3.8556461330e-02 
 680.000  1.2784597800e+00  3.8226402280e-02 
 681.000  1.2804487400e+00  3.8183181760e-02 
 682.000  1.2780045800e+00  3.7977024080e-02 
 683.000  1.2866905100e+00  3.8107803340e-02 
 684.000  1.2644792900e+00  3.7402507780e-02 
 685.000  1.2781566400e+00  3.7745738980e-02 
 686.000  1.2249596800e+00  3.5754821780e-02 
 687.000  1.2259633800e+00  3.1704662320e-02 
 688.000  1.2268661000e+00  3.2736896510e-02 
 689.000  1.2304111000e+00  3.2595901490e-02 
 690.000  1.2363566500e+00  3.3293666840e-02 
 691.000  1.2413201100e+00  3.4143913270e-02 
 692.000  1.2338457900e+00  3.4287414550e-02 
 693.000  1.2420024300e+00  3.3583160400e-02 
 694.000  1.2556407900e+00  3.3237033840e-02 
 695.000  1.2326464000e+00  3.3017791750e-02 
 696.000  1.2464508500e+00  3.3637229920e-02 
 697.000  1.2453885700e+00  3.5258140560e-02 
 698.000  1.2230997600e+00  3.4171325680e-02 
 699.000  1.2489547200e+00  3.3510112760e-02 
 700.000  1.2340140000e+00  3.3268699650e-02 
 701.000  1.2070964200e+00  3.2188873290e-02 
 702.000  1.2008922300e+00  3.2215461730e-02 
 703.000  1.2154755400e+00  3.3640140530e-02 
 704.000  1.2190317600e+00  3.3797168730e-02 
 705.000  1.2295069300e+00  3.3581874850e-02 
 706.000  1.2163675400e+00  3.3301803590e-02 
 707.000  1.1977958100e+00  3.2951988220e-02 
 708.000  1.2321562700e+00  3.4080951690e-02 
 709.000  1.1877118800e+00  3.3192527770e-02 
 710.000  1.2159726800e+00  3.3482631680e-02 
 711.000  1.2029698600e+00  3.3501464840e-02 
 712.000  1.1855598000e+00  3.3401149750e-02 
 713.000  1.1811594100e+00  3.2926231380e-02 
 714.000  1.2014694500e+00  3.3291713710e-02 
 715.000  1.1603590600e+00  3.1625719070e-02 
 716.000  1.1915592600e+00  3.1937868120e-02 
 717.000  1.1618042800e+00  2.8652011870e-02 
 718.000  1.1556475600e+00  2.7041719440e-02 
 719.000  1.1423454700e+00  2.6124681470e-02 
 720.000  1.1506772900e+00  2.5646083830e-02 
 721.000  1.1490144700e+00  2.8847932820e-02 
 722.000  1.1651826400e+00  3.0363681790e-02 
 723.000  1.1627366300e+00  2.9544502260e-02 
 724.000  1.1697925400e+00  2.7774452210e-02 
 725.000  1.1570237600e+00  2.7730289460e-02 
 726.000  1.1549062100e+00  2.7585849760e-02 
 727.000  1.1719877200e+00  2.8188055040e-02 
 728.000  1.1518562800e+00  2.7455177310e-02 
 729.000  1.1060697800e+00  2.6998838420e-02 
 730.000  1.1469477200e+00  2.7865991590e-02 
 731.000  1.1280371200e+00  2.7334964750e-02 
 732.000  1.1491655100e+00  2.8982866290e-02 
 733.000  1.1312981000e+00  2.9806610110e-02 
 734.000  1.1545067600e+00  3.1010168080e-02 
 735.000  1.1452984200e+00  3.0476078030e-02 
 736.000  1.1242739200e+00  2.9518333440e-02 
 737.000  1.1388700600e+00  3.0145318980e-02 
 738.000  1.1354089900e+00  3.0479394910e-02 
 739.000  1.0985360900e+00  2.9708658220e-02 
 740.000  1.1085199400e+00  3.0407423020e-02 
 741.000  1.0994526600e+00  3.0508314130e-02 
 742.000  1.0812770600e+00  3.0132621770e-02 
 743.000  1.1127337900e+00  3.1308311460e-02 
 744.000  1.1231644000e+00  3.1751590730e-02 
 745.000  1.0938354300e+00  3.1054544450e-02 
 746.000  1.1089683700e+00  3.1517395020e-02 
 747.000  1.1255738000e+00  3.1955619810e-02 
 748.000  1.1053458100e+00  3.1378625870e-02 
 749.000  1.1055405600e+00  3.1399063110e-02 
 750.000  1.0893930900e+00  3.0844532010e-02 
 751.000  1.0865906400e+00  3.0749332430e-02 
 752.000  1.1030508800e+00  3.1262086870e-02 
 753.000  1.0926103400e+00  3.0966287610e-02 
 754.000  1.1097154200e+00  3.1444276810e-02 
 755.000  1.1033481700e+00  3.1247537610e-02 
 756.000  1.0817443000e+00  3.0621318820e-02 
 757.000  1.0897395300e+00  3.0830020900e-02 
 758.000  1.0886004700e+00  3.0711997990e-02 
 759.000  1.0474003200e+00  2.7487497330e-02 
 760.000  8.2402225100e-01  1.2951986310e-02 
 761.000  7.9410239400e-01  1.1731380460e-02 
 762.000  9.2628378100e-01  1.8974288940e-02 
 763.000  9.1141636400e-01  1.6937839510e-02 
 764.000  9.3480015700e-01  1.8205024720e-02 
 765.000  9.8110553200e-01  2.1357109070e-02 
 766.000  9.7280547300e-01  2.3792371750e-02 
 767.000  1.0026857400e+00  2.5782148360e-02 
 768.000  1.0516126700e+00  2.8048948290e-02 
 769.000  1.0530698000e+00  2.8864730830e-02 
 770.000  1.0503904500e+00  2.9196458820e-02 
 771.000  1.0518553400e+00  2.9461627960e-02 
 772.000  1.0479546300e+00  2.9393217090e-02 
 773.000  1.0436409700e+00  2.9278320310e-02 
 774.000  1.0546547900e+00  2.9596122740e-02 
 775.000  1.0149305400e+00  2.8480354310e-02 
 776.000  1.0566556300e+00  2.9687385560e-02 
 777.000  1.0493371300e+00  2.9450078960e-02 
 778.000  1.0437902600e+00  2.9238143920e-02 
 779.000  1.0472654300e+00  2.9265468600e-02 
 780.000  1.0343881100e+00  2.8915372850e-02 
 781.000  1.0325275900e+00  2.8850547790e-02 
 782.000  1.0450647200e+00  2.9110822680e-02 
 783.000  1.0207218000e+00  2.8513059620e-02 
 784.000  1.0266320600e+00  2.8616588590e-02 
 785.000  1.0300094800e+00  2.8491867070e-02 
 786.000  1.0131417300e+00  2.7869556430e-02 
 787.000  1.0300322200e+00  2.7840627670e-02 
 788.000  1.0155578460e+00  2.7272493360e-02 
 789.000  1.0246987220e+00  2.6857917790e-02 
 790.000  1.0146502950e+00  2.6490697860e-02 
 791.000  1.0089158520e+00  2.6463134770e-02 
 792.000  9.9245517700e-01  2.6070196150e-02 
 793.000  9.9056139700e-01  2.6241308210e-02 
 794.000  9.7763586000e-01  2.6482559200e-02 
 795.000  9.7393097200e-01  2.5906936650e-02 
 796.000  9.9464977400e-01  2.5723564150e-02 
 797.000  9.9978996000e-01  2.6098854060e-02 
 798.000  9.9776042800e-01  2.6546676640e-02 
 799.000  9.9759363800e-01  2.6355922700e-02 
 800.000  9.7341805400e-01  2.5315155030e-02 
 801.000  9.9143615400e-01  2.5817279820e-02 
 802.000  9.8967019900e-01  2.5681467060e-02 
 803.000  9.7536092900e-01  2.5374452590e-02 
 804.000  9.8334937000e-01  2.5804498670e-02 
 805.000  9.5489178800e-01  2.5419977190e-02 
 806.000  9.7982356900e-01  2.6246139530e-02 
 807.000  9.7375880400e-01  2.6121036530e-02 
 808.000  9.6861383900e-01  2.5802948000e-02 
 809.000  9.5282052900e-01  2.5200979230e-02 
 810.000  9.4918001000e-01  2.4902011870e-02 
 811.000  9.6559730300e-01  2.5000694270e-02 
 812.000  9.6383973300e-01  2.4595111850e-02 
 813.000  9.6131113900e-01  2.4005792620e-02 
 814.000  9.6194680000e-01  2.3537450790e-02 
 815.000  9.5373046300e-01  2.2742790220e-02 
 816.000  9.4764769600e-01  2.1887990950e-02 
 817.000  9.5323458100e-01  2.2030344010e-02 
 818.000  9.4723250400e-01  2.1860389710e-02 
 819.000  9.2108794800e-01  2.1541265490e-02 
 820.000  9.0144631800e-01  2.1836029050e-02 
 821.000  9.2924807700e-01  2.3425258640e-02 
 822.000  9.0463089500e-01  2.1989419940e-02 
 823.000  9.2085586800e-01  2.0632137300e-02 
 824.000  9.3144096300e-01  2.2362466810e-02 
 825.000  9.2752224700e-01  2.3535532000e-02 
 826.000  9.3382587000e-01  2.3414840700e-02 
 827.000  9.3117371000e-01  2.3157182690e-02 
 828.000  9.3105138900e-01  2.2382648470e-02 
 829.000  9.2997735400e-01  2.2574085240e-02 
 830.000  9.1450613900e-01  2.2490482330e-02 
 831.000  8.9827979700e-01  2.2144548420e-02 
 832.000  9.1657557600e-01  2.2592357640e-02 
 833.000  8.8761895100e-01  2.2142070770e-02 
 834.000  9.0010269000e-01  2.2673341750e-02 
 835.000  9.0004637000e-01  2.2980501170e-02 
 836.000  9.1117637200e-01  2.3259330750e-02 
 837.000  9.0373938000e-01  2.3009351730e-02 
 838.000  9.0596532900e-01  2.3310100560e-02 
 839.000  8.7703699200e-01  2.2664678570e-02 
 840.000  9.0025467200e-01  2.3250320430e-02 
 841.000  9.0357418400e-01  2.3161041260e-02 
 842.000  8.9709140700e-01  2.3093799590e-02 
 843.000  8.8885936500e-01  2.3315402980e-02 
 844.000  8.7316790500e-01  2.3071409230e-02 
 845.000  8.8594311000e-01  2.3480417250e-02 
 846.000  8.9329735800e-01  2.3816835400e-02 
 847.000  8.6190883200e-01  2.3131490710e-02 
 848.000  8.8840907000e-01  2.3636966710e-02 
 849.000  8.8992500800e-01  2.3778961180e-02 
 850.000  7.6992641000e-01  2.0421142580e-02 
 851.000  8.8276771200e-01  2.3268775940e-02 
 852.000  8.4925107100e-01  2.2450561520e-02 
 853.000  8.5794977000e-01  2.2732006070e-02 
 854.000  6.8982479200e-01  1.8304609300e-02 
 855.000  7.5883600500e-01  2.0243024830e-02 
 856.000  8.5973730800e-01  2.2983570100e-02 
 857.000  8.7284795700e-01  2.3487642290e-02 
 858.000  8.5855872500e-01  2.3100908280e-02 
 859.000  8.5768732700e-01  2.3135494230e-02 
 860.000  8.4964351300e-01  2.3005437850e-02 
 861.000  8.4949186200e-01  2.2981330870e-02 
 862.000  8.4648329000e-01  2.2841968540e-02 
 863.000  8.6265931300e-01  2.3376514430e-02 
 864.000  8.6078405000e-01  2.3184026720e-02 
 865.000  8.4463458300e-01  2.2878320690e-02 
 866.000  7.0846390100e-01  1.9232654570e-02 
 867.000  7.5448532100e-01  2.0277761460e-02 
 868.000  8.1827925600e-01  2.2077867510e-02 
 869.000  8.0677602900e-01  2.1756935120e-02 
 870.000  8.4011082600e-01  2.2767820360e-02 
 871.000  8.3890784800e-01  2.2665439610e-02 
 872.000  8.3544516400e-01  2.2348932270e-02 
 873.000  8.3893104000e-01  2.2561544420e-02 
 874.000  8.2062237500e-01  2.1984889980e-02 
 875.000  8.1311395900e-01  2.1924139020e-02 
 876.000  8.2007789300e-01  2.2024913790e-02 
 877.000  8.3654296600e-01  2.2316150670e-02 
 878.000  8.2277616500e-01  2.2011228560e-02 
 879.000  8.2473251600e-01  2.2115367890e-02 
 880.000  8.2048035200e-01  2.1809804920e-02 
 881.000  7.7810842200e-01  2.0719911580e-02 
 882.000  8.2137124200e-01  2.1674375530e-02 
 883.000  8.0238889000e-01  2.1353586200e-02 
 884.000  8.0911873500e-01  2.1738315580e-02 
 885.000  8.1846815200e-01  2.1519323350e-02 
 886.000  7.9297129700e-01  2.0865680690e-02 
 887.000  7.8389869500e-01  2.0616891860e-02 
 888.000  8.0746024600e-01  2.1052618030e-02 
 889.000  8.1257254500e-01  2.1463352200e-02 
 890.000  8.1074206100e-01  2.1314704900e-02 
 891.000  8.0770519700e-01  2.0997079850e-02 
 892.000  8.0705371400e-01  2.0728719710e-02 
 893.000  7.8146579800e-01  1.9198099140e-02 
 894.000  8.0988711800e-01  1.9618322370e-02 
 895.000  7.7489831500e-01  1.8083969120e-02 
 896.000  8.0565692100e-01  1.7924295430e-02 
 897.000  7.8710660700e-01  1.6983385090e-02 
 898.000  7.8846127600e-01  1.6617324830e-02 
 899.000  7.8775040600e-01  1.5685590740e-02 
 900.000  7.6808052200e-01  1.5303310390e-02 
 901.000  7.5162585000e-01  1.4791559220e-02 
 902.000  7.3779015800e-01  1.4558369640e-02 
 903.000  7.7388541800e-01  1.6612600330e-02 
 904.000  7.8825653000e-01  1.7751688000e-02 
 905.000  7.8616426900e-01  1.7941059110e-02 
 906.000  7.6534855200e-01  1.6927982330e-02 
 907.000  7.7831354100e-01  1.6190671920e-02 
 908.000  7.5927623100e-01  1.5113448140e-02 
 909.000  7.4438146300e-01  1.4821084020e-02 
 910.000  7.5318607500e-01  1.5076383590e-02 
 911.000  7.5118952200e-01  1.5597212790e-02 
 912.000  7.5281488700e-01  1.5204053880e-02 
 913.000  7.7043593500e-01  1.4777888300e-02 
 914.000  7.6547703100e-01  1.5031940460e-02 
 915.000  7.5284203300e-01  1.5295143130e-02 
 916.000  7.6119898200e-01  1.5484913830e-02 
 917.000  7.4928493200e-01  1.5397897720e-02 
 918.000  7.4548164900e-01  1.5552693370e-02 
 919.000  7.5531417600e-01  1.6926147460e-02 
 920.000  7.4810356500e-01  1.7123220440e-02 
 921.000  7.3173044700e-01  1.6592235570e-02 
 922.000  7.2519799400e-01  1.6529853820e-02 
 923.000  6.9478850200e-01  1.5324975970e-02 
 924.000  7.2417925800e-01  1.5866371150e-02 
 925.000  7.3379240000e-01  1.5968976020e-02 
 926.000  7.0759303200e-01  1.5236625670e-02 
 927.000  7.3395324400e-01  1.5577757840e-02 
 928.000  7.3847190300e-01  1.4804411890e-02 
 929.000  7.2815508700e-01  1.3509218220e-02 
 930.000  7.2632606100e-01  1.2314332010e-02 
 931.000  7.2602769900e-01  1.1417136190e-02 
 932.000  7.1891425300e-01  1.0342526440e-02 
 933.000  7.2087480000e-01  9.8017549510e-03 
 934.000  7.1456256700e-01  9.2302837370e-03 
 935.000  7.0397366200e-01  9.0440654750e-03 
 936.000  6.9890641900e-01  9.1436862950e-03 
 937.000  7.1450598800e-01  9.3055992130e-03 
 938.000  7.0701043000e-01  9.7680931090e-03 
 939.000  7.1327973200e-01  1.1746947290e-02 
 940.000  7.0963880600e-01  1.2077211380e-02 
 941.000  6.9350595800e-01  1.1490268710e-02 
 942.000  6.6696664600e-01  1.0398134230e-02 
 943.000  7.0274659000e-01  1.0012381550e-02 
 944.000  6.8342941900e-01  9.6689405440e-03 
 945.000  6.8997801400e-01  1.0056403160e-02 
 946.000  6.9933505800e-01  1.0214764600e-02 
 947.000  6.9510622600e-01  1.0458314900e-02 
 948.000  6.9930910700e-01  1.0708275790e-02 
 949.000  7.0152418600e-01  1.0726495740e-02 
 950.000  6.9689977900e-01  1.0705023770e-02 
 951.000  6.9276358400e-01  1.1087964060e-02 
 952.000  6.9268919900e-01  1.0628579140e-02 
 953.000  6.9077781400e-01  1.0936774250e-02 
 954.000  6.8410526200e-01  1.1229551320e-02 
 955.000  6.3899167400e-01  1.0210882190e-02 
 956.000  6.8165410000e-01  1.0852235790e-02 
 957.000  6.8130243200e-01  1.1942841530e-02 
 958.000  6.8655478800e-01  1.2223413470e-02 
 959.000  6.8920776600e-01  1.2069468500e-02 
 960.000  6.8269552500e-01  1.1905598640e-02 
 961.000  6.7537246600e-01  1.1680555340e-02 
 962.000  6.7873396000e-01  1.1834362980e-02 
 963.000  6.7733239000e-01  1.2555651660e-02 
 964.000  6.6958219100e-01  1.2530931470e-02 
 965.000  6.7776685900e-01  1.2608833310e-02 
 966.000  6.5820209600e-01  1.2293021200e-02 
 967.000  6.7777691200e-01  1.3285751340e-02 
 968.000  6.7030799100e-01  1.4168199540e-02 
 969.000  6.7440353400e-01  1.4706714630e-02 
 970.000  6.7623028200e-01  1.4769806860e-02 
 971.000  6.7024309800e-01  1.4619641300e-02 
 972.000  6.7499501200e-01  1.4578444480e-02 
 973.000  6.6875668100e-01  1.4142283440e-02 
 974.000  6.5850500600e-01  1.3568116190e-02 
 975.000  6.6179780100e-01  1.3394205090e-02 
 976.000  6.6980768200e-01  1.3832436560e-02 
 977.000  6.5282651300e-01  1.3916128160e-02 
 978.000  6.6897508100e-01  1.4222352030e-02 
 979.000  6.4953395900e-01  1.3923464780e-02 
 980.000  6.5870134500e-01  1.4593214990e-02 
 981.000  6.6318259200e-01  1.4811195370e-02 
 982.000  6.6175037500e-01  1.4663662910e-02 
 983.000  6.5996028700e-01  1.4897988320e-02 
 984.000  6.5553997800e-01  1.5107576370e-02 
 985.000  6.5522844500e-01  1.5291101460e-02 
 986.000  6.4988123000e-01  1.5436017040e-02 
 987.000  6.5727167900e-01  1.5736033440e-02 
 988.000  6.4916654800e-01  1.5565052990e-02 
 989.000  6.4092469800e-01  1.5378679280e-02 
 990.000  6.4638693900e-01  1.5533638000e-02 
 991.000  6.5163410900e-01  1.5759733200e-02 
 992.000  6.4559991500e-01  1.5627776150e-02 
 993.000  6.4555451300e-01  1.5618777280e-02 
 994.000  6.4879026500e-01  1.5778944970e-02 
 995.000  6.4396774500e-01  1.5729566570e-02 
 996.000  6.4385397600e-01  1.5704368590e-02 
 997.000  6.4457646100e-01  1.5643007280e-02 
 998.000  6.4221641100e-01  1.5514719010e-02 
 999.000  6.4064728400e-01  1.5433911320e-02 
1000.000  6.3553293700e-01  1.5306550030e-02 
1001.000  6.3928336200e-01  1.5267692570e-02 
1002.000  6.3854173700e-01  1.5066193580e-02 
1003.000  6.3101410800e-01  1.4919670100e-02 
1004.000  6.2558028300e-01  1.4881163600e-02 
1005.000  5.8444883400e-01  1.3937587740e-02 
1006.000  6.1491783500e-01  1.4671188350e-02 
1007.000  6.2618170600e-01  1.4896339420e-02 
1008.000  6.2907303800e-01  1.4815672870e-02 
1009.000  6.2556772400e-01  1.4550693510e-02 
1010.000  6.2776095300e-01  1.4669256210e-02 
1011.000  6.2404621000e-01  1.4765831950e-02 
1012.000  6.2408567400e-01  1.4836347580e-02 
1013.000  6.1947035900e-01  1.4781238560e-02 
1014.000  6.2337188300e-01  1.4932525630e-02 
1015.000  6.1185408800e-01  1.4696344380e-02 
1016.000  6.1571871300e-01  1.4853609090e-02 
1017.000  6.0958799600e-01  1.4745691300e-02 
1018.000  6.1765252800e-01  1.4949851990e-02 
1019.000  6.0377885000e-01  1.4574110030e-02 
1020.000  6.0242969400e-01  1.4524505620e-02 
1021.000  6.0825445700e-01  1.4637828830e-02 
1022.000  5.9941815600e-01  1.4258876800e-02 
1023.000  6.1118612800e-01  1.4388621330e-02 
1024.000  6.0824338100e-01  1.4200551990e-02 
1025.000  6.0752255200e-01  1.4229195590e-02 
1026.000  6.0798514000e-01  1.4276073460e-02 
1027.000  6.0442437900e-01  1.4215023990e-02 
1028.000  6.0575216700e-01  1.4314601900e-02 
1029.000  5.9630215300e-01  1.4188797000e-02 
1030.000  6.0205034700e-01  1.4434890750e-02 
1031.000  6.0002233700e-01  1.4465848920e-02 
1032.000  5.9780566100e-01  1.4464739800e-02 
1033.000  5.8677956900e-01  1.4172435760e-02 
1034.000  5.9292054300e-01  1.4297937390e-02 
1035.000  5.8653148800e-01  1.4146902080e-02 
1036.000  5.9422322800e-01  1.4278243060e-02 
1037.000  5.8170157100e-01  1.3949502940e-02 
1038.000  5.8742179500e-01  1.4058385850e-02 
1039.000  5.8993184600e-01  1.4080552100e-02 
1040.000  5.8303823900e-01  1.3880587580e-02 
1041.000  5.8617163000e-01  1.3922452930e-02 
1042.000  5.8794026800e-01  1.3935517310e-02 
1043.000  5.7780765600e-01  1.3668461800e-02 
1044.000  5.8362358800e-01  1.3775079730e-02 
1045.000  5.8128968700e-01  1.3754854200e-02 
1046.000  5.6449531300e-01  1.3403039930e-02 
1047.000  5.7500848000e-01  1.3697931290e-02 
1048.000  5.8089965000e-01  1.3885407450e-02 
1049.000  5.7733327700e-01  1.3849442480e-02 
1050.000  5.7407010200e-01  1.3806619640e-02 
1051.000  5.7439895800e-01  1.3784917830e-02 
1052.000  5.7189693700e-01  1.3680803300e-02 
1053.000  5.7217811200e-01  1.3653951640e-02 
1054.000  5.6658139800e-01  1.3470510480e-02 
1055.000  5.7102804700e-01  1.3523533820e-02 
1056.000  5.6974662900e-01  1.3446773530e-02 
1057.000  5.6932519500e-01  1.3388991360e-02 
1058.000  5.6436770800e-01  1.3203204150e-02 
1059.000  5.4656413900e-01  1.2809512140e-02 
1060.000  5.6576123400e-01  1.3322075840e-02 
1061.000  5.4605706100e-01  1.2864154820e-02 
1062.000  5.6182343900e-01  1.3199703220e-02 
1063.000  5.5255781200e-01  1.2951235770e-02 
1064.000  5.5998433000e-01  1.3031724930e-02 
1065.000  5.5989548000e-01  1.2924351690e-02 
1066.000  5.4269147700e-01  1.2482005120e-02 
1067.000  5.5587375100e-01  1.2720549580e-02 
1068.000  5.5453169800e-01  1.2547158240e-02 
1069.000  5.1317149200e-01  1.1549753190e-02 
1070.000  5.4348512900e-01  1.2276338580e-02 
1071.000  5.4489643200e-01  1.2290603640e-02 
1072.000  5.4725869700e-01  1.2327679630e-02 
1073.000  5.2935052900e-01  1.1949816700e-02 
1074.000  5.4782562900e-01  1.2412050250e-02 
1075.000  5.3007865500e-01  1.2115573880e-02 
1076.000  5.4221918100e-01  1.2357551570e-02 
1077.000  5.4163260300e-01  1.2293699260e-02 
1078.000  5.4375701900e-01  1.2283491130e-02 
1079.000  5.2292554600e-01  1.1816769600e-02 
1080.000  5.4032926600e-01  1.2043059350e-02 
1081.000  5.2054689800e-01  1.1587407110e-02 
1082.000  5.2638396900e-01  1.1744148250e-02 
1083.000  5.1310629100e-01  1.1313049320e-02 
1084.000  5.3372764500e-01  1.1626540180e-02 
1085.000  5.2912160900e-01  1.1278527260e-02 
1086.000  5.3546936600e-01  1.1412941930e-02 
1087.000  5.0018745800e-01  1.0846010210e-02 
1088.000  5.3040009300e-01  1.1565204620e-02 
1089.000  5.1318269000e-01  1.0970674510e-02 
1090.000  5.2491393500e-01  1.1220971110e-02 
1091.000  5.2771667100e-01  1.1381969450e-02 
1092.000  5.1695804800e-01  1.1075135230e-02 
1093.000  5.1383035200e-01  1.0782969470e-02 
1094.000  4.6881740000e-01  9.7043972020e-03 
1095.000  5.0722470800e-01  1.0475101470e-02 
1096.000  5.0795972300e-01  1.0467466350e-02 
1097.000  4.9875484000e-01  1.0181058880e-02 
1098.000  4.9780394200e-01  9.5567426680e-03 
1099.000  5.0229374400e-01  9.0952873230e-03 
1100.000  5.1070804700e-01  9.2820796970e-03 
1101.000  5.0912597200e-01  9.3215847020e-03 
1102.000  4.8821113700e-01  8.8991270070e-03 
1103.000  5.0724750000e-01  9.2866020200e-03 
1104.000  5.0400165400e-01  9.1355266570e-03 
1105.000  5.0436231600e-01  8.9264612200e-03 
1106.000  5.0125152900e-01  8.6745834350e-03 
1107.000  5.0035383900e-01  8.6946458820e-03 
1108.000  4.9851342000e-01  8.6808710100e-03 
1109.000  4.9982884900e-01  8.8496065140e-03 
1110.000  5.0239305800e-01  8.8428354260e-03 
1111.000  4.9635800300e-01  8.6287641530e-03 
1112.000  4.9194445100e-01  8.1597080230e-03 
1113.000  4.9022084200e-01  7.6617860790e-03 
1114.000  4.9552896700e-01  7.5921168330e-03 
1115.000  4.9053819200e-01  7.0650534630e-03 
1116.000  4.8433160500e-01  6.7429509160e-03 
1117.000  4.9007591800e-01  6.3722119330e-03 
1118.000  4.8494244100e-01  5.9527463910e-03 
1119.000  4.7138124900e-01  5.6346173290e-03 
1120.000  4.7233084600e-01  5.4909310340e-03 
1121.000  4.7533717900e-01  5.4946856500e-03 
1122.000  4.7313218100e-01  5.3371200560e-03 
1123.000  4.7535481400e-01  5.4331173900e-03 
1124.000  4.7627000500e-01  5.4927754400e-03 
1125.000  4.6634633200e-01  5.3527884480e-03 
1126.000  4.5742696400e-01  5.2404809000e-03 
1127.000  4.7291322200e-01  5.4288105960e-03 
1128.000  4.6426743000e-01  5.3512101170e-03 
1129.000  4.6716366800e-01  5.5286479000e-03 
1130.000  4.6808133600e-01  5.9566679000e-03 
1131.000  4.7321154100e-01  6.1594042780e-03 
1132.000  4.7421091500e-01  5.9813246730e-03 
1133.000  4.6196234300e-01  5.5288386340e-03 
1134.000  4.5656317300e-01  5.0591893200e-03 
1135.000  4.6254552700e-01  5.1515479090e-03 
1136.000  4.6446349300e-01  5.6012072560e-03 
1137.000  4.7126194200e-01  6.0062279700e-03 
1138.000  4.5520105400e-01  6.1625752450e-03 
1139.000  4.6541567300e-01  6.4571557040e-03 
1140.000  4.6664277300e-01  6.3963398930e-03 
1141.000  4.5315317500e-01  6.0738558770e-03 
1142.000  4.6541866600e-01  6.1822009090e-03 
1143.000  4.5704061100e-01  5.9083824160e-03 
1144.000  4.5376528000e-01  5.6985034940e-03 
1145.000  4.5638340300e-01  5.5131449700e-03 
1146.000  4.6106098700e-01  5.6159911160e-03 
1147.000  4.6339935700e-01  5.8214049340e-03 
1148.000  4.5899242100e-01  5.9373607640e-03 
1149.000  4.6046571000e-01  6.0326251980e-03 
1150.000  4.5851057800e-01  6.0248188970e-03 
1151.000  4.5716534400e-01  6.1393585210e-03 
1152.000  4.5631105500e-01  6.1958522800e-03 
1153.000  4.5551394700e-01  6.2843103410e-03 
1154.000  4.5899280600e-01  6.3238029480e-03 
1155.000  4.6057221100e-01  6.5544261930e-03 
1156.000  4.5432937800e-01  6.7000288960e-03 
1157.000  4.5858882900e-01  7.3213610650e-03 
1158.000  4.5866071700e-01  7.6352286340e-03 
1159.000  4.5217663900e-01  7.8332123760e-03 
1160.000  4.4643214900e-01  7.8756823540e-03 
1161.000  4.3680396000e-01  8.0324363710e-03 
1162.000  4.5261653500e-01  8.5994768140e-03 
1163.000  4.5449629300e-01  8.9535827640e-03 
1164.000  4.4526404000e-01  8.8363294600e-03 
1165.000  4.5385864800e-01  9.0618247990e-03 
1166.000  4.4208645800e-01  8.9085884090e-03 
1167.000  4.4925634000e-01  9.1057300570e-03 
1168.000  4.5318305200e-01  9.1739320760e-03 
1169.000  4.3751200800e-01  8.9069604870e-03 
1170.000  4.4927787500e-01  9.1909885410e-03 
1171.000  4.5135681800e-01  9.3351325990e-03 
1172.000  4.4994456500e-01  9.2483243940e-03 
1173.000  4.4681049800e-01  9.1300687790e-03 
1174.000  4.4703677700e-01  9.1384840010e-03 
1175.000  4.4180359400e-01  9.1825447080e-03 
1176.000  4.3113751000e-01  9.1002206800e-03 
1177.000  4.4444991800e-01  9.3110256200e-03 
1178.000  4.3694236000e-01  9.0172100070e-03 
1179.000  4.3498299400e-01  8.9767570500e-03 
1180.000  4.4108904700e-01  9.0527381900e-03 
1181.000  4.3883575300e-01  8.8826074600e-03 
1182.000  4.3939073600e-01  8.7666473390e-03 
1183.000  4.1387956000e-01  8.2656908040e-03 
1184.000  4.3253315800e-01  8.7017250060e-03 
1185.000  4.3825625200e-01  8.9836807250e-03 
1186.000  4.3564788000e-01  8.8722753520e-03 
1187.000  4.3580232600e-01  8.6948013310e-03 
1188.000  4.3356637600e-01  8.5917367940e-03 
1189.000  4.0820111200e-01  8.1627759930e-03 
1190.000  4.2827495300e-01  8.7984905240e-03 
1191.000  4.3495273000e-01  8.9806127550e-03 
1192.000  4.3258431900e-01  9.0152282710e-03 
1193.000  4.3275096100e-01  8.9517898560e-03 
1194.000  4.3193759000e-01  8.9102277760e-03 
1195.000  4.2709579500e-01  8.6996154790e-03 
1196.000  4.2682608000e-01  8.7125272750e-03 
1197.000  4.2671323900e-01  8.6581106190e-03 
1198.000  4.1238154300e-01  8.3577575680e-03 
1199.000  3.9705666600e-01  7.9867444040e-03 
1200.000  4.2208697600e-01  8.5275487900e-03 
1201.000  4.2511550600e-01  8.6080074310e-03 
1202.000  4.2593091300e-01  8.6500740050e-03 
1203.000  4.0514342700e-01  8.2043485640e-03 
1204.000  4.1185730000e-01  8.3743410110e-03 
1205.000  4.2141094700e-01  8.7663917540e-03 
1206.000  4.1884713200e-01  8.8061447140e-03 
1207.000  4.2165981400e-01  8.9046630860e-03 
1208.000  4.1552197100e-01  8.7450437550e-03 
1209.000  3.8956109200e-01  8.1517686840e-03 
1210.000  4.1684025300e-01  8.6419153210e-03 
1211.000  4.0291615100e-01  8.3467826840e-03 
1212.000  4.1553102000e-01  8.6412544250e-03 
1213.000  4.1706701800e-01  8.7657146450e-03 
1214.000  4.1528225800e-01  8.7299976350e-03 
1215.000  4.1670871600e-01  8.8040237430e-03 
1216.000  4.1547641000e-01  8.9238977430e-03 
1217.000  4.1461270000e-01  9.0250158310e-03 
1218.000  4.1316191600e-01  9.0439138410e-03 
1219.000  4.0929560500e-01  8.9855365750e-03 
1220.000  4.1204664700e-01  9.0357131960e-03 
1221.000  4.1119357400e-01  9.0177354810e-03 
1222.000  4.0891591900e-01  8.9602079390e-03 
1223.000  4.0691418300e-01  8.9434108730e-03 
1224.000  4.0985559400e-01  9.1029462810e-03 
1225.000  4.0753176700e-01  9.0837259290e-03 
1226.000  4.0886006200e-01  9.1549711230e-03 
1227.000  3.9483033900e-01  8.8990602490e-03 
1228.000  4.0692966200e-01  9.2425804140e-03 
1229.000  4.0625394600e-01  9.2762069700e-03 
1230.000  4.0462502200e-01  9.2963943480e-03 
1231.000  4.0449234400e-01  9.3278570180e-03 
1232.000  3.9989327300e-01  9.2369928360e-03 
1233.000  4.0301293300e-01  9.3195190430e-03 
1234.000  4.0154580200e-01  9.3599605560e-03 
1235.000  3.9867340900e-01  9.3157577510e-03 
1236.000  4.0093244900e-01  9.3770504000e-03 
1237.000  4.0082674500e-01  9.3984203340e-03 
1238.000  4.0054225600e-01  9.3982009890e-03 
1239.000  3.9595868800e-01  9.2924699780e-03 
1240.000  3.9418145200e-01  9.2908840180e-03 
1241.000  3.9778960900e-01  9.4116716380e-03 
1242.000  3.9557070400e-01  9.3920249940e-03 
1243.000  3.9124042600e-01  9.3230609890e-03 
1244.000  3.8789168300e-01  9.2657451630e-03 
1245.000  3.9467148000e-01  9.4443283080e-03 
1246.000  3.9173757400e-01  9.3276147840e-03 
1247.000  3.8995023000e-01  9.2371912000e-03 
1248.000  3.9311802400e-01  9.2632331850e-03 
1249.000  3.9178723600e-01  9.1929721830e-03 
1250.000  3.9039276900e-01  9.1135444640e-03 
1251.000  3.8786128100e-01  9.0199193950e-03 
1252.000  3.8686416900e-01  8.9590024950e-03 
1253.000  3.8384032100e-01  8.8494501110e-03 
1254.000  3.8516676100e-01  8.8114347460e-03 
1255.000  3.8475538900e-01  8.7537498470e-03 
1256.000  3.8416118000e-01  8.6992530820e-03 
1257.000  3.8004639400e-01  8.5198125840e-03 
1258.000  3.8203858400e-01  8.4218759540e-03 
1259.000  3.7814249790e-01  8.2160701750e-03 
1260.000  3.7895873000e-01  8.1081466670e-03 
1261.000  3.7851136350e-01  7.9706139560e-03 
1262.000  3.7041199610e-01  7.6439123150e-03 
1263.000  3.7490446230e-01  7.7199082370e-03 
1264.000  3.6906735220e-01  7.5987310410e-03 
1265.000  3.6973976670e-01  7.6258921620e-03 
1266.000  3.7212754000e-01  7.6513552670e-03 
1267.000  3.6515820880e-01  7.4824233060e-03 
1268.000  3.6156200970e-01  7.3721370700e-03 
1269.000  3.6494644830e-01  7.4243698120e-03 
1270.000  3.6895758830e-01  7.6331009860e-03 
1271.000  3.7100629430e-01  7.7382626530e-03 
1272.000  3.6990917120e-01  7.7774372100e-03 
1273.000  3.6959095920e-01  7.8376975060e-03 
1274.000  3.6738376530e-01  7.8605971340e-03 
1275.000  3.6954590590e-01  7.9326963420e-03 
1276.000  3.7013936150e-01  7.9531531330e-03 
1277.000  3.6986291460e-01  7.9415631290e-03 
1278.000  3.6880270380e-01  7.9094238280e-03 
1279.000  3.6633397360e-01  7.8780937190e-03 
1280.000  3.6417041400e-01  7.9226169590e-03 
1281.000  3.5378409230e-01  7.7833580970e-03 
1282.000  3.1416729520e-01  6.9885959630e-03 
1283.000  3.4479295090e-01  7.7306637760e-03 
1284.000  3.5902069620e-01  8.0903816220e-03 
1285.000  3.6165368320e-01  8.1689262390e-03 
1286.000  3.6153514080e-01  8.1334848400e-03 
1287.000  3.6374617980e-01  8.1269798280e-03 
1288.000  3.6146583590e-01  7.8958544730e-03 
1289.000  3.6362063490e-01  7.8893218040e-03 
1290.000  3.5528897110e-01  7.6909151080e-03 
1291.000  3.6015240340e-01  7.7772855760e-03 
1292.000  3.6165532360e-01  7.8292922970e-03 
1293.000  3.6197856140e-01  7.7975373270e-03 
1294.000  3.5623335450e-01  7.5578713420e-03 
1295.000  3.6006855080e-01  7.4950590130e-03 
1296.000  3.6033350150e-01  7.3943996430e-03 
1297.000  3.5811191420e-01  7.2873263360e-03 
1298.000  3.5491220040e-01  7.2275948520e-03 
1299.000  3.5847560590e-01  7.3035616870e-03 
1300.000  3.5703630440e-01  7.2782940860e-03 
1301.000  3.5646778460e-01  7.2469301220e-03 
1302.000  3.5189446300e-01  7.0683565140e-03 
1303.000  3.5000474680e-01  6.8535599710e-03 
1304.000  3.5023292360e-01  6.7659530640e-03 
1305.000  3.5238966980e-01  6.7557225230e-03 
1306.000  3.5272547400e-01  6.7054615020e-03 
1307.000  3.5168391940e-01  6.6466298100e-03 
1308.000  3.5138441430e-01  6.5548954010e-03 
1309.000  3.5107132920e-01  6.4275712970e-03 
1310.000  3.4961341870e-01  6.3966503140e-03 
1311.000  3.4854246040e-01  6.3828167920e-03 
1312.000  3.4745690330e-01  6.2189455030e-03 
1313.000  3.3462392400e-01  5.8181190490e-03 
1314.000  3.4506923870e-01  5.8506016730e-03 
1315.000  3.3345037100e-01  5.7236371040e-03 
1316.000  3.4120728810e-01  5.9659419060e-03 
1317.000  3.4487803120e-01  6.0299692150e-03 
1318.000  3.3999801070e-01  5.7642302510e-03 
1319.000  3.4465546710e-01  5.6116890910e-03 
1320.000  3.4211122230e-01  5.3361716270e-03 
1321.000  3.4060841700e-01  5.2290067670e-03 
1322.000  3.3992823130e-01  5.3464140890e-03 
1323.000  3.4068059680e-01  5.5075669290e-03 
1324.000  3.4086176660e-01  5.5987801550e-03 
1325.000  3.3977210960e-01  5.5173926350e-03 
1326.000  3.3818282340e-01  5.3347034450e-03 
1327.000  3.3548251870e-01  4.9892930980e-03 
1328.000  3.3636736940e-01  4.7323832510e-03 
1329.000  3.2409129990e-01  4.1633076670e-03 
1330.000  3.2916439800e-01  4.0934081080e-03 
1331.000  3.3063072370e-01  4.0319271090e-03 
1332.000  3.2308475290e-01  3.9634633060e-03 
1333.000  3.3162361640e-01  4.1392984390e-03 
1334.000  3.3203852160e-01  4.2434573170e-03 
1335.000  3.3232357360e-01  4.3208413120e-03 
1336.000  3.2872598370e-01  4.2990322110e-03 
1337.000  3.2979028360e-01  4.3189249040e-03 
1338.000  3.2954683460e-01  4.3698716160e-03 
1339.000  3.2600591530e-01  4.3295278550e-03 
1340.000  3.2366585680e-01  4.3440303800e-03 
1341.000  3.2855128600e-01  4.3543524740e-03 
1342.000  3.2774723090e-01  4.3501887320e-03 
1343.000  3.2771848330e-01  4.1681671140e-03 
1344.000  3.2622048860e-01  3.9945693020e-03 
1345.000  3.2371970830e-01  3.6741585730e-03 
1346.000  3.1854801290e-01  3.4814407830e-03 
1347.000  3.1915327250e-01  3.4103713040e-03 
1348.000  3.1557566950e-01  3.2917218210e-03 
1349.000  3.1343322950e-01  3.2304685120e-03 
1350.000  3.0703426230e-01  3.0881903170e-03 
1351.000  3.0486602110e-01  3.0139086250e-03 
1352.000  3.0542308570e-01  2.9408934120e-03 
1353.000  2.9957005970e-01  2.7884185310e-03 
1354.000  2.9595159950e-01  2.6987276080e-03 
1355.000  2.9031056560e-01  2.5861434940e-03 
1356.000  2.8603656780e-01  2.4808478360e-03 
1357.000  2.7933662950e-01  2.3396863940e-03 
1358.000  2.7973385920e-01  2.2534594540e-03 
1359.000  2.7201623910e-01  2.0401506420e-03 
1360.000  2.6204727080e-01  1.8708665370e-03 
1361.000  2.6424463970e-01  1.8248362540e-03 
1362.000  2.6198093690e-01  1.7917717700e-03 
1363.000  2.6224420120e-01  1.8878511190e-03 
1364.000  2.6751500650e-01  1.9577004910e-03 
1365.000  2.6737844450e-01  1.9740755560e-03 
1366.000  2.6925627460e-01  2.0245482920e-03 
1367.000  2.6430611110e-01  1.9401919840e-03 
1368.000  2.6432980130e-01  1.8967374560e-03 
1369.000  2.5956737740e-01  1.8728593590e-03 
1370.000  2.6507945470e-01  2.0222902300e-03 
1371.000  2.7286025810e-01  2.2337415220e-03 
1372.000  2.8369983110e-01  2.4801940920e-03 
1373.000  2.8780331390e-01  2.6114478110e-03 
1374.000  2.9109131980e-01  2.6911756990e-03 
1375.000  2.8700141290e-01  2.6754040720e-03 
1376.000  2.8271203590e-01  2.6186947820e-03 
1377.000  2.8529074200e-01  2.6066017150e-03 
1378.000  2.8039214410e-01  2.4933495520e-03 
1379.000  2.7853742820e-01  2.3729972840e-03 
1380.000  2.6854806150e-01  2.1442322730e-03 
1381.000  2.6249345830e-01  1.9570466280e-03 
1382.000  2.5434867470e-01  1.8206706050e-03 
1383.000  2.5657374190e-01  1.8279079200e-03 
1384.000  2.6227068440e-01  1.9827742580e-03 
1385.000  2.6435455670e-01  2.0876317020e-03 
1386.000  2.7233363570e-01  2.2566094400e-03 
1387.000  2.7623759190e-01  2.4465045930e-03 
1388.000  2.8202806270e-01  2.5688209530e-03 
1389.000  2.8427334150e-01  2.6197428700e-03 
1390.000  2.7926167190e-01  2.5826280120e-03 
1391.000  2.8199713060e-01  2.5830309390e-03 
1392.000  2.7755589310e-01  2.4694170950e-03 
1393.000  2.7301168850e-01  2.3576574330e-03 
1394.000  2.6695999020e-01  2.2382431030e-03 
1395.000  2.6826069340e-01  2.2792971130e-03 
1396.000  2.7419053690e-01  2.4101078510e-03 
1397.000  2.7725845810e-01  2.5006256100e-03 
1398.000  2.7746989690e-01  2.5096628670e-03 
1399.000  2.7565665620e-01  2.4716835020e-03 
1400.000  2.6765297180e-01  2.3892290590e-03 
1401.000  2.6886491290e-01  2.4059038160e-03 
1402.000  2.7542949600e-01  2.5130274300e-03 
1403.000  2.7473022970e-01  2.5350189210e-03 
1404.000  2.7264728970e-01  2.4978115560e-03 
1405.000  2.7281361640e-01  2.5008237360e-03 
1406.000  2.7242893070e-01  2.4741106030e-03 
1407.000  2.7269942100e-01  2.4741322990e-03 
1408.000  2.7354165730e-01  2.5269279480e-03 
1409.000  2.7645716250e-01  2.5854661460e-03 
1410.000  2.7764864840e-01  2.6517589090e-03 
1411.000  2.7972055090e-01  2.7091145520e-03 
1412.000  2.6879000500e-01  2.5979464050e-03 
1413.000  2.7398056120e-01  2.6586561200e-03 
1414.000  2.7756387930e-01  2.6773209570e-03 
1415.000  2.7740281690e-01  2.6949348450e-03 
1416.000  2.7689414890e-01  2.7076356410e-03 
1417.000  2.7891525000e-01  2.7214965820e-03 
1418.000  2.7902424840e-01  2.7180430890e-03 
1419.000  2.7505017290e-01  2.6729469300e-03 
1420.000  2.7444658320e-01  2.6688373090e-03 
1421.000  2.7900160160e-01  2.7386765480e-03 
1422.000  2.7276767330e-01  2.6857199670e-03 
1423.000  2.7110676200e-01  2.6650128360e-03 
1424.000  2.7135189690e-01  2.6554334160e-03 
1425.000  2.7658791820e-01  2.6826436520e-03 
1426.000  2.6539594800e-01  2.5660941600e-03 
1427.000  2.6953709050e-01  2.6126439570e-03 
1428.000  2.7538708330e-01  2.6728501320e-03 
1429.000  2.6892855260e-01  2.6154365540e-03 
1430.000  2.6308683920e-01  2.5437252520e-03 
1431.000  2.6248356130e-01  2.4929738040e-03 
1432.000  2.6725496180e-01  2.5092418190e-03 
1433.000  2.6739071930e-01  2.4995844360e-03 
1434.000  2.6200157440e-01  2.4307782650e-03 
1435.000  2.6519818690e-01  2.4743235110e-03 
1436.000  2.6523395950e-01  2.4748942850e-03 
1437.000  2.6628163430e-01  2.4795405860e-03 
1438.000  2.6563373050e-01  2.4916157720e-03 
1439.000  2.6877425700e-01  2.5149934290e-03 
1440.000  2.5213701830e-01  2.3615610600e-03 
1441.000  2.6484268010e-01  2.4757928850e-03 
1442.000  2.5867640690e-01  2.3986752030e-03 
1443.000  2.6297177120e-01  2.4274420740e-03 
1444.000  2.6425052280e-01  2.4371640680e-03 
1445.000  2.6345293330e-01  2.4213585850e-03 
1446.000  2.6628102040e-01  2.4553799630e-03 
1447.000  2.6506372120e-01  2.4519279000e-03 
1448.000  2.6709014390e-01  2.4621984960e-03 
1449.000  2.6698376350e-01  2.4377207760e-03 
1450.000  2.6518737680e-01  2.3889789580e-03 
1451.000  2.6347735600e-01  2.3684532640e-03 
1452.000  2.6023353310e-01  2.3593633170e-03 
1453.000  2.6518668130e-01  2.4594779010e-03 
1454.000  2.6621712330e-01  2.5442509650e-03 
1455.000  2.6285001710e-01  2.5646643640e-03 
1456.000  2.6272997570e-01  2.6220428940e-03 
1457.000  2.6524901590e-01  2.6420376300e-03 
1458.000  2.6887585400e-01  2.6786379810e-03 
1459.000  2.6987472470e-01  2.6166193490e-03 
1460.000  2.6528306430e-01  2.5112185480e-03 
1461.000  2.6470352910e-01  2.4653856750e-03 
1462.000  2.6181264800e-01  2.3640165330e-03 
1463.000  2.6006640740e-01  2.3334383960e-03 
1464.000  2.5989501750e-01  2.3013176920e-03 
1465.000  2.6290069430e-01  2.2764184470e-03 
1466.000  2.5663891010e-01  2.1678373810e-03 
1467.000  2.6279024450e-01  2.1804358960e-03 
1468.000  2.5632280260e-01  2.0874588490e-03 
1469.000  2.5914910800e-01  2.0605771540e-03 
1470.000  2.5765431820e-01  2.0230722430e-03 
1471.000  2.5358011490e-01  2.0172350410e-03 
1472.000  2.5511248410e-01  2.0778210160e-03 
1473.000  2.5735729430e-01  2.1890444760e-03 
1474.000  2.5027158750e-01  2.2130501270e-03 
1475.000  2.5559290810e-01  2.2473409180e-03 
1476.000  2.5599704380e-01  2.2379283910e-03 
1477.000  2.5674825350e-01  2.2000544070e-03 
1478.000  2.5303448700e-01  2.1258625980e-03 
1479.000  2.5593323930e-01  2.0981118680e-03 
1480.000  2.5733553200e-01  2.1218888760e-03 
1481.000  2.5349920620e-01  2.1286644940e-03 
1482.000  2.5665542260e-01  2.2048087120e-03 
1483.000  2.5136912010e-01  2.1683266160e-03 
1484.000  2.5369263550e-01  2.1856687070e-03 
1485.000  2.5852167580e-01  2.2121510510e-03 
1486.000  2.5426183600e-01  2.2249927520e-03 
1487.000  2.5455262180e-01  2.3414051530e-03 
1488.000  2.2253007980e-01  2.0538406370e-03 
1489.000  2.5551160510e-01  2.5293676850e-03 
1490.000  2.5610644070e-01  2.7001779080e-03 
1491.000  2.5865199450e-01  2.8488135340e-03 
1492.000  2.5264179650e-01  2.8044853210e-03 
1493.000  2.5831928890e-01  2.9551198480e-03 
1494.000  2.5733795170e-01  2.9517288210e-03 
1495.000  2.5553741230e-01  3.0101060870e-03 
1496.000  2.4798061730e-01  3.0580625530e-03 
1497.000  2.5380487840e-01  3.1222167020e-03 
1498.000  2.5637539330e-01  3.2827954290e-03 
1499.000  2.5206335180e-01  3.3459839820e-03 
1500.000  2.5636182640e-01  3.4894678590e-03 
1501.000  2.5599583220e-01  3.4391222000e-03 
1502.000  2.5401864300e-01  3.3513219360e-03 
1503.000  2.2809383760e-01  2.9645128250e-03 
1504.000  2.3763819480e-01  3.1104323860e-03 
1505.000  2.3689994270e-01  3.2105469700e-03 
1506.000  2.4009381900e-01  3.2813913820e-03 
1507.000  2.5110558080e-01  3.5403494830e-03 
1508.000  2.4718465250e-01  3.5515234470e-03 
1509.000  2.4825245580e-01  3.6409301760e-03 
1510.000  2.5208873930e-01  3.7358925340e-03 
1511.000  2.5323515030e-01  3.8136231900e-03 
1512.000  2.4848134370e-01  3.7851819990e-03 
1513.000  2.4806531460e-01  3.8162722590e-03 
1514.000  2.4466974070e-01  3.7853672500e-03 
1515.000  2.4947774090e-01  3.8796100620e-03 
1516.000  2.4716275170e-01  3.8180646900e-03 
1517.000  2.4569902850e-01  3.7825453280e-03 
1518.000  2.5022739110e-01  3.8653388020e-03 
1519.000  2.4651400890e-01  3.8268332480e-03 
1520.000  2.4803051020e-01  3.9219584470e-03 
1521.000  2.4330609070e-01  3.9366037850e-03 
1522.000  2.4188220210e-01  3.9598124030e-03 
1523.000  2.4776984030e-01  4.1183743480e-03 
1524.000  2.4601112750e-01  4.1189188960e-03 
1525.000  2.4052879730e-01  4.0400028230e-03 
1526.000  2.4730399190e-01  4.1350922580e-03 
1527.000  2.4463131260e-01  4.0896658900e-03 
1528.000  2.4611459810e-01  4.1215844150e-03 
1529.000  2.4533583530e-01  4.0843977930e-03 
1530.000  2.2950427330e-01  3.8214695450e-03 
1531.000  2.4522900240e-01  4.0584554670e-03 
1532.000  2.4365597010e-01  4.0100607870e-03 
1533.000  2.4242501800e-01  3.9563660620e-03 
1534.000  2.3857247180e-01  3.8594601150e-03 
1535.000  2.3918675950e-01  3.8360772130e-03 
1536.000  2.4238533980e-01  3.9219923020e-03 
1537.000  2.4294805920e-01  3.9808988570e-03 
1538.000  2.3610324010e-01  3.9195694920e-03 
1539.000  2.4093117970e-01  4.0490851400e-03 
1540.000  2.3210298260e-01  3.9409110550e-03 
1541.000  2.3686537330e-01  4.0265312190e-03 
1542.000  2.3827385360e-01  4.0448026660e-03 
1543.000  2.3738731940e-01  4.0320611000e-03 
1544.000  2.4007248560e-01  4.0847930910e-03 
1545.000  2.4047391740e-01  4.1072487830e-03 
1546.000  2.4026718670e-01  4.1336903570e-03 
1547.000  2.3761506300e-01  4.1158032420e-03 
1548.000  2.3040998220e-01  4.0168066020e-03 
1549.000  2.3631540160e-01  4.1364455220e-03 
1550.000  2.3500341070e-01  4.1277494430e-03 
1551.000  2.3377318040e-01  4.0961532590e-03 
1552.000  2.3774679730e-01  4.1439723970e-03 
1553.000  2.3640552580e-01  4.1042532920e-03 
1554.000  2.2774368590e-01  3.9322814940e-03 
1555.000  2.3139619920e-01  3.9822485450e-03 
1556.000  2.2689108490e-01  3.9277169700e-03 
1557.000  2.3425617220e-01  4.1082921030e-03 
1558.000  2.3246187360e-01  4.1216936110e-03 
1559.000  2.3257291080e-01  4.1663222310e-03 
1560.000  2.2855673740e-01  4.1421546940e-03 
1561.000  2.3399449150e-01  4.2528958320e-03 
1562.000  2.3406964870e-01  4.2275071140e-03 
1563.000  2.3073020570e-01  4.1483392720e-03 
1564.000  2.2638702780e-01  4.0422315600e-03 
1565.000  2.3030049410e-01  4.0768842700e-03 
1566.000  2.2593667790e-01  4.0053243640e-03 
1567.000  2.2658929030e-01  4.0201520920e-03 
1568.000  2.2278017840e-01  3.9434514050e-03 
1569.000  2.2460866440e-01  3.9627323150e-03 
1570.000  2.1957129080e-01  3.8733530040e-03 
1571.000  2.2545471250e-01  4.0049395560e-03 
1572.000  2.2565743160e-01  4.0197978020e-03 
1573.000  2.2188095170e-01  3.9828660490e-03 
1574.000  2.2210255890e-01  4.0258646010e-03 
1575.000  2.0598268610e-01  3.7632598880e-03 
1576.000  2.2129367490e-01  4.0458960530e-03 
1577.000  1.9973227080e-01  3.6191217900e-03 
1578.000  2.1844914450e-01  3.9229867460e-03 
1579.000  2.1938303490e-01  3.9102795120e-03 
1580.000  2.2328884350e-01  3.9595394130e-03 
1581.000  2.2180817960e-01  3.9012138840e-03 
1582.000  2.1671047290e-01  3.8444261550e-03 
1583.000  2.1879943300e-01  3.9131016730e-03 
1584.000  2.1633706000e-01  3.9007942680e-03 
1585.000  2.2236094140e-01  4.0356764790e-03 
1586.000  2.1956793600e-01  3.9955329900e-03 
1587.000  2.1689230940e-01  3.9738283160e-03 
1588.000  2.1342300030e-01  3.9346981050e-03 
1589.000  1.9520966420e-01  3.6078894140e-03 
1590.000  2.1036251710e-01  3.8994278910e-03 
1591.000  2.0564926130e-01  3.8255543710e-03 
1592.000  2.1655655280e-01  4.0363798140e-03 
1593.000  2.2147428750e-01  4.1317582130e-03 
1594.000  2.1991998690e-01  4.1055812840e-03 
1595.000  2.2138485460e-01  4.1349129680e-03 
1596.000  2.0737898310e-01  3.8892738820e-03 
1597.000  2.1583691530e-01  4.0422072410e-03 
1598.000  2.1990999530e-01  4.1041097640e-03 
1599.000  2.1254821830e-01  3.9474318030e-03 
1600.000  2.1609050620e-01  4.0017113690e-03 
1601.000  2.0699390990e-01  3.8491048810e-03 
1602.000  2.1228716570e-01  3.9817414280e-03 
1603.000  2.1067693530e-01  4.0029149060e-03 
1604.000  2.1326412640e-01  4.1104259490e-03 
1605.000  2.1011105010e-01  4.0889062880e-03 
1606.000  2.0925556880e-01  4.1137752530e-03 
1607.000  2.1013514930e-01  4.0979142190e-03 
1608.000  2.1252943930e-01  4.1123261450e-03 
1609.000  2.1171238430e-01  4.0705313680e-03 
1610.000  1.9850172980e-01  3.7959001060e-03 
1611.000  2.0420821920e-01  3.8997423650e-03 
1612.000  2.0595437010e-01  3.9298305510e-03 
1613.000  2.1035015210e-01  4.0087342260e-03 
1614.000  2.0828571530e-01  3.9401879310e-03 
1615.000  2.1154992370e-01  3.9913630490e-03 
1616.000  1.9820865790e-01  3.7269408700e-03 
1617.000  2.0392137030e-01  3.8787236210e-03 
1618.000  2.1027516660e-01  4.0255622860e-03 
1619.000  2.0953107460e-01  4.0572352410e-03 
1620.000  2.0418056160e-01  3.9979505540e-03 
1621.000  2.0111976390e-01  3.9749388690e-03 
1622.000  2.0618207360e-01  4.0808939930e-03 
1623.000  2.1031028550e-01  4.1776070590e-03 
1624.000  2.1176370580e-01  4.2165722850e-03 
1625.000  2.0644566660e-01  4.1363763810e-03 
1626.000  2.0897713440e-01  4.1772832870e-03 
1627.000  2.0870750050e-01  4.1913084980e-03 
1628.000  2.1038466930e-01  4.2354431150e-03 
1629.000  2.1035413600e-01  4.2435178760e-03 
1630.000  2.0464315500e-01  4.1298861500e-03 
1631.000  2.0784387320e-01  4.2064037320e-03 
1632.000  2.0789634710e-01  4.1534147260e-03 
1633.000  2.0522078230e-01  4.0606150630e-03 
1634.000  2.0041874050e-01  3.9239425660e-03 
1635.000  2.0579215640e-01  3.9926748280e-03 
1636.000  2.0524762210e-01  3.9388327600e-03 
1637.000  1.9610971670e-01  3.7243022920e-03 
1638.000  1.9467673540e-01  3.6669468880e-03 
1639.000  1.9273672430e-01  3.5864350800e-03 
1640.000  1.9389287160e-01  3.5725214480e-03 
1641.000  1.9269293970e-01  3.5272026060e-03 
1642.000  1.9245275480e-01  3.5882427690e-03 
1643.000  1.9739898740e-01  3.7428548340e-03 
1644.000  1.9434434460e-01  3.7446098330e-03 
1645.000  1.9477745670e-01  3.8090941910e-03 
1646.000  1.9711843170e-01  3.9090762140e-03 
1647.000  1.9896929220e-01  3.9428460600e-03 
1648.000  1.9820066600e-01  3.9177803990e-03 
1649.000  1.9367284930e-01  3.8241765500e-03 
1650.000  1.9858046960e-01  3.9191889760e-03 
1651.000  1.9410620510e-01  3.8288192750e-03 
1652.000  1.9798018230e-01  3.9015226360e-03 
1653.000  1.9575714900e-01  3.8654146190e-03 
1654.000  1.9795357240e-01  3.9109671120e-03 
1655.000  1.9398590080e-01  3.8428750040e-03 
1656.000  1.9771187660e-01  3.9235873220e-03 
1657.000  1.9627875860e-01  3.8955585960e-03 
1658.000  1.9733916610e-01  3.9249491690e-03 
1659.000  1.9370421180e-01  3.8538212780e-03 
1660.000  1.9606804410e-01  3.8942964080e-03 
1661.000  1.9683750580e-01  3.8918094640e-03 
1662.000  1.9551508480e-01  3.8058900830e-03 
1663.000  1.9428439910e-01  3.7294793130e-03 
1664.000  1.9346198100e-01  3.6605284210e-03 
1665.000  1.9148660230e-01  3.5699343680e-03 
1666.000  1.9055447610e-01  3.5445392130e-03 
1667.000  1.9207714450e-01  3.6290638450e-03 
1668.000  1.8882281190e-01  3.6057765480e-03 
1669.000  1.8912512330e-01  3.6575634480e-03 
1670.000  1.9319739020e-01  3.7834708690e-03 
1671.000  1.9172201570e-01  3.8030607700e-03 
1672.000  1.8264115260e-01  3.6789941790e-03 
1673.000  1.8802182780e-01  3.8344285490e-03 
1674.000  1.8889552570e-01  3.9031255250e-03 
1675.000  1.8714511630e-01  3.9240252970e-03 
1676.000  1.8416413010e-01  3.8802621360e-03 
1677.000  1.8504943060e-01  3.8967533110e-03 
1678.000  1.8591794520e-01  3.9194548130e-03 
1679.000  1.8344550620e-01  3.8609390260e-03 
1680.000  1.7703662360e-01  3.7289037700e-03 
1681.000  1.7083105860e-01  3.5994503500e-03 
1682.000  1.7576429460e-01  3.7012486460e-03 
1683.000  1.8015763330e-01  3.7878391740e-03 
1684.000  1.8351859850e-01  3.8533155920e-03 
1685.000  1.8423756510e-01  3.8523950580e-03 
1686.000  1.8201470500e-01  3.7932589050e-03 
1687.000  1.8303084110e-01  3.7757740020e-03 
1688.000  1.8337275710e-01  3.7493414880e-03 
1689.000  1.8116273840e-01  3.6872701640e-03 
1690.000  1.8132610230e-01  3.6547300820e-03 
1691.000  1.8369893310e-01  3.7116785050e-03 
1692.000  1.8403324480e-01  3.7355344300e-03 
1693.000  1.8333359590e-01  3.7417283060e-03 
1694.000  1.8305619470e-01  3.7533850670e-03 
1695.000  1.8326544790e-01  3.7632794380e-03 
1696.000  1.8219369130e-01  3.7060635090e-03 
1697.000  1.8115297100e-01  3.6384150980e-03 
1698.000  1.8224622760e-01  3.6174225810e-03 
1699.000  1.8106865560e-01  3.5546772480e-03 
1700.000  1.7874747050e-01  3.4722802640e-03 
