 lambda   Irr_dw            Rad_up 
 550.000  1.5535961000e+00  4.7480747220e-02 
 551.000  1.5433352300e+00  4.7010219570e-02 
 552.000  1.6092188000e+00  4.8981830600e-02 
 553.000  1.5456473100e+00  4.6863590240e-02 
 554.000  1.5956146000e+00  4.8319030760e-02 
 555.000  1.5996005900e+00  4.8218235020e-02 
 556.000  1.5550588700e+00  4.6666027070e-02 
 557.000  1.5085553400e+00  4.5223304750e-02 
 558.000  1.5654996700e+00  4.6720844270e-02 
 559.000  1.4794266900e+00  4.4021186830e-02 
 560.000  1.4856887600e+00  4.4154247280e-02 
 561.000  1.6326390200e+00  4.8288455960e-02 
 562.000  1.4988199800e+00  4.4246429440e-02 
 563.000  1.5680296600e+00  4.6077545170e-02 
 564.000  1.5460437300e+00  4.5155170440e-02 
 565.000  1.5647903200e+00  4.5629188540e-02 
 566.000  1.4428078400e+00  4.1876979830e-02 
 567.000  1.5489821600e+00  4.4637557980e-02 
 568.000  1.5495602300e+00  4.4057689670e-02 
 569.000  1.5281768000e+00  4.2265640260e-02 
 570.000  1.5347107200e+00  4.2438125610e-02 
 571.000  1.4738053400e+00  4.1316303250e-02 
 572.000  1.5645791500e+00  4.3114475250e-02 
 573.000  1.5794288800e+00  4.3608558650e-02 
 574.000  1.5703784000e+00  4.3255989070e-02 
 575.000  1.5325867200e+00  4.2020526890e-02 
 576.000  1.5049987200e+00  4.1131858830e-02 
 577.000  1.5656165500e+00  4.2794368740e-02 
 578.000  1.5172045900e+00  4.1723194120e-02 
 579.000  1.5033991500e+00  4.1329307560e-02 
 580.000  1.5532209800e+00  4.2898582460e-02 
 581.000  1.5221217100e+00  4.2162403110e-02 
 582.000  1.5430696300e+00  4.2609485630e-02 
 583.000  1.5529711400e+00  4.2930530550e-02 
 584.000  1.5473170900e+00  4.2574588780e-02 
 585.000  1.5367153900e+00  4.2123012540e-02 
 586.000  1.4703654100e+00  4.0253494260e-02 
 587.000  1.5309367500e+00  4.1347404480e-02 
 588.000  1.5290609900e+00  3.9936073300e-02 
 589.000  1.3746781700e+00  3.4272048950e-02 
 590.000  1.4365562700e+00  3.5702919010e-02 
 591.000  1.5118400200e+00  3.8552177430e-02 
 592.000  1.4904702800e+00  3.7235111240e-02 
 593.000  1.4897437000e+00  3.8346767430e-02 
 594.000  1.5070249000e+00  3.8452953340e-02 
 595.000  1.4896864800e+00  3.7026679990e-02 
 596.000  1.5099262500e+00  3.8750713350e-02 
 597.000  1.5179782900e+00  3.8466514590e-02 
 598.000  1.4800872400e+00  3.8003902440e-02 
 599.000  1.4776155100e+00  3.8093257900e-02 
 600.000  1.4717363000e+00  3.8400703430e-02 
 601.000  1.4593321000e+00  3.8428508760e-02 
 602.000  1.4418820900e+00  3.7963146210e-02 
 603.000  1.4491222000e+00  3.8267292020e-02 
 604.000  1.4937676800e+00  3.9596397400e-02 
 605.000  1.4893450100e+00  3.9322834010e-02 
 606.000  1.4718670000e+00  3.8908458710e-02 
 607.000  1.4634105800e+00  3.8579589840e-02 
 608.000  1.4579203000e+00  3.8298580170e-02 
 609.000  1.4428742700e+00  3.7871437070e-02 
 610.000  1.4196722600e+00  3.7134510040e-02 
 611.000  1.4426421500e+00  3.7682212830e-02 
 612.000  1.4238175900e+00  3.7147972110e-02 
 613.000  1.4029861300e+00  3.6490200040e-02 
 614.000  1.3518450600e+00  3.5142307280e-02 
 615.000  1.4171354000e+00  3.6679439540e-02 
 616.000  1.3474448500e+00  3.4868606570e-02 
 617.000  1.3551287700e+00  3.5017513280e-02 
 618.000  1.4191760300e+00  3.6484241490e-02 
 619.000  1.4063625400e+00  3.6177291870e-02 
 620.000  1.4273602200e+00  3.6527141570e-02 
 621.000  1.4522177500e+00  3.7121154790e-02 
 622.000  1.3759463400e+00  3.5065994260e-02 
 623.000  1.3871626900e+00  3.5131961820e-02 
 624.000  1.3891097400e+00  3.5230716710e-02 
 625.000  1.3519196100e+00  3.4252315520e-02 
 626.000  1.3598414100e+00  3.4206394200e-02 
 627.000  1.3882835700e+00  3.4390518190e-02 
 628.000  1.3948651600e+00  3.3091476440e-02 
 629.000  1.4157313100e+00  3.4140518190e-02 
 630.000  1.3649294500e+00  3.3305747990e-02 
 631.000  1.4106896700e+00  3.4513591770e-02 
 632.000  1.3161909300e+00  3.1958877560e-02 
 633.000  1.4062675500e+00  3.4512012480e-02 
 634.000  1.3617207500e+00  3.3577247620e-02 
 635.000  1.3861998400e+00  3.4199077610e-02 
 636.000  1.3360105500e+00  3.3030410770e-02 
 637.000  1.3792844100e+00  3.4152076720e-02 
 638.000  1.3980116600e+00  3.4751808170e-02 
 639.000  1.3861810100e+00  3.4284778590e-02 
 640.000  1.3412690200e+00  3.3423915860e-02 
 641.000  1.3604945700e+00  3.3840801240e-02 
 642.000  1.3431625600e+00  3.3420948030e-02 
 643.000  1.3683306800e+00  3.3857036590e-02 
 644.000  1.3525595500e+00  3.3320716860e-02 
 645.000  1.3667742000e+00  3.3501598360e-02 
 646.000  1.3245912000e+00  3.1465831760e-02 
 647.000  1.3498347100e+00  3.1380073550e-02 
 648.000  1.3553990800e+00  3.0999507900e-02 
 649.000  1.3753931300e+00  3.1760189060e-02 
 650.000  1.2622021500e+00  3.0080732350e-02 
 651.000  1.3597447600e+00  3.2372173310e-02 
 652.000  1.3451893600e+00  3.1116394040e-02 
 653.000  1.3588529400e+00  3.2412715910e-02 
 654.000  1.3426348800e+00  3.1736961360e-02 
 655.000  1.3120416500e+00  3.0602266310e-02 
 656.000  1.1125962500e+00  2.6002416610e-02 
 657.000  1.1852413400e+00  2.7861902240e-02 
 658.000  1.3158318300e+00  3.1350006100e-02 
 659.000  1.3164956300e+00  3.1498174670e-02 
 660.000  1.3257781700e+00  3.1807178500e-02 
 661.000  1.3283866400e+00  3.2171211240e-02 
 662.000  1.3460588300e+00  3.2691139220e-02 
 663.000  1.3315030600e+00  3.2208370210e-02 
 664.000  1.3098445500e+00  3.1682886120e-02 
 665.000  1.3151864800e+00  3.1784835820e-02 
 666.000  1.3304590400e+00  3.2277477260e-02 
 667.000  1.3036586600e+00  3.1517683030e-02 
 668.000  1.3105146100e+00  3.1798643110e-02 
 669.000  1.3291163900e+00  3.2292675020e-02 
 670.000  1.3131077500e+00  3.1732416150e-02 
 671.000  1.2990310300e+00  3.1409141540e-02 
 672.000  1.2947383300e+00  3.1262468340e-02 
 673.000  1.3039467800e+00  3.1424322130e-02 
 674.000  1.3064144200e+00  3.1475004200e-02 
 675.000  1.2864047800e+00  3.0910593030e-02 
 676.000  1.3106327100e+00  3.1485897060e-02 
 677.000  1.2845023100e+00  3.0859184270e-02 
 678.000  1.3056852700e+00  3.1303789140e-02 
 679.000  1.2872883000e+00  3.0761016850e-02 
 680.000  1.2778477800e+00  3.0497648240e-02 
 681.000  1.2798347100e+00  3.0445648190e-02 
 682.000  1.2773993300e+00  3.0250776290e-02 
 683.000  1.2860923900e+00  3.0327461240e-02 
 684.000  1.2638922800e+00  2.9767349240e-02 
 685.000  1.2775601200e+00  3.0019691470e-02 
 686.000  1.2243942900e+00  2.8353935240e-02 
 687.000  1.2254542800e+00  2.4514959340e-02 
 688.000  1.2263475900e+00  2.5484882350e-02 
 689.000  1.2298973300e+00  2.5347646710e-02 
 690.000  1.2358341200e+00  2.5981435780e-02 
 691.000  1.2407859800e+00  2.6759033200e-02 
 692.000  1.2333031200e+00  2.6915477750e-02 
 693.000  1.2414466200e+00  2.6133640290e-02 
 694.000  1.2550751000e+00  2.5699079510e-02 
 695.000  1.2320891700e+00  2.5607173920e-02 
 696.000  1.2458873500e+00  2.6137447360e-02 
 697.000  1.2448307200e+00  2.7758993150e-02 
 698.000  1.2225423900e+00  2.6806327820e-02 
 699.000  1.2483936700e+00  2.5994834900e-02 
 700.000  1.2334620800e+00  2.5844045640e-02 
 701.000  1.2065663100e+00  2.4927595140e-02 
 702.000  1.2003592200e+00  2.4993736270e-02 
 703.000  1.2149567200e+00  2.6324855800e-02 
 704.000  1.2184897500e+00  2.6465824130e-02 
 705.000  1.2289627500e+00  2.6192266460e-02 
 706.000  1.2158374200e+00  2.5994289400e-02 
 707.000  1.1972605200e+00  2.5759077070e-02 
 708.000  1.2316733700e+00  2.6683349610e-02 
 709.000  1.1872175700e+00  2.6059314730e-02 
 710.000  1.2154703200e+00  2.6183183670e-02 
 711.000  1.2024547300e+00  2.6274189000e-02 
 712.000  1.1850555800e+00  2.6274263380e-02 
 713.000  1.1806647800e+00  2.5830295560e-02 
 714.000  1.2009612700e+00  2.6070524220e-02 
 715.000  1.1598621100e+00  2.4654783250e-02 
 716.000  1.1910447300e+00  2.4778993610e-02 
 717.000  1.1613141700e+00  2.1678571700e-02 
 718.000  1.1551646400e+00  2.0111057280e-02 
 719.000  1.1418657000e+00  1.9267406460e-02 
 720.000  1.1501970300e+00  1.8740230560e-02 
 721.000  1.1485426900e+00  2.1952034000e-02 
 722.000  1.1646337200e+00  2.3365932460e-02 
 723.000  1.1622599200e+00  2.2565397260e-02 
 724.000  1.1693107500e+00  2.0766492840e-02 
 725.000  1.1565504000e+00  2.0804349900e-02 
 726.000  1.1544354100e+00  2.0679225920e-02 
 727.000  1.1715180200e+00  2.1178258900e-02 
 728.000  1.1513904400e+00  2.0577102660e-02 
 729.000  1.1056357100e+00  2.0392150880e-02 
 730.000  1.1464896200e+00  2.1020307540e-02 
 731.000  1.1275912600e+00  2.0609333040e-02 
 732.000  1.1487254700e+00  2.2120964050e-02 
 733.000  1.1308587300e+00  2.3053840640e-02 
 734.000  1.1540593700e+00  2.4111749650e-02 
 735.000  1.1448560800e+00  2.3632238390e-02 
 736.000  1.1238454600e+00  2.2803234100e-02 
 737.000  1.1384279100e+00  2.3339038850e-02 
 738.000  1.1349736700e+00  2.3691585540e-02 
 739.000  1.0981248900e+00  2.3143108370e-02 
 740.000  1.1080977500e+00  2.3774717330e-02 
 741.000  1.0990288100e+00  2.3928199770e-02 
 742.000  1.0808739200e+00  2.3659471510e-02 
 743.000  1.1123227500e+00  2.4638113020e-02 
 744.000  1.1227488900e+00  2.5018947600e-02 
 745.000  1.0934327000e+00  2.4493391040e-02 
 746.000  1.1085656300e+00  2.4857847210e-02 
 747.000  1.1251657600e+00  2.5192853930e-02 
 748.000  1.1049489200e+00  2.4728517530e-02 
 749.000  1.1051456300e+00  2.4746316910e-02 
 750.000  1.0890083200e+00  2.4287696840e-02 
 751.000  1.0862054700e+00  2.4210813520e-02 
 752.000  1.1026625100e+00  2.4622249600e-02 
 753.000  1.0922244800e+00  2.4390367510e-02 
 754.000  1.1093255700e+00  2.4766870500e-02 
 755.000  1.1029637200e+00  2.4609672550e-02 
 756.000  1.0813681700e+00  2.4115667340e-02 
 757.000  1.0893602900e+00  2.4276641850e-02 
 758.000  1.0882264000e+00  2.4173526760e-02 
 759.000  1.0470641900e+00  2.1321044920e-02 
 760.000  8.2383276700e-01  8.6173782350e-03 
 761.000  7.9393484900e-01  7.6336803440e-03 
 762.000  9.2602286500e-01  1.3797818180e-02 
 763.000  9.1117174400e-01  1.1927539830e-02 
 764.000  9.3454387100e-01  1.3021407130e-02 
 765.000  9.8082714500e-01  1.5814429280e-02 
 766.000  9.7251830200e-01  1.8146781920e-02 
 767.000  1.0023786370e+00  1.9894676210e-02 
 768.000  1.0512797000e+00  2.1824024200e-02 
 769.000  1.0527312500e+00  2.2585784910e-02 
 770.000  1.0500484000e+00  2.2902315140e-02 
 771.000  1.0514886000e+00  2.3145345690e-02 
 772.000  1.0476143200e+00  2.3098852160e-02 
 773.000  1.0433014800e+00  2.3011623380e-02 
 774.000  1.0543110100e+00  2.3264713290e-02 
 775.000  1.0146001100e+00  2.2389089580e-02 
 776.000  1.0563141400e+00  2.3351627350e-02 
 777.000  1.0489989500e+00  2.3160516740e-02 
 778.000  1.0434566200e+00  2.2984718320e-02 
 779.000  1.0469303900e+00  2.2991758350e-02 
 780.000  1.0340606200e+00  2.2726446150e-02 
 781.000  1.0322007700e+00  2.2669984820e-02 
 782.000  1.0447348000e+00  2.2852973940e-02 
 783.000  1.0204015370e+00  2.2408054350e-02 
 784.000  1.0263090950e+00  2.2478261950e-02 
 785.000  1.0296855000e+00  2.2338518140e-02 
 786.000  1.0128247550e+00  2.1827381130e-02 
 787.000  1.0297077610e+00  2.1705438610e-02 
 788.000  1.0152421770e+00  2.1230379100e-02 
 789.000  1.0243766630e+00  2.0768600460e-02 
 790.000  1.0143349840e+00  2.0459428790e-02 
 791.000  1.0086024330e+00  2.0469137190e-02 
 792.000  9.9215007900e-01  2.0170822140e-02 
 793.000  9.8998652500e-01  2.0353435520e-02 
 794.000  9.7733829400e-01  2.0662843700e-02 
 795.000  9.7363677100e-01  2.0110721590e-02 
 796.000  9.9434607800e-01  1.9818586350e-02 
 797.000  9.9948688500e-01  2.0166156770e-02 
 798.000  9.9746133900e-01  2.0622009280e-02 
 799.000  9.9727883300e-01  2.0431488040e-02 
 800.000  9.7312551200e-01  1.9537044530e-02 
 801.000  9.9114369400e-01  1.9934700010e-02 
 802.000  9.8937613400e-01  1.9809305190e-02 
 803.000  9.7507141200e-01  1.9591085430e-02 
 804.000  9.8305953800e-01  1.9979257580e-02 
 805.000  9.5460895300e-01  1.9763929370e-02 
 806.000  9.7953855000e-01  2.0437223430e-02 
 807.000  9.7347698500e-01  2.0352684020e-02 
 808.000  9.6833276100e-01  2.0067989350e-02 
 809.000  9.5253561000e-01  1.9564210890e-02 
 810.000  9.4890707200e-01  1.9287521360e-02 
 811.000  9.6532088400e-01  1.9291984560e-02 
 812.000  9.6356385900e-01  1.8902040480e-02 
 813.000  9.6103554200e-01  1.8323604580e-02 
 814.000  9.6167192500e-01  1.7855613710e-02 
 815.000  9.5345917900e-01  1.7113550190e-02 
 816.000  9.4738160700e-01  1.6299810410e-02 
 817.000  9.5297603800e-01  1.6409780500e-02 
 818.000  9.4696697800e-01  1.6269062040e-02 
 819.000  9.2082818800e-01  1.6108676910e-02 
 820.000  9.0119486300e-01  1.6518075940e-02 
 821.000  9.2899005700e-01  1.7937368390e-02 
 822.000  9.0438132900e-01  1.6639400480e-02 
 823.000  9.2060630300e-01  1.5198143960e-02 
 824.000  9.3118378000e-01  1.6852499010e-02 
 825.000  9.2726962700e-01  1.8057344440e-02 
 826.000  9.3356999800e-01  1.7891342160e-02 
 827.000  9.3091998500e-01  1.7644105910e-02 
 828.000  9.3079992300e-01  1.6865583420e-02 
 829.000  9.2972589100e-01  1.7059688570e-02 
 830.000  9.1426137500e-01  1.7066858290e-02 
 831.000  8.9803788300e-01  1.6817428590e-02 
 832.000  9.1633045500e-01  1.7154361720e-02 
 833.000  8.8738434300e-01  1.6884246830e-02 
 834.000  8.9986297000e-01  1.7342729570e-02 
 835.000  8.9980849900e-01  1.7639652250e-02 
 836.000  9.1093606700e-01  1.7864091870e-02 
 837.000  9.0350425200e-01  1.7657104490e-02 
 838.000  9.0573096900e-01  1.7945659640e-02 
 839.000  8.7681170000e-01  1.7469301220e-02 
 840.000  9.0002392100e-01  1.7913867950e-02 
 841.000  9.0334286100e-01  1.7805444720e-02 
 842.000  8.9686071600e-01  1.7771921160e-02 
 843.000  8.8863408900e-01  1.8042333600e-02 
 844.000  8.7294671000e-01  1.7887331010e-02 
 845.000  8.8571848900e-01  1.8217969890e-02 
 846.000  8.9307322900e-01  1.8510877610e-02 
 847.000  8.6169231400e-01  1.8011840820e-02 
 848.000  8.8818672700e-01  1.8363986970e-02 
 849.000  8.8970410200e-01  1.8502445220e-02 
 850.000  7.6973388000e-01  1.5852945330e-02 
 851.000  8.8254879100e-01  1.8031951900e-02 
 852.000  8.4904183500e-01  1.7418746950e-02 
 853.000  8.5774014100e-01  1.7640310290e-02 
 854.000  6.8965560100e-01  1.4214941020e-02 
 855.000  7.5865109700e-01  1.5746599200e-02 
 856.000  8.5953042500e-01  1.7881456380e-02 
 857.000  8.7263666700e-01  1.8309406280e-02 
 858.000  8.5835250000e-01  1.8005172730e-02 
 859.000  8.5748256800e-01  1.8040658950e-02 
 860.000  8.4944185300e-01  1.7961097720e-02 
 861.000  8.4929100100e-01  1.7935018540e-02 
 862.000  8.4628378700e-01  1.7806364060e-02 
 863.000  8.6245629700e-01  1.8249776840e-02 
 864.000  8.6058213200e-01  1.8055711750e-02 
 865.000  8.4443849600e-01  1.7852701190e-02 
 866.000  7.0829830200e-01  1.5019729610e-02 
 867.000  7.5430943500e-01  1.5777347560e-02 
 868.000  8.1808974500e-01  1.7201969150e-02 
 869.000  8.0658940500e-01  1.6947450640e-02 
 870.000  8.3991863400e-01  1.7766677860e-02 
 871.000  8.3871714900e-01  1.7668325420e-02 
 872.000  8.3525421500e-01  1.7358207700e-02 
 873.000  8.3873894800e-01  1.7561859130e-02 
 874.000  8.2043521200e-01  1.7092271800e-02 
 875.000  8.1292991200e-01  1.7086988450e-02 
 876.000  8.1989323000e-01  1.7144998550e-02 
 877.000  8.3635488400e-01  1.7331300740e-02 
 878.000  8.2259293000e-01  1.7121633530e-02 
 879.000  8.2454816400e-01  1.7220252990e-02 
 880.000  8.2029915100e-01  1.6934896470e-02 
 881.000  7.7793689900e-01  1.6104698180e-02 
 882.000  8.2118955700e-01  1.6794191360e-02 
 883.000  8.0221290200e-01  1.6596805570e-02 
 884.000  8.0894110700e-01  1.6956665040e-02 
 885.000  8.1829235400e-01  1.6664800640e-02 
 886.000  7.9279823700e-01  1.6173843380e-02 
 887.000  7.8373021100e-01  1.5975510600e-02 
 888.000  8.0728324800e-01  1.6261703490e-02 
 889.000  8.1239644800e-01  1.6659400940e-02 
 890.000  8.1056807300e-01  1.6520299910e-02 
 891.000  8.0753053400e-01  1.6222070690e-02 
 892.000  8.0687987800e-01  1.5970521930e-02 
 893.000  7.8129733100e-01  1.4589297290e-02 
 894.000  8.0971346500e-01  1.4849285130e-02 
 895.000  7.7473231400e-01  1.3530540470e-02 
 896.000  8.0548960300e-01  1.3180325510e-02 
 897.000  7.8693924900e-01  1.2367029190e-02 
 898.000  7.8829294500e-01  1.1992506030e-02 
 899.000  7.8758564400e-01  1.1064492230e-02 
 900.000  7.6791953300e-01  1.0792548180e-02 
 901.000  7.5146830700e-01  1.0377457620e-02 
 902.000  7.3763811200e-01  1.0223479270e-02 
 903.000  7.7372268500e-01  1.2063228610e-02 
 904.000  7.8808648000e-01  1.3105407710e-02 
 905.000  7.8600277800e-01  1.3324656490e-02 
 906.000  7.6518335000e-01  1.2432038310e-02 
 907.000  7.7815434800e-01  1.1616293910e-02 
 908.000  7.5912260700e-01  1.0644729610e-02 
 909.000  7.4423005900e-01  1.0438432690e-02 
 910.000  7.5303337600e-01  1.0640018460e-02 
 911.000  7.5103690900e-01  1.1186743740e-02 
 912.000  7.5266446300e-01  1.0766923900e-02 
 913.000  7.7028200100e-01  1.0240610120e-02 
 914.000  7.6532358200e-01  1.0521390910e-02 
 915.000  7.5269106300e-01  1.0875487330e-02 
 916.000  7.6104718700e-01  1.1011958120e-02 
 917.000  7.4913820200e-01  1.0992848400e-02 
 918.000  7.4533430000e-01  1.1170326230e-02 
 919.000  7.5516368000e-01  1.2511354450e-02 
 920.000  7.4795915400e-01  1.2731919290e-02 
 921.000  7.3158384700e-01  1.2295629500e-02 
 922.000  7.2503596500e-01  1.2280367850e-02 
 923.000  6.9465278400e-01  1.1228947640e-02 
 924.000  7.2403629400e-01  1.1621342660e-02 
 925.000  7.3364950800e-01  1.1665809630e-02 
 926.000  7.0745794200e-01  1.1081518170e-02 
 927.000  7.3381211800e-01  1.1292591090e-02 
 928.000  7.3833029700e-01  1.0487070080e-02 
 929.000  7.2801665700e-01  9.2403774260e-03 
 930.000  7.2618974900e-01  8.0387926100e-03 
 931.000  7.2589356300e-01  7.1442303660e-03 
 932.000  7.1878312300e-01  6.1196231840e-03 
 933.000  7.2074667900e-01  5.5827260020e-03 
 934.000  7.1443805500e-01  5.0719108580e-03 
 935.000  7.0385150400e-01  4.9486231800e-03 
 936.000  6.9878420200e-01  5.0644936560e-03 
 937.000  7.1438189300e-01  5.1388225560e-03 
 938.000  7.0688618200e-01  5.6209177970e-03 
 939.000  7.1314802400e-01  7.5277137760e-03 
 940.000  7.0950868700e-01  7.8808326720e-03 
 941.000  6.9337906900e-01  7.3889884950e-03 
 942.000  6.6684648200e-01  6.4582633970e-03 
 943.000  7.0262378100e-01  5.8835039140e-03 
 944.000  6.8330991400e-01  5.6547589300e-03 
 945.000  6.8985713700e-01  5.9932551380e-03 
 946.000  6.9921337400e-01  6.0971913340e-03 
 947.000  6.9498385500e-01  6.3600111010e-03 
 948.000  6.9918695200e-01  6.5823731420e-03 
 949.000  7.0140202600e-01  6.5892925260e-03 
 950.000  6.9677846700e-01  6.5948867800e-03 
 951.000  6.9264200600e-01  6.9973335270e-03 
 952.000  6.9256985600e-01  6.5463075640e-03 
 953.000  6.9065797300e-01  6.8621511460e-03 
 954.000  6.8398627100e-01  7.1927409170e-03 
 955.000  6.3888195900e-01  6.4434528350e-03 
 956.000  6.8153714200e-01  6.8366813660e-03 
 957.000  6.8118442600e-01  7.9271349910e-03 
 958.000  6.8643591100e-01  8.1780862810e-03 
 959.000  6.8908962700e-01  8.0086803440e-03 
 960.000  6.8257874400e-01  7.8835010530e-03 
 961.000  6.7525751600e-01  7.7035169600e-03 
 962.000  6.7861921400e-01  7.8396401410e-03 
 963.000  6.7721787800e-01  8.5735263820e-03 
 964.000  6.6946820300e-01  8.5966606140e-03 
 965.000  6.7765255000e-01  8.6278400420e-03 
 966.000  6.5809227100e-01  8.4286632540e-03 
 967.000  6.7766340700e-01  9.3097000120e-03 
 968.000  6.7019451900e-01  1.0230955120e-02 
 969.000  6.7428967800e-01  1.0743996620e-02 
 970.000  6.7611856800e-01  1.0797382350e-02 
 971.000  6.7013345800e-01  1.0683566090e-02 
 972.000  6.7488306200e-01  1.0617681500e-02 
 973.000  6.6864691500e-01  1.0220214840e-02 
 974.000  6.5839692300e-01  9.7104835510e-03 
 975.000  6.6168846500e-01  9.5207786560e-03 
 976.000  6.6969749300e-01  9.9110670090e-03 
 977.000  6.5272051200e-01  1.0090873720e-02 
 978.000  6.6886765300e-01  1.0303952220e-02 
 979.000  6.4942950500e-01  1.0119051930e-02 
 980.000  6.5859060400e-01  1.0736188890e-02 
 981.000  6.6307466100e-01  1.0926021580e-02 
 982.000  6.6164660400e-01  1.0786706920e-02 
 983.000  6.5985551000e-01  1.1031329150e-02 
 984.000  6.5543519500e-01  1.1266675950e-02 
 985.000  6.5512263100e-01  1.1451294900e-02 
 986.000  6.4977847000e-01  1.1624748230e-02 
 987.000  6.5716691300e-01  1.1879003520e-02 
 988.000  6.4906454800e-01  1.1754866600e-02 
 989.000  6.4082465300e-01  1.1616345410e-02 
 990.000  6.4628748900e-01  1.1738552090e-02 
 991.000  6.5153133500e-01  1.1934940340e-02 
 992.000  6.4549881100e-01  1.1841767310e-02 
 993.000  6.4545386200e-01  1.1836592670e-02 
 994.000  6.4869066600e-01  1.1980486870e-02 
 995.000  6.4387133500e-01  1.1958931920e-02 
 996.000  6.4376202400e-01  1.1938303950e-02 
 997.000  6.4447946800e-01  1.1880471230e-02 
 998.000  6.4211938000e-01  1.1770429610e-02 
 999.000  6.4055098000e-01  1.1703654290e-02 
1000.000  6.3543845400e-01  1.1609622960e-02 
1001.000  6.3909004200e-01  1.1552845950e-02 
1002.000  6.3844608100e-01  1.1358856200e-02 
1003.000  6.3092094000e-01  1.1254595760e-02 
1004.000  6.2549055900e-01  1.1244735720e-02 
1005.000  5.8433426700e-01  1.0538356780e-02 
1006.000  6.1483449300e-01  1.1093844410e-02 
1007.000  6.2608774100e-01  1.1254119870e-02 
1008.000  6.2898027800e-01  1.1159242630e-02 
1009.000  6.2547617900e-01  1.0917347910e-02 
1010.000  6.2766928400e-01  1.1021432880e-02 
1011.000  6.2395779200e-01  1.1135011670e-02 
1012.000  6.2399564000e-01  1.1202509880e-02 
1013.000  6.1938447600e-01  1.1171980860e-02 
1014.000  6.2328299500e-01  1.1301488880e-02 
1015.000  6.1176510700e-01  1.1134634020e-02 
1016.000  6.1563065900e-01  1.1270453450e-02 
1017.000  6.0950387300e-01  1.1202206610e-02 
1018.000  6.1756475400e-01  1.1360885620e-02 
1019.000  6.0369373400e-01  1.1070399280e-02 
1020.000  6.0234611000e-01  1.1025176050e-02 
1021.000  6.0817198500e-01  1.1096776960e-02 
1022.000  5.9933673700e-01  1.0766899110e-02 
1023.000  6.1110098300e-01  1.0824442860e-02 
1024.000  6.0815787900e-01  1.0648943900e-02 
1025.000  6.0743867400e-01  1.0672396660e-02 
1026.000  6.0790412200e-01  1.0712775230e-02 
1027.000  6.0434052300e-01  1.0676620480e-02 
1028.000  6.0566767400e-01  1.0770514490e-02 
1029.000  5.9622076700e-01  1.0702136040e-02 
1030.000  6.0196988400e-01  1.0914270400e-02 
1031.000  5.9994123900e-01  1.0959443090e-02 
1032.000  5.9772861200e-01  1.0972492220e-02 
1033.000  5.8669750900e-01  1.0743494030e-02 
1034.000  5.9283836200e-01  1.0831302640e-02 
1035.000  5.8645273000e-01  1.0700287820e-02 
1036.000  5.9414597700e-01  1.0801467900e-02 
1037.000  5.8162670500e-01  1.0544672010e-02 
1038.000  5.8734364400e-01  1.0618605610e-02 
1039.000  5.8985344200e-01  1.0625679970e-02 
1040.000  5.8296231700e-01  1.0465528490e-02 
1041.000  5.8609501500e-01  1.0486993790e-02 
1042.000  5.8786399100e-01  1.0487221720e-02 
1043.000  5.7773046400e-01  1.0276862140e-02 
1044.000  5.8354879900e-01  1.0346982000e-02 
1045.000  5.8121555000e-01  1.0343648910e-02 
1046.000  5.6442347100e-01  1.0093832970e-02 
1047.000  5.7493422700e-01  1.0330662730e-02 
1048.000  5.8082510200e-01  1.0487430570e-02 
1049.000  5.7726024900e-01  1.0475889210e-02 
1050.000  5.7399811600e-01  1.0464852330e-02 
1051.000  5.7432705000e-01  1.0432558060e-02 
1052.000  5.7182561500e-01  1.0341549870e-02 
1053.000  5.7210655500e-01  1.0303818700e-02 
1054.000  5.6651065700e-01  1.0159049990e-02 
1055.000  5.7095741800e-01  1.0185367580e-02 
1056.000  5.6967607500e-01  1.0114860530e-02 
1057.000  5.6925527300e-01  1.0061866760e-02 
1058.000  5.6429822900e-01  9.9102926250e-03 
1059.000  5.4649699800e-01  9.6208229060e-03 
1060.000  5.6569228100e-01  1.0020161630e-02 
1061.000  5.4599050500e-01  9.6783418660e-03 
1062.000  5.6175510400e-01  9.9255142210e-03 
1063.000  5.5249082500e-01  9.7304191590e-03 
1064.000  5.5991659300e-01  9.7666902540e-03 
1065.000  5.5982784000e-01  9.6582336430e-03 
1066.000  5.4262610600e-01  9.3124504090e-03 
1067.000  5.5580699900e-01  9.4690809250e-03 
1068.000  5.5446458100e-01  9.3023710250e-03 
1069.000  5.1310991400e-01  8.5460109710e-03 
1070.000  5.4341928500e-01  9.0968256000e-03 
1071.000  5.4483174900e-01  9.1050310130e-03 
1072.000  5.4719371400e-01  9.1304464340e-03 
1073.000  5.2928779100e-01  8.8585920330e-03 
1074.000  5.4775999400e-01  9.2142057420e-03 
1075.000  5.3001515300e-01  9.0209741590e-03 
1076.000  5.4215715900e-01  9.1924848560e-03 
1077.000  5.4156984300e-01  9.1325197220e-03 
1078.000  5.4369373600e-01  9.1101913450e-03 
1079.000  5.2286460100e-01  8.7648048400e-03 
1080.000  5.4026636800e-01  8.8897094730e-03 
1081.000  5.2048508800e-01  8.5510520940e-03 
1082.000  5.2632133800e-01  8.6724090580e-03 
1083.000  5.1304683800e-01  8.3176097870e-03 
1084.000  5.3366468300e-01  8.5092353820e-03 
1085.000  5.2905986500e-01  8.1868963240e-03 
1086.000  5.3540698500e-01  8.2829895020e-03 
1087.000  5.0013042200e-01  7.9226274490e-03 
1088.000  5.3033949000e-01  8.4708709720e-03 
1089.000  5.1312434400e-01  7.9817218780e-03 
1090.000  5.2485439700e-01  8.1703433990e-03 
1091.000  5.2765633000e-01  8.3186683650e-03 
1092.000  5.1689959700e-01  8.0770444870e-03 
1093.000  5.1377420100e-01  7.8054041860e-03 
1094.000  4.6876491300e-01  6.9851527210e-03 
1095.000  5.0716708700e-01  7.5297455790e-03 
1096.000  5.0790320200e-01  7.5142531390e-03 
1097.000  4.9869898400e-01  7.2784314160e-03 
1098.000  4.9774797400e-01  6.6625628470e-03 
1099.000  5.0223811500e-01  6.1738963130e-03 
1100.000  5.1065273300e-01  6.3113918300e-03 
1101.000  5.0907090500e-01  6.3609051700e-03 
1102.000  4.8815936200e-01  6.0608863830e-03 
1103.000  5.0719325100e-01  6.3387336730e-03 
1104.000  5.0394733100e-01  6.2073116300e-03 
1105.000  5.0430833300e-01  5.9965968130e-03 
1106.000  5.0119743200e-01  5.7634530070e-03 
1107.000  5.0030037500e-01  5.7895674710e-03 
1108.000  4.9845963600e-01  5.7869868280e-03 
1109.000  4.9977465300e-01  5.9491152760e-03 
1110.000  5.0233839200e-01  5.9275398250e-03 
1111.000  4.9630463300e-01  5.7479305270e-03 
1112.000  4.9189149300e-01  5.3024253850e-03 
1113.000  4.9016918700e-01  4.8129973410e-03 
1114.000  4.9547680000e-01  4.7099952700e-03 
1115.000  4.9048710700e-01  4.2141685490e-03 
1116.000  4.8428186600e-01  3.9319996830e-03 
1117.000  4.9002647100e-01  3.5446448330e-03 
1118.000  4.8489447100e-01  3.1740291120e-03 
1119.000  4.7133680600e-01  2.9445447920e-03 
1120.000  4.7228603900e-01  2.8153936860e-03 
1121.000  4.7529309500e-01  2.8070287700e-03 
1122.000  4.7308913500e-01  2.6914064880e-03 
1123.000  4.7531115100e-01  2.7561717030e-03 
1124.000  4.7622523700e-01  2.7991437910e-03 
1125.000  4.6630251900e-01  2.7207562920e-03 
1126.000  4.5738484500e-01  2.6614241600e-03 
1127.000  4.7287005600e-01  2.7608878610e-03 
1128.000  4.6422497100e-01  2.7289428710e-03 
1129.000  4.6711951600e-01  2.8663377760e-03 
1130.000  4.6803579500e-01  3.2448642250e-03 
1131.000  4.7316493900e-01  3.4074742790e-03 
1132.000  4.7416479700e-01  3.2369983200e-03 
1133.000  4.6191943900e-01  2.8873162270e-03 
1134.000  4.5652298200e-01  2.5333514210e-03 
1135.000  4.6250510300e-01  2.5847952370e-03 
1136.000  4.6442014100e-01  2.9422857760e-03 
1137.000  4.7121643400e-01  3.2799463270e-03 
1138.000  4.5515657600e-01  3.5109226700e-03 
1139.000  4.6536916700e-01  3.7458696370e-03 
1140.000  4.6659685500e-01  3.6810531620e-03 
1141.000  4.5310923500e-01  3.4464380740e-03 
1142.000  4.6537399800e-01  3.4866073130e-03 
1143.000  4.5699770800e-01  3.2699353690e-03 
1144.000  4.5372312200e-01  3.0904002190e-03 
1145.000  4.5634151200e-01  2.9081211090e-03 
1146.000  4.6101963600e-01  2.9810101990e-03 
1147.000  4.6335685300e-01  3.1600186820e-03 
1148.000  4.5895016700e-01  3.2920320030e-03 
1149.000  4.6042283000e-01  3.3771753310e-03 
1150.000  4.5846754000e-01  3.3830695150e-03 
1151.000  4.5712278500e-01  3.5028445720e-03 
1152.000  4.5626826300e-01  3.5633900170e-03 
1153.000  4.5547069900e-01  3.6546573640e-03 
1154.000  4.5895016100e-01  3.6773190500e-03 
1155.000  4.6052888600e-01  3.8965761660e-03 
1156.000  4.5428631500e-01  4.0747632980e-03 
1157.000  4.5854479600e-01  4.6689105030e-03 
1158.000  4.5861618400e-01  4.9855146410e-03 
1159.000  4.5213341900e-01  5.2246899600e-03 
1160.000  4.4638947200e-01  5.3021197320e-03 
1161.000  4.3676197600e-01  5.5164017680e-03 
1162.000  4.5257285700e-01  5.9930801390e-03 
1163.000  4.5445269600e-01  6.3352737430e-03 
1164.000  4.4522137800e-01  6.2708821300e-03 
1165.000  4.5381535600e-01  6.4466929440e-03 
1166.000  4.4204440800e-01  6.3608851430e-03 
1167.000  4.4921385600e-01  6.5164208410e-03 
1168.000  4.5313977500e-01  6.5622334480e-03 
1169.000  4.3747107100e-01  6.3852524760e-03 
1170.000  4.4923531000e-01  6.6013283730e-03 
1171.000  4.5131412300e-01  6.7346749310e-03 
1172.000  4.4990258900e-01  6.6582007410e-03 
1173.000  4.4676861900e-01  6.5602374080e-03 
1174.000  4.4699498100e-01  6.5691680910e-03 
1175.000  4.4176211700e-01  6.6442990300e-03 
1176.000  4.3109685800e-01  6.6249003410e-03 
1177.000  4.4440884900e-01  6.7611846920e-03 
1178.000  4.3690233800e-01  6.5127401350e-03 
1179.000  4.3494256300e-01  6.4856972690e-03 
1180.000  4.4104854500e-01  6.5284762380e-03 
1181.000  4.3879541700e-01  6.3729400630e-03 
1182.000  4.3935069300e-01  6.2553815840e-03 
1183.000  4.1384189800e-01  5.9002375600e-03 
1184.000  4.3249381000e-01  6.2291951180e-03 
1185.000  4.3821607600e-01  6.4774017330e-03 
1186.000  4.3560889900e-01  6.3812856670e-03 
1187.000  4.3576264600e-01  6.2044334410e-03 
1188.000  4.3352740800e-01  6.1135635380e-03 
1189.000  4.0816422000e-01  5.8269224170e-03 
1190.000  4.2823643100e-01  6.3438949580e-03 
1191.000  4.3491330200e-01  6.4861621860e-03 
1192.000  4.3254556500e-01  6.5329289440e-03 
1193.000  4.3271178800e-01  6.4671626090e-03 
1194.000  4.3189911400e-01  6.4312796590e-03 
1195.000  4.2705742300e-01  6.2505383490e-03 
1196.000  4.2678855100e-01  6.2666611670e-03 
1197.000  4.2667513800e-01  6.2150840760e-03 
1198.000  4.1234519000e-01  5.9985966680e-03 
1199.000  3.9702154300e-01  5.7173051830e-03 
1200.000  4.2204998900e-01  6.1164889340e-03 
1201.000  4.2507870000e-01  6.1806101800e-03 
1202.000  4.2589419500e-01  6.2206506730e-03 
1203.000  4.0510853900e-01  5.8959407810e-03 
1204.000  4.1182208400e-01  6.0292768480e-03 
1205.000  4.2137473600e-01  6.3665218350e-03 
1206.000  4.1881146100e-01  6.4208893780e-03 
1207.000  4.2162392300e-01  6.5036220550e-03 
1208.000  4.1548654700e-01  6.3790102010e-03 
1209.000  3.8952815100e-01  5.9337363240e-03 
1210.000  4.1680476200e-01  6.2682108880e-03 
1211.000  4.0288178300e-01  6.0536432270e-03 
1212.000  4.1549594700e-01  6.2783846860e-03 
1213.000  4.1703151600e-01  6.3962378500e-03 
1214.000  4.1524697200e-01  6.3727912900e-03 
1215.000  4.1667309100e-01  6.4411730770e-03 
1216.000  4.1544165900e-01  6.5716495510e-03 
1217.000  4.1457793100e-01  6.6800484660e-03 
1218.000  4.1312783400e-01  6.7086133960e-03 
1219.000  4.0926194100e-01  6.6733832360e-03 
1220.000  4.1201294500e-01  6.7083249090e-03 
1221.000  4.1115983700e-01  6.6953201290e-03 
1222.000  4.0888238100e-01  6.6502985950e-03 
1223.000  4.0688076900e-01  6.6474843030e-03 
1224.000  4.0982186300e-01  6.7926039700e-03 
1225.000  4.0749863000e-01  6.7887043950e-03 
1226.000  4.0882679100e-01  6.8547697070e-03 
1227.000  3.9479824000e-01  6.6800427440e-03 
1228.000  4.0689671000e-01  6.9574747090e-03 
1229.000  4.0622057500e-01  6.9960083960e-03 
1230.000  4.0459217700e-01  7.0261907580e-03 
1231.000  4.0445983400e-01  7.0591678620e-03 
1232.000  3.9986121500e-01  6.9951133730e-03 
1233.000  4.0298063000e-01  7.0612459180e-03 
1234.000  4.0151356500e-01  7.1092424390e-03 
1235.000  3.9864215600e-01  7.0809230800e-03 
1236.000  4.0090045700e-01  7.1309123040e-03 
1237.000  4.0079484600e-01  7.1518650050e-03 
1238.000  4.0051065600e-01  7.1531629560e-03 
1239.000  3.9592753000e-01  7.0731730460e-03 
1240.000  3.9415043200e-01  7.0850000380e-03 
1241.000  3.9775833000e-01  7.1900625230e-03 
1242.000  3.9553994900e-01  7.1873612400e-03 
1243.000  3.9121005700e-01  7.1469855310e-03 
1244.000  3.8786159700e-01  7.1132588390e-03 
1245.000  3.9464094600e-01  7.2578916550e-03 
1246.000  3.9170750300e-01  7.1569895740e-03 
1247.000  3.8992024300e-01  7.0758223530e-03 
1248.000  3.9308794100e-01  7.0842657090e-03 
1249.000  3.9175732900e-01  7.0207338330e-03 
1250.000  3.9036304100e-01  6.9487710000e-03 
1251.000  3.8783192300e-01  6.8689713480e-03 
1252.000  3.8683498300e-01  6.8142170910e-03 
1253.000  3.8381135400e-01  6.7222185130e-03 
1254.000  3.8513789000e-01  6.6787490840e-03 
1255.000  3.8472669250e-01  6.6245222090e-03 
1256.000  3.8413264280e-01  6.5744218830e-03 
1257.000  3.8001823870e-01  6.4148731230e-03 
1258.000  3.8201066130e-01  6.3057584760e-03 
1259.000  3.7811519520e-01  6.1203246120e-03 
1260.000  3.7893174670e-01  6.0068736080e-03 
1261.000  3.7848448160e-01  5.8721151350e-03 
1262.000  3.7038642680e-01  5.5937333110e-03 
1263.000  3.7487877620e-01  5.6504750250e-03 
1264.000  3.6904216330e-01  5.5665216450e-03 
1265.000  3.6971460200e-01  5.5938577650e-03 
1266.000  3.7210243710e-01  5.6111564640e-03 
1267.000  3.6513366930e-01  5.4856567380e-03 
1268.000  3.6153809910e-01  5.3999323840e-03 
1269.000  3.6492243880e-01  5.4365487100e-03 
1270.000  3.6893274040e-01  5.6182947160e-03 
1271.000  3.7098093480e-01  5.7090325360e-03 
1272.000  3.6988392710e-01  5.7520051000e-03 
1273.000  3.6956560330e-01  5.8127617840e-03 
1274.000  3.6735839690e-01  5.8450632100e-03 
1275.000  3.6952020800e-01  5.9027876850e-03 
1276.000  3.7011338370e-01  5.9176177980e-03 
1277.000  3.6983707870e-01  5.9048900600e-03 
1278.000  3.6877669850e-01  5.8756322860e-03 
1279.000  3.6630809390e-01  5.8572793010e-03 
1280.000  3.6414479580e-01  5.9157547950e-03 
1281.000  3.5375921840e-01  5.8359618190e-03 
1282.000  3.1414507150e-01  5.2615456580e-03 
1283.000  3.4476834210e-01  5.8372855190e-03 
1284.000  3.5899529030e-01  6.1215424540e-03 
1285.000  3.6162767930e-01  6.1856780050e-03 
1286.000  3.6150951620e-01  6.1504454610e-03 
1287.000  3.6372062370e-01  6.1311721800e-03 
1288.000  3.6144043490e-01  5.9103050230e-03 
1289.000  3.6359494620e-01  5.8908476830e-03 
1290.000  3.5526398990e-01  5.7371358870e-03 
1291.000  3.6012694710e-01  5.7924847600e-03 
1292.000  3.6162991750e-01  5.8321857450e-03 
1293.000  3.6195320330e-01  5.7938747410e-03 
1294.000  3.5620835800e-01  5.5806570050e-03 
1295.000  3.6004342160e-01  5.4907116890e-03 
1296.000  3.6030835730e-01  5.3857779500e-03 
1297.000  3.5808700120e-01  5.2903208730e-03 
1298.000  3.5488786230e-01  5.2481713290e-03 
1299.000  3.5845100150e-01  5.3041825290e-03 
1300.000  3.5701161760e-01  5.2867879870e-03 
1301.000  3.5644272760e-01  5.2600946430e-03 
1302.000  3.5187051180e-01  5.1049633030e-03 
1303.000  3.4998137040e-01  4.8987116810e-03 
1304.000  3.5020888990e-01  4.8085036280e-03 
1305.000  3.5236628100e-01  4.7848076820e-03 
1306.000  3.5270125300e-01  4.7312707900e-03 
1307.000  3.5166015930e-01  4.6788640020e-03 
1308.000  3.5136100720e-01  4.5911388400e-03 
1309.000  3.5104758270e-01  4.4674248700e-03 
1310.000  3.4959036870e-01  4.4465413090e-03 
1311.000  3.4851900870e-01  4.4395589830e-03 
1312.000  3.4743362250e-01  4.2823123930e-03 
1313.000  3.3460154800e-01  3.9503736500e-03 
1314.000  3.4504635790e-01  3.9252326490e-03 
1315.000  3.3342832060e-01  3.8642842770e-03 
1316.000  3.4118464870e-01  4.0648250580e-03 
1317.000  3.4485531090e-01  4.1088209150e-03 
1318.000  3.3997553790e-01  3.8680930140e-03 
1319.000  3.4463299980e-01  3.6867575650e-03 
1320.000  3.4208908260e-01  3.4231975080e-03 
1321.000  3.4058651950e-01  3.3246655460e-03 
1322.000  3.3990627020e-01  3.4469091890e-03 
1323.000  3.4065843720e-01  3.6056256290e-03 
1324.000  3.4083901930e-01  3.6976616380e-03 
1325.000  3.3974987910e-01  3.6219561100e-03 
1326.000  3.3816118500e-01  3.4471278190e-03 
1327.000  3.3546099580e-01  3.1152598860e-03 
1328.000  3.3634682370e-01  2.8554134370e-03 
1329.000  3.2407127070e-01  2.3635301590e-03 
1330.000  3.2914576730e-01  2.2691667080e-03 
1331.000  3.3061161850e-01  2.2026247980e-03 
1332.000  3.2306577020e-01  2.1737642290e-03 
1333.000  3.3160376860e-01  2.2996456620e-03 
1334.000  3.3201819580e-01  2.3968713280e-03 
1335.000  3.3230360300e-01  2.4697439670e-03 
1336.000  3.2870599670e-01  2.4663321970e-03 
1337.000  3.2977034330e-01  2.4775793550e-03 
1338.000  3.2952674000e-01  2.5284116270e-03 
1339.000  3.2598605910e-01  2.5031461720e-03 
1340.000  3.2364610550e-01  2.5295057300e-03 
1341.000  3.2853100520e-01  2.5062670710e-03 
1342.000  3.2772728490e-01  2.5065360070e-03 
1343.000  3.2769864760e-01  2.3197927470e-03 
1344.000  3.2620100560e-01  2.1579456330e-03 
1345.000  3.2370181050e-01  1.8770475390e-03 
1346.000  3.1853058720e-01  1.7333801980e-03 
1347.000  3.1913653770e-01  1.6839500670e-03 
1348.000  3.1555933800e-01  1.6127802130e-03 
1349.000  3.1341734340e-01  1.5800248380e-03 
1350.000  3.0701939990e-01  1.5053974390e-03 
1351.000  3.0485145990e-01  1.4672062400e-03 
1352.000  3.0540914240e-01  1.4288779500e-03 
1353.000  2.9955664530e-01  1.3526264430e-03 
1354.000  2.9593919200e-01  1.3081930880e-03 
1355.000  2.9029938580e-01  1.2529400590e-03 
1356.000  2.8602540420e-01  1.2015265230e-03 
1357.000  2.7932670840e-01  1.1329993010e-03 
1358.000  2.7972442480e-01  1.0912747380e-03 
1359.000  2.7200809600e-01  9.8789530990e-04 
1360.000  2.6204033300e-01  9.0568476920e-04 
1361.000  2.6423809340e-01  8.8326156140e-04 
1362.000  2.6197451190e-01  8.6723333600e-04 
1363.000  2.6223733260e-01  9.1406345370e-04 
1364.000  2.6750750430e-01  9.4799011950e-04 
1365.000  2.6737087030e-01  9.5598638060e-04 
1366.000  2.6924875720e-01  9.8051244020e-04 
1367.000  2.6429885560e-01  9.3964457510e-04 
1368.000  2.6432288380e-01  9.1853225230e-04 
1369.000  2.5956043630e-01  9.0704894070e-04 
1370.000  2.6507186040e-01  9.7966617350e-04 
1371.000  2.7285155740e-01  1.0820249320e-03 
1372.000  2.8368928140e-01  1.2014352080e-03 
1373.000  2.8779235630e-01  1.2656937840e-03 
1374.000  2.9107992340e-01  1.3050386910e-03 
1375.000  2.8698926590e-01  1.2977688310e-03 
1376.000  2.8270054750e-01  1.2700558900e-03 
1377.000  2.8527970830e-01  1.2637286190e-03 
1378.000  2.8038147100e-01  1.2082128520e-03 
1379.000  2.7852752650e-01  1.1496800180e-03 
1380.000  2.6853967680e-01  1.0390709640e-03 
1381.000  2.6248589880e-01  9.4827717540e-04 
1382.000  2.5434203410e-01  8.8196676970e-04 
1383.000  2.5656728250e-01  8.8538813590e-04 
1384.000  2.6226335520e-01  9.6057742830e-04 
1385.000  2.6434639650e-01  1.0112669470e-03 
1386.000  2.7232473220e-01  1.0928293470e-03 
1387.000  2.7622714270e-01  1.1849868300e-03 
1388.000  2.8201753740e-01  1.2448419330e-03 
1389.000  2.8426254880e-01  1.2698836330e-03 
1390.000  2.7925029500e-01  1.2519477610e-03 
1391.000  2.8198644760e-01  1.2518899440e-03 
1392.000  2.7754570450e-01  1.1961289640e-03 
1393.000  2.7300235900e-01  1.1417763230e-03 
1394.000  2.6695082440e-01  1.0839830640e-03 
1395.000  2.6825167600e-01  1.1039334540e-03 
1396.000  2.7418081770e-01  1.1675391200e-03 
1397.000  2.7724826660e-01  1.2119728330e-03 
1398.000  2.7745971740e-01  1.2165164950e-03 
1399.000  2.7564638720e-01  1.1979814770e-03 
1400.000  2.6764298560e-01  1.1579895020e-03 
1401.000  2.6885519280e-01  1.1667209860e-03 
1402.000  2.7541946830e-01  1.2198010680e-03 
1403.000  2.7471987400e-01  1.2316029070e-03 
1404.000  2.7263748080e-01  1.2139179710e-03 
1405.000  2.7280288240e-01  1.2159763570e-03 
1406.000  2.7241890770e-01  1.2032237050e-03 
1407.000  2.7268928890e-01  1.2038409710e-03 
1408.000  2.7353119280e-01  1.2309534550e-03 
1409.000  2.7644628540e-01  1.2609410290e-03 
1410.000  2.7763768020e-01  1.2954446080e-03 
1411.000  2.7970887600e-01  1.3264474870e-03 
1412.000  2.6877919910e-01  1.2732883690e-03 
1413.000  2.7396967610e-01  1.3053717610e-03 
1414.000  2.7755255270e-01  1.3154408930e-03 
1415.000  2.7739164950e-01  1.3270699980e-03 
1416.000  2.7688273540e-01  1.3360142710e-03 
1417.000  2.7890398140e-01  1.3449043040e-03 
1418.000  2.7901271900e-01  1.3447010520e-03 
1419.000  2.7503906270e-01  1.3243256810e-03 
1420.000  2.7443544100e-01  1.3243063690e-03 
1421.000  2.7899016910e-01  1.3651340010e-03 
1422.000  2.7275630120e-01  1.3428870440e-03 
1423.000  2.7109586320e-01  1.3360757830e-03 
1424.000  2.7134088750e-01  1.3329224590e-03 
1425.000  2.7657672000e-01  1.3472263810e-03 
1426.000  2.6538540630e-01  1.2908012870e-03 
1427.000  2.6952623770e-01  1.3190790410e-03 
1428.000  2.7537625990e-01  1.3540086750e-03 
1429.000  2.6891793910e-01  1.3307108880e-03 
1430.000  2.6307666550e-01  1.2961652280e-03 
1431.000  2.6247373490e-01  1.2669928070e-03 
1432.000  2.6724511890e-01  1.2745472190e-03 
1433.000  2.6738093010e-01  1.2714154720e-03 
1434.000  2.6199209240e-01  1.2367311720e-03 
1435.000  2.6518854830e-01  1.2645192150e-03 
1436.000  2.6522433990e-01  1.2685987950e-03 
1437.000  2.6627205300e-01  1.2739979030e-03 
1438.000  2.6562412530e-01  1.2879604100e-03 
1439.000  2.6876458650e-01  1.3030101060e-03 
1440.000  2.5212795590e-01  1.2277901170e-03 
1441.000  2.6483317240e-01  1.2908424140e-03 
1442.000  2.5866721400e-01  1.2504047160e-03 
1443.000  2.6296253620e-01  1.2679252620e-03 
1444.000  2.6424128900e-01  1.2774659400e-03 
1445.000  2.6344375270e-01  1.2721345420e-03 
1446.000  2.6627175300e-01  1.2976572510e-03 
1447.000  2.6505448810e-01  1.3038527970e-03 
1448.000  2.6708094010e-01  1.3129229550e-03 
1449.000  2.6697470480e-01  1.2983790640e-03 
1450.000  2.6517840390e-01  1.2694045310e-03 
1451.000  2.6346862660e-01  1.2642180920e-03 
1452.000  2.6022470690e-01  1.2743691210e-03 
1453.000  2.6517761520e-01  1.3572317360e-03 
1454.000  2.6620821040e-01  1.4454096560e-03 
1455.000  2.6284118770e-01  1.4891790150e-03 
1456.000  2.6272106970e-01  1.5587408540e-03 
1457.000  2.6524018600e-01  1.5792992120e-03 
1458.000  2.6886704640e-01  1.6133618350e-03 
1459.000  2.6986599310e-01  1.5573445560e-03 
1460.000  2.6527464000e-01  1.4800940750e-03 
1461.000  2.6469505130e-01  1.4464486840e-03 
1462.000  2.6180429980e-01  1.3656675820e-03 
1463.000  2.6005862920e-01  1.3514137270e-03 
1464.000  2.5988754740e-01  1.3293149470e-03 
1465.000  2.6289279440e-01  1.3031953570e-03 
1466.000  2.5663152170e-01  1.2288047080e-03 
1467.000  2.6278263930e-01  1.2294511800e-03 
1468.000  2.5631563820e-01  1.1711827520e-03 
1469.000  2.5914215640e-01  1.1475101710e-03 
1470.000  2.5764745800e-01  1.1260242460e-03 
1471.000  2.5357315080e-01  1.1376535890e-03 
1472.000  2.5510552270e-01  1.1969881060e-03 
1473.000  2.5735019800e-01  1.3079640870e-03 
1474.000  2.5026476060e-01  1.3667774200e-03 
1475.000  2.5558590240e-01  1.3922674660e-03 
1476.000  2.5599015070e-01  1.3898640870e-03 
1477.000  2.5674140150e-01  1.3572473530e-03 
1478.000  2.5302790690e-01  1.3030771020e-03 
1479.000  2.5592668380e-01  1.2727816100e-03 
1480.000  2.5732906990e-01  1.3021181820e-03 
1481.000  2.5349279910e-01  1.3272911310e-03 
1482.000  2.5664881950e-01  1.4018468860e-03 
1483.000  2.5136284170e-01  1.3870804310e-03 
1484.000  2.5368617870e-01  1.4029456380e-03 
1485.000  2.5851541040e-01  1.4184108970e-03 
1486.000  2.5425551810e-01  1.4536758660e-03 
1487.000  2.5454642740e-01  1.5821679830e-03 
1488.000  2.2252457140e-01  1.3957167860e-03 
1489.000  2.5550537370e-01  1.7929722070e-03 
1490.000  2.5610013340e-01  1.9820606710e-03 
1491.000  2.5864581080e-01  2.1363179680e-03 
1492.000  2.5263584630e-01  2.1109747890e-03 
1493.000  2.5831310640e-01  2.2556259630e-03 
1494.000  2.5733202840e-01  2.2557952400e-03 
1495.000  2.5553152840e-01  2.3267338280e-03 
1496.000  2.4797494550e-01  2.4081587790e-03 
1497.000  2.5379900210e-01  2.4555451870e-03 
1498.000  2.5636965960e-01  2.6215119360e-03 
1499.000  2.5205773260e-01  2.7062494750e-03 
1500.000  2.5635622360e-01  2.8462052350e-03 
1501.000  2.5599016130e-01  2.7889173030e-03 
1502.000  2.5401285470e-01  2.6970014570e-03 
1503.000  2.2808883780e-01  2.3696284290e-03 
1504.000  2.3763286430e-01  2.4894285200e-03 
1505.000  2.3689465740e-01  2.5995523930e-03 
1506.000  2.4008853700e-01  2.6631243230e-03 
1507.000  2.5109994120e-01  2.9017286300e-03 
1508.000  2.4717926590e-01  2.9272134300e-03 
1509.000  2.4824702820e-01  3.0189859870e-03 
1510.000  2.5208314460e-01  3.1061606410e-03 
1511.000  2.5322947250e-01  3.1849999430e-03 
1512.000  2.4847586690e-01  3.1708426480e-03 
1513.000  2.4805997210e-01  3.2050347330e-03 
1514.000  2.4466451500e-01  3.1828486920e-03 
1515.000  2.4947237000e-01  3.2640225890e-03 
1516.000  2.4715739740e-01  3.2017114160e-03 
1517.000  2.4569365380e-01  3.1645829680e-03 
1518.000  2.5022192870e-01  3.2329993250e-03 
1519.000  2.4650869640e-01  3.2015509610e-03 
1520.000  2.4802518260e-01  3.2966272830e-03 
1521.000  2.4330108100e-01  3.3303434850e-03 
1522.000  2.4187719100e-01  3.3601899150e-03 
1523.000  2.4776473320e-01  3.5087089540e-03 
1524.000  2.4600605550e-01  3.5152544980e-03 
1525.000  2.4052381190e-01  3.4490189550e-03 
1526.000  2.4729890400e-01  3.5217709540e-03 
1527.000  2.4462612170e-01  3.4788961410e-03 
1528.000  2.4610936450e-01  3.5037689210e-03 
1529.000  2.4533059360e-01  3.4621315000e-03 
1530.000  2.2949939330e-01  3.2356252670e-03 
1531.000  2.4522394550e-01  3.4245748520e-03 
1532.000  2.4365086570e-01  3.3723280430e-03 
1533.000  2.4242005050e-01  3.3132786750e-03 
1534.000  2.3856750080e-01  3.2176485060e-03 
1535.000  2.3918175510e-01  3.1835677620e-03 
1536.000  2.4238009740e-01  3.2613525390e-03 
1537.000  2.4294279520e-01  3.3202557560e-03 
1538.000  2.3609838990e-01  3.2792477610e-03 
1539.000  2.4092626250e-01  3.3972377780e-03 
1540.000  2.3209816080e-01  3.3139050010e-03 
1541.000  2.3686036390e-01  3.3829035760e-03 
1542.000  2.3826876440e-01  3.3925580980e-03 
1543.000  2.3738240910e-01  3.3778269290e-03 
1544.000  2.4006726680e-01  3.4189560410e-03 
1545.000  2.4046879810e-01  3.4365925790e-03 
1546.000  2.4026211270e-01  3.4618041520e-03 
1547.000  2.3760995490e-01  3.4502677920e-03 
1548.000  2.3040503030e-01  3.3698065280e-03 
1549.000  2.3631030650e-01  3.4708626270e-03 
1550.000  2.3499827980e-01  3.4636318680e-03 
1551.000  2.3376807670e-01  3.4308266640e-03 
1552.000  2.3774165580e-01  3.4610290530e-03 
1553.000  2.3640028150e-01  3.4191694260e-03 
1554.000  2.2773861940e-01  3.2662084100e-03 
1555.000  2.3139106780e-01  3.2997059820e-03 
1556.000  2.2688608540e-01  3.2573025230e-03 
1557.000  2.3425084950e-01  3.4186167720e-03 
1558.000  2.3245673480e-01  3.4393968580e-03 
1559.000  2.3256781750e-01  3.4857079980e-03 
1560.000  2.2855168490e-01  3.4753315450e-03 
1561.000  2.3398930230e-01  3.5672271250e-03 
1562.000  2.3406440820e-01  3.5344333650e-03 
1563.000  2.3072526100e-01  3.4580204490e-03 
1564.000  2.2638189810e-01  3.3580749030e-03 
1565.000  2.3029534730e-01  3.3743829730e-03 
1566.000  2.2593142450e-01  3.3116054530e-03 
1567.000  2.2658427620e-01  3.3231196400e-03 
1568.000  2.2277531640e-01  3.2564394470e-03 
1569.000  2.2460380180e-01  3.2682213780e-03 
1570.000  2.1956659180e-01  3.1928615570e-03 
1571.000  2.2544981810e-01  3.3053750990e-03 
1572.000  2.2565258510e-01  3.3178238870e-03 
1573.000  2.2187619530e-01  3.2912521360e-03 
1574.000  2.2209773750e-01  3.3323702810e-03 
1575.000  2.0597820540e-01  3.1187314990e-03 
1576.000  2.2128882580e-01  3.3497798440e-03 
1577.000  1.9972794020e-01  2.9830670360e-03 
1578.000  2.1844428610e-01  3.2188241480e-03 
1579.000  2.1937814200e-01  3.1946253780e-03 
1580.000  2.2328382610e-01  3.2227478030e-03 
1581.000  2.2180313380e-01  3.1623353960e-03 
1582.000  2.1670548650e-01  3.1204097270e-03 
1583.000  2.1879433830e-01  3.1799120900e-03 
1584.000  2.1633190490e-01  3.1737599370e-03 
1585.000  2.2235560730e-01  3.2860894200e-03 
1586.000  2.1956276690e-01  3.2530727390e-03 
1587.000  2.1688718470e-01  3.2385537620e-03 
1588.000  2.1341791430e-01  3.2094233040e-03 
1589.000  1.9520498270e-01  2.9429423810e-03 
1590.000  2.1035771570e-01  3.1803355220e-03 
1591.000  2.0564429300e-01  3.1207630630e-03 
1592.000  2.1655124380e-01  3.2922658920e-03 
1593.000  2.2146895920e-01  3.3686172960e-03 
1594.000  2.1991469400e-01  3.3458154200e-03 
1595.000  2.2137955940e-01  3.3682703970e-03 
1596.000  2.0737403980e-01  3.1695315840e-03 
1597.000  2.1583167660e-01  3.2914171220e-03 
1598.000  2.1990486000e-01  3.3374545570e-03 
1599.000  2.1254326340e-01  3.2047116760e-03 
1600.000  2.1608556830e-01  3.2448060510e-03 
1601.000  2.0698915180e-01  3.1236317160e-03 
1602.000  2.1228233710e-01  3.2399103640e-03 
1603.000  2.1067214840e-01  3.2690553670e-03 
1604.000  2.1325924530e-01  3.3699264530e-03 
1605.000  2.1010628690e-01  3.3612973690e-03 
1606.000  2.0925079490e-01  3.3907034400e-03 
1607.000  2.1013034060e-01  3.3666231630e-03 
1608.000  2.1252456760e-01  3.3674719330e-03 
1609.000  2.1170750800e-01  3.3236093520e-03 
1610.000  1.9849712240e-01  3.0909051900e-03 
1611.000  2.0420350960e-01  3.1704819200e-03 
1612.000  2.0594956950e-01  3.1900203230e-03 
1613.000  2.1034519750e-01  3.2486310010e-03 
1614.000  2.0828082780e-01  3.1829090120e-03 
1615.000  2.1154484040e-01  3.2175834180e-03 
1616.000  1.9820380790e-01  2.9977395530e-03 
1617.000  2.0391639190e-01  3.1296834950e-03 
1618.000  2.1027005260e-01  3.2541627880e-03 
1619.000  2.0952620370e-01  3.2898042200e-03 
1620.000  2.0417560360e-01  3.2512609960e-03 
1621.000  2.0111491000e-01  3.2410740850e-03 
1622.000  2.0617706910e-01  3.3281190400e-03 
1623.000  2.1030524080e-01  3.4092676640e-03 
1624.000  2.1175858360e-01  3.4424209590e-03 
1625.000  2.0644073050e-01  3.3814082150e-03 
1626.000  2.0897206550e-01  3.4124376770e-03 
1627.000  2.0870250990e-01  3.4281358720e-03 
1628.000  2.1037965270e-01  3.4666948320e-03 
1629.000  2.1034909110e-01  3.4753558640e-03 
1630.000  2.0463823300e-01  3.3829398160e-03 
1631.000  2.0783883120e-01  3.4479854110e-03 
1632.000  2.0789130350e-01  3.3900167940e-03 
1633.000  2.0521578860e-01  3.3025152680e-03 
1634.000  2.0041380880e-01  3.1786131860e-03 
1635.000  2.0578702030e-01  3.2227721210e-03 
1636.000  2.0524287050e-01  3.1665997510e-03 
1637.000  1.9610508340e-01  2.9827144150e-03 
1638.000  1.9467200360e-01  2.9268875120e-03 
1639.000  1.9273199380e-01  2.8499238490e-03 
1640.000  1.9388819020e-01  2.8278849120e-03 
1641.000  1.9268828250e-01  2.7840750220e-03 
1642.000  1.9244812550e-01  2.8511171340e-03 
1643.000  1.9739431620e-01  2.9917607310e-03 
1644.000  1.9433961400e-01  3.0098576550e-03 
1645.000  1.9477280340e-01  3.0773515700e-03 
1646.000  1.9711378820e-01  3.1723694800e-03 
1647.000  1.9896457760e-01  3.1974782940e-03 
1648.000  1.9819595860e-01  3.1732947830e-03 
1649.000  1.9366831370e-01  3.0949063300e-03 
1650.000  1.9857576370e-01  3.1697216030e-03 
1651.000  1.9410169210e-01  3.0946695800e-03 
1652.000  1.9797546450e-01  3.1511578560e-03 
1653.000  1.9575250460e-01  3.1223433020e-03 
1654.000  1.9794892420e-01  3.1584489350e-03 
1655.000  1.9398125530e-01  3.1044118400e-03 
1656.000  1.9770709130e-01  3.1697924140e-03 
1657.000  1.9627395390e-01  3.1459329130e-03 
1658.000  1.9733459170e-01  3.1701104640e-03 
1659.000  1.9369960090e-01  3.1115760800e-03 
1660.000  1.9606336830e-01  3.1415221690e-03 
1661.000  1.9683309990e-01  3.1330137250e-03 
1662.000  1.9551047580e-01  3.0456619260e-03 
1663.000  1.9427979650e-01  2.9678630830e-03 
1664.000  1.9345748580e-01  2.8959455490e-03 
1665.000  1.9148191290e-01  2.8067655560e-03 
1666.000  1.9054985150e-01  2.7824685570e-03 
1667.000  1.9207250100e-01  2.8634791370e-03 
1668.000  1.8881822490e-01  2.8555855750e-03 
1669.000  1.8912060700e-01  2.9084601400e-03 
1670.000  1.9319290990e-01  3.0199964050e-03 
1671.000  1.9171774520e-01  3.0492002960e-03 
1672.000  1.8263681180e-01  2.9649665360e-03 
1673.000  1.8801727660e-01  3.1032972340e-03 
1674.000  1.8889108940e-01  3.1725502010e-03 
1675.000  1.8714091570e-01  3.2043187620e-03 
1676.000  1.8415981600e-01  3.1727530960e-03 
1677.000  1.8504501890e-01  3.1840846540e-03 
1678.000  1.8591356460e-01  3.2018015380e-03 
1679.000  1.8344111060e-01  3.1509826180e-03 
1680.000  1.7703229750e-01  3.0421097280e-03 
1681.000  1.7082696840e-01  2.9353253840e-03 
1682.000  1.7576008170e-01  3.0165896420e-03 
1683.000  1.8015326980e-01  3.0845172410e-03 
1684.000  1.8351424470e-01  3.1353771690e-03 
1685.000  1.8423320110e-01  3.1296854020e-03 
1686.000  1.8201039230e-01  3.0767986770e-03 
1687.000  1.8302656860e-01  3.0519380570e-03 
1688.000  1.8336835250e-01  3.0208339690e-03 
1689.000  1.8115837350e-01  2.9647738930e-03 
1690.000  1.8132168490e-01  2.9281773570e-03 
1691.000  1.8369445380e-01  2.9760041240e-03 
1692.000  1.8402873670e-01  2.9995520110e-03 
1693.000  1.8332929150e-01  3.0096731190e-03 
1694.000  1.8305187560e-01  3.0234823230e-03 
1695.000  1.8326107770e-01  3.0331313610e-03 
1696.000  1.8218939630e-01  2.9762878420e-03 
1697.000  1.8114866680e-01  2.9083020690e-03 
1698.000  1.8224186340e-01  2.8784818650e-03 
1699.000  1.8106422550e-01  2.8162884710e-03 
1700.000  1.7874315310e-01  2.7393298150e-03 
