 lambda   Irr_dw            Rad_up 
 550.000  1.5535907500e+00  4.7450286870e-02 
 551.000  1.5433288000e+00  4.6979007720e-02 
 552.000  1.6092144100e+00  4.8949279790e-02 
 553.000  1.5456438700e+00  4.6832386020e-02 
 554.000  1.5956107000e+00  4.8286281590e-02 
 555.000  1.5995951800e+00  4.8185291290e-02 
 556.000  1.5550530500e+00  4.6633449550e-02 
 557.000  1.5085524100e+00  4.5190876010e-02 
 558.000  1.5654953900e+00  4.6687103270e-02 
 559.000  1.4794230600e+00  4.3988887790e-02 
 560.000  1.4856865200e+00  4.4121070860e-02 
 561.000  1.6326365400e+00  4.8252613070e-02 
 562.000  1.4988173900e+00  4.4213882450e-02 
 563.000  1.5680250200e+00  4.6043270110e-02 
 564.000  1.5460375900e+00  4.5121147160e-02 
 565.000  1.5647863600e+00  4.5594715120e-02 
 566.000  1.4428027200e+00  4.1845138550e-02 
 567.000  1.5489789100e+00  4.4603282930e-02 
 568.000  1.5495565300e+00  4.4023685460e-02 
 569.000  1.5281731500e+00  4.2232570650e-02 
 570.000  1.5347083500e+00  4.2404796600e-02 
 571.000  1.4738023400e+00  4.1282413480e-02 
 572.000  1.5645742700e+00  4.3077308650e-02 
 573.000  1.5794238200e+00  4.3569889070e-02 
 574.000  1.5703722200e+00  4.3215713500e-02 
 575.000  1.5325818400e+00  4.1979660030e-02 
 576.000  1.5049934500e+00  4.1090358730e-02 
 577.000  1.5656087000e+00  4.2749477390e-02 
 578.000  1.5171977600e+00  4.1678028110e-02 
 579.000  1.5033921600e+00  4.1283302310e-02 
 580.000  1.5532117400e+00  4.2849250790e-02 
 581.000  1.5221148700e+00  4.2113967900e-02 
 582.000  1.5430615800e+00  4.2560466770e-02 
 583.000  1.5529637100e+00  4.2881294250e-02 
 584.000  1.5473089100e+00  4.2525833130e-02 
 585.000  1.5367091700e+00  4.2075046540e-02 
 586.000  1.4703621200e+00  4.0207744600e-02 
 587.000  1.5309300300e+00  4.1300361630e-02 
 588.000  1.5290544400e+00  3.9889747620e-02 
 589.000  1.3746722600e+00  3.4231380460e-02 
 590.000  1.4365510900e+00  3.5660881040e-02 
 591.000  1.5118333600e+00  3.8507186890e-02 
 592.000  1.4904634500e+00  3.7191322330e-02 
 593.000  1.4897375600e+00  3.8302482600e-02 
 594.000  1.5070188000e+00  3.8408351900e-02 
 595.000  1.4896798700e+00  3.6983093260e-02 
 596.000  1.5099193800e+00  3.8705837250e-02 
 597.000  1.5179725400e+00  3.8421421050e-02 
 598.000  1.4800800600e+00  3.7959724430e-02 
 599.000  1.4776106900e+00  3.8049552920e-02 
 600.000  1.4717295000e+00  3.8357025150e-02 
 601.000  1.4593262700e+00  3.8384986880e-02 
 602.000  1.4418755000e+00  3.7920448300e-02 
 603.000  1.4491154700e+00  3.8224475860e-02 
 604.000  1.4937621500e+00  3.9552429200e-02 
 605.000  1.4893409100e+00  3.9279384610e-02 
 606.000  1.4718628400e+00  3.8865589140e-02 
 607.000  1.4634067600e+00  3.8537326810e-02 
 608.000  1.4579130100e+00  3.8256565090e-02 
 609.000  1.4428676900e+00  3.7830509190e-02 
 610.000  1.4196662000e+00  3.7094524380e-02 
 611.000  1.4426372400e+00  3.7640975950e-02 
 612.000  1.4238119300e+00  3.7107299800e-02 
 613.000  1.4029822800e+00  3.6449451450e-02 
 614.000  1.3518415400e+00  3.5102821350e-02 
 615.000  1.4171315100e+00  3.6638107300e-02 
 616.000  1.3474408600e+00  3.4828777310e-02 
 617.000  1.3551250600e+00  3.4976757050e-02 
 618.000  1.4191713200e+00  3.6441349030e-02 
 619.000  1.4063570600e+00  3.6135211940e-02 
 620.000  1.4273543600e+00  3.6483421330e-02 
 621.000  1.4522131500e+00  3.7076362610e-02 
 622.000  1.3759433700e+00  3.5023345950e-02 
 623.000  1.3871577000e+00  3.5089092250e-02 
 624.000  1.3891034400e+00  3.5187347410e-02 
 625.000  1.3519154300e+00  3.4209728240e-02 
 626.000  1.3598357400e+00  3.4162834170e-02 
 627.000  1.3882792100e+00  3.4346130370e-02 
 628.000  1.3948608700e+00  3.3047882080e-02 
 629.000  1.4157271600e+00  3.4094909670e-02 
 630.000  1.3649247400e+00  3.3261142730e-02 
 631.000  1.4106841800e+00  3.4467258450e-02 
 632.000  1.3161859300e+00  3.1915033340e-02 
 633.000  1.4062651500e+00  3.4464405060e-02 
 634.000  1.3617160700e+00  3.3530525210e-02 
 635.000  1.3861966600e+00  3.4150962830e-02 
 636.000  1.3360077800e+00  3.2983615880e-02 
 637.000  1.3792807700e+00  3.4103336330e-02 
 638.000  1.3980076700e+00  3.4701278690e-02 
 639.000  1.3861762700e+00  3.4234535220e-02 
 640.000  1.3412655800e+00  3.3374515530e-02 
 641.000  1.3604895300e+00  3.3791938780e-02 
 642.000  1.3431574000e+00  3.3373020170e-02 
 643.000  1.3683268800e+00  3.3809494020e-02 
 644.000  1.3525537800e+00  3.3274009700e-02 
 645.000  1.3667715400e+00  3.3455631260e-02 
 646.000  1.3245870400e+00  3.1422250750e-02 
 647.000  1.3498300600e+00  3.1336668010e-02 
 648.000  1.3553955000e+00  3.0956567760e-02 
 649.000  1.3753895000e+00  3.1717735290e-02 
 650.000  1.2621972700e+00  3.0041669850e-02 
 651.000  1.3597379400e+00  3.2328952790e-02 
 652.000  1.3451835800e+00  3.1073015210e-02 
 653.000  1.3588510800e+00  3.2367061610e-02 
 654.000  1.3426319100e+00  3.1690467830e-02 
 655.000  1.3120386300e+00  3.0556129460e-02 
 656.000  1.1125938500e+00  2.5962286000e-02 
 657.000  1.1852378800e+00  2.7817626950e-02 
 658.000  1.3158304200e+00  3.1299648280e-02 
 659.000  1.3164891800e+00  3.1446680070e-02 
 660.000  1.3257767200e+00  3.1753589630e-02 
 661.000  1.3283829000e+00  3.2117839810e-02 
 662.000  1.3460570200e+00  3.2637260440e-02 
 663.000  1.3314993000e+00  3.2156326290e-02 
 664.000  1.3098424200e+00  3.1631898880e-02 
 665.000  1.3151835200e+00  3.1734056470e-02 
 666.000  1.3304547300e+00  3.2226318360e-02 
 667.000  1.3036513200e+00  3.1468091960e-02 
 668.000  1.3105130400e+00  3.1749984740e-02 
 669.000  1.3291180700e+00  3.2244293210e-02 
 670.000  1.3131000000e+00  3.1683849330e-02 
 671.000  1.2990253700e+00  3.1361650470e-02 
 672.000  1.2947407900e+00  3.1215518950e-02 
 673.000  1.3039427500e+00  3.1376188280e-02 
 674.000  1.3064189100e+00  3.1427024840e-02 
 675.000  1.2863961200e+00  3.0864070890e-02 
 676.000  1.3106281100e+00  3.1438287730e-02 
 677.000  1.2844955600e+00  3.0812139510e-02 
 678.000  1.3056843500e+00  3.1256551740e-02 
 679.000  1.2872864100e+00  3.0714147570e-02 
 680.000  1.2778517200e+00  3.0451328280e-02 
 681.000  1.2798347100e+00  3.0399032590e-02 
 682.000  1.2773948500e+00  3.0203611370e-02 
 683.000  1.2860851900e+00  3.0278682710e-02 
 684.000  1.2638857400e+00  2.9720905300e-02 
 685.000  1.2775588700e+00  2.9972751620e-02 
 686.000  1.2243904300e+00  2.8307649610e-02 
 687.000  1.2254520400e+00  2.4472497940e-02 
 688.000  1.2263447600e+00  2.5440574650e-02 
 689.000  1.2298950800e+00  2.5303226470e-02 
 690.000  1.2358316100e+00  2.5936008450e-02 
 691.000  1.2407834700e+00  2.6712762830e-02 
 692.000  1.2332992900e+00  2.6869081500e-02 
 693.000  1.2414439200e+00  2.6086854930e-02 
 694.000  1.2550694300e+00  2.5652418140e-02 
 695.000  1.2320856900e+00  2.5561313630e-02 
 696.000  1.2458866300e+00  2.6093276980e-02 
 697.000  1.2448234200e+00  2.7711915970e-02 
 698.000  1.2225444300e+00  2.6760761260e-02 
 699.000  1.2483928500e+00  2.5949769970e-02 
 700.000  1.2334555200e+00  2.5798929210e-02 
 701.000  1.2065635600e+00  2.4882715230e-02 
 702.000  1.2003562700e+00  2.4948575970e-02 
 703.000  1.2149600500e+00  2.6278741840e-02 
 704.000  1.2184948600e+00  2.6418596270e-02 
 705.000  1.2289433400e+00  2.6144929890e-02 
 706.000  1.2158382000e+00  2.5946952820e-02 
 707.000  1.1972294200e+00  2.5711614610e-02 
 708.000  1.2316922000e+00  2.6634414670e-02 
 709.000  1.1872190600e+00  2.6011051180e-02 
 710.000  1.2154482500e+00  2.6133775710e-02 
 711.000  1.2024540900e+00  2.6224803920e-02 
 712.000  1.1850515800e+00  2.6224985120e-02 
 713.000  1.1806538500e+00  2.5781496050e-02 
 714.000  1.2009565600e+00  2.6020315170e-02 
 715.000  1.1598546400e+00  2.4606252670e-02 
 716.000  1.1910043800e+00  2.4729312900e-02 
 717.000  1.1613123700e+00  2.1630668640e-02 
 718.000  1.1551607100e+00  2.0063989640e-02 
 719.000  1.1418623600e+00  1.9220769880e-02 
 720.000  1.1501939900e+00  1.8693473820e-02 
 721.000  1.1485416300e+00  2.1903665540e-02 
 722.000  1.1646588900e+00  2.3317092900e-02 
 723.000  1.1622524800e+00  2.2517271040e-02 
 724.000  1.1693104600e+00  2.0718954090e-02 
 725.000  1.1565461800e+00  2.0757392880e-02 
 726.000  1.1544304200e+00  2.0632781980e-02 
 727.000  1.1715133900e+00  2.1131284710e-02 
 728.000  1.1513887900e+00  2.0531097410e-02 
 729.000  1.1056289600e+00  2.0348127370e-02 
 730.000  1.1464837200e+00  2.0974908830e-02 
 731.000  1.1275901400e+00  2.0565019610e-02 
 732.000  1.1487037100e+00  2.2075262070e-02 
 733.000  1.1308575900e+00  2.3008487700e-02 
 734.000  1.1540571800e+00  2.4065774920e-02 
 735.000  1.1448523000e+00  2.3585460660e-02 
 736.000  1.1238448200e+00  2.2758932110e-02 
 737.000  1.1384214800e+00  2.3294336320e-02 
 738.000  1.1349738000e+00  2.3647153850e-02 
 739.000  1.0981233100e+00  2.3100233080e-02 
 740.000  1.1080975600e+00  2.3731676100e-02 
 741.000  1.0990377600e+00  2.3885595320e-02 
 742.000  1.0808605300e+00  2.3618051530e-02 
 743.000  1.1123203200e+00  2.4595970150e-02 
 744.000  1.1227463200e+00  2.4976730350e-02 
 745.000  1.0934306500e+00  2.4452583310e-02 
 746.000  1.1085556300e+00  2.4816682820e-02 
 747.000  1.1251631100e+00  2.5152175900e-02 
 748.000  1.1049464600e+00  2.4688251500e-02 
 749.000  1.1051417200e+00  2.4707017900e-02 
 750.000  1.0890029600e+00  2.4248983380e-02 
 751.000  1.0862028300e+00  2.4172304150e-02 
 752.000  1.1026557800e+00  2.4583040240e-02 
 753.000  1.0922221300e+00  2.4351427080e-02 
 754.000  1.1093271100e+00  2.4726696010e-02 
 755.000  1.1029598200e+00  2.4570207600e-02 
 756.000  1.0813691500e+00  2.4075859070e-02 
 757.000  1.0893618000e+00  2.4237407680e-02 
 758.000  1.0882216500e+00  2.4134107590e-02 
 759.000  1.0470617500e+00  2.1284915920e-02 
 760.000  8.2383243000e-01  8.6010065080e-03 
 761.000  7.9393461500e-01  7.6201763150e-03 
 762.000  9.2602155200e-01  1.3773350720e-02 
 763.000  9.1117082300e-01  1.1905979160e-02 
 764.000  9.3454277700e-01  1.2998746870e-02 
 765.000  9.8082572600e-01  1.5788514140e-02 
 766.000  9.7251679300e-01  1.8118141170e-02 
 767.000  1.0023765550e+00  1.9864112850e-02 
 768.000  1.0512801800e+00  2.1791210170e-02 
 769.000  1.0527294100e+00  2.2552831650e-02 
 770.000  1.0500466800e+00  2.2869874950e-02 
 771.000  1.0514947800e+00  2.3111284260e-02 
 772.000  1.0476138100e+00  2.3064308170e-02 
 773.000  1.0433009700e+00  2.2976150510e-02 
 774.000  1.0543080300e+00  2.3228570940e-02 
 775.000  1.0145988500e+00  2.2353899000e-02 
 776.000  1.0563124600e+00  2.3313312530e-02 
 777.000  1.0489975000e+00  2.3122531890e-02 
 778.000  1.0434549600e+00  2.2945133210e-02 
 779.000  1.0469296700e+00  2.2952346800e-02 
 780.000  1.0340572700e+00  2.2685836790e-02 
 781.000  1.0321978400e+00  2.2629592900e-02 
 782.000  1.0447332100e+00  2.2811681750e-02 
 783.000  1.0203989300e+00  2.2367954250e-02 
 784.000  1.0263086700e+00  2.2437791820e-02 
 785.000  1.0296842920e+00  2.2297693250e-02 
 786.000  1.0128245540e+00  2.1787269590e-02 
 787.000  1.0297075610e+00  2.1665010450e-02 
 788.000  1.0152408240e+00  2.1190694810e-02 
 789.000  1.0243744620e+00  2.0729011540e-02 
 790.000  1.0143342880e+00  2.0420251850e-02 
 791.000  1.0086011720e+00  2.0430250170e-02 
 792.000  9.9215250200e-01  2.0133256910e-02 
 793.000  9.9004485100e-01  2.0316627500e-02 
 794.000  9.7733646900e-01  2.0626380920e-02 
 795.000  9.7363264500e-01  2.0075244900e-02 
 796.000  9.9434379900e-01  1.9783763890e-02 
 797.000  9.9948449800e-01  2.0131927490e-02 
 798.000  9.9745853400e-01  2.0587787630e-02 
 799.000  9.9728186300e-01  2.0397989270e-02 
 800.000  9.7312329500e-01  1.9505702970e-02 
 801.000  9.9114312600e-01  1.9902584080e-02 
 802.000  9.8937532800e-01  1.9776758190e-02 
 803.000  9.7507037700e-01  1.9558195110e-02 
 804.000  9.8305677100e-01  1.9946132660e-02 
 805.000  9.5460657100e-01  1.9731233600e-02 
 806.000  9.7953659800e-01  2.0403331760e-02 
 807.000  9.7347608600e-01  2.0319021220e-02 
 808.000  9.6833353100e-01  2.0034149170e-02 
 809.000  9.5253655400e-01  1.9530616760e-02 
 810.000  9.4890713400e-01  1.9254264830e-02 
 811.000  9.6531778100e-01  1.9258066180e-02 
 812.000  9.6356217400e-01  1.8868339540e-02 
 813.000  9.6103499000e-01  1.8290361400e-02 
 814.000  9.6167004600e-01  1.7822889330e-02 
 815.000  9.5345687000e-01  1.7081220630e-02 
 816.000  9.4737470700e-01  1.6267766950e-02 
 817.000  9.5297352400e-01  1.6378049850e-02 
 818.000  9.4696768000e-01  1.6237569810e-02 
 819.000  9.2082917300e-01  1.6078088760e-02 
 820.000  9.0119298600e-01  1.6487804410e-02 
 821.000  9.2898974900e-01  1.7906078340e-02 
 822.000  9.0437895000e-01  1.6609502790e-02 
 823.000  9.2060188200e-01  1.5168830870e-02 
 824.000  9.3118257300e-01  1.6822494510e-02 
 825.000  9.2726784900e-01  1.8027446750e-02 
 826.000  9.3356881200e-01  1.7861660000e-02 
 827.000  9.3091970800e-01  1.7615545270e-02 
 828.000  9.3079734400e-01  1.6836776730e-02 
 829.000  9.2972488700e-01  1.7031108860e-02 
 830.000  9.1425979200e-01  1.7039039610e-02 
 831.000  8.9803764700e-01  1.6789554600e-02 
 832.000  9.1632835600e-01  1.7125400540e-02 
 833.000  8.8738314700e-01  1.6856105800e-02 
 834.000  8.9986152500e-01  1.7313278200e-02 
 835.000  8.9980826500e-01  1.7609140400e-02 
 836.000  9.1093495900e-01  1.7834072110e-02 
 837.000  9.0350124000e-01  1.7626207350e-02 
 838.000  9.0572997700e-01  1.7914014820e-02 
 839.000  8.7680919400e-01  1.7437915800e-02 
 840.000  9.0002405500e-01  1.7881368640e-02 
 841.000  9.0334161400e-01  1.7772720340e-02 
 842.000  8.9685898000e-01  1.7739639280e-02 
 843.000  8.8863205600e-01  1.8009614940e-02 
 844.000  8.7294620700e-01  1.7855537410e-02 
 845.000  8.8571723200e-01  1.8185615540e-02 
 846.000  8.9307145800e-01  1.8477996830e-02 
 847.000  8.6169058500e-01  1.7980024340e-02 
 848.000  8.8818434100e-01  1.8330917360e-02 
 849.000  8.8970192100e-01  1.8469524380e-02 
 850.000  7.6973346400e-01  1.5824627880e-02 
 851.000  8.8254765500e-01  1.7998477940e-02 
 852.000  8.4903971300e-01  1.7385501860e-02 
 853.000  8.5773790800e-01  1.7605461120e-02 
 854.000  6.8965543000e-01  1.4185986520e-02 
 855.000  7.5864872800e-01  1.5713977810e-02 
 856.000  8.5952745900e-01  1.7843660350e-02 
 857.000  8.7263449900e-01  1.8269868850e-02 
 858.000  8.5835255900e-01  1.7965175630e-02 
 859.000  8.5748168000e-01  1.7999107360e-02 
 860.000  8.4943980200e-01  1.7918771740e-02 
 861.000  8.4928947800e-01  1.7893718720e-02 
 862.000  8.4628384600e-01  1.7765338900e-02 
 863.000  8.6245510800e-01  1.8208398820e-02 
 864.000  8.6058118200e-01  1.8014463420e-02 
 865.000  8.4443628200e-01  1.7812839510e-02 
 866.000  7.0829727600e-01  1.4986752510e-02 
 867.000  7.5430860200e-01  1.5742551800e-02 
 868.000  8.1808822100e-01  1.7164312360e-02 
 869.000  8.0658907100e-01  1.6910388950e-02 
 870.000  8.3991736000e-01  1.7729202270e-02 
 871.000  8.3871674500e-01  1.7631158830e-02 
 872.000  8.3525283300e-01  1.7320730210e-02 
 873.000  8.3873848500e-01  1.7524223330e-02 
 874.000  8.2043442000e-01  1.7055139540e-02 
 875.000  8.1292951900e-01  1.7050191880e-02 
 876.000  8.1989187300e-01  1.7107906340e-02 
 877.000  8.3635338400e-01  1.7293226240e-02 
 878.000  8.2259031900e-01  1.7084403990e-02 
 879.000  8.2454770900e-01  1.7183244710e-02 
 880.000  8.2029762300e-01  1.6897968290e-02 
 881.000  7.7793561100e-01  1.6069387440e-02 
 882.000  8.2118859400e-01  1.6757404330e-02 
 883.000  8.0221035600e-01  1.6560991290e-02 
 884.000  8.0893954400e-01  1.6920799260e-02 
 885.000  8.1829037800e-01  1.6628465650e-02 
 886.000  7.9279730600e-01  1.6139019010e-02 
 887.000  7.8372858900e-01  1.5941167830e-02 
 888.000  8.0727762200e-01  1.6226137160e-02 
 889.000  8.1239997900e-01  1.6623891830e-02 
 890.000  8.1056622300e-01  1.6484865190e-02 
 891.000  8.0752895400e-01  1.6186321260e-02 
 892.000  8.0687927100e-01  1.5934335710e-02 
 893.000  7.8129603800e-01  1.4554041860e-02 
 894.000  8.0971237400e-01  1.4812186240e-02 
 895.000  7.7472967900e-01  1.3494757650e-02 
 896.000  8.0548712100e-01  1.3142633440e-02 
 897.000  7.8693857000e-01  1.2330083850e-02 
 898.000  7.8829270500e-01  1.1954737660e-02 
 899.000  7.8758414400e-01  1.1026196480e-02 
 900.000  7.6791823900e-01  1.0754814150e-02 
 901.000  7.5146679100e-01  1.0342546460e-02 
 902.000  7.3763631800e-01  1.0189063070e-02 
 903.000  7.7372295700e-01  1.2027336120e-02 
 904.000  7.8809028900e-01  1.3069526670e-02 
 905.000  7.8600023300e-01  1.3289546970e-02 
 906.000  7.6518539200e-01  1.2399433140e-02 
 907.000  7.7815409700e-01  1.1584809300e-02 
 908.000  7.5912103800e-01  1.0615070340e-02 
 909.000  7.4422890500e-01  1.0410219190e-02 
 910.000  7.5303283600e-01  1.0612340930e-02 
 911.000  7.5103509700e-01  1.1159012790e-02 
 912.000  7.5266299800e-01  1.0739476200e-02 
 913.000  7.7028102500e-01  1.0213104250e-02 
 914.000  7.6532303600e-01  1.0493999480e-02 
 915.000  7.5269122600e-01  1.0848629000e-02 
 916.000  7.6104645700e-01  1.0984864230e-02 
 917.000  7.4913595600e-01  1.0966923710e-02 
 918.000  7.4533350800e-01  1.1143989560e-02 
 919.000  7.5516216800e-01  1.2484492300e-02 
 920.000  7.4796000600e-01  1.2704854010e-02 
 921.000  7.3157992200e-01  1.2269221310e-02 
 922.000  7.2503679100e-01  1.2253970150e-02 
 923.000  6.9464669700e-01  1.1203092580e-02 
 924.000  7.2403697700e-01  1.1594320300e-02 
 925.000  7.3364877800e-01  1.1638142590e-02 
 926.000  7.0745755400e-01  1.1054322240e-02 
 927.000  7.3381040500e-01  1.1264885900e-02 
 928.000  7.3832963400e-01  1.0458862300e-02 
 929.000  7.2801557000e-01  9.2125225070e-03 
 930.000  7.2618884000e-01  8.0110588070e-03 
 931.000  7.2589290600e-01  7.1174898150e-03 
 932.000  7.1878246200e-01  6.0940709110e-03 
 933.000  7.2074601200e-01  5.5581984520e-03 
 934.000  7.1443744400e-01  5.0486979480e-03 
 935.000  7.0385080200e-01  4.9260916710e-03 
 936.000  6.9878348800e-01  5.0423522000e-03 
 937.000  7.1438127000e-01  5.1163039210e-03 
 938.000  7.0688536000e-01  5.5980563160e-03 
 939.000  7.1314716000e-01  7.5029439930e-03 
 940.000  7.0950785600e-01  7.8563127520e-03 
 941.000  6.9337817300e-01  7.3651924130e-03 
 942.000  6.6684577600e-01  6.4357876780e-03 
 943.000  7.0262313400e-01  5.8609337810e-03 
 944.000  6.8330918100e-01  5.6328835490e-03 
 945.000  6.8985643100e-01  5.9707922940e-03 
 946.000  6.9921273500e-01  6.0742936130e-03 
 947.000  6.9498317000e-01  6.3369231220e-03 
 948.000  6.9918634000e-01  6.5589885710e-03 
 949.000  7.0140124300e-01  6.5658884050e-03 
 950.000  6.9677785100e-01  6.5715327260e-03 
 951.000  6.9264124500e-01  6.9737586980e-03 
 952.000  6.9256920900e-01  6.5232682230e-03 
 953.000  6.9065758800e-01  6.8389654160e-03 
 954.000  6.8398568600e-01  7.1696271900e-03 
 955.000  6.3888134500e-01  6.4221558570e-03 
 956.000  6.8153642700e-01  6.8141374590e-03 
 957.000  6.8118397200e-01  7.9038305280e-03 
 958.000  6.8643525000e-01  8.1548118590e-03 
 959.000  6.8908893800e-01  7.9852371220e-03 
 960.000  6.8257817100e-01  7.8606252670e-03 
 961.000  6.7525665800e-01  7.6806983950e-03 
 962.000  6.7861841800e-01  7.8167781830e-03 
 963.000  6.7721721000e-01  8.5503091810e-03 
 964.000  6.6946761100e-01  8.5736875530e-03 
 965.000  6.7765167300e-01  8.6045351030e-03 
 966.000  6.5809165400e-01  8.4060735700e-03 
 967.000  6.7766223000e-01  9.2861824040e-03 
 968.000  6.7019446300e-01  1.0207058910e-02 
 969.000  6.7428479000e-01  1.0719408990e-02 
 970.000  6.7611249200e-01  1.0772892000e-02 
 971.000  6.7013348400e-01  1.0659232140e-02 
 972.000  6.7488234000e-01  1.0593505860e-02 
 973.000  6.6864715700e-01  1.0195867540e-02 
 974.000  6.5839634400e-01  9.6872320180e-03 
 975.000  6.6168855100e-01  9.4967107770e-03 
 976.000  6.6969705800e-01  9.8862018590e-03 
 977.000  6.5271934500e-01  1.0066222190e-02 
 978.000  6.6886589900e-01  1.0278495790e-02 
 979.000  6.4942886900e-01  1.0093704220e-02 
 980.000  6.5859045400e-01  1.0710434910e-02 
 981.000  6.6307467300e-01  1.0899879460e-02 
 982.000  6.6164880900e-01  1.0760538100e-02 
 983.000  6.5985405500e-01  1.1005233760e-02 
 984.000  6.5543524000e-01  1.1240411760e-02 
 985.000  6.5512253800e-01  1.1424933430e-02 
 986.000  6.4977773900e-01  1.1598295210e-02 
 987.000  6.5716676100e-01  1.1852166180e-02 
 988.000  6.4906445700e-01  1.1728398320e-02 
 989.000  6.4082481700e-01  1.1590240480e-02 
 990.000  6.4628848100e-01  1.1711880680e-02 
 991.000  6.5152889600e-01  1.1909320830e-02 
 992.000  6.4549775000e-01  1.1817548750e-02 
 993.000  6.4545395000e-01  1.1813744540e-02 
 994.000  6.4869021900e-01  1.1958765980e-02 
 995.000  6.4388016800e-01  1.1938498500e-02 
 996.000  6.4376655100e-01  1.1919046400e-02 
 997.000  6.4448102400e-01  1.1862574580e-02 
 998.000  6.4211921100e-01  1.1753970150e-02 
 999.000  6.4055046900e-01  1.1688517570e-02 
1000.000  6.3543801900e-01  1.1595783230e-02 
1001.000  6.3910301700e-01  1.1538581850e-02 
1002.000  6.3844566300e-01  1.1344386100e-02 
1003.000  6.3091957100e-01  1.1240037920e-02 
1004.000  6.2548916200e-01  1.1230059620e-02 
1005.000  5.8433600800e-01  1.0524441720e-02 
1006.000  6.1483041800e-01  1.1078684810e-02 
1007.000  6.2608977800e-01  1.1238330840e-02 
1008.000  6.2898010200e-01  1.1143261910e-02 
1009.000  6.2547608000e-01  1.0901162150e-02 
1010.000  6.2766904700e-01  1.1004912380e-02 
1011.000  6.2395659200e-01  1.1117940900e-02 
1012.000  6.2399409700e-01  1.1184668540e-02 
1013.000  6.1938246600e-01  1.1153654100e-02 
1014.000  6.2328322400e-01  1.1282563210e-02 
1015.000  6.1176669500e-01  1.1115545270e-02 
1016.000  6.1563123100e-01  1.1250720020e-02 
1017.000  6.0950324300e-01  1.1182151790e-02 
1018.000  6.1756543900e-01  1.1340091710e-02 
1019.000  6.0369396100e-01  1.1049637790e-02 
1020.000  6.0234273900e-01  1.1003844260e-02 
1021.000  6.0817197000e-01  1.1075822830e-02 
1022.000  5.9933562200e-01  1.0746662140e-02 
1023.000  6.1109940800e-01  1.0804335590e-02 
1024.000  6.0815881900e-01  1.0629420280e-02 
1025.000  6.0743791500e-01  1.0653140070e-02 
1026.000  6.0790122200e-01  1.0693930630e-02 
1027.000  6.0433994700e-01  1.0658363340e-02 
1028.000  6.0566854500e-01  1.0752696990e-02 
1029.000  5.9622006800e-01  1.0685072900e-02 
1030.000  6.0196905400e-01  1.0897074700e-02 
1031.000  5.9994235600e-01  1.0941818240e-02 
1032.000  5.9772927100e-01  1.0953990940e-02 
1033.000  5.8669657900e-01  1.0724748610e-02 
1034.000  5.9282941200e-01  1.0805946350e-02 
1035.000  5.8645681400e-01  1.0678696630e-02 
1036.000  5.9414478900e-01  1.0780013080e-02 
1037.000  5.8162670500e-01  1.0522817610e-02 
1038.000  5.8734072800e-01  1.0595909120e-02 
1039.000  5.8985340100e-01  1.0602245330e-02 
1040.000  5.8296308100e-01  1.0441569330e-02 
1041.000  5.8609545900e-01  1.0463232990e-02 
1042.000  5.8786241000e-01  1.0463382720e-02 
1043.000  5.7773066300e-01  1.0253792760e-02 
1044.000  5.8354783300e-01  1.0323864940e-02 
1045.000  5.8121518900e-01  1.0320982930e-02 
1046.000  5.6442277100e-01  1.0072094920e-02 
1047.000  5.7493394900e-01  1.0308590890e-02 
1048.000  5.8082438100e-01  1.0465549470e-02 
1049.000  5.7725993100e-01  1.0454411510e-02 
1050.000  5.7399756200e-01  1.0446992870e-02 
1051.000  5.7432629800e-01  1.0411294940e-02 
1052.000  5.7182494400e-01  1.0320352550e-02 
1053.000  5.7210659500e-01  1.0301425930e-02 
1054.000  5.6651042200e-01  1.0137744900e-02 
1055.000  5.7095690600e-01  1.0163612370e-02 
1056.000  5.6967572100e-01  1.0093290330e-02 
1057.000  5.6925476300e-01  1.0039930340e-02 
1058.000  5.6429780100e-01  9.8885993960e-03 
1059.000  5.4649665900e-01  9.5998744960e-03 
1060.000  5.6569173400e-01  9.9980840680e-03 
1061.000  5.4598997700e-01  9.6571445470e-03 
1062.000  5.6175471600e-01  9.9037418370e-03 
1063.000  5.5249036700e-01  9.7090997700e-03 
1064.000  5.5991616800e-01  9.7450008390e-03 
1065.000  5.5982749200e-01  9.6365909580e-03 
1066.000  5.4262565700e-01  9.2915029530e-03 
1067.000  5.5580656700e-01  9.4475851060e-03 
1068.000  5.5446417000e-01  9.2809562680e-03 
1069.000  5.1310939500e-01  8.5262689590e-03 
1070.000  5.4341887600e-01  9.0759534840e-03 
1071.000  5.4483135200e-01  9.0839996340e-03 
1072.000  5.4719317600e-01  9.1091718670e-03 
1073.000  5.2928713400e-01  8.8379631040e-03 
1074.000  5.4775952500e-01  9.1925821300e-03 
1075.000  5.3001471400e-01  8.9997739790e-03 
1076.000  5.4215684100e-01  9.1706895830e-03 
1077.000  5.4156967900e-01  9.1107320790e-03 
1078.000  5.4369329300e-01  9.0881633760e-03 
1079.000  5.2286431400e-01  8.7433643340e-03 
1080.000  5.4026601700e-01  8.8675594330e-03 
1081.000  5.2048455600e-01  8.5295009610e-03 
1082.000  5.2632133400e-01  8.6504135130e-03 
1083.000  5.1304618700e-01  8.2958116530e-03 
1084.000  5.3366421400e-01  8.4865970610e-03 
1085.000  5.2905900900e-01  8.1642236710e-03 
1086.000  5.3540637900e-01  8.2598209380e-03 
1087.000  5.0012974000e-01  7.9006347660e-03 
1088.000  5.3033905600e-01  8.4473533630e-03 
1089.000  5.1312427600e-01  7.9593162540e-03 
1090.000  5.2485396200e-01  8.1470079420e-03 
1091.000  5.2765555000e-01  8.2954864500e-03 
1092.000  5.1689933500e-01  8.0547723770e-03 
1093.000  5.1377382900e-01  7.7836980820e-03 
1094.000  4.6876469700e-01  6.9657139780e-03 
1095.000  5.0716636100e-01  7.5090427400e-03 
1096.000  5.0790271500e-01  7.4937744140e-03 
1097.000  4.9869842000e-01  7.2585759160e-03 
1098.000  4.9774741000e-01  6.6435289380e-03 
1099.000  5.0223781700e-01  6.1553797720e-03 
1100.000  5.1065239900e-01  6.2928347590e-03 
1101.000  5.0907058800e-01  6.3419394490e-03 
1102.000  4.8815893000e-01  6.0422368050e-03 
1103.000  5.0719310200e-01  6.3189525600e-03 
1104.000  5.0394692600e-01  6.1874008180e-03 
1105.000  5.0430804800e-01  5.9762992860e-03 
1106.000  5.0119705800e-01  5.7430257800e-03 
1107.000  5.0029999800e-01  5.7686419490e-03 
1108.000  4.9845930800e-01  5.7658033370e-03 
1109.000  4.9977426200e-01  5.9272751810e-03 
1110.000  5.0233791100e-01  5.9051933290e-03 
1111.000  4.9630427300e-01  5.7260828020e-03 
1112.000  4.9189121900e-01  5.2811708450e-03 
1113.000  4.9016883700e-01  4.7923898700e-03 
1114.000  4.9547648100e-01  4.6892976760e-03 
1115.000  4.9048676000e-01  4.1941952710e-03 
1116.000  4.8428154900e-01  3.9126720430e-03 
1117.000  4.9002620500e-01  3.5259914400e-03 
1118.000  4.8489420900e-01  3.1563632490e-03 
1119.000  4.7133653200e-01  2.9279096130e-03 
1120.000  4.7228577800e-01  2.7993452550e-03 
1121.000  4.7529284800e-01  2.7908587460e-03 
1122.000  4.7308888500e-01  2.6758520600e-03 
1123.000  4.7531092800e-01  2.7399466040e-03 
1124.000  4.7622501700e-01  2.7824373250e-03 
1125.000  4.6630223400e-01  2.7044224740e-03 
1126.000  4.5738460300e-01  2.6452651020e-03 
1127.000  4.7286979500e-01  2.7440333370e-03 
1128.000  4.6422472000e-01  2.7121627330e-03 
1129.000  4.6711923200e-01  2.8485984800e-03 
1130.000  4.6803549900e-01  3.2257521150e-03 
1131.000  4.7316465200e-01  3.3880679610e-03 
1132.000  4.7416449700e-01  3.2182993890e-03 
1133.000  4.6191917400e-01  2.8702945710e-03 
1134.000  4.5652275000e-01  2.5188589100e-03 
1135.000  4.6250490500e-01  2.5702087880e-03 
1136.000  4.6441986900e-01  2.9259004590e-03 
1137.000  4.7121611700e-01  3.2627661230e-03 
1138.000  4.5515626600e-01  3.4939510820e-03 
1139.000  4.6536877600e-01  3.7286360260e-03 
1140.000  4.6659656400e-01  3.6642198560e-03 
1141.000  4.5310897300e-01  3.4301238060e-03 
1142.000  4.6537371600e-01  3.4697382450e-03 
1143.000  4.5699743400e-01  3.2533962730e-03 
1144.000  4.5372289200e-01  3.0741105080e-03 
1145.000  4.5634123500e-01  2.8920378680e-03 
1146.000  4.6101937100e-01  2.9644019600e-03 
1147.000  4.6335662700e-01  3.1426939960e-03 
1148.000  4.5894990300e-01  3.2742996220e-03 
1149.000  4.6042250600e-01  3.3590106960e-03 
1150.000  4.5846727600e-01  3.3647766110e-03 
1151.000  4.5712250200e-01  3.4847092630e-03 
1152.000  4.5626788000e-01  3.5454421040e-03 
1153.000  4.5547040200e-01  3.6368741990e-03 
1154.000  4.5894988700e-01  3.6597850320e-03 
1155.000  4.6052859900e-01  3.8789842130e-03 
1156.000  4.5428601800e-01  4.0574393270e-03 
1157.000  4.5854448600e-01  4.6511778830e-03 
1158.000  4.5861577500e-01  4.9678463940e-03 
1159.000  4.5213315200e-01  5.2073030470e-03 
1160.000  4.4638916500e-01  5.2850928310e-03 
1161.000  4.3676165000e-01  5.4997515680e-03 
1162.000  4.5257254100e-01  5.9757170680e-03 
1163.000  4.5445242200e-01  6.3178062440e-03 
1164.000  4.4522098500e-01  6.2538862230e-03 
1165.000  4.5381506100e-01  6.4294877050e-03 
1166.000  4.4204398600e-01  6.3442287450e-03 
1167.000  4.4921359800e-01  6.4996504780e-03 
1168.000  4.5313956900e-01  6.5454430580e-03 
1169.000  4.3747052400e-01  6.3692321780e-03 
1170.000  4.4923489600e-01  6.5850319860e-03 
1171.000  4.5131375900e-01  6.7177391050e-03 
1172.000  4.4990249600e-01  6.6408371930e-03 
1173.000  4.4676831100e-01  6.5426220890e-03 
1174.000  4.4699495200e-01  6.5510587690e-03 
1175.000  4.4176167000e-01  6.6257877350e-03 
1176.000  4.3109673200e-01  6.6063046460e-03 
1177.000  4.4440862100e-01  6.7415599820e-03 
1178.000  4.3690209300e-01  6.4927883150e-03 
1179.000  4.3494228200e-01  6.4656476970e-03 
1180.000  4.4104818500e-01  6.5077815060e-03 
1181.000  4.3879513200e-01  6.3522567750e-03 
1182.000  4.3935005600e-01  6.2345786090e-03 
1183.000  4.1384161200e-01  5.8803057670e-03 
1184.000  4.3249330100e-01  6.2081108090e-03 
1185.000  4.3821562200e-01  6.4555554390e-03 
1186.000  4.3560831000e-01  6.3594603540e-03 
1187.000  4.3576235900e-01  6.1825313570e-03 
1188.000  4.3352698200e-01  6.0915246010e-03 
1189.000  4.0816399100e-01  5.8058032990e-03 
1190.000  4.2823615400e-01  6.3211927410e-03 
1191.000  4.3491312400e-01  6.4628548620e-03 
1192.000  4.3254529800e-01  6.5095653530e-03 
1193.000  4.3271138800e-01  6.4437203410e-03 
1194.000  4.3189887700e-01  6.4077501300e-03 
1195.000  4.2705756000e-01  6.2273645400e-03 
1196.000  4.2678810600e-01  6.2434363370e-03 
1197.000  4.2667482600e-01  6.1918277740e-03 
1198.000  4.1234491700e-01  5.9760379790e-03 
1199.000  3.9702128400e-01  5.6957221030e-03 
1200.000  4.2204970900e-01  6.0933489800e-03 
1201.000  4.2507826600e-01  6.1571550370e-03 
1202.000  4.2589380100e-01  6.1970872880e-03 
1203.000  4.0510826500e-01  5.8735098840e-03 
1204.000  4.1182176400e-01  6.0063776970e-03 
1205.000  4.2137470500e-01  6.3426465990e-03 
1206.000  4.1881107800e-01  6.3970251080e-03 
1207.000  4.2162370300e-01  6.4794201850e-03 
1208.000  4.1548623500e-01  6.3550395970e-03 
1209.000  3.8952793900e-01  5.9112238880e-03 
1210.000  4.1680431200e-01  6.2441439630e-03 
1211.000  4.0288131700e-01  6.0304713250e-03 
1212.000  4.1549575000e-01  6.2544751170e-03 
1213.000  4.1703096800e-01  6.3722109790e-03 
1214.000  4.1524656400e-01  6.3489847180e-03 
1215.000  4.1667293200e-01  6.4173426630e-03 
1216.000  4.1544150300e-01  6.5478420260e-03 
1217.000  4.1457740400e-01  6.6562995910e-03 
1218.000  4.1312723100e-01  6.6849088670e-03 
1219.000  4.0926160100e-01  6.6499676700e-03 
1220.000  4.1201241600e-01  6.6847991940e-03 
1221.000  4.1115952000e-01  6.6717009540e-03 
1222.000  4.0888182000e-01  6.6268677710e-03 
1223.000  4.0688060500e-01  6.6238093380e-03 
1224.000  4.0982144700e-01  6.7685370450e-03 
1225.000  4.0749796200e-01  6.7645754810e-03 
1226.000  4.0882612700e-01  6.8303494450e-03 
1227.000  3.9479789800e-01  6.6562576290e-03 
1228.000  4.0689631200e-01  6.9327483180e-03 
1229.000  4.0622038400e-01  6.9710826870e-03 
1230.000  4.0459200900e-01  7.0011510850e-03 
1231.000  4.0445949100e-01  7.0340113640e-03 
1232.000  3.9986088700e-01  6.9700956340e-03 
1233.000  4.0298017800e-01  7.0359220500e-03 
1234.000  4.0151330400e-01  7.0837693210e-03 
1235.000  3.9864161700e-01  7.0554480550e-03 
1236.000  4.0090009700e-01  7.1052303310e-03 
1237.000  4.0079445900e-01  7.1260852810e-03 
1238.000  4.0051013100e-01  7.1272091870e-03 
1239.000  3.9592714700e-01  7.0473837850e-03 
1240.000  3.9415016000e-01  7.0592131610e-03 
1241.000  3.9775808300e-01  7.1641583440e-03 
1242.000  3.9553948500e-01  7.1616764070e-03 
1243.000  3.9120959800e-01  7.1216344830e-03 
1244.000  3.8786130300e-01  7.0881390570e-03 
1245.000  3.9464072800e-01  7.2324962620e-03 
1246.000  3.9170717900e-01  7.1318516730e-03 
1247.000  3.8991989300e-01  7.0508995060e-03 
1248.000  3.9308756100e-01  7.0591793060e-03 
1249.000  3.9175695100e-01  6.9958376880e-03 
1250.000  3.9036271800e-01  6.9240846630e-03 
1251.000  3.8783154700e-01  6.8445711140e-03 
1252.000  3.8683463600e-01  6.7899837490e-03 
1253.000  3.8381106200e-01  6.6983222960e-03 
1254.000  3.8513751600e-01  6.6550130840e-03 
1255.000  3.8472631950e-01  6.6009783740e-03 
1256.000  3.8413224350e-01  6.5511026380e-03 
1257.000  3.8001787730e-01  6.3919596670e-03 
1258.000  3.8201028660e-01  6.2829713820e-03 
1259.000  3.7811482080e-01  6.0978999140e-03 
1260.000  3.7893140480e-01  5.9847874640e-03 
1261.000  3.7848415640e-01  5.8497567180e-03 
1262.000  3.7038611170e-01  5.5716857910e-03 
1263.000  3.7487847070e-01  5.6278209690e-03 
1264.000  3.6904185300e-01  5.5438628200e-03 
1265.000  3.6971430950e-01  5.5708079340e-03 
1266.000  3.7210214520e-01  5.5876274110e-03 
1267.000  3.6513338680e-01  5.4622707370e-03 
1268.000  3.6153779910e-01  5.3764810560e-03 
1269.000  3.6492217180e-01  5.4125485420e-03 
1270.000  3.6893241510e-01  5.5932669640e-03 
1271.000  3.7098062260e-01  5.6839551930e-03 
1272.000  3.6988362290e-01  5.7271590230e-03 
1273.000  3.6956533750e-01  5.7880811690e-03 
1274.000  3.6735807600e-01  5.8207168580e-03 
1275.000  3.6951989640e-01  5.8784785270e-03 
1276.000  3.7011305520e-01  5.8934226040e-03 
1277.000  3.6983677960e-01  5.8809490200e-03 
1278.000  3.6877638700e-01  5.8519849780e-03 
1279.000  3.6630772980e-01  5.8340511320e-03 
1280.000  3.6414447450e-01  5.8927993770e-03 
1281.000  3.5375888470e-01  5.8137040140e-03 
1282.000  3.1414479690e-01  5.2417774200e-03 
1283.000  3.4476803920e-01  5.8156423570e-03 
1284.000  3.5899499440e-01  6.0990853310e-03 
1285.000  3.6162735310e-01  6.1631360050e-03 
1286.000  3.6150921360e-01  6.1280555730e-03 
1287.000  3.6372031600e-01  6.1088662150e-03 
1288.000  3.6144011400e-01  5.8883900640e-03 
1289.000  3.6359465130e-01  5.8689007760e-03 
1290.000  3.5526371580e-01  5.7157735820e-03 
1291.000  3.6012664920e-01  5.7709302900e-03 
1292.000  3.6162958970e-01  5.8105621340e-03 
1293.000  3.6195289940e-01  5.7723197940e-03 
1294.000  3.5620811460e-01  5.5596094130e-03 
1295.000  3.6004312590e-01  5.4696230890e-03 
1296.000  3.6030809570e-01  5.3649735450e-03 
1297.000  3.5808670350e-01  5.2698168750e-03 
1298.000  3.5488757480e-01  5.2279715540e-03 
1299.000  3.5845072350e-01  5.2838773730e-03 
1300.000  3.5701133810e-01  5.2667727470e-03 
1301.000  3.5644244860e-01  5.2401161190e-03 
1302.000  3.5187026480e-01  5.0853528980e-03 
1303.000  3.4998111460e-01  4.8794326780e-03 
1304.000  3.5020858980e-01  4.7893142700e-03 
1305.000  3.5236600930e-01  4.7655501370e-03 
1306.000  3.5270101950e-01  4.7121243480e-03 
1307.000  3.5165990440e-01  4.6598477360e-03 
1308.000  3.5136074980e-01  4.5721874240e-03 
1309.000  3.5104738800e-01  4.4488105770e-03 
1310.000  3.4959014220e-01  4.4280476570e-03 
1311.000  3.4851876620e-01  4.4212932590e-03 
1312.000  3.4743336880e-01  4.2644405360e-03 
1313.000  3.3460135100e-01  3.9334383010e-03 
1314.000  3.4504610490e-01  3.9081251620e-03 
1315.000  3.3342805750e-01  3.8478441240e-03 
1316.000  3.4118442860e-01  4.0479173660e-03 
1317.000  3.4485510220e-01  4.0918340680e-03 
1318.000  3.3997529650e-01  3.8516435620e-03 
1319.000  3.4463278650e-01  3.6705644130e-03 
1320.000  3.4208886230e-01  3.4074745180e-03 
1321.000  3.4058633470e-01  3.3089406490e-03 
1322.000  3.3990607650e-01  3.4308798310e-03 
1323.000  3.4065822710e-01  3.5892074110e-03 
1324.000  3.4083879600e-01  3.6810381410e-03 
1325.000  3.3974966720e-01  3.6053142550e-03 
1326.000  3.3816097850e-01  3.4305958750e-03 
1327.000  3.3546078440e-01  3.0990512370e-03 
1328.000  3.3634663580e-01  2.8394029140e-03 
1329.000  3.2407108960e-01  2.3486864570e-03 
1330.000  3.2914562240e-01  2.2541620730e-03 
1331.000  3.3061145190e-01  2.1878728870e-03 
1332.000  3.2306561200e-01  2.1593635080e-03 
1333.000  3.3160358510e-01  2.2848186490e-03 
1334.000  3.3201801040e-01  2.3819231990e-03 
1335.000  3.3230341770e-01  2.4547178750e-03 
1336.000  3.2870580890e-01  2.4514982700e-03 
1337.000  3.2977018850e-01  2.4627547260e-03 
1338.000  3.2952651440e-01  2.5135819910e-03 
1339.000  3.2598588350e-01  2.4884629250e-03 
1340.000  3.2364592900e-01  2.5149738790e-03 
1341.000  3.2853080310e-01  2.4914181230e-03 
1342.000  3.2772712710e-01  2.4917593000e-03 
1343.000  3.2769845840e-01  2.3050644400e-03 
1344.000  3.2620084210e-01  2.1435496810e-03 
1345.000  3.2370167780e-01  1.8636852500e-03 
1346.000  3.1853045590e-01  1.7208143470e-03 
1347.000  3.1913641330e-01  1.6719945670e-03 
1348.000  3.1555922210e-01  1.6016651390e-03 
1349.000  3.1341723820e-01  1.5693691970e-03 
1350.000  3.0701931740e-01  1.4957401750e-03 
1351.000  3.0485139520e-01  1.4581230880e-03 
1352.000  3.0540906670e-01  1.4205667970e-03 
1353.000  2.9955661410e-01  1.3454064130e-03 
1354.000  2.9593917120e-01  1.3016176220e-03 
1355.000  2.9029940100e-01  1.2471318240e-03 
1356.000  2.8602542270e-01  1.1965820790e-03 
1357.000  2.7932674420e-01  1.1292084460e-03 
1358.000  2.7972448150e-01  1.0888018610e-03 
1359.000  2.7200816280e-01  9.8767590520e-04 
1360.000  2.6204041080e-01  9.0671008830e-04 
1361.000  2.6423815500e-01  8.8498878480e-04 
1362.000  2.6197457320e-01  8.6909985540e-04 
1363.000  2.6223740020e-01  9.1478645800e-04 
1364.000  2.6750756280e-01  9.4826579090e-04 
1365.000  2.6737094620e-01  9.5598143340e-04 
1366.000  2.6924882310e-01  9.7988480330e-04 
1367.000  2.6429891340e-01  9.3971884250e-04 
1368.000  2.6432294210e-01  9.1915547850e-04 
1369.000  2.5956049350e-01  9.0748834610e-04 
1370.000  2.6507191750e-01  9.7851556540e-04 
1371.000  2.7285159270e-01  1.0784431700e-03 
1372.000  2.8368929630e-01  1.1954681870e-03 
1373.000  2.8779233180e-01  1.2585048680e-03 
1374.000  2.9107989130e-01  1.2971646790e-03 
1375.000  2.8698922130e-01  1.2896995540e-03 
1376.000  2.8270052040e-01  1.2622114420e-03 
1377.000  2.8527968830e-01  1.2561134100e-03 
1378.000  2.8038146410e-01  1.2014123200e-03 
1379.000  2.7852753700e-01  1.1441413160e-03 
1380.000  2.6853972170e-01  1.0358073710e-03 
1381.000  2.6248596340e-01  9.4729930160e-04 
1382.000  2.5434209030e-01  8.8213837150e-04 
1383.000  2.5656734910e-01  8.8573712110e-04 
1384.000  2.6226341190e-01  9.5939463380e-04 
1385.000  2.6434643540e-01  1.0087944270e-03 
1386.000  2.7232475980e-01  1.0888108020e-03 
1387.000  2.7622713600e-01  1.1789125200e-03 
1388.000  2.8201752000e-01  1.2379688020e-03 
1389.000  2.8426252160e-01  1.2627375130e-03 
1390.000  2.7925025150e-01  1.2449312210e-03 
1391.000  2.8198642060e-01  1.2449448110e-03 
1392.000  2.7754569770e-01  1.1899644140e-03 
1393.000  2.7300236190e-01  1.1364107130e-03 
1394.000  2.6695084180e-01  1.0795454980e-03 
1395.000  2.6825168610e-01  1.0989711280e-03 
1396.000  2.7418081100e-01  1.1613540650e-03 
1397.000  2.7724825260e-01  1.2049070600e-03 
1398.000  2.7745969060e-01  1.2092611790e-03 
1399.000  2.7564636780e-01  1.1908956770e-03 
1400.000  2.6764296990e-01  1.1511255500e-03 
1401.000  2.6885517390e-01  1.1593272690e-03 
1402.000  2.7541943240e-01  1.2112507820e-03 
1403.000  2.7471983120e-01  1.2222948070e-03 
1404.000  2.7263743820e-01  1.2043281790e-03 
1405.000  2.7280281400e-01  1.2059993740e-03 
1406.000  2.7241885580e-01  1.1930735110e-03 
1407.000  2.7268921810e-01  1.1932662730e-03 
1408.000  2.7353111340e-01  1.2193509340e-03 
1409.000  2.7644619100e-01  1.2483384610e-03 
1410.000  2.7763756990e-01  1.2816286090e-03 
1411.000  2.7970875130e-01  1.3109273910e-03 
1412.000  2.6877907040e-01  1.2573843000e-03 
1413.000  2.7396952010e-01  1.2878998520e-03 
1414.000  2.7755239660e-01  1.2968736890e-03 
1415.000  2.7739147960e-01  1.3071047070e-03 
1416.000  2.7688254640e-01  1.3146886830e-03 
1417.000  2.7890378170e-01  1.3223897220e-03 
1418.000  2.7901249600e-01  1.3211110830e-03 
1419.000  2.7503884980e-01  1.3000323770e-03 
1420.000  2.7443520380e-01  1.2989120480e-03 
1421.000  2.7898990890e-01  1.3374450210e-03 
1422.000  2.7275601970e-01  1.3142046930e-03 
1423.000  2.7109557680e-01  1.3062059880e-03 
1424.000  2.7134060070e-01  1.3017416000e-03 
1425.000  2.7657640710e-01  1.3143848180e-03 
1426.000  2.6538510120e-01  1.2579932210e-03 
1427.000  2.6952590010e-01  1.2841929200e-03 
1428.000  2.7537590100e-01  1.3168129920e-03 
1429.000  2.6891757900e-01  1.2928527590e-03 
1430.000  2.6307630150e-01  1.2580034730e-03 
1431.000  2.6247335790e-01  1.2282983060e-03 
1432.000  2.6724473900e-01  1.2342458960e-03 
1433.000  2.6738053810e-01  1.2298302650e-03 
1434.000  2.6199169860e-01  1.1948940750e-03 
1435.000  2.6518812480e-01  1.2203813790e-03 
1436.000  2.6522390320e-01  1.2229654790e-03 
1437.000  2.6627159290e-01  1.2268053290e-03 
1438.000  2.6562366090e-01  1.2390152220e-03 
1439.000  2.6876409910e-01  1.2521013020e-03 
1440.000  2.5212748590e-01  1.1785383220e-03 
1441.000  2.6483266130e-01  1.2376030680e-03 
1442.000  2.5866670060e-01  1.1972566840e-03 
1443.000  2.6296199690e-01  1.2125654220e-03 
1444.000  2.6424074690e-01  1.2202920910e-03 
1445.000  2.6344319310e-01  1.2137172220e-03 
1446.000  2.6627116330e-01  1.2368496660e-03 
1447.000  2.6505387230e-01  1.2416043280e-03 
1448.000  2.6708031390e-01  1.2487461570e-03 
1449.000  2.6697408580e-01  1.2331436870e-03 
1450.000  2.6517776250e-01  1.2037833930e-03 
1451.000  2.6346798580e-01  1.1969819070e-03 
1452.000  2.6022404250e-01  1.2054456470e-03 
1453.000  2.6517688870e-01  1.2837473150e-03 
1454.000  2.6620746370e-01  1.3683125970e-03 
1455.000  2.6284040250e-01  1.4101109500e-03 
1456.000  2.6272026250e-01  1.4767644410e-03 
1457.000  2.6523935200e-01  1.4944652320e-03 
1458.000  2.6886618660e-01  1.5252639060e-03 
1459.000  2.6986511050e-01  1.4678714280e-03 
1460.000  2.6527376270e-01  1.3910306690e-03 
1461.000  2.6469415560e-01  1.3564461470e-03 
1462.000  2.6180339140e-01  1.2761652470e-03 
1463.000  2.6005777190e-01  1.2609860900e-03 
1464.000  2.5988669660e-01  1.2377398010e-03 
1465.000  2.6289186790e-01  1.2098042960e-03 
1466.000  2.5663066070e-01  1.1371437310e-03 
1467.000  2.6278171130e-01  1.1347297430e-03 
1468.000  2.5631475580e-01  1.0781081910e-03 
1469.000  2.5914128970e-01  1.0531617400e-03 
1470.000  2.5764656500e-01  1.0312556030e-03 
1471.000  2.5357223210e-01  1.0418869260e-03 
1472.000  2.5510455320e-01  1.0976159570e-03 
1473.000  2.5734918570e-01  1.2038519380e-03 
1474.000  2.5026373990e-01  1.2621454000e-03 
1475.000  2.5558485890e-01  1.2842317820e-03 
1476.000  2.5598907900e-01  1.2804062370e-03 
1477.000  2.5674030230e-01  1.2470085620e-03 
1478.000  2.5302685190e-01  1.1939945220e-03 
1479.000  2.5592560850e-01  1.1621879340e-03 
1480.000  2.5732798510e-01  1.1892213820e-03 
1481.000  2.5349173200e-01  1.2144284250e-03 
1482.000  2.5664767530e-01  1.2858097550e-03 
1483.000  2.5136174430e-01  1.2725031380e-03 
1484.000  2.5368504210e-01  1.2867798810e-03 
1485.000  2.5851431690e-01  1.2996302840e-03 
1486.000  2.5425437850e-01  1.3351650240e-03 
1487.000  2.5454524960e-01  1.4602353570e-03 
1488.000  2.2252353890e-01  1.2884144780e-03 
1489.000  2.5550417740e-01  1.6653238530e-03 
1490.000  2.5609882770e-01  1.8498529200e-03 
1491.000  2.5864447880e-01  2.0004036430e-03 
1492.000  2.5263457420e-01  1.9777984620e-03 
1493.000  2.5831174930e-01  2.1177818780e-03 
1494.000  2.5733074360e-01  2.1183218960e-03 
1495.000  2.5553021170e-01  2.1885571480e-03 
1496.000  2.4797361870e-01  2.2712004180e-03 
1497.000  2.5379765600e-01  2.3154048920e-03 
1498.000  2.5636830080e-01  2.4771850110e-03 
1499.000  2.5205633990e-01  2.5616905690e-03 
1500.000  2.5635481450e-01  2.6971614360e-03 
1501.000  2.5598874530e-01  2.6412866120e-03 
1502.000  2.5401149600e-01  2.5520215030e-03 
1503.000  2.2808764080e-01  2.2405872340e-03 
1504.000  2.3763153910e-01  2.3547120090e-03 
1505.000  2.3689333770e-01  2.4632639880e-03 
1506.000  2.4008726740e-01  2.5249011520e-03 
1507.000  2.5109851560e-01  2.7552819250e-03 
1508.000  2.4717792320e-01  2.7820837500e-03 
1509.000  2.4824567380e-01  2.8721120360e-03 
1510.000  2.5208173260e-01  2.9566984180e-03 
1511.000  2.5322799890e-01  3.0342216490e-03 
1512.000  2.4847444270e-01  3.0226106640e-03 
1513.000  2.4805860670e-01  3.0566768650e-03 
1514.000  2.4466315840e-01  3.0366928580e-03 
1515.000  2.4947101700e-01  3.1151888370e-03 
1516.000  2.4715603740e-01  3.0550103190e-03 
1517.000  2.4569225820e-01  3.0192141530e-03 
1518.000  2.5022053400e-01  3.0848922730e-03 
1519.000  2.4650738590e-01  3.0555136200e-03 
1520.000  2.4802372910e-01  3.1486415860e-03 
1521.000  2.4329965080e-01  3.1842279430e-03 
1522.000  2.4187570280e-01  3.2148425580e-03 
1523.000  2.4776338010e-01  3.3594739440e-03 
1524.000  2.4600458280e-01  3.3673608300e-03 
1525.000  2.4052242700e-01  3.3048949240e-03 
1526.000  2.4729754370e-01  3.3744208810e-03 
1527.000  2.4462482000e-01  3.3335728650e-03 
1528.000  2.4610804560e-01  3.3578813080e-03 
1529.000  2.4532929860e-01  3.3176238540e-03 
1530.000  2.2949822440e-01  3.1008183960e-03 
1531.000  2.4522257330e-01  3.2813611030e-03 
1532.000  2.4364958760e-01  3.2309033870e-03 
1533.000  2.4241873000e-01  3.1733708380e-03 
1534.000  2.3856628470e-01  3.0809438230e-03 
1535.000  2.3918052010e-01  3.0474162100e-03 
1536.000  2.4237899250e-01  3.1235046390e-03 
1537.000  2.4294158300e-01  3.1819574830e-03 
1538.000  2.3609725500e-01  3.1445734500e-03 
1539.000  2.4092495730e-01  3.2596430780e-03 
1540.000  2.3209694130e-01  3.1813983920e-03 
1541.000  2.3685918210e-01  3.2482810020e-03 
1542.000  2.3826768190e-01  3.2579412460e-03 
1543.000  2.3738125720e-01  3.2444362640e-03 
1544.000  2.4006605250e-01  3.2845613960e-03 
1545.000  2.4046753580e-01  3.3023393150e-03 
1546.000  2.4026075540e-01  3.3278582100e-03 
1547.000  2.3760882520e-01  3.3182380200e-03 
1548.000  2.3040385580e-01  3.2421104910e-03 
1549.000  2.3630915080e-01  3.3404183390e-03 
1550.000  2.3499717920e-01  3.3345785140e-03 
1551.000  2.3376696580e-01  3.3029901980e-03 
1552.000  2.3774054240e-01  3.3317556380e-03 
1553.000  2.3639923920e-01  3.2912161350e-03 
1554.000  2.2773750560e-01  3.1436796190e-03 
1555.000  2.3138996820e-01  3.1756954190e-03 
1556.000  2.2688492920e-01  3.1358284950e-03 
1557.000  2.3424991390e-01  3.2929298880e-03 
1558.000  2.3245559820e-01  3.3146150110e-03 
1559.000  2.3256671240e-01  3.3608906270e-03 
1560.000  2.2855064610e-01  3.3526594640e-03 
1561.000  2.3398823870e-01  3.4425857070e-03 
1562.000  2.3406331170e-01  3.4112362860e-03 
1563.000  2.3072415130e-01  3.3377265930e-03 
1564.000  2.2638101280e-01  3.2414679530e-03 
1565.000  2.3029455200e-01  3.2570812700e-03 
1566.000  2.2593055480e-01  3.1975510120e-03 
1567.000  2.2658332830e-01  3.2101626400e-03 
1568.000  2.2277440230e-01  3.1468727590e-03 
1569.000  2.2460293290e-01  3.1593346600e-03 
1570.000  2.1956577910e-01  3.0876634120e-03 
1571.000  2.2544896700e-01  3.1977713110e-03 
1572.000  2.2565173120e-01  3.2107710840e-03 
1573.000  2.2187539210e-01  3.1862626080e-03 
1574.000  2.2209691180e-01  3.2273766990e-03 
1575.000  2.0597745650e-01  3.0216166970e-03 
1576.000  2.2128800220e-01  3.2460768220e-03 
1577.000  1.9972716760e-01  2.8903861050e-03 
1578.000  2.1844348470e-01  3.1183946130e-03 
1579.000  2.1937736310e-01  3.0946671960e-03 
1580.000  2.2328300470e-01  3.1216113570e-03 
1581.000  2.2180234490e-01  3.0627868180e-03 
1582.000  2.1670468620e-01  3.0232110020e-03 
1583.000  2.1879353880e-01  3.0818605420e-03 
1584.000  2.1633117340e-01  3.0768823620e-03 
1585.000  2.2235489880e-01  3.1867396830e-03 
1586.000  2.1956192310e-01  3.1555190090e-03 
1587.000  2.1688624060e-01  3.1424198150e-03 
1588.000  2.1341710640e-01  3.1151130200e-03 
1589.000  1.9520429660e-01  2.8572504520e-03 
1590.000  2.1035690280e-01  3.0884385110e-03 
1591.000  2.0564353780e-01  3.0312888620e-03 
1592.000  2.1655057460e-01  3.1985638140e-03 
1593.000  2.2146830600e-01  3.2734096050e-03 
1594.000  2.1991398330e-01  3.2518866060e-03 
1595.000  2.2137883390e-01  3.2743885520e-03 
1596.000  2.0737327930e-01  3.0819485190e-03 
1597.000  2.1583097840e-01  3.2010431290e-03 
1598.000  2.1990418290e-01  3.2463188170e-03 
1599.000  2.1254260860e-01  3.1176333430e-03 
1600.000  2.1608488970e-01  3.1571388240e-03 
1601.000  2.0698852730e-01  3.0398967270e-03 
1602.000  2.1228167410e-01  3.1542055610e-03 
1603.000  2.1067151220e-01  3.1839013100e-03 
1604.000  2.1325858120e-01  3.2835116390e-03 
1605.000  2.1010563870e-01  3.2762222290e-03 
1606.000  2.0925017350e-01  3.3059885500e-03 
1607.000  2.1012973820e-01  3.2822608950e-03 
1608.000  2.1252395050e-01  3.2828342910e-03 
1609.000  2.1170689580e-01  3.2399046420e-03 
1610.000  1.9849656340e-01  3.0129368310e-03 
1611.000  2.0420289440e-01  3.0905182360e-03 
1612.000  2.0594895300e-01  3.1094462870e-03 
1613.000  2.1034454790e-01  3.1664919850e-03 
1614.000  2.0828019980e-01  3.1021108630e-03 
1615.000  2.1154423940e-01  3.1357376580e-03 
1616.000  1.9820325370e-01  2.9213414190e-03 
1617.000  2.0391580230e-01  3.0508930680e-03 
1618.000  2.1026943650e-01  3.1730377670e-03 
1619.000  2.0952556200e-01  3.2087523940e-03 
1620.000  2.0417508270e-01  3.1720902920e-03 
1621.000  2.0111429980e-01  3.1629128460e-03 
1622.000  2.0617651470e-01  3.2481453420e-03 
1623.000  2.1030460300e-01  3.3276462550e-03 
1624.000  2.1175798520e-01  3.3603408340e-03 
1625.000  2.0644011880e-01  3.3011918070e-03 
1626.000  2.0897146070e-01  3.3317034240e-03 
1627.000  2.0870189150e-01  3.3475055690e-03 
1628.000  2.1037902930e-01  3.3855671880e-03 
1629.000  2.1034854030e-01  3.3944597240e-03 
1630.000  2.0463768300e-01  3.3045568470e-03 
1631.000  2.0783822960e-01  3.3685848710e-03 
1632.000  2.0789074470e-01  3.3113582130e-03 
1633.000  2.0521526520e-01  3.2254548070e-03 
1634.000  2.0041321770e-01  3.1039392950e-03 
1635.000  2.0578665370e-01  3.1466884610e-03 
1636.000  2.0524226500e-01  3.0913715360e-03 
1637.000  1.9610456820e-01  2.9114162920e-03 
1638.000  1.9467151090e-01  2.8566243650e-03 
1639.000  1.9273161800e-01  2.7810206410e-03 
1640.000  1.9388765920e-01  2.7591423990e-03 
1641.000  1.9268778200e-01  2.7160820960e-03 
1642.000  1.9244761000e-01  2.7828369140e-03 
1643.000  1.9739389790e-01  2.9214096070e-03 
1644.000  1.9433917890e-01  2.9403488640e-03 
1645.000  1.9477232990e-01  3.0074124340e-03 
1646.000  1.9711322910e-01  3.1013448240e-03 
1647.000  1.9896403400e-01  3.1259150510e-03 
1648.000  1.9819541960e-01  3.1022267340e-03 
1649.000  1.9366785670e-01  3.0256185530e-03 
1650.000  1.9857534010e-01  3.0988371370e-03 
1651.000  1.9410120830e-01  3.0257046220e-03 
1652.000  1.9797495660e-01  3.0812397000e-03 
1653.000  1.9575202250e-01  3.0534737110e-03 
1654.000  1.9794838960e-01  3.0891571040e-03 
1655.000  1.9398082970e-01  3.0367550850e-03 
1656.000  1.9770643460e-01  3.1011221410e-03 
1657.000  1.9627347710e-01  3.0781223770e-03 
1658.000  1.9733401600e-01  3.1021912100e-03 
1659.000  1.9369918380e-01  3.0452570920e-03 
1660.000  1.9606287510e-01  3.0748274330e-03 
1661.000  1.9683262210e-01  3.0664911270e-03 
1662.000  1.9550997980e-01  2.9803066250e-03 
1663.000  1.9427937400e-01  2.9035573010e-03 
1664.000  1.9345706540e-01  2.8325674530e-03 
1665.000  1.9148151540e-01  2.7446646690e-03 
1666.000  1.9054940770e-01  2.7209775450e-03 
1667.000  1.9207194230e-01  2.8013358120e-03 
1668.000  1.8881781650e-01  2.7945334910e-03 
1669.000  1.8912021500e-01  2.8472619060e-03 
1670.000  1.9319239600e-01  2.9573743340e-03 
1671.000  1.9171736040e-01  2.9871616360e-03 
1672.000  1.8263651760e-01  2.9058122630e-03 
1673.000  1.8801691300e-01  3.0425393580e-03 
1674.000  1.8889061120e-01  3.1115720270e-03 
1675.000  1.8714057550e-01  3.1439139840e-03 
1676.000  1.8415944700e-01  3.1135058400e-03 
1677.000  1.8504462390e-01  3.1248881820e-03 
1678.000  1.8591320770e-01  3.1426093580e-03 
1679.000  1.8344057390e-01  3.0929346080e-03 
1680.000  1.7703182880e-01  2.9863531590e-03 
1681.000  1.7082660470e-01  2.8817627430e-03 
1682.000  1.7575973850e-01  2.9617440700e-03 
1683.000  1.8015282780e-01  3.0286307330e-03 
1684.000  1.8351382060e-01  3.0787711140e-03 
1685.000  1.8423282240e-01  3.0733375550e-03 
1686.000  1.8200996120e-01  3.0214619640e-03 
1687.000  1.8302614240e-01  2.9968869690e-03 
1688.000  1.8336792650e-01  2.9662001130e-03 
1689.000  1.8115796460e-01  2.9111847880e-03 
1690.000  1.8132129760e-01  2.8751370910e-03 
1691.000  1.8369406150e-01  2.9223344330e-03 
1692.000  1.8402842620e-01  2.9459528920e-03 
1693.000  1.8332892910e-01  2.9563281540e-03 
1694.000  1.8305153990e-01  2.9702787400e-03 
1695.000  1.8326071420e-01  2.9799847600e-03 
1696.000  1.8218891940e-01  2.9240150450e-03 
1697.000  1.8114837410e-01  2.8567144870e-03 
1698.000  1.8224158810e-01  2.8270227910e-03 
1699.000  1.8106378690e-01  2.7655372620e-03 
1700.000  1.7874280010e-01  2.6895596980e-03 
