 lambda   Irr_dw            Rad_up 
 550.000  1.5536005600e+00  4.7504997250e-02 
 551.000  1.5433403300e+00  4.7034027100e-02 
 552.000  1.6092231900e+00  4.9007350920e-02 
 553.000  1.5456560800e+00  4.6888397220e-02 
 554.000  1.5956212500e+00  4.8344730380e-02 
 555.000  1.5996066900e+00  4.8244926450e-02 
 556.000  1.5550662500e+00  4.6691761020e-02 
 557.000  1.5085638200e+00  4.5248527530e-02 
 558.000  1.5655057600e+00  4.6747291560e-02 
 559.000  1.4794330900e+00  4.4046470640e-02 
 560.000  1.4856959400e+00  4.4179996490e-02 
 561.000  1.6326444400e+00  4.8316390990e-02 
 562.000  1.4988248600e+00  4.4271572110e-02 
 563.000  1.5680335100e+00  4.6103099820e-02 
 564.000  1.5460484300e+00  4.5179943080e-02 
 565.000  1.5647965400e+00  4.5653228760e-02 
 566.000  1.4428117000e+00  4.1898929600e-02 
 567.000  1.5489876600e+00  4.4660633090e-02 
 568.000  1.5495665200e+00  4.4079925540e-02 
 569.000  1.5281823500e+00  4.2287376400e-02 
 570.000  1.5347171200e+00  4.2459079740e-02 
 571.000  1.4738108900e+00  4.1336185460e-02 
 572.000  1.5645836800e+00  4.3135375980e-02 
 573.000  1.5794333600e+00  4.3629516600e-02 
 574.000  1.5703821600e+00  4.3276447300e-02 
 575.000  1.5325920900e+00  4.2039955140e-02 
 576.000  1.5050030500e+00  4.1150749210e-02 
 577.000  1.5656207500e+00  4.2812580110e-02 
 578.000  1.5172096600e+00  4.1741519930e-02 
 579.000  1.5034026400e+00  4.1347415920e-02 
 580.000  1.5532248100e+00  4.2916702270e-02 
 581.000  1.5221259000e+00  4.2180801390e-02 
 582.000  1.5430755500e+00  4.2628154750e-02 
 583.000  1.5529737200e+00  4.2949600220e-02 
 584.000  1.5473205600e+00  4.2593669890e-02 
 585.000  1.5367188400e+00  4.2142482760e-02 
 586.000  1.4703721100e+00  4.0272247310e-02 
 587.000  1.5309422700e+00  4.1367275240e-02 
 588.000  1.5290637900e+00  3.9955913540e-02 
 589.000  1.3746817700e+00  3.4290363310e-02 
 590.000  1.4365602500e+00  3.5722537990e-02 
 591.000  1.5118445500e+00  3.8572284700e-02 
 592.000  1.4904736600e+00  3.7255111690e-02 
 593.000  1.4897473700e+00  3.8366542820e-02 
 594.000  1.5070295800e+00  3.8472766880e-02 
 595.000  1.4896903600e+00  3.7046134950e-02 
 596.000  1.5099292000e+00  3.8769973750e-02 
 597.000  1.5179821100e+00  3.8485935210e-02 
 598.000  1.4800900000e+00  3.8022926330e-02 
 599.000  1.4776200100e+00  3.8112148280e-02 
 600.000  1.4717403200e+00  3.8419124600e-02 
 601.000  1.4593373900e+00  3.8446689610e-02 
 602.000  1.4418863800e+00  3.7981319430e-02 
 603.000  1.4491268300e+00  3.8285770420e-02 
 604.000  1.4937726700e+00  3.9615482330e-02 
 605.000  1.4893477100e+00  3.9341800690e-02 
 606.000  1.4718714900e+00  3.8927536010e-02 
 607.000  1.4634141800e+00  3.8598541260e-02 
 608.000  1.4579242000e+00  3.8317977910e-02 
 609.000  1.4428757300e+00  3.7890472410e-02 
 610.000  1.4196760700e+00  3.7153678890e-02 
 611.000  1.4426455900e+00  3.7701251980e-02 
 612.000  1.4238221200e+00  3.7167503360e-02 
 613.000  1.4029901900e+00  3.6509220120e-02 
 614.000  1.3518500400e+00  3.5160541530e-02 
 615.000  1.4171416400e+00  3.6698928830e-02 
 616.000  1.3474499100e+00  3.4887313840e-02 
 617.000  1.3551335600e+00  3.5036258700e-02 
 618.000  1.4191789900e+00  3.6503528590e-02 
 619.000  1.4063654800e+00  3.6197254180e-02 
 620.000  1.4273622800e+00  3.6547100070e-02 
 621.000  1.4522207800e+00  3.7141101840e-02 
 622.000  1.3759504000e+00  3.5084720610e-02 
 623.000  1.3871653900e+00  3.5150619510e-02 
 624.000  1.3891122300e+00  3.5249031070e-02 
 625.000  1.3519226200e+00  3.4269725800e-02 
 626.000  1.3598434600e+00  3.4223506930e-02 
 627.000  1.3882875200e+00  3.4407722470e-02 
 628.000  1.3948675200e+00  3.3108222960e-02 
 629.000  1.4157349200e+00  3.4157245640e-02 
 630.000  1.3649327800e+00  3.3321121220e-02 
 631.000  1.4106937500e+00  3.4530094150e-02 
 632.000  1.3161937400e+00  3.1974245070e-02 
 633.000  1.4062718000e+00  3.4528354640e-02 
 634.000  1.3617230900e+00  3.3593158720e-02 
 635.000  1.3862050900e+00  3.4215286250e-02 
 636.000  1.3360144600e+00  3.3045871730e-02 
 637.000  1.3792879600e+00  3.4168125150e-02 
 638.000  1.3980149600e+00  3.4767646790e-02 
 639.000  1.3861828900e+00  3.4301181790e-02 
 640.000  1.3412717000e+00  3.3439472200e-02 
 641.000  1.3604969900e+00  3.3857204440e-02 
 642.000  1.3431662900e+00  3.3437400820e-02 
 643.000  1.3683319400e+00  3.3874092100e-02 
 644.000  1.3525633900e+00  3.3337741850e-02 
 645.000  1.3667780900e+00  3.3519397740e-02 
 646.000  1.3245957800e+00  3.1483520510e-02 
 647.000  1.3498371900e+00  3.1398286820e-02 
 648.000  1.3554033300e+00  3.1018325810e-02 
 649.000  1.3753953800e+00  3.1779275890e-02 
 650.000  1.2622048700e+00  3.0098272320e-02 
 651.000  1.3597493500e+00  3.2390598300e-02 
 652.000  1.3451940500e+00  3.1134374620e-02 
 653.000  1.3588584100e+00  3.2430423740e-02 
 654.000  1.3426389000e+00  3.1753702160e-02 
 655.000  1.3120453500e+00  3.0618154530e-02 
 656.000  1.1126001900e+00  2.6016098020e-02 
 657.000  1.1852450100e+00  2.7875579830e-02 
 658.000  1.3158345000e+00  3.1364789960e-02 
 659.000  1.3164985900e+00  3.1512260440e-02 
 660.000  1.3257821700e+00  3.1820858000e-02 
 661.000  1.3283912400e+00  3.2184631350e-02 
 662.000  1.3460627200e+00  3.2704559330e-02 
 663.000  1.3315093500e+00  3.2222778320e-02 
 664.000  1.3098471300e+00  3.1696083070e-02 
 665.000  1.3151919500e+00  3.1798183440e-02 
 666.000  1.3304651300e+00  3.2290641780e-02 
 667.000  1.3036632500e+00  3.1530708310e-02 
 668.000  1.3105190400e+00  3.1813413620e-02 
 669.000  1.3291305100e+00  3.2304935460e-02 
 670.000  1.3131128300e+00  3.1744010930e-02 
 671.000  1.2990358700e+00  3.1422061920e-02 
 672.000  1.2947426100e+00  3.1275159840e-02 
 673.000  1.3039519100e+00  3.1436822890e-02 
 674.000  1.3064193700e+00  3.1487092970e-02 
 675.000  1.2864068600e+00  3.0923072810e-02 
 676.000  1.3106340900e+00  3.1497676850e-02 
 677.000  1.2845052900e+00  3.0870948790e-02 
 678.000  1.3056929600e+00  3.1315855030e-02 
 679.000  1.2872939900e+00  3.0773134230e-02 
 680.000  1.2778561900e+00  3.0508810040e-02 
 681.000  1.2798406200e+00  3.0457805630e-02 
 682.000  1.2774009400e+00  3.0263002400e-02 
 683.000  1.2860902300e+00  3.0339130400e-02 
 684.000  1.2638972400e+00  2.9779926300e-02 
 685.000  1.2775710200e+00  3.0032173160e-02 
 686.000  1.2243957500e+00  2.8366960530e-02 
 687.000  1.2254556600e+00  2.4526727680e-02 
 688.000  1.2263493000e+00  2.5497652050e-02 
 689.000  1.2298989500e+00  2.5360395430e-02 
 690.000  1.2358358100e+00  2.5995239260e-02 
 691.000  1.2407875700e+00  2.6773836140e-02 
 692.000  1.2333060500e+00  2.6930616380e-02 
 693.000  1.2414491400e+00  2.6148990630e-02 
 694.000  1.2550763400e+00  2.5714790340e-02 
 695.000  1.2320910000e+00  2.5623046880e-02 
 696.000  1.2458914500e+00  2.6157419200e-02 
 697.000  1.2448270400e+00  2.7776029590e-02 
 698.000  1.2225509500e+00  2.6822959900e-02 
 699.000  1.2483973700e+00  2.6012847900e-02 
 700.000  1.2334620800e+00  2.5861661910e-02 
 701.000  1.2065658900e+00  2.4944849010e-02 
 702.000  1.2003652800e+00  2.5010707860e-02 
 703.000  1.2149636800e+00  2.6341426850e-02 
 704.000  1.2184955800e+00  2.6481815340e-02 
 705.000  1.2289611800e+00  2.6208450320e-02 
 706.000  1.2158400100e+00  2.6010107040e-02 
 707.000  1.1972570500e+00  2.5774230960e-02 
 708.000  1.2317087100e+00  2.6699085240e-02 
 709.000  1.1872178700e+00  2.6073907850e-02 
 710.000  1.2154740200e+00  2.6197807310e-02 
 711.000  1.2024611400e+00  2.6288867950e-02 
 712.000  1.1850606300e+00  2.6289163590e-02 
 713.000  1.1806606000e+00  2.5845132830e-02 
 714.000  1.2009592200e+00  2.6086072920e-02 
 715.000  1.1598621600e+00  2.4670167920e-02 
 716.000  1.1910446200e+00  2.4795137410e-02 
 717.000  1.1613171900e+00  2.1694356920e-02 
 718.000  1.1551665500e+00  2.0126909260e-02 
 719.000  1.1418669800e+00  1.9283124920e-02 
 720.000  1.1501986900e+00  1.8756381990e-02 
 721.000  1.1485411700e+00  2.1967756270e-02 
 722.000  1.1646478900e+00  2.3381814960e-02 
 723.000  1.1622543400e+00  2.2580600740e-02 
 724.000  1.1693146600e+00  2.0780969620e-02 
 725.000  1.1565510600e+00  2.0818601610e-02 
 726.000  1.1544379000e+00  2.0692846300e-02 
 727.000  1.1715175200e+00  2.1191839220e-02 
 728.000  1.1513962800e+00  2.0589511870e-02 
 729.000  1.1056378800e+00  2.0404127120e-02 
 730.000  1.1464914800e+00  2.1032358170e-02 
 731.000  1.1275958800e+00  2.0621236800e-02 
 732.000  1.1487133000e+00  2.2133302690e-02 
 733.000  1.1308601900e+00  2.3066129680e-02 
 734.000  1.1540612500e+00  2.4124408720e-02 
 735.000  1.1448578400e+00  2.3643268590e-02 
 736.000  1.1238445400e+00  2.2816141130e-02 
 737.000  1.1384320900e+00  2.3352401730e-02 
 738.000  1.1349773200e+00  2.3705301280e-02 
 739.000  1.0981302600e+00  2.3156333920e-02 
 740.000  1.1081025100e+00  2.3788217540e-02 
 741.000  1.0990633200e+00  2.3941749570e-02 
 742.000  1.0808745600e+00  2.3672916410e-02 
 743.000  1.1123264800e+00  2.4652055740e-02 
 744.000  1.1227487400e+00  2.5033458710e-02 
 745.000  1.0934364200e+00  2.4506937030e-02 
 746.000  1.1085652500e+00  2.4871400830e-02 
 747.000  1.1251664700e+00  2.5207511900e-02 
 748.000  1.1049536700e+00  2.4742477420e-02 
 749.000  1.1051503800e+00  2.4760669710e-02 
 750.000  1.0890110300e+00  2.4301469800e-02 
 751.000  1.0862092300e+00  2.4224754330e-02 
 752.000  1.1026638100e+00  2.4636838910e-02 
 753.000  1.0922288000e+00  2.4404642110e-02 
 754.000  1.1093274900e+00  2.4781557080e-02 
 755.000  1.1029663200e+00  2.4624792100e-02 
 756.000  1.0813709400e+00  2.4129480360e-02 
 757.000  1.0893633100e+00  2.4291746140e-02 
 758.000  1.0882300200e+00  2.4188331600e-02 
 759.000  1.0470655500e+00  2.1335266110e-02 
 760.000  8.2383222600e-01  8.6212081910e-03 
 761.000  7.9393416000e-01  7.6362590790e-03 
 762.000  9.2602333200e-01  1.3807710650e-02 
 763.000  9.1117179000e-01  1.1936367030e-02 
 764.000  9.3454410800e-01  1.3031546590e-02 
 765.000  9.8082789000e-01  1.5827142720e-02 
 766.000  9.7251942700e-01  1.8161512370e-02 
 767.000  1.0023805780e+00  1.9911277770e-02 
 768.000  1.0512800900e+00  2.1842185970e-02 
 769.000  1.0527312600e+00  2.2604839320e-02 
 770.000  1.0500485100e+00  2.2921194080e-02 
 771.000  1.0514934000e+00  2.3164556500e-02 
 772.000  1.0476148200e+00  2.3117824550e-02 
 773.000  1.0433037800e+00  2.3029396060e-02 
 774.000  1.0543119600e+00  2.3282939910e-02 
 775.000  1.0146038900e+00  2.2406314850e-02 
 776.000  1.0563180700e+00  2.3369024280e-02 
 777.000  1.0490022800e+00  2.3177556990e-02 
 778.000  1.0434597900e+00  2.3000867840e-02 
 779.000  1.0469327800e+00  2.3008115770e-02 
 780.000  1.0340631200e+00  2.2741304400e-02 
 781.000  1.0322034800e+00  2.2685667040e-02 
 782.000  1.0447367500e+00  2.2868690490e-02 
 783.000  1.0204028760e+00  2.2424108510e-02 
 784.000  1.0263120010e+00  2.2494565960e-02 
 785.000  1.0296871350e+00  2.2354757310e-02 
 786.000  1.0128274690e+00  2.1843772890e-02 
 787.000  1.0297125630e+00  2.1722583770e-02 
 788.000  1.0152448730e+00  2.1247402190e-02 
 789.000  1.0243782270e+00  2.0786085130e-02 
 790.000  1.0143393280e+00  2.0477142330e-02 
 791.000  1.0086050600e+00  2.0486110690e-02 
 792.000  9.9215343000e-01  2.0187503810e-02 
 793.000  9.8998822000e-01  2.0370141980e-02 
 794.000  9.7734055100e-01  2.0678556440e-02 
 795.000  9.7363956600e-01  2.0126501080e-02 
 796.000  9.9434787800e-01  1.9834823610e-02 
 797.000  9.9949029300e-01  2.0182138440e-02 
 798.000  9.9745786500e-01  2.0637718200e-02 
 799.000  9.9727908600e-01  2.0446891780e-02 
 800.000  9.7312769200e-01  1.9552602770e-02 
 801.000  9.9114487800e-01  1.9950128560e-02 
 802.000  9.8937912100e-01  1.9824710850e-02 
 803.000  9.7507512800e-01  1.9605875020e-02 
 804.000  9.8306213200e-01  1.9994443890e-02 
 805.000  9.5461365900e-01  1.9778785710e-02 
 806.000  9.7953929000e-01  2.0452365880e-02 
 807.000  9.7348043400e-01  2.0367631910e-02 
 808.000  9.6833557800e-01  2.0082817080e-02 
 809.000  9.5254532000e-01  1.9579029080e-02 
 810.000  9.4891094300e-01  1.9302459720e-02 
 811.000  9.6532375900e-01  1.9307096480e-02 
 812.000  9.6356621300e-01  1.8917446140e-02 
 813.000  9.6103786700e-01  1.8339132310e-02 
 814.000  9.6167376700e-01  1.7871480940e-02 
 815.000  9.5346255500e-01  1.7129358290e-02 
 816.000  9.4738199300e-01  1.6315721510e-02 
 817.000  9.5297226300e-01  1.6424798970e-02 
 818.000  9.4696972700e-01  1.6285305020e-02 
 819.000  9.2082999700e-01  1.6124689100e-02 
 820.000  9.0119829300e-01  1.6533929820e-02 
 821.000  9.2899224500e-01  1.7953695300e-02 
 822.000  9.0438262900e-01  1.6655076980e-02 
 823.000  9.2060354800e-01  1.5213932040e-02 
 824.000  9.3118577700e-01  1.6868623730e-02 
 825.000  9.2727237800e-01  1.8073114400e-02 
 826.000  9.3357166900e-01  1.7907833100e-02 
 827.000  9.3092306300e-01  1.7660430910e-02 
 828.000  9.3080002900e-01  1.6881372450e-02 
 829.000  9.2972872000e-01  1.7075359340e-02 
 830.000  9.1426261500e-01  1.7082244870e-02 
 831.000  8.9804039700e-01  1.6832389830e-02 
 832.000  9.1633093900e-01  1.7169609070e-02 
 833.000  8.8738641300e-01  1.6899059300e-02 
 834.000  8.9986475700e-01  1.7357900620e-02 
 835.000  8.9981131300e-01  1.7654764180e-02 
 836.000  9.1093814500e-01  1.7880168910e-02 
 837.000  9.0350546000e-01  1.7672513960e-02 
 838.000  9.0573160100e-01  1.7961175920e-02 
 839.000  8.7681231200e-01  1.7483884810e-02 
 840.000  9.0002492400e-01  1.7929056170e-02 
 841.000  9.0334442000e-01  1.7820573810e-02 
 842.000  8.9686192000e-01  1.7787395480e-02 
 843.000  8.8863488200e-01  1.8057231900e-02 
 844.000  8.7294793400e-01  1.7902141570e-02 
 845.000  8.8572076500e-01  1.8232921600e-02 
 846.000  8.9307406200e-01  1.8526107790e-02 
 847.000  8.6169382200e-01  1.8026512150e-02 
 848.000  8.8818750600e-01  1.8378906250e-02 
 849.000  8.8970540600e-01  1.8517402650e-02 
 850.000  7.6973674100e-01  1.5866024970e-02 
 851.000  8.8254971500e-01  1.8046985630e-02 
 852.000  8.4904311100e-01  1.7432929990e-02 
 853.000  8.5774213600e-01  1.7654443740e-02 
 854.000  6.8965841000e-01  1.4225909230e-02 
 855.000  7.5865270600e-01  1.5758626940e-02 
 856.000  8.5953072100e-01  1.7894990920e-02 
 857.000  8.7263967800e-01  1.8322982790e-02 
 858.000  8.5835522400e-01  1.8018306730e-02 
 859.000  8.5748369200e-01  1.8052860260e-02 
 860.000  8.4944325900e-01  1.7973323820e-02 
 861.000  8.4929281700e-01  1.7947612760e-02 
 862.000  8.4628612300e-01  1.7818796160e-02 
 863.000  8.6245820100e-01  1.8263029100e-02 
 864.000  8.6058510000e-01  1.8068723680e-02 
 865.000  8.4443878700e-01  1.7865842820e-02 
 866.000  7.0830074500e-01  1.5030641560e-02 
 867.000  7.5431167200e-01  1.5789526940e-02 
 868.000  8.1809059100e-01  1.7215118410e-02 
 869.000  8.0659291100e-01  1.6960445400e-02 
 870.000  8.3992101000e-01  1.7780954360e-02 
 871.000  8.3871836400e-01  1.7682060240e-02 
 872.000  8.3525582900e-01  1.7372505190e-02 
 873.000  8.3874218800e-01  1.7575826640e-02 
 874.000  8.2043753200e-01  1.7106050490e-02 
 875.000  8.1293266000e-01  1.7100610730e-02 
 876.000  8.1989504100e-01  1.7159044270e-02 
 877.000  8.3635546100e-01  1.7345970150e-02 
 878.000  8.2259327000e-01  1.7135932920e-02 
 879.000  8.2455089400e-01  1.7234521870e-02 
 880.000  8.2030096200e-01  1.6949440000e-02 
 881.000  7.7793926100e-01  1.6118240360e-02 
 882.000  8.2118955700e-01  1.6808450700e-02 
 883.000  8.0221423000e-01  1.6610664370e-02 
 884.000  8.0894406400e-01  1.6970146180e-02 
 885.000  8.1829207200e-01  1.6678512570e-02 
 886.000  7.9280086000e-01  1.6186925890e-02 
 887.000  7.8372702100e-01  1.5988291740e-02 
 888.000  8.0728508600e-01  1.6275070190e-02 
 889.000  8.1239835400e-01  1.6672319410e-02 
 890.000  8.1056908500e-01  1.6532642360e-02 
 891.000  8.0753226400e-01  1.6234672550e-02 
 892.000  8.0688202300e-01  1.5982776640e-02 
 893.000  7.8129835700e-01  1.4601056100e-02 
 894.000  8.0971460700e-01  1.4861155510e-02 
 895.000  7.7473306200e-01  1.3541354180e-02 
 896.000  8.0549070200e-01  1.3191344260e-02 
 897.000  7.8694145700e-01  1.2377358440e-02 
 898.000  7.8829501700e-01  1.2002474780e-02 
 899.000  7.8758642300e-01  1.1074038510e-02 
 900.000  7.6792023300e-01  1.0801713940e-02 
 901.000  7.5146895400e-01  1.0387907980e-02 
 902.000  7.3763793600e-01  1.0232611660e-02 
 903.000  7.7372730400e-01  1.2073303220e-02 
 904.000  7.8808750900e-01  1.3116042140e-02 
 905.000  7.8600487100e-01  1.3335343360e-02 
 906.000  7.6518968700e-01  1.2442745210e-02 
 907.000  7.7815544800e-01  1.1627493860e-02 
 908.000  7.5912280300e-01  1.0655816080e-02 
 909.000  7.4423156900e-01  1.0449500080e-02 
 910.000  7.5303455000e-01  1.0651543620e-02 
 911.000  7.5103829600e-01  1.1198371890e-02 
 912.000  7.5266560800e-01  1.0778477670e-02 
 913.000  7.7028224000e-01  1.0252480510e-02 
 914.000  7.6532483700e-01  1.0535054210e-02 
 915.000  7.5269190200e-01  1.0887072560e-02 
 916.000  7.6104846200e-01  1.1023814200e-02 
 917.000  7.4913893300e-01  1.1004965780e-02 
 918.000  7.4533475900e-01  1.1182113650e-02 
 919.000  7.5516609300e-01  1.2523282050e-02 
 920.000  7.4796118800e-01  1.2743821140e-02 
 921.000  7.3158024500e-01  1.2307173730e-02 
 922.000  7.2503775600e-01  1.2291916850e-02 
 923.000  6.9464814900e-01  1.1240028380e-02 
 924.000  7.2403665900e-01  1.1632440570e-02 
 925.000  7.3365103500e-01  1.1677115440e-02 
 926.000  7.0745773900e-01  1.1092458720e-02 
 927.000  7.3381332800e-01  1.1304128650e-02 
 928.000  7.3833117500e-01  1.0498267170e-02 
 929.000  7.2801732900e-01  9.2512702940e-03 
 930.000  7.2619030100e-01  8.0492000580e-03 
 931.000  7.2589428300e-01  7.1545529370e-03 
 932.000  7.1878370300e-01  6.1293711660e-03 
 933.000  7.2074700800e-01  5.5922732350e-03 
 934.000  7.1443850200e-01  5.0808515550e-03 
 935.000  7.0385185100e-01  4.9576964380e-03 
 936.000  6.9878456000e-01  5.0741500850e-03 
 937.000  7.1438239900e-01  5.1488842960e-03 
 938.000  7.0688659100e-01  5.6320629120e-03 
 939.000  7.1314881200e-01  7.5410380360e-03 
 940.000  7.0950953000e-01  7.8945493700e-03 
 941.000  6.9337950700e-01  7.4023847580e-03 
 942.000  6.6684711500e-01  6.4705753330e-03 
 943.000  7.0262434600e-01  5.8957390790e-03 
 944.000  6.8331046800e-01  5.6666369440e-03 
 945.000  6.8985770200e-01  6.0056753160e-03 
 946.000  6.9921401000e-01  6.1097574230e-03 
 947.000  6.9498435000e-01  6.3728919030e-03 
 948.000  6.9918758400e-01  6.5955824850e-03 
 949.000  7.0140258600e-01  6.6025695800e-03 
 950.000  6.9677909700e-01  6.6081519130e-03 
 951.000  6.9264259800e-01  7.0108499530e-03 
 952.000  6.9257048200e-01  6.5593185420e-03 
 953.000  6.9065889500e-01  6.8754253390e-03 
 954.000  6.8398708000e-01  7.2061114310e-03 
 955.000  6.3888255000e-01  6.4557123180e-03 
 956.000  6.8153780900e-01  6.8495688440e-03 
 957.000  6.8118542100e-01  7.9405469890e-03 
 958.000  6.8643672200e-01  8.1918802260e-03 
 959.000  6.8909033900e-01  8.0221405030e-03 
 960.000  6.8257944200e-01  7.8969440460e-03 
 961.000  6.7525824600e-01  7.7166075710e-03 
 962.000  6.7861989800e-01  7.8528146740e-03 
 963.000  6.7721892200e-01  8.5869274140e-03 
 964.000  6.6946883900e-01  8.6098928450e-03 
 965.000  6.7765349600e-01  8.6411514280e-03 
 966.000  6.5809288000e-01  8.4415426250e-03 
 967.000  6.7766433600e-01  9.3231325150e-03 
 968.000  6.7019515200e-01  1.0244351390e-02 
 969.000  6.7428914200e-01  1.0757290840e-02 
 970.000  6.7611788900e-01  1.0810977940e-02 
 971.000  6.7013521000e-01  1.0697031970e-02 
 972.000  6.7488468700e-01  1.0629078870e-02 
 973.000  6.6864777200e-01  1.0233529090e-02 
 974.000  6.5839830800e-01  9.7249011990e-03 
 975.000  6.6169024200e-01  9.5337991710e-03 
 976.000  6.6969865100e-01  9.9243021010e-03 
 977.000  6.5272158100e-01  1.0103763580e-02 
 978.000  6.6886790400e-01  1.0316938400e-02 
 979.000  6.4943104400e-01  1.0131608010e-02 
 980.000  6.5858606900e-01  1.0749163630e-02 
 981.000  6.6307817300e-01  1.0939065930e-02 
 982.000  6.6164572200e-01  1.0800108910e-02 
 983.000  6.5985527700e-01  1.1044701580e-02 
 984.000  6.5543638600e-01  1.1279940610e-02 
 985.000  6.5512416600e-01  1.1464849470e-02 
 986.000  6.4978038000e-01  1.1637994770e-02 
 987.000  6.5716903100e-01  1.1892900470e-02 
 988.000  6.4906609300e-01  1.1768538480e-02 
 989.000  6.4082709800e-01  1.1630266190e-02 
 990.000  6.4628865900e-01  1.1752434730e-02 
 991.000  6.5153177800e-01  1.1950212480e-02 
 992.000  6.4550152700e-01  1.1857178690e-02 
 993.000  6.4545515000e-01  1.1852682110e-02 
 994.000  6.4869044200e-01  1.1997467040e-02 
 995.000  6.4387390900e-01  1.1976579670e-02 
 996.000  6.4376415400e-01  1.1956486700e-02 
 997.000  6.4448386700e-01  1.1899271010e-02 
 998.000  6.4212070700e-01  1.1789813040e-02 
 999.000  6.4055227100e-01  1.1723720550e-02 
1000.000  6.3544023400e-01  1.1630049710e-02 
1001.000  6.3909362100e-01  1.1573319440e-02 
1002.000  6.3844706600e-01  1.1379136090e-02 
1003.000  6.3092103400e-01  1.1274520870e-02 
1004.000  6.2549221800e-01  1.1264338490e-02 
1005.000  5.8433843800e-01  1.0556571010e-02 
1006.000  6.1483420900e-01  1.1112889290e-02 
1007.000  6.2609168700e-01  1.1273155210e-02 
1008.000  6.2898053900e-01  1.1178349490e-02 
1009.000  6.2547787400e-01  1.0936187740e-02 
1010.000  6.2766942600e-01  1.1040180210e-02 
1011.000  6.2395827800e-01  1.1153555870e-02 
1012.000  6.2399442200e-01  1.1221027370e-02 
1013.000  6.1938539900e-01  1.1190318110e-02 
1014.000  6.2328379300e-01  1.1319997790e-02 
1015.000  6.1176929800e-01  1.1152676580e-02 
1016.000  6.1563043500e-01  1.1288694380e-02 
1017.000  6.0950412500e-01  1.1220306400e-02 
1018.000  6.1756755600e-01  1.1379210470e-02 
1019.000  6.0369439300e-01  1.1088386540e-02 
1020.000  6.0234409700e-01  1.1042984010e-02 
1021.000  6.0817460200e-01  1.1115029340e-02 
1022.000  5.9933783200e-01  1.0784728050e-02 
1023.000  6.1110101200e-01  1.0842809680e-02 
1024.000  6.0815873500e-01  1.0667167660e-02 
1025.000  6.0743939600e-01  1.0690578460e-02 
1026.000  6.0790319700e-01  1.0730884550e-02 
1027.000  6.0434186100e-01  1.0694572450e-02 
1028.000  6.0567216300e-01  1.0788439750e-02 
1029.000  5.9622121900e-01  1.0719781880e-02 
1030.000  6.0197141900e-01  1.0931950570e-02 
1031.000  5.9994227300e-01  1.0976997380e-02 
1032.000  5.9773355600e-01  1.0989523890e-02 
1033.000  5.8670329300e-01  1.0759853360e-02 
1034.000  5.9283570500e-01  1.0857409480e-02 
1035.000  5.8644852500e-01  1.0716510770e-02 
1036.000  5.9414745100e-01  1.0817251210e-02 
1037.000  5.8162626400e-01  1.0559543610e-02 
1038.000  5.8734510100e-01  1.0633633610e-02 
1039.000  5.8985384900e-01  1.0640437130e-02 
1040.000  5.8296348300e-01  1.0479891780e-02 
1041.000  5.8609545900e-01  1.0501471520e-02 
1042.000  5.8786553100e-01  1.0501726150e-02 
1043.000  5.7773245500e-01  1.0291446690e-02 
1044.000  5.8355121300e-01  1.0361989970e-02 
1045.000  5.8121783400e-01  1.0358758930e-02 
1046.000  5.6442428800e-01  1.0108693120e-02 
1047.000  5.7493601100e-01  1.0345775600e-02 
1048.000  5.8082606400e-01  1.0503155710e-02 
1049.000  5.7726152300e-01  1.0491630550e-02 
1050.000  5.7399930400e-01  1.0482110020e-02 
1051.000  5.7432792200e-01  1.0448339460e-02 
1052.000  5.7182600900e-01  1.0357687000e-02 
1053.000  5.7210730500e-01  1.0320596690e-02 
1054.000  5.6651202500e-01  1.0175066950e-02 
1055.000  5.7095828500e-01  1.0201473240e-02 
1056.000  5.6967705800e-01  1.0131110190e-02 
1057.000  5.6925621600e-01  1.0077964780e-02 
1058.000  5.6429920300e-01  9.9265327450e-03 
1059.000  5.4649801700e-01  9.6366291050e-03 
1060.000  5.6569314000e-01  1.0036444660e-02 
1061.000  5.4599137200e-01  9.6942396160e-03 
1062.000  5.6175615100e-01  9.9418487550e-03 
1063.000  5.5249177900e-01  9.7466306690e-03 
1064.000  5.5991740600e-01  9.7831344600e-03 
1065.000  5.5982880600e-01  9.6747531890e-03 
1066.000  5.4262693100e-01  9.3285617830e-03 
1067.000  5.5580786500e-01  9.4855575560e-03 
1068.000  5.5446537400e-01  9.3188848500e-03 
1069.000  5.1311061700e-01  8.5613546370e-03 
1070.000  5.4342014600e-01  9.1131439210e-03 
1071.000  5.4483254500e-01  9.1213684080e-03 
1072.000  5.4719450900e-01  9.1469602580e-03 
1073.000  5.2928848200e-01  8.8745422360e-03 
1074.000  5.4776082500e-01  9.2306337360e-03 
1075.000  5.3001603800e-01  9.0368719100e-03 
1076.000  5.4215810900e-01  9.2087535860e-03 
1077.000  5.4157064400e-01  9.1488485340e-03 
1078.000  5.4369453500e-01  9.1265163420e-03 
1079.000  5.2286541600e-01  8.7805805210e-03 
1080.000  5.4026703500e-01  8.9060649870e-03 
1081.000  5.2048605000e-01  8.5665159230e-03 
1082.000  5.2632258300e-01  8.6876773830e-03 
1083.000  5.1304768500e-01  8.3323144910e-03 
1084.000  5.3366538600e-01  8.5243234630e-03 
1085.000  5.2906028500e-01  8.2013921740e-03 
1086.000  5.3540824300e-01  8.2973718640e-03 
1087.000  5.0013111600e-01  7.9357633590e-03 
1088.000  5.3034042700e-01  8.4845619200e-03 
1089.000  5.1312539700e-01  7.9957170490e-03 
1090.000  5.2485524700e-01  8.1833124160e-03 
1091.000  5.2765674500e-01  8.3318166730e-03 
1092.000  5.1690033700e-01  8.0899438860e-03 
1093.000  5.1377519000e-01  7.8183498380e-03 
1094.000  4.6876569900e-01  6.9971213340e-03 
1095.000  5.0716773700e-01  7.5427174570e-03 
1096.000  5.0790395100e-01  7.5273776050e-03 
1097.000  4.9869926600e-01  7.2912797930e-03 
1098.000  4.9774846800e-01  6.6755170820e-03 
1099.000  5.0223861800e-01  6.1870350840e-03 
1100.000  5.1065328500e-01  6.3247923850e-03 
1101.000  5.0907151800e-01  6.3743453030e-03 
1102.000  4.8815991900e-01  6.0737233160e-03 
1103.000  5.0719413600e-01  6.3520874980e-03 
1104.000  5.0394783900e-01  6.2206168170e-03 
1105.000  5.0430875700e-01  6.0098023410e-03 
1106.000  5.0119796700e-01  5.7764997480e-03 
1107.000  5.0030090100e-01  5.8024649620e-03 
1108.000  4.9846028900e-01  5.8000617030e-03 
1109.000  4.9977523700e-01  5.9622168540e-03 
1110.000  5.0233893100e-01  5.9407477380e-03 
1111.000  4.9630507700e-01  5.7608966830e-03 
1112.000  4.9189204200e-01  5.3151564600e-03 
1113.000  4.9016967300e-01  4.8254723550e-03 
1114.000  4.9547724400e-01  4.7224745750e-03 
1115.000  4.9048750000e-01  4.2261333470e-03 
1116.000  4.8428223400e-01  3.9435508250e-03 
1117.000  4.9002684700e-01  3.5556631090e-03 
1118.000  4.8489477300e-01  3.1842353340e-03 
1119.000  4.7133703700e-01  2.9541134830e-03 
1120.000  4.7228627800e-01  2.8243701460e-03 
1121.000  4.7529333600e-01  2.8162019250e-03 
1122.000  4.7308934300e-01  2.7001593110e-03 
1123.000  4.7531137200e-01  2.7655010220e-03 
1124.000  4.7622547500e-01  2.8088595870e-03 
1125.000  4.6630271900e-01  2.7303600310e-03 
1126.000  4.5738506800e-01  2.6709353920e-03 
1127.000  4.7287027500e-01  2.7709710600e-03 
1128.000  4.6422518000e-01  2.7390713690e-03 
1129.000  4.6711976300e-01  2.8771438600e-03 
1130.000  4.6803608100e-01  3.2570548060e-03 
1131.000  4.7316529900e-01  3.4200437070e-03 
1132.000  4.7416512400e-01  3.2491598130e-03 
1133.000  4.6191966500e-01  2.8983204360e-03 
1134.000  4.5652311700e-01  2.5425343510e-03 
1135.000  4.6250528200e-01  2.5941822530e-03 
1136.000  4.6442038000e-01  2.9534411430e-03 
1137.000  4.7121675000e-01  3.2918705940e-03 
1138.000  4.5515691300e-01  3.5229899880e-03 
1139.000  4.6536955100e-01  3.7582974430e-03 
1140.000  4.6659721800e-01  3.6933405400e-03 
1141.000  4.5310958100e-01  3.4581110480e-03 
1142.000  4.6537433500e-01  3.4985554220e-03 
1143.000  4.5699803500e-01  3.2813577650e-03 
1144.000  4.5372342100e-01  3.1013989450e-03 
1145.000  4.5634179700e-01  2.9186306000e-03 
1146.000  4.6101992700e-01  2.9916849140e-03 
1147.000  4.6335717300e-01  3.1711604600e-03 
1148.000  4.5895051000e-01  3.3033535480e-03 
1149.000  4.6042312900e-01  3.3885777000e-03 
1150.000  4.5846789300e-01  3.3944096570e-03 
1151.000  4.5712310400e-01  3.5144369600e-03 
1152.000  4.5626858500e-01  3.5751650330e-03 
1153.000  4.5547105700e-01  3.6666727070e-03 
1154.000  4.5895054000e-01  3.6895234580e-03 
1155.000  4.6052928600e-01  3.9090902810e-03 
1156.000  4.5428671900e-01  4.0874519350e-03 
1157.000  4.5854517900e-01  4.6822099690e-03 
1158.000  4.5861664900e-01  4.9990444180e-03 
1159.000  4.5213386700e-01  5.2381434440e-03 
1160.000  4.4638993700e-01  5.3155426980e-03 
1161.000  4.3676233600e-01  5.5297226910e-03 
1162.000  4.5257341300e-01  6.0069985390e-03 
1163.000  4.5445320100e-01  6.3494639400e-03 
1164.000  4.4522200000e-01  6.2849020960e-03 
1165.000  4.5381590400e-01  6.4612307550e-03 
1166.000  4.4204478400e-01  6.3751206400e-03 
1167.000  4.4921412400e-01  6.5310516360e-03 
1168.000  4.5314043800e-01  6.5771899220e-03 
1169.000  4.3747159900e-01  6.3998446460e-03 
1170.000  4.4923588900e-01  6.6164579390e-03 
1171.000  4.5131453500e-01  6.7497162820e-03 
1172.000  4.4990309300e-01  6.6729421620e-03 
1173.000  4.4676923200e-01  6.5746068950e-03 
1174.000  4.4699560800e-01  6.5833220480e-03 
1175.000  4.4176248700e-01  6.6580495830e-03 
1176.000  4.3109730200e-01  6.6381144520e-03 
1177.000  4.4440913100e-01  6.7745857240e-03 
1178.000  4.3690265800e-01  6.5259256360e-03 
1179.000  4.3494332200e-01  6.4981646540e-03 
1180.000  4.4104941300e-01  6.5411071780e-03 
1181.000  4.3879611800e-01  6.3855948450e-03 
1182.000  4.3935118800e-01  6.2681751250e-03 
1183.000  4.1384230800e-01  5.9123649600e-03 
1184.000  4.3249422800e-01  6.2419490810e-03 
1185.000  4.3821670100e-01  6.4903898240e-03 
1186.000  4.3560939800e-01  6.3943190570e-03 
1187.000  4.3576334900e-01  6.2175426480e-03 
1188.000  4.3352787000e-01  6.1267647740e-03 
1189.000  4.0816467300e-01  5.8393921850e-03 
1190.000  4.2823680200e-01  6.3570418360e-03 
1191.000  4.3491373300e-01  6.4993572240e-03 
1192.000  4.3254600700e-01  6.5458693500e-03 
1193.000  4.3271216700e-01  6.4799575810e-03 
1194.000  4.3189953600e-01  6.4438691140e-03 
1195.000  4.2705826100e-01  6.2628393170e-03 
1196.000  4.2678880700e-01  6.2788300510e-03 
1197.000  4.2667560800e-01  6.2270522120e-03 
1198.000  4.1234561400e-01  6.0100374220e-03 
1199.000  3.9702196600e-01  5.7281928060e-03 
1200.000  4.2205062700e-01  6.1279125210e-03 
1201.000  4.2507933300e-01  6.1922683720e-03 
1202.000  4.2589456900e-01  6.2325558660e-03 
1203.000  4.0510909400e-01  5.9073829650e-03 
1204.000  4.1182255100e-01  6.0411944390e-03 
1205.000  4.2137536100e-01  6.3787484170e-03 
1206.000  4.1881215000e-01  6.4333286290e-03 
1207.000  4.2162459500e-01  6.5163373950e-03 
1208.000  4.1548710100e-01  6.3916788100e-03 
1209.000  3.8952849000e-01  5.9458465580e-03 
1210.000  4.1680549400e-01  6.2813782690e-03 
1211.000  4.0288215900e-01  6.0663499830e-03 
1212.000  4.1549673600e-01  6.2913346290e-03 
1213.000  4.1703209100e-01  6.4091525080e-03 
1214.000  4.1524737300e-01  6.3855614660e-03 
1215.000  4.1667388000e-01  6.4539370540e-03 
1216.000  4.1544227200e-01  6.5843243600e-03 
1217.000  4.1457849400e-01  6.6925787930e-03 
1218.000  4.1312822200e-01  6.7210025790e-03 
1219.000  4.0926248400e-01  6.6855630870e-03 
1220.000  4.1201326400e-01  6.7205157280e-03 
1221.000  4.1116040300e-01  6.7075471880e-03 
1222.000  4.0888284100e-01  6.6632351880e-03 
1223.000  4.0688144200e-01  6.6595172880e-03 
1224.000  4.0982224700e-01  6.8046631810e-03 
1225.000  4.0749900300e-01  6.8006682400e-03 
1226.000  4.0882720600e-01  6.8667283060e-03 
1227.000  3.9479872200e-01  6.6915125850e-03 
1228.000  4.0689724200e-01  6.9692983630e-03 
1229.000  4.0622118800e-01  7.0077223780e-03 
1230.000  4.0459278900e-01  7.0378370290e-03 
1231.000  4.0446047500e-01  7.0706987380e-03 
1232.000  3.9986181800e-01  7.0064511300e-03 
1233.000  4.0298113000e-01  7.0726337430e-03 
1234.000  4.0151400400e-01  7.1205277440e-03 
1235.000  3.9864262400e-01  7.0919499400e-03 
1236.000  4.0090103700e-01  7.1420254710e-03 
1237.000  4.0079542600e-01  7.1629304890e-03 
1238.000  4.0051107000e-01  7.1641383170e-03 
1239.000  3.9592807600e-01  7.0839605330e-03 
1240.000  3.9415097500e-01  7.0956254010e-03 
1241.000  3.9775901600e-01  7.2008314130e-03 
1242.000  3.9554035800e-01  7.1980423930e-03 
1243.000  3.9121057000e-01  7.1575393680e-03 
1244.000  3.8786213200e-01  7.1236290930e-03 
1245.000  3.9464146300e-01  7.2684531210e-03 
1246.000  3.9170793600e-01  7.1674742700e-03 
1247.000  3.8992078100e-01  7.0863304140e-03 
1248.000  3.9308845700e-01  7.0948672290e-03 
1249.000  3.9175784400e-01  7.0312981610e-03 
1250.000  3.9036352700e-01  6.9593820570e-03 
1251.000  3.8783237800e-01  6.8795132640e-03 
1252.000  3.8683543800e-01  6.8248434070e-03 
1253.000  3.8381183200e-01  6.7328433990e-03 
1254.000  3.8513831600e-01  6.6895427700e-03 
1255.000  3.8472709220e-01  6.6354069710e-03 
1256.000  3.8413304210e-01  6.5853452680e-03 
1257.000  3.8001862240e-01  6.4258432390e-03 
1258.000  3.8201103390e-01  6.3168668750e-03 
1259.000  3.7811552920e-01  6.1316275600e-03 
1260.000  3.7893210850e-01  6.0181736950e-03 
1261.000  3.7848480800e-01  5.8833312990e-03 
1262.000  3.7038673200e-01  5.6046924590e-03 
1263.000  3.7487909220e-01  5.6614842410e-03 
1264.000  3.6904246100e-01  5.5772962570e-03 
1265.000  3.6971489730e-01  5.6045880320e-03 
1266.000  3.7210272840e-01  5.6218948360e-03 
1267.000  3.6513396500e-01  5.4961247440e-03 
1268.000  3.6153837930e-01  5.4102177620e-03 
1269.000  3.6492274340e-01  5.4468836780e-03 
1270.000  3.6893302570e-01  5.6287384030e-03 
1271.000  3.7098125080e-01  5.7196393010e-03 
1272.000  3.6988421060e-01  5.7626814840e-03 
1273.000  3.6956594230e-01  5.8234682080e-03 
1274.000  3.6735875270e-01  5.8557424550e-03 
1275.000  3.6952055030e-01  5.9136691090e-03 
1276.000  3.7011374400e-01  5.9285182950e-03 
1277.000  3.6983742420e-01  5.9159321780e-03 
1278.000  3.6877707220e-01  5.8866820340e-03 
1279.000  3.6630845690e-01  5.8683733940e-03 
1280.000  3.6414513670e-01  5.9267954830e-03 
1281.000  3.5375955590e-01  5.8466563220e-03 
1282.000  3.1414540670e-01  5.2710027690e-03 
1283.000  3.4476875250e-01  5.8476362230e-03 
1284.000  3.5899570350e-01  6.1322956090e-03 
1285.000  3.6162810280e-01  6.1965322490e-03 
1286.000  3.6150993200e-01  6.1613130570e-03 
1287.000  3.6372104200e-01  6.1421847340e-03 
1288.000  3.6144086430e-01  5.9212870600e-03 
1289.000  3.6359535920e-01  5.9019145970e-03 
1290.000  3.5526438770e-01  5.7479362490e-03 
1291.000  3.6012736660e-01  5.8037810330e-03 
1292.000  3.6163032430e-01  5.8439540860e-03 
1293.000  3.6195361320e-01  5.8060173990e-03 
1294.000  3.5620873000e-01  5.5929861070e-03 
1295.000  3.6004382520e-01  5.5035643580e-03 
1296.000  3.6030876760e-01  5.3990588190e-03 
1297.000  3.5808738050e-01  5.3038539890e-03 
1298.000  3.5488821210e-01  5.2619543080e-03 
1299.000  3.5845136980e-01  5.3184413910e-03 
1300.000  3.5701202630e-01  5.3013982770e-03 
1301.000  3.5644314190e-01  5.2744979860e-03 
1302.000  3.5187090500e-01  5.1191124920e-03 
1303.000  3.4998175700e-01  4.9126415250e-03 
1304.000  3.5020921320e-01  4.8223094940e-03 
1305.000  3.5236665660e-01  4.7985544200e-03 
1306.000  3.5270162550e-01  4.7449474330e-03 
1307.000  3.5166054550e-01  4.6923561100e-03 
1308.000  3.5136141560e-01  4.6043920520e-03 
1309.000  3.5104799950e-01  4.4806284900e-03 
1310.000  3.4959072920e-01  4.4595041280e-03 
1311.000  3.4851942290e-01  4.4526271820e-03 
1312.000  3.4743392950e-01  4.2954440120e-03 
1313.000  3.3460188300e-01  3.9631056790e-03 
1314.000  3.4504665390e-01  3.9384713170e-03 
1315.000  3.3342866680e-01  3.8771679400e-03 
1316.000  3.4118497010e-01  4.0780596730e-03 
1317.000  3.4485563300e-01  4.1222391130e-03 
1318.000  3.3997587780e-01  3.8814032080e-03 
1319.000  3.4463334510e-01  3.7003984450e-03 
1320.000  3.4208935510e-01  3.4367651940e-03 
1321.000  3.4058681260e-01  3.3380677700e-03 
1322.000  3.3990660860e-01  3.4602527620e-03 
1323.000  3.4065879620e-01  3.6189880370e-03 
1324.000  3.4083934600e-01  3.7110567090e-03 
1325.000  3.3975018310e-01  3.6352522370e-03 
1326.000  3.3816150110e-01  3.4603278640e-03 
1327.000  3.3546126790e-01  3.1281566620e-03 
1328.000  3.3634711140e-01  2.8681750300e-03 
1329.000  3.2407151080e-01  2.3753747940e-03 
1330.000  3.2914600570e-01  2.2810006140e-03 
1331.000  3.3061183760e-01  2.2144668100e-03 
1332.000  3.2306602770e-01  2.1854360100e-03 
1333.000  3.3160397930e-01  2.3117671010e-03 
1334.000  3.3201847370e-01  2.4092328550e-03 
1335.000  3.3230384290e-01  2.4822745320e-03 
1336.000  3.2870623990e-01  2.4788191320e-03 
1337.000  3.2977060800e-01  2.4902293680e-03 
1338.000  3.2952696470e-01  2.5411603450e-03 
1339.000  3.2598630980e-01  2.5158684250e-03 
1340.000  3.2364638280e-01  2.5423016550e-03 
1341.000  3.2853128650e-01  2.5193548200e-03 
1342.000  3.2772755950e-01  2.5197176930e-03 
1343.000  3.2769887870e-01  2.3329167370e-03 
1344.000  3.2620124340e-01  2.1708805560e-03 
1345.000  3.2370200920e-01  1.8892182110e-03 
1346.000  3.1853076800e-01  1.7449002270e-03 
1347.000  3.1913670400e-01  1.6950387950e-03 
1348.000  3.1555945660e-01  1.6232818370e-03 
1349.000  3.1341745600e-01  1.5901921990e-03 
1350.000  3.0701948530e-01  1.5147892240e-03 
1351.000  3.0485153500e-01  1.4760787490e-03 
1352.000  3.0540918200e-01  1.4371067290e-03 
1353.000  2.9955666510e-01  1.3599250320e-03 
1354.000  2.9593918360e-01  1.3149315120e-03 
1355.000  2.9029936740e-01  1.2590138910e-03 
1356.000  2.8602535570e-01  1.2068759200e-03 
1357.000  2.7932663290e-01  1.1373387580e-03 
1358.000  2.7972434000e-01  1.0946513410e-03 
1359.000  2.7200799880e-01  9.8938071730e-04 
1360.000  2.6204024520e-01  9.0607190130e-04 
1361.000  2.6423799370e-01  8.8308024410e-04 
1362.000  2.6197440250e-01  8.6691987510e-04 
1363.000  2.6223723520e-01  9.1466963290e-04 
1364.000  2.6750739790e-01  9.4897437100e-04 
1365.000  2.6737077430e-01  9.5718890430e-04 
1366.000  2.6924866130e-01  9.8216092590e-04 
1367.000  2.6429875070e-01  9.4074523450e-04 
1368.000  2.6432278550e-01  9.1918122770e-04 
1369.000  2.5956033240e-01  9.0781235690e-04 
1370.000  2.6507177610e-01  9.8169416190e-04 
1371.000  2.7285149270e-01  1.0859040020e-03 
1372.000  2.8368925330e-01  1.2070614100e-03 
1373.000  2.8779233390e-01  1.2721871140e-03 
1374.000  2.9107992850e-01  1.3119980100e-03 
1375.000  2.8698926100e-01  1.3048055170e-03 
1376.000  2.8270054260e-01  1.2768632170e-03 
1377.000  2.8527970770e-01  1.2703312640e-03 
1378.000  2.8038144900e-01  1.2141647340e-03 
1379.000  2.7852747130e-01  1.1546729800e-03 
1380.000  2.6853959290e-01  1.0423294310e-03 
1381.000  2.6248581240e-01  9.4983553890e-04 
1382.000  2.5434193730e-01  8.8267606500e-04 
1383.000  2.5656720400e-01  8.8603484630e-04 
1384.000  2.6226327170e-01  9.6252465250e-04 
1385.000  2.6434631360e-01  1.0143415930e-03 
1386.000  2.7232466800e-01  1.0973049400e-03 
1387.000  2.7622712100e-01  1.1909484860e-03 
1388.000  2.8201753270e-01  1.2514986990e-03 
1389.000  2.8426256110e-01  1.2768576150e-03 
1390.000  2.7925030390e-01  1.2588961120e-03 
1391.000  2.8198644700e-01  1.2587263580e-03 
1392.000  2.7754569010e-01  1.2022998330e-03 
1393.000  2.7300231290e-01  1.1472392080e-03 
1394.000  2.6695078080e-01  1.0886988640e-03 
1395.000  2.6825163030e-01  1.1089788680e-03 
1396.000  2.7418080020e-01  1.1734207870e-03 
1397.000  2.7724827140e-01  1.2184497120e-03 
1398.000  2.7745971680e-01  1.2230607270e-03 
1399.000  2.7564638670e-01  1.2043312790e-03 
1400.000  2.6764298100e-01  1.1640850310e-03 
1401.000  2.6885519220e-01  1.1728254560e-03 
1402.000  2.7541946770e-01  1.2263715270e-03 
1403.000  2.7471988990e-01  1.2383103370e-03 
1404.000  2.7263749660e-01  1.2202618120e-03 
1405.000  2.7280290040e-01  1.2223677640e-03 
1406.000  2.7241891650e-01  1.2093462940e-03 
1407.000  2.7268929770e-01  1.2099200490e-03 
1408.000  2.7353121610e-01  1.2373026610e-03 
1409.000  2.7644632310e-01  1.2675290110e-03 
1410.000  2.7763772490e-01  1.3024165630e-03 
1411.000  2.7970894460e-01  1.3336626290e-03 
1412.000  2.6877925090e-01  1.2800751920e-03 
1413.000  2.7396973790e-01  1.3122594360e-03 
1414.000  2.7755260840e-01  1.3221820590e-03 
1415.000  2.7739171900e-01  1.3338395360e-03 
1416.000  2.7688279360e-01  1.3428000210e-03 
1417.000  2.7890404010e-01  1.3515737060e-03 
1418.000  2.7901278690e-01  1.3512258530e-03 
1419.000  2.7503913660e-01  1.3305910830e-03 
1420.000  2.7443550260e-01  1.3304499390e-03 
1421.000  2.7899023450e-01  1.3713004590e-03 
1422.000  2.7275637180e-01  1.3487032650e-03 
1423.000  2.7109592660e-01  1.3415834900e-03 
1424.000  2.7134095100e-01  1.3380886320e-03 
1425.000  2.7657677780e-01  1.3520765300e-03 
1426.000  2.6538546170e-01  1.2951458690e-03 
1427.000  2.6952629020e-01  1.3232742550e-03 
1428.000  2.7537630840e-01  1.3580486770e-03 
1429.000  2.6891798290e-01  1.3343970780e-03 
1430.000  2.6307670370e-01  1.2994453910e-03 
1431.000  2.6247375810e-01  1.2698378560e-03 
1432.000  2.6724514650e-01  1.2771307230e-03 
1433.000  2.6738095080e-01  1.2737723590e-03 
1434.000  2.6199210380e-01  1.2387586830e-03 
1435.000  2.6518855600e-01  1.2664678100e-03 
1436.000  2.6522434080e-01  1.2703715560e-03 
1437.000  2.6627205180e-01  1.2755826710e-03 
1438.000  2.6562413300e-01  1.2894239430e-03 
1439.000  2.6876458530e-01  1.3042997120e-03 
1440.000  2.5212794990e-01  1.2288125750e-03 
1441.000  2.6483317620e-01  1.2916249040e-03 
1442.000  2.5866719760e-01  1.2508364920e-03 
1443.000  2.6296252620e-01  1.2680467370e-03 
1444.000  2.6424126860e-01  1.2773015500e-03 
1445.000  2.6344373610e-01  1.2716593740e-03 
1446.000  2.6627173250e-01  1.2969349620e-03 
1447.000  2.6505445910e-01  1.3028879170e-03 
1448.000  2.6708089930e-01  1.3115892410e-03 
1449.000  2.6697467560e-01  1.2967274190e-03 
1450.000  2.6517836830e-01  1.2673903700e-03 
1451.000  2.6346856550e-01  1.2617405650e-03 
1452.000  2.6022465520e-01  1.2715011840e-03 
1453.000  2.6517755910e-01  1.3538839820e-03 
1454.000  2.6620816290e-01  1.4415725470e-03 
1455.000  2.6284111750e-01  1.4848585130e-03 
1456.000  2.6272100050e-01  1.5538723470e-03 
1457.000  2.6524012020e-01  1.5738457440e-03 
1458.000  2.6886697770e-01  1.6072808500e-03 
1459.000  2.6986589350e-01  1.5507535930e-03 
1460.000  2.6527455700e-01  1.4731329680e-03 
1461.000  2.6469494490e-01  1.4390535350e-03 
1462.000  2.6180415620e-01  1.3579255340e-03 
1463.000  2.6005851970e-01  1.3432644610e-03 
1464.000  2.5988744460e-01  1.3207441570e-03 
1465.000  2.6289264990e-01  1.2940859790e-03 
1466.000  2.5663140870e-01  1.2194837330e-03 
1467.000  2.6278249620e-01  1.2194740770e-03 
1468.000  2.5631548730e-01  1.1610270740e-03 
1469.000  2.5914200500e-01  1.1368083950e-03 
1470.000  2.5764729420e-01  1.1149591210e-03 
1471.000  2.5357300120e-01  1.1263901000e-03 
1472.000  2.5510534800e-01  1.1852260830e-03 
1473.000  2.5735003220e-01  1.2955701350e-03 
1474.000  2.5026458240e-01  1.3541584010e-03 
1475.000  2.5558571570e-01  1.3789719340e-03 
1476.000  2.5598996370e-01  1.3761510850e-03 
1477.000  2.5674119720e-01  1.3431671860e-03 
1478.000  2.5302769440e-01  1.2888803480e-03 
1479.000  2.5592648150e-01  1.2581266160e-03 
1480.000  2.5732888680e-01  1.2869253160e-03 
1481.000  2.5349259120e-01  1.3120112420e-03 
1482.000  2.5664859940e-01  1.3859914540e-03 
1483.000  2.5136261830e-01  1.3712986710e-03 
1484.000  2.5368596480e-01  1.3867884870e-03 
1485.000  2.5851520340e-01  1.4017604590e-03 
1486.000  2.5425529580e-01  1.4368999000e-03 
1487.000  2.5454620820e-01  1.5647631880e-03 
1488.000  2.2252438310e-01  1.3802688120e-03 
1489.000  2.5550515280e-01  1.7743787770e-03 
1490.000  2.5609989470e-01  1.9625750780e-03 
1491.000  2.5864554810e-01  2.1161770820e-03 
1492.000  2.5263560590e-01  2.0912399290e-03 
1493.000  2.5831284630e-01  2.2351171970e-03 
1494.000  2.5733177930e-01  2.2353630070e-03 
1495.000  2.5553126930e-01  2.3061277870e-03 
1496.000  2.4797465360e-01  2.3876209260e-03 
1497.000  2.5379875960e-01  2.4345638750e-03 
1498.000  2.5636938700e-01  2.5997779370e-03 
1499.000  2.5205746310e-01  2.6843616960e-03 
1500.000  2.5635597210e-01  2.8235516550e-03 
1501.000  2.5598988630e-01  2.7666385170e-03 
1502.000  2.5401259310e-01  2.6752996440e-03 
1503.000  2.2808863540e-01  2.3504753110e-03 
1504.000  2.3763261960e-01  2.4694941040e-03 
1505.000  2.3689441790e-01  2.5793371200e-03 
1506.000  2.4008833360e-01  2.6426961420e-03 
1507.000  2.5109967770e-01  2.8800487520e-03 
1508.000  2.4717903330e-01  2.9057142730e-03 
1509.000  2.4824680250e-01  2.9972422120e-03 
1510.000  2.5208287420e-01  3.0840604310e-03 
1511.000  2.5322920440e-01  3.1627359390e-03 
1512.000  2.4847563140e-01  3.1489551070e-03 
1513.000  2.4805975090e-01  3.1831011770e-03 
1514.000  2.4466427370e-01  3.1612358090e-03 
1515.000  2.4947215910e-01  3.2420918940e-03 
1516.000  2.4715718410e-01  3.1802122590e-03 
1517.000  2.4569340130e-01  3.1433868410e-03 
1518.000  2.5022171880e-01  3.2114934920e-03 
1519.000  2.4650849230e-01  3.1804108620e-03 
1520.000  2.4802487000e-01  3.2751321790e-03 
1521.000  2.4330081810e-01  3.3090276720e-03 
1522.000  2.4187693330e-01  3.3389801980e-03 
1523.000  2.4776454920e-01  3.4868788720e-03 
1524.000  2.4600576220e-01  3.4936230180e-03 
1525.000  2.4052350970e-01  3.4279873370e-03 
1526.000  2.4729868870e-01  3.5002887250e-03 
1527.000  2.4462590090e-01  3.4577870370e-03 
1528.000  2.4610917160e-01  3.4826281070e-03 
1529.000  2.4533037200e-01  3.4412989620e-03 
1530.000  2.2949926810e-01  3.2162144180e-03 
1531.000  2.4522360140e-01  3.4041302200e-03 
1532.000  2.4365066970e-01  3.3524248600e-03 
1533.000  2.4241987340e-01  3.2936718460e-03 
1534.000  2.3856726730e-01  3.1986758710e-03 
1535.000  2.3918154070e-01  3.1648855210e-03 
1536.000  2.4238001830e-01  3.2425041200e-03 
1537.000  2.4294269020e-01  3.3014159200e-03 
1538.000  2.3609832100e-01  3.2609553340e-03 
1539.000  2.4092601830e-01  3.3786361220e-03 
1540.000  2.3209787570e-01  3.2960510250e-03 
1541.000  2.3686028720e-01  3.3648629190e-03 
1542.000  2.3826866210e-01  3.3746938710e-03 
1543.000  2.3738222620e-01  3.3601775170e-03 
1544.000  2.4006721090e-01  3.4013376240e-03 
1545.000  2.4046865300e-01  3.4191076760e-03 
1546.000  2.4026182290e-01  3.4444265370e-03 
1547.000  2.3760980750e-01  3.4331779480e-03 
1548.000  2.3040490330e-01  3.3533906940e-03 
1549.000  2.3631019260e-01  3.4541625980e-03 
1550.000  2.3499818270e-01  3.4472386840e-03 
1551.000  2.3376796400e-01  3.4146025180e-03 
1552.000  2.3774149210e-01  3.4447727200e-03 
1553.000  2.3640018380e-01  3.4031333920e-03 
1554.000  2.2773849390e-01  3.2509758470e-03 
1555.000  2.3139098810e-01  3.2843534950e-03 
1556.000  2.2688591350e-01  3.2423105240e-03 
1557.000  2.3425089780e-01  3.4030332570e-03 
1558.000  2.3245662280e-01  3.4238955970e-03 
1559.000  2.3256768940e-01  3.4701769350e-03 
1560.000  2.2855162200e-01  3.4600772860e-03 
1561.000  2.3398917340e-01  3.5519120690e-03 
1562.000  2.3406431140e-01  3.5195443630e-03 
1563.000  2.3072512900e-01  3.4437007900e-03 
1564.000  2.2638166970e-01  3.3444104190e-03 
1565.000  2.3029531550e-01  3.3609998230e-03 
1566.000  2.2593142000e-01  3.2987813950e-03 
1567.000  2.2658417320e-01  3.3104493620e-03 
1568.000  2.2277525250e-01  3.2443625930e-03 
1569.000  2.2460374270e-01  3.2564334870e-03 
1570.000  2.1956653850e-01  3.1816358570e-03 
1571.000  2.2544976330e-01  3.2939860820e-03 
1572.000  2.2565249960e-01  3.3065526490e-03 
1573.000  2.2187611130e-01  3.2802696230e-03 
1574.000  2.2209770000e-01  3.3214521410e-03 
1575.000  2.0597816560e-01  3.1087064740e-03 
1576.000  2.2128873940e-01  3.3391726020e-03 
1577.000  1.9972785240e-01  2.9737808700e-03 
1578.000  2.1844425730e-01  3.2089211940e-03 
1579.000  2.1937811570e-01  3.1849510670e-03 
1580.000  2.2328375020e-01  3.2131030560e-03 
1581.000  2.2180311550e-01  3.1529753210e-03 
1582.000  2.1670543150e-01  3.1113119130e-03 
1583.000  2.1879431210e-01  3.1707828040e-03 
1584.000  2.1633189440e-01  3.1648006440e-03 
1585.000  2.2235558040e-01  3.2769215110e-03 
1586.000  2.1956271160e-01  3.2441458700e-03 
1587.000  2.1688707320e-01  3.2298116680e-03 
1588.000  2.1341793010e-01  3.2008976940e-03 
1589.000  1.9520500960e-01  2.9352760310e-03 
1590.000  2.1035776080e-01  3.1721546650e-03 
1591.000  2.0564432170e-01  3.1131796840e-03 
1592.000  2.1655118560e-01  3.2846612930e-03 
1593.000  2.2146902400e-01  3.3612947460e-03 
1594.000  2.1991464610e-01  3.3389685150e-03 
1595.000  2.2137970060e-01  3.3618547920e-03 
1596.000  2.0737402610e-01  3.1638414860e-03 
1597.000  2.1583170320e-01  3.2859678270e-03 
1598.000  2.1990487280e-01  3.3323814870e-03 
1599.000  2.1254325970e-01  3.2002711300e-03 
1600.000  2.1608556470e-01  3.2407476900e-03 
1601.000  2.0698917630e-01  3.1197924610e-03 
1602.000  2.1228234140e-01  3.2359673980e-03 
1603.000  2.1067214480e-01  3.2651147840e-03 
1604.000  2.1325923380e-01  3.3659260270e-03 
1605.000  2.1010627560e-01  3.3573520180e-03 
1606.000  2.0925082030e-01  3.3867373470e-03 
1607.000  2.1013034210e-01  3.3627498150e-03 
1608.000  2.1252457970e-01  3.3637826440e-03 
1609.000  2.1170753040e-01  3.3200855260e-03 
1610.000  1.9849715060e-01  3.0877683160e-03 
1611.000  2.0420348850e-01  3.1673448090e-03 
1612.000  2.0594958110e-01  3.1868381500e-03 
1613.000  2.1034522640e-01  3.2454946040e-03 
1614.000  2.0828084370e-01  3.1798915860e-03 
1615.000  2.1154489240e-01  3.2146308420e-03 
1616.000  1.9820388490e-01  2.9950234890e-03 
1617.000  2.0391646610e-01  3.1268169880e-03 
1618.000  2.1027012590e-01  3.2512543200e-03 
1619.000  2.0952618860e-01  3.2868015770e-03 
1620.000  2.0417567880e-01  3.2482805250e-03 
1621.000  2.0111493780e-01  3.2380883690e-03 
1622.000  2.0617711180e-01  3.3250882630e-03 
1623.000  2.1030528430e-01  3.4061934950e-03 
1624.000  2.1175867110e-01  3.4393548970e-03 
1625.000  2.0644078740e-01  3.3783745770e-03 
1626.000  2.0897215190e-01  3.4095315930e-03 
1627.000  2.0870255310e-01  3.4251976010e-03 
1628.000  2.1037966720e-01  3.4637522700e-03 
1629.000  2.1034914910e-01  3.4724845890e-03 
1630.000  2.0463827530e-01  3.3802130220e-03 
1631.000  2.0783887420e-01  3.4452567100e-03 
1632.000  2.0789137510e-01  3.3874278070e-03 
1633.000  2.0521584520e-01  3.3000845910e-03 
1634.000  2.0041390580e-01  3.1764068600e-03 
1635.000  2.0578707250e-01  3.2206909660e-03 
1636.000  2.0524287600e-01  3.1646711830e-03 
1637.000  1.9610518680e-01  2.9809794430e-03 
1638.000  1.9467209530e-01  2.9252910610e-03 
1639.000  1.9273207790e-01  2.8484954830e-03 
1640.000  1.9388816510e-01  2.8265771870e-03 
1641.000  1.9268833770e-01  2.7829365730e-03 
1642.000  1.9244815310e-01  2.8499298100e-03 
1643.000  1.9739438910e-01  2.9904999730e-03 
1644.000  1.9433965980e-01  3.0086305140e-03 
1645.000  1.9477287150e-01  3.0760765080e-03 
1646.000  1.9711387070e-01  3.1710791590e-03 
1647.000  1.9896460370e-01  3.1962800030e-03 
1648.000  1.9819598870e-01  3.1722276210e-03 
1649.000  1.9366831920e-01  3.0940020080e-03 
1650.000  1.9857589210e-01  3.1689231400e-03 
1651.000  1.9410177070e-01  3.0938892360e-03 
1652.000  1.9797551420e-01  3.1504638200e-03 
1653.000  1.9575253700e-01  3.1217164990e-03 
1654.000  1.9794896580e-01  3.1578588490e-03 
1655.000  1.9398129840e-01  3.1038761140e-03 
1656.000  1.9770710830e-01  3.1692869660e-03 
1657.000  1.9627411340e-01  3.1454970840e-03 
1658.000  1.9733458490e-01  3.1697027680e-03 
1659.000  1.9369957700e-01  3.1112504010e-03 
1660.000  1.9606337410e-01  3.1412506100e-03 
1661.000  1.9683309310e-01  3.1328544620e-03 
1662.000  1.9551058190e-01  3.0457010270e-03 
1663.000  1.9427994000e-01  2.9680883880e-03 
1664.000  1.9345754860e-01  2.8963372710e-03 
1665.000  1.9148202160e-01  2.8073296550e-03 
1666.000  1.9054991650e-01  2.7831351760e-03 
1667.000  1.9207254000e-01  2.8640792370e-03 
1668.000  1.8881837420e-01  2.8561685090e-03 
1669.000  1.8912067590e-01  2.9090151790e-03 
1670.000  1.9319297760e-01  3.0205266480e-03 
1671.000  1.9171790060e-01  3.0497317310e-03 
1672.000  1.8263690940e-01  2.9653797150e-03 
1673.000  1.8801737620e-01  3.1037485600e-03 
1674.000  1.8889107400e-01  3.1729922290e-03 
1675.000  1.8714102950e-01  3.2047438620e-03 
1676.000  1.8415989590e-01  3.1731536390e-03 
1677.000  1.8504503030e-01  3.1845760350e-03 
1678.000  1.8591360860e-01  3.2023620610e-03 
1679.000  1.8344126540e-01  3.1516349320e-03 
1680.000  1.7703235740e-01  3.0427916050e-03 
1681.000  1.7082701250e-01  2.9360711570e-03 
1682.000  1.7576016810e-01  3.0174341200e-03 
1683.000  1.8015340020e-01  3.0854775910e-03 
1684.000  1.8351430510e-01  3.1364238260e-03 
1685.000  1.8423330700e-01  3.1308856010e-03 
1686.000  1.8201056770e-01  3.0780453680e-03 
1687.000  1.8302664930e-01  3.0533912180e-03 
1688.000  1.8336847820e-01  3.0224108700e-03 
1689.000  1.8115848270e-01  2.9664165970e-03 
1690.000  1.8132167190e-01  2.9300727840e-03 
1691.000  1.8369452400e-01  2.9778950210e-03 
1692.000  1.8402882110e-01  3.0014786720e-03 
1693.000  1.8332936920e-01  3.0116219520e-03 
1694.000  1.8305196470e-01  3.0254256730e-03 
1695.000  1.8326110650e-01  3.0351397990e-03 
1696.000  1.8218956370e-01  2.9784157280e-03 
1697.000  1.8114882500e-01  2.9105570320e-03 
1698.000  1.8224198780e-01  2.8808989520e-03 
1699.000  1.8106427200e-01  2.8187744620e-03 
1700.000  1.7874320330e-01  2.7419121270e-03 
