 lambda   Irr_dw            Rad_up 
 550.000  1.5536249700e+00  4.7655265810e-02 
 551.000  1.5433610500e+00  4.7182731630e-02 
 552.000  1.6092481500e+00  4.9161197660e-02 
 553.000  1.5456761900e+00  4.7035644530e-02 
 554.000  1.5956421300e+00  4.8495571140e-02 
 555.000  1.5996285500e+00  4.8394744870e-02 
 556.000  1.5550875100e+00  4.6836738590e-02 
 557.000  1.5085813000e+00  4.5387905120e-02 
 558.000  1.5655270800e+00  4.6891464230e-02 
 559.000  1.4794539900e+00  4.4181644440e-02 
 560.000  1.4857152300e+00  4.4315120700e-02 
 561.000  1.6326685900e+00  4.8465373990e-02 
 562.000  1.4988462800e+00  4.4408706670e-02 
 563.000  1.5680574100e+00  4.6247432710e-02 
 564.000  1.5460694300e+00  4.5322196960e-02 
 565.000  1.5648170200e+00  4.5797943120e-02 
 566.000  1.4428282000e+00  4.2032852170e-02 
 567.000  1.5490089600e+00  4.4804786680e-02 
 568.000  1.5495848200e+00  4.4224338530e-02 
 569.000  1.5282022500e+00  4.2430175780e-02 
 570.000  1.5347372800e+00  4.2602939610e-02 
 571.000  1.4738284300e+00  4.1473014830e-02 
 572.000  1.5646035300e+00  4.3279052730e-02 
 573.000  1.5794534600e+00  4.3773040770e-02 
 574.000  1.5704022100e+00  4.3417903900e-02 
 575.000  1.5326102300e+00  4.2176563260e-02 
 576.000  1.5050202600e+00  4.1283626560e-02 
 577.000  1.5656381500e+00  4.2950366970e-02 
 578.000  1.5172266200e+00  4.1872692110e-02 
 579.000  1.5034220600e+00  4.1476161960e-02 
 580.000  1.5532384400e+00  4.3048549650e-02 
 581.000  1.5221420100e+00  4.2309822080e-02 
 582.000  1.5430886400e+00  4.2759216310e-02 
 583.000  1.5529902500e+00  4.3081375120e-02 
 584.000  1.5473366900e+00  4.2725112920e-02 
 585.000  1.5367344100e+00  4.2272747040e-02 
 586.000  1.4703874300e+00  4.0396335600e-02 
 587.000  1.5309553300e+00  4.1496757510e-02 
 588.000  1.5290796500e+00  4.0085472110e-02 
 589.000  1.3746955900e+00  3.4406677250e-02 
 590.000  1.4365746800e+00  3.5843864440e-02 
 591.000  1.5118586700e+00  3.8700218200e-02 
 592.000  1.4904897300e+00  3.7381839750e-02 
 593.000  1.4897634000e+00  3.8493453980e-02 
 594.000  1.5070431100e+00  3.8601371770e-02 
 595.000  1.4897044500e+00  3.7173603060e-02 
 596.000  1.5099455300e+00  3.8899684910e-02 
 597.000  1.5179979900e+00  3.8616321560e-02 
 598.000  1.4801048900e+00  3.8150112150e-02 
 599.000  1.4776355500e+00  3.8239494320e-02 
 600.000  1.4717542200e+00  3.8546566010e-02 
 601.000  1.4593490400e+00  3.8573429110e-02 
 602.000  1.4418990600e+00  3.8106288910e-02 
 603.000  1.4491416700e+00  3.8411563870e-02 
 604.000  1.4937847100e+00  3.9745075230e-02 
 605.000  1.4893611100e+00  3.9471729280e-02 
 606.000  1.4718814200e+00  3.9055477140e-02 
 607.000  1.4634293600e+00  3.8725864410e-02 
 608.000  1.4579380400e+00  3.8444885250e-02 
 609.000  1.4428919300e+00  3.8016052250e-02 
 610.000  1.4196889100e+00  3.7277339940e-02 
 611.000  1.4426585400e+00  3.7826702120e-02 
 612.000  1.4238336600e+00  3.7290420530e-02 
 613.000  1.4030028600e+00  3.6630191800e-02 
 614.000  1.3518615700e+00  3.5276649480e-02 
 615.000  1.4171534000e+00  3.6820007320e-02 
 616.000  1.3474590400e+00  3.5001903530e-02 
 617.000  1.3551433400e+00  3.5150642400e-02 
 618.000  1.4191901500e+00  3.6623744960e-02 
 619.000  1.4063766200e+00  3.6314926150e-02 
 620.000  1.4273760500e+00  3.6666461940e-02 
 621.000  1.4522351100e+00  3.7262542720e-02 
 622.000  1.3759607000e+00  3.5199756620e-02 
 623.000  1.3871775600e+00  3.5266880040e-02 
 624.000  1.3891227200e+00  3.5364902500e-02 
 625.000  1.3519330200e+00  3.4382488250e-02 
 626.000  1.3598551900e+00  3.4336864470e-02 
 627.000  1.3882981000e+00  3.4523128510e-02 
 628.000  1.3948789200e+00  3.3223800660e-02 
 629.000  1.4157475800e+00  3.4274749760e-02 
 630.000  1.3649443800e+00  3.3434700010e-02 
 631.000  1.4107038700e+00  3.4646461490e-02 
 632.000  1.3162052500e+00  3.2082336430e-02 
 633.000  1.4062829800e+00  3.4643390660e-02 
 634.000  1.3617329400e+00  3.3703948970e-02 
 635.000  1.3862147200e+00  3.4327323910e-02 
 636.000  1.3360267900e+00  3.3153491970e-02 
 637.000  1.3793007700e+00  3.4278560640e-02 
 638.000  1.3980258300e+00  3.4879127500e-02 
 639.000  1.3861938600e+00  3.4411285400e-02 
 640.000  1.3412826000e+00  3.3544933320e-02 
 641.000  1.3605075500e+00  3.3964790340e-02 
 642.000  1.3431772800e+00  3.3543838500e-02 
 643.000  1.3683439200e+00  3.3983097080e-02 
 644.000  1.3525715700e+00  3.3445896150e-02 
 645.000  1.3667897200e+00  3.3629165650e-02 
 646.000  1.3246042500e+00  3.1590507510e-02 
 647.000  1.3498482800e+00  3.1507781980e-02 
 648.000  1.3554137900e+00  3.1128311160e-02 
 649.000  1.3754061800e+00  3.1891969680e-02 
 650.000  1.2622129200e+00  3.0202056880e-02 
 651.000  1.3597571800e+00  3.2501464840e-02 
 652.000  1.3452024400e+00  3.1243144990e-02 
 653.000  1.3588669000e+00  3.2539405820e-02 
 654.000  1.3426489900e+00  3.1860902790e-02 
 655.000  1.3120560000e+00  3.0722206120e-02 
 656.000  1.1126089300e+00  2.6103206630e-02 
 657.000  1.1852531700e+00  2.7967773440e-02 
 658.000  1.3158458700e+00  3.1466485980e-02 
 659.000  1.3165067500e+00  3.1613424300e-02 
 660.000  1.3257900400e+00  3.1921693800e-02 
 661.000  1.3284018300e+00  3.2286163330e-02 
 662.000  1.3460709800e+00  3.2808147430e-02 
 663.000  1.3315157400e+00  3.2325710300e-02 
 664.000  1.3098555400e+00  3.1797792430e-02 
 665.000  1.3151965800e+00  3.1901294710e-02 
 666.000  1.3304711300e+00  3.2395275120e-02 
 667.000  1.3036664600e+00  3.1633745190e-02 
 668.000  1.3105316700e+00  3.1916406630e-02 
 669.000  1.3291386500e+00  3.2413913730e-02 
 670.000  1.3131187400e+00  3.1853452680e-02 
 671.000  1.2990474600e+00  3.1526363370e-02 
 672.000  1.2947446100e+00  3.1379953380e-02 
 673.000  1.3039598800e+00  3.1542531970e-02 
 674.000  1.3064319300e+00  3.1592922210e-02 
 675.000  1.2864115500e+00  3.1027652740e-02 
 676.000  1.3106418100e+00  3.1605270390e-02 
 677.000  1.2845146600e+00  3.0975580220e-02 
 678.000  1.3056967100e+00  3.1422538760e-02 
 679.000  1.2873037300e+00  3.0878351210e-02 
 680.000  1.2778652300e+00  3.0613723750e-02 
 681.000  1.2798494900e+00  3.0561382290e-02 
 682.000  1.2774088100e+00  3.0365301130e-02 
 683.000  1.2860995900e+00  3.0441778180e-02 
 684.000  1.2639000700e+00  2.9879760740e-02 
 685.000  1.2775677100e+00  3.0133609770e-02 
 686.000  1.2243991700e+00  2.8462131500e-02 
 687.000  1.2254641000e+00  2.4622694020e-02 
 688.000  1.2263576800e+00  2.5592029570e-02 
 689.000  1.2299071900e+00  2.5454418180e-02 
 690.000  1.2358440500e+00  2.6088315960e-02 
 691.000  1.2407961500e+00  2.6866231920e-02 
 692.000  1.2333111700e+00  2.7022100450e-02 
 693.000  1.2414553400e+00  2.6241643910e-02 
 694.000  1.2550836600e+00  2.5808551790e-02 
 695.000  1.2321013100e+00  2.5714736940e-02 
 696.000  1.2458980700e+00  2.6249675750e-02 
 697.000  1.2448306300e+00  2.7867342000e-02 
 698.000  1.2225630300e+00  2.6912906650e-02 
 699.000  1.2484041300e+00  2.6103109360e-02 
 700.000  1.2334693000e+00  2.5951992030e-02 
 701.000  1.2065739000e+00  2.5034994130e-02 
 702.000  1.2003666300e+00  2.5097808840e-02 
 703.000  1.2149691900e+00  2.6429845810e-02 
 704.000  1.2185035600e+00  2.6570320130e-02 
 705.000  1.2289668500e+00  2.6297754290e-02 
 706.000  1.2158497000e+00  2.6097972870e-02 
 707.000  1.1972456600e+00  2.5860530850e-02 
 708.000  1.2316476800e+00  2.6787546160e-02 
 709.000  1.1872232200e+00  2.6158979420e-02 
 710.000  1.2154715600e+00  2.6285081860e-02 
 711.000  1.2024696000e+00  2.6374179840e-02 
 712.000  1.1850663700e+00  2.6372673030e-02 
 713.000  1.1806725500e+00  2.5927658080e-02 
 714.000  1.2009728600e+00  2.6169164660e-02 
 715.000  1.1598814000e+00  2.4749401090e-02 
 716.000  1.1910723300e+00  2.4876237870e-02 
 717.000  1.1613213300e+00  2.1773534770e-02 
 718.000  1.1551728000e+00  2.0205745700e-02 
 719.000  1.1418744000e+00  1.9360794070e-02 
 720.000  1.1502045100e+00  1.8834156040e-02 
 721.000  1.1485500600e+00  2.2044782640e-02 
 722.000  1.1646147200e+00  2.3460031510e-02 
 723.000  1.1622675300e+00  2.2660255430e-02 
 724.000  1.1693194000e+00  2.0862836840e-02 
 725.000  1.1565589700e+00  2.0900094990e-02 
 726.000  1.1544459500e+00  2.0774925230e-02 
 727.000  1.1715259900e+00  2.1275873180e-02 
 728.000  1.1514030600e+00  2.0673345570e-02 
 729.000  1.1056397100e+00  2.0484893800e-02 
 730.000  1.1464993300e+00  2.1116926190e-02 
 731.000  1.1275992200e+00  2.0704650880e-02 
 732.000  1.1487115100e+00  2.2217672350e-02 
 733.000  1.1308631600e+00  2.3148769380e-02 
 734.000  1.1540668300e+00  2.4208848950e-02 
 735.000  1.1448640900e+00  2.3727926250e-02 
 736.000  1.1238496900e+00  2.2898141860e-02 
 737.000  1.1384361100e+00  2.3435476300e-02 
 738.000  1.1349833600e+00  2.3788005830e-02 
 739.000  1.0981324400e+00  2.3236667630e-02 
 740.000  1.1081123800e+00  2.3869771960e-02 
 741.000  1.0990481500e+00  2.4022272110e-02 
 742.000  1.0808718500e+00  2.3752759930e-02 
 743.000  1.1123301700e+00  2.4734422680e-02 
 744.000  1.1227624400e+00  2.5117174150e-02 
 745.000  1.0934448400e+00  2.4589109420e-02 
 746.000  1.1085720100e+00  2.4955604550e-02 
 747.000  1.1251749000e+00  2.5292924880e-02 
 748.000  1.1049548900e+00  2.4826807020e-02 
 749.000  1.1051509200e+00  2.4845275880e-02 
 750.000  1.0890142100e+00  2.4386201860e-02 
 751.000  1.0862086300e+00  2.4308734890e-02 
 752.000  1.1026687700e+00  2.4722316740e-02 
 753.000  1.0922313700e+00  2.4488576890e-02 
 754.000  1.1093337200e+00  2.4866348270e-02 
 755.000  1.1029704500e+00  2.4708215710e-02 
 756.000  1.0813772400e+00  2.4211330410e-02 
 757.000  1.0893668600e+00  2.4374801640e-02 
 758.000  1.0882344700e+00  2.4269596100e-02 
 759.000  1.0470711300e+00  2.1412998200e-02 
 760.000  8.2383714600e-01  8.6929969790e-03 
 761.000  7.9393872500e-01  7.7075538640e-03 
 762.000  9.2602773300e-01  1.3881550790e-02 
 763.000  9.1117670600e-01  1.2010957720e-02 
 764.000  9.3454893700e-01  1.3107069020e-02 
 765.000  9.8083254800e-01  1.5903903960e-02 
 766.000  9.7252392000e-01  1.8235179900e-02 
 767.000  1.0023844300e+00  1.9985881810e-02 
 768.000  1.0512880300e+00  2.1919799800e-02 
 769.000  1.0527389700e+00  2.2682504650e-02 
 770.000  1.0500518600e+00  2.2998899460e-02 
 771.000  1.0515092500e+00  2.3241733550e-02 
 772.000  1.0476207600e+00  2.3194814680e-02 
 773.000  1.0433087600e+00  2.3105699540e-02 
 774.000  1.0543174200e+00  2.3359378810e-02 
 775.000  1.0146053000e+00  2.2479312900e-02 
 776.000  1.0563207700e+00  2.3444641110e-02 
 777.000  1.0490056100e+00  2.3252281190e-02 
 778.000  1.0434618800e+00  2.3074119570e-02 
 779.000  1.0469365400e+00  2.3082155230e-02 
 780.000  1.0340647600e+00  2.2813539510e-02 
 781.000  1.0322065400e+00  2.2756870270e-02 
 782.000  1.0447410800e+00  2.2940828320e-02 
 783.000  1.0204071740e+00  2.2493488310e-02 
 784.000  1.0263166780e+00  2.2564096450e-02 
 785.000  1.0296910460e+00  2.2424253460e-02 
 786.000  1.0128306950e+00  2.1911235810e-02 
 787.000  1.0297141400e+00  2.1791122440e-02 
 788.000  1.0152480780e+00  2.1314716340e-02 
 789.000  1.0243816630e+00  2.0853456500e-02 
 790.000  1.0143414450e+00  2.0543403630e-02 
 791.000  1.0086098100e+00  2.0552944180e-02 
 792.000  9.9215562900e-01  2.0254327770e-02 
 793.000  9.9001853900e-01  2.0437879560e-02 
 794.000  9.7734348600e-01  2.0746505740e-02 
 795.000  9.7364247200e-01  2.0194614410e-02 
 796.000  9.9435060200e-01  1.9906030650e-02 
 797.000  9.9949191000e-01  2.0254623410e-02 
 798.000  9.9746371000e-01  2.0710893630e-02 
 799.000  9.9729693900e-01  2.0520887370e-02 
 800.000  9.7313147700e-01  1.9625791550e-02 
 801.000  9.9114972800e-01  2.0024677280e-02 
 802.000  9.8938051700e-01  1.9898363110e-02 
 803.000  9.7507570200e-01  1.9678468700e-02 
 804.000  9.8306484200e-01  2.0066961290e-02 
 805.000  9.5461183900e-01  1.9848913190e-02 
 806.000  9.7954276300e-01  2.0523862840e-02 
 807.000  9.7348346200e-01  2.0438451770e-02 
 808.000  9.6833744000e-01  2.0152925490e-02 
 809.000  9.5254504200e-01  1.9647020340e-02 
 810.000  9.4891016000e-01  1.9370512010e-02 
 811.000  9.6532734700e-01  1.9376041410e-02 
 812.000  9.6356793400e-01  1.8986024860e-02 
 813.000  9.6104120000e-01  1.8407804490e-02 
 814.000  9.6167791800e-01  1.7940311430e-02 
 815.000  9.5346462100e-01  1.7197652820e-02 
 816.000  9.4738382200e-01  1.6383998870e-02 
 817.000  9.5298054800e-01  1.6494411470e-02 
 818.000  9.4697098200e-01  1.6353616710e-02 
 819.000  9.2083356900e-01  1.6190290450e-02 
 820.000  9.0120117500e-01  1.6597715380e-02 
 821.000  9.2899578300e-01  1.8019590380e-02 
 822.000  9.0438518500e-01  1.6720359800e-02 
 823.000  9.2060923300e-01  1.5281558990e-02 
 824.000  9.3118865600e-01  1.6936708450e-02 
 825.000  9.2727402000e-01  1.8141000750e-02 
 826.000  9.3357512400e-01  1.7976501460e-02 
 827.000  9.3092558600e-01  1.7729721070e-02 
 828.000  9.3080338500e-01  1.6951662060e-02 
 829.000  9.2973073900e-01  1.7145677570e-02 
 830.000  9.1426477900e-01  1.7152206420e-02 
 831.000  8.9804329700e-01  1.6900300980e-02 
 832.000  9.1633393600e-01  1.7238616940e-02 
 833.000  8.8738849800e-01  1.6964853290e-02 
 834.000  8.9986793400e-01  1.7424037930e-02 
 835.000  8.9981196100e-01  1.7720287320e-02 
 836.000  9.1094095900e-01  1.7945880890e-02 
 837.000  9.0350686300e-01  1.7736906050e-02 
 838.000  9.0573506900e-01  1.8025066380e-02 
 839.000  8.7681409300e-01  1.7545394900e-02 
 840.000  9.0002726200e-01  1.7991516110e-02 
 841.000  9.0334789300e-01  1.7883361820e-02 
 842.000  8.9686233900e-01  1.7849386220e-02 
 843.000  8.8863748200e-01  1.8118505480e-02 
 844.000  8.7295145500e-01  1.7962223050e-02 
 845.000  8.8572206700e-01  1.8293807980e-02 
 846.000  8.9307551000e-01  1.8587520600e-02 
 847.000  8.6169573200e-01  1.8085617070e-02 
 848.000  8.8818988800e-01  1.8439645770e-02 
 849.000  8.8970766200e-01  1.8578468320e-02 
 850.000  7.6973822100e-01  1.5918490410e-02 
 851.000  8.8255485200e-01  1.8106086730e-02 
 852.000  8.4904507600e-01  1.7488582610e-02 
 853.000  8.5774272200e-01  1.7709705350e-02 
 854.000  6.8965923400e-01  1.4269782070e-02 
 855.000  7.5865400700e-01  1.5805718420e-02 
 856.000  8.5953190800e-01  1.7947624210e-02 
 857.000  8.7263973800e-01  1.8375265120e-02 
 858.000  8.5835599400e-01  1.8068981170e-02 
 859.000  8.5748617700e-01  1.8102449420e-02 
 860.000  8.4944460700e-01  1.8021368030e-02 
 861.000  8.4929334500e-01  1.7995672230e-02 
 862.000  8.4628769900e-01  1.7867439270e-02 
 863.000  8.6245992700e-01  1.8312238690e-02 
 864.000  8.6058610900e-01  1.8118791580e-02 
 865.000  8.4443960300e-01  1.7914571760e-02 
 866.000  7.0830142900e-01  1.5071506500e-02 
 867.000  7.5431250500e-01  1.5834080700e-02 
 868.000  8.1809194600e-01  1.7263338090e-02 
 869.000  8.0659330000e-01  1.7008195880e-02 
 870.000  8.3992158900e-01  1.7830152510e-02 
 871.000  8.3872004200e-01  1.7731563570e-02 
 872.000  8.3525778700e-01  1.7421583180e-02 
 873.000  8.3874317200e-01  1.7625055310e-02 
 874.000  8.2043934300e-01  1.7153947830e-02 
 875.000  8.1293282800e-01  1.7147361760e-02 
 876.000  8.1989600200e-01  1.7206157680e-02 
 877.000  8.3635667200e-01  1.7393741610e-02 
 878.000  8.2259508600e-01  1.7182653430e-02 
 879.000  8.2455174700e-01  1.7280750270e-02 
 880.000  8.2030113100e-01  1.6996028900e-02 
 881.000  7.7793856300e-01  1.6162429810e-02 
 882.000  8.2119131300e-01  1.6855422970e-02 
 883.000  8.0221683100e-01  1.6655855180e-02 
 884.000  8.0894456700e-01  1.7016885760e-02 
 885.000  8.1828992700e-01  1.6726099010e-02 
 886.000  7.9280112800e-01  1.6233284000e-02 
 887.000  7.8372318200e-01  1.6034114840e-02 
 888.000  8.0728837200e-01  1.6322357180e-02 
 889.000  8.1239644800e-01  1.6720794680e-02 
 890.000  8.1057072600e-01  1.6581548690e-02 
 891.000  8.0753330700e-01  1.6282594680e-02 
 892.000  8.0688584200e-01  1.6030477520e-02 
 893.000  7.8130032800e-01  1.4647057530e-02 
 894.000  8.0971629600e-01  1.4908386230e-02 
 895.000  7.7473409500e-01  1.3586873050e-02 
 896.000  8.0547935000e-01  1.3238706590e-02 
 897.000  7.8694218700e-01  1.2423618320e-02 
 898.000  7.8829654600e-01  1.2048670770e-02 
 899.000  7.8758879000e-01  1.1120043750e-02 
 900.000  7.6792174800e-01  1.0846699710e-02 
 901.000  7.5147040400e-01  1.0431402210e-02 
 902.000  7.3764017300e-01  1.0277312280e-02 
 903.000  7.7372627500e-01  1.2119893070e-02 
 904.000  7.8809148800e-01  1.3163690570e-02 
 905.000  7.8600382600e-01  1.3383646970e-02 
 906.000  7.6518961800e-01  1.2491034510e-02 
 907.000  7.7815702400e-01  1.1677846910e-02 
 908.000  7.5912495700e-01  1.0706230160e-02 
 909.000  7.4423261600e-01  1.0499688150e-02 
 910.000  7.5303571900e-01  1.0702861790e-02 
 911.000  7.5104034600e-01  1.1249427800e-02 
 912.000  7.5266764500e-01  1.0829969410e-02 
 913.000  7.7028458500e-01  1.0305901530e-02 
 914.000  7.6532645400e-01  1.0587230680e-02 
 915.000  7.5269450300e-01  1.0939016340e-02 
 916.000  7.6105006100e-01  1.1076521870e-02 
 917.000  7.4914068900e-01  1.1056864740e-02 
 918.000  7.4533676400e-01  1.1233611110e-02 
 919.000  7.5516592400e-01  1.2574812890e-02 
 920.000  7.4796469600e-01  1.2794661520e-02 
 921.000  7.3158587400e-01  1.2356966020e-02 
 922.000  7.2503599700e-01  1.2340868000e-02 
 923.000  6.9464647200e-01  1.1286806110e-02 
 924.000  7.2404036400e-01  1.1681099890e-02 
 925.000  7.3365178100e-01  1.1726051330e-02 
 926.000  7.0746040300e-01  1.1139228820e-02 
 927.000  7.3381483200e-01  1.1352421760e-02 
 928.000  7.3833302600e-01  1.0547158240e-02 
 929.000  7.2801883900e-01  9.3003110890e-03 
 930.000  7.2619196300e-01  8.0987386700e-03 
 931.000  7.2589615000e-01  7.2052974700e-03 
 932.000  7.1878562000e-01  6.1811609270e-03 
 933.000  7.2074903400e-01  5.6453719140e-03 
 934.000  7.1444045800e-01  5.1348581310e-03 
 935.000  7.0385391200e-01  5.0109405520e-03 
 936.000  6.9878648000e-01  5.1263480190e-03 
 937.000  7.1438423700e-01  5.2024497990e-03 
 938.000  7.0688838700e-01  5.6834206580e-03 
 939.000  7.1315051200e-01  7.5890698430e-03 
 940.000  7.0951089700e-01  7.9418787960e-03 
 941.000  6.9338113900e-01  7.4489355090e-03 
 942.000  6.6684856800e-01  6.5162520410e-03 
 943.000  7.0262608000e-01  5.9456090930e-03 
 944.000  6.8331211400e-01  5.7151088710e-03 
 945.000  6.8985932200e-01  6.0537247660e-03 
 946.000  6.9921565100e-01  6.1583242420e-03 
 947.000  6.9498605600e-01  6.4203939440e-03 
 948.000  6.9918922000e-01  6.6428523060e-03 
 949.000  7.0140427600e-01  6.6499114040e-03 
 950.000  6.9678083500e-01  6.6548662190e-03 
 951.000  6.9264413500e-01  7.0566630360e-03 
 952.000  6.9257211100e-01  6.6062836650e-03 
 953.000  6.9066029500e-01  6.9217805860e-03 
 954.000  6.8398847800e-01  7.2516055110e-03 
 955.000  6.3888394200e-01  6.4988465310e-03 
 956.000  6.8153930000e-01  6.8959946630e-03 
 957.000  6.8118654100e-01  7.9855895040e-03 
 958.000  6.8643808600e-01  8.2372503280e-03 
 959.000  6.8909146900e-01  8.0681171420e-03 
 960.000  6.8258071100e-01  7.9427528380e-03 
 961.000  6.7525935200e-01  7.7620377540e-03 
 962.000  6.7862128700e-01  7.8983478550e-03 
 963.000  6.7721946000e-01  8.6314907070e-03 
 964.000  6.6947022700e-01  8.6538419720e-03 
 965.000  6.7765468100e-01  8.6856908800e-03 
 966.000  6.5809362400e-01  8.4847574230e-03 
 967.000  6.7766543900e-01  9.3670930860e-03 
 968.000  6.7019637700e-01  1.0287007330e-02 
 969.000  6.7428841800e-01  1.0799975400e-02 
 970.000  6.7611701700e-01  1.0853530880e-02 
 971.000  6.7013349800e-01  1.0739236830e-02 
 972.000  6.7488204100e-01  1.0670849800e-02 
 973.000  6.6864899100e-01  1.0275461200e-02 
 974.000  6.5839930300e-01  9.7656993870e-03 
 975.000  6.6169049800e-01  9.5753450390e-03 
 976.000  6.6969955000e-01  9.9659233090e-03 
 977.000  6.5272137100e-01  1.0143837930e-02 
 978.000  6.6886795100e-01  1.0358065610e-02 
 979.000  6.4943081400e-01  1.0171505930e-02 
 980.000  6.5859128300e-01  1.0788588520e-02 
 981.000  6.6307656800e-01  1.0978567120e-02 
 982.000  6.6165116600e-01  1.0839106560e-02 
 983.000  6.5985623500e-01  1.1083277700e-02 
 984.000  6.5543733900e-01  1.1317903520e-02 
 985.000  6.5512481300e-01  1.1502173420e-02 
 986.000  6.4978102500e-01  1.1674782750e-02 
 987.000  6.5716834700e-01  1.1928901670e-02 
 988.000  6.4906752300e-01  1.1804740910e-02 
 989.000  6.4082608800e-01  1.1665503500e-02 
 990.000  6.4629019700e-01  1.1787747380e-02 
 991.000  6.5153119700e-01  1.1986180310e-02 
 992.000  6.4550134800e-01  1.1893891330e-02 
 993.000  6.4545540100e-01  1.1890201570e-02 
 994.000  6.4869442300e-01  1.2035796170e-02 
 995.000  6.4388371900e-01  1.2015378000e-02 
 996.000  6.4377027800e-01  1.1996219640e-02 
 997.000  6.4448133400e-01  1.1939663890e-02 
 998.000  6.4212118000e-01  1.1830909730e-02 
 999.000  6.4055361800e-01  1.1765375140e-02 
1000.000  6.3544089500e-01  1.1672279360e-02 
1001.000  6.3909335100e-01  1.1615516660e-02 
1002.000  6.3844775200e-01  1.1420951840e-02 
1003.000  6.3092183100e-01  1.1315526960e-02 
1004.000  6.2549050500e-01  1.1304858210e-02 
1005.000  5.8434731000e-01  1.0594241140e-02 
1006.000  6.1483604300e-01  1.1152300830e-02 
1007.000  6.2608737900e-01  1.1313189510e-02 
1008.000  6.2898210300e-01  1.1218157770e-02 
1009.000  6.2547822400e-01  1.0975637440e-02 
1010.000  6.2767102800e-01  1.1079452510e-02 
1011.000  6.2395931700e-01  1.1192049030e-02 
1012.000  6.2399631200e-01  1.1259017940e-02 
1013.000  6.1938386200e-01  1.1227307320e-02 
1014.000  6.2328455600e-01  1.1356664660e-02 
1015.000  6.1176846100e-01  1.1188223840e-02 
1016.000  6.1563332200e-01  1.1323876380e-02 
1017.000  6.0950374700e-01  1.1254432680e-02 
1018.000  6.1756624000e-01  1.1413220410e-02 
1019.000  6.0369632600e-01  1.1121066090e-02 
1020.000  6.0234738200e-01  1.1075020790e-02 
1021.000  6.0817389100e-01  1.1147863390e-02 
1022.000  5.9933694900e-01  1.0817801480e-02 
1023.000  6.1110109100e-01  1.0876877780e-02 
1024.000  6.0815965000e-01  1.0701730730e-02 
1025.000  6.0743870000e-01  1.0725679400e-02 
1026.000  6.0790422200e-01  1.0766553880e-02 
1027.000  6.0434298300e-01  1.0730542180e-02 
1028.000  6.0567119000e-01  1.0824970250e-02 
1029.000  5.9622154800e-01  1.0756188390e-02 
1030.000  6.0197171000e-01  1.0969301220e-02 
1031.000  5.9994425800e-01  1.1013349530e-02 
1032.000  5.9773034300e-01  1.1025548930e-02 
1033.000  5.8669856100e-01  1.0794640540e-02 
1034.000  5.9283648200e-01  1.0891791340e-02 
1035.000  5.8645899700e-01  1.0748233800e-02 
1036.000  5.9414933600e-01  1.0851043700e-02 
1037.000  5.8162722600e-01  1.0592335700e-02 
1038.000  5.8734445300e-01  1.0666145320e-02 
1039.000  5.8985571900e-01  1.0672549250e-02 
1040.000  5.8296428600e-01  1.0511275290e-02 
1041.000  5.8609598400e-01  1.0532987590e-02 
1042.000  5.8786536900e-01  1.0533472060e-02 
1043.000  5.7773185800e-01  1.0322618480e-02 
1044.000  5.8355040800e-01  1.0393287660e-02 
1045.000  5.8121759400e-01  1.0389878270e-02 
1046.000  5.6442374300e-01  1.0139067650e-02 
1047.000  5.7493569400e-01  1.0376695630e-02 
1048.000  5.8082726500e-01  1.0534053800e-02 
1049.000  5.7726128500e-01  1.0522326470e-02 
1050.000  5.7399962100e-01  1.0499864580e-02 
1051.000  5.7432823900e-01  1.0478528020e-02 
1052.000  5.7182679800e-01  1.0387348180e-02 
1053.000  5.7210817400e-01  1.0376390460e-02 
1054.000  5.6651186800e-01  1.0204132080e-02 
1055.000  5.7095863900e-01  1.0230543140e-02 
1056.000  5.6967709700e-01  1.0159819600e-02 
1057.000  5.6925625600e-01  1.0106396680e-02 
1058.000  5.6429943700e-01  9.9543247220e-03 
1059.000  5.4649824300e-01  9.6634397510e-03 
1060.000  5.6569341300e-01  1.0063967700e-02 
1061.000  5.4599167400e-01  9.7205572130e-03 
1062.000  5.6175611200e-01  9.9688930510e-03 
1063.000  5.5249200800e-01  9.7730627060e-03 
1064.000  5.5991759900e-01  9.8099527360e-03 
1065.000  5.5982903800e-01  9.7015266420e-03 
1066.000  5.4262704300e-01  9.3544998170e-03 
1067.000  5.5580811700e-01  9.5121707920e-03 
1068.000  5.5446569700e-01  9.3454551700e-03 
1069.000  5.1311080100e-01  8.5859022140e-03 
1070.000  5.4342038500e-01  9.1389846800e-03 
1071.000  5.4483282300e-01  9.1471223830e-03 
1072.000  5.4719476500e-01  9.1725502010e-03 
1073.000  5.2928863600e-01  8.8990106580e-03 
1074.000  5.4776083000e-01  9.2557325360e-03 
1075.000  5.3001632200e-01  9.0609273910e-03 
1076.000  5.4215793900e-01  9.2331085210e-03 
1077.000  5.4157095800e-01  9.1730337140e-03 
1078.000  5.4369455800e-01  9.1507034300e-03 
1079.000  5.2286570900e-01  8.8036460880e-03 
1080.000  5.4026735800e-01  8.9295558930e-03 
1081.000  5.2048625200e-01  8.5894823070e-03 
1082.000  5.2632255100e-01  8.7110815050e-03 
1083.000  5.1304775500e-01  8.3551454540e-03 
1084.000  5.3366575000e-01  8.5486631390e-03 
1085.000  5.2906047700e-01  8.2256383900e-03 
1086.000  5.3540830500e-01  8.3220176700e-03 
1087.000  5.0013120100e-01  7.9587564470e-03 
1088.000  5.3034069800e-01  8.5091285710e-03 
1089.000  5.1312525800e-01  8.0193700790e-03 
1090.000  5.2485545800e-01  8.2081441880e-03 
1091.000  5.2765695000e-01  8.3568096160e-03 
1092.000  5.1690095900e-01  8.1147460940e-03 
1093.000  5.1377532700e-01  7.8434939380e-03 
1094.000  4.6876584900e-01  7.0202541350e-03 
1095.000  5.0716790500e-01  7.5681710240e-03 
1096.000  5.0790408300e-01  7.5531263350e-03 
1097.000  4.9869969200e-01  7.3167810440e-03 
1098.000  4.9774887100e-01  6.7017645840e-03 
1099.000  5.0223912900e-01  6.2143001560e-03 
1100.000  5.1065368100e-01  6.3527593610e-03 
1101.000  5.0907172100e-01  6.4015426640e-03 
1102.000  4.8816021400e-01  6.0993180270e-03 
1103.000  5.0719428600e-01  6.3781547550e-03 
1104.000  5.0394818500e-01  6.2460346220e-03 
1105.000  5.0430926200e-01  6.0350036620e-03 
1106.000  5.0119846600e-01  5.8012166020e-03 
1107.000  5.0030125400e-01  5.8265271190e-03 
1108.000  4.9846068800e-01  5.8235030170e-03 
1109.000  4.9977554500e-01  5.9850234990e-03 
1110.000  5.0233932900e-01  5.9631443020e-03 
1111.000  4.9630553500e-01  5.7833580970e-03 
1112.000  4.9189244500e-01  5.3381161690e-03 
1113.000  4.9017004600e-01  4.8492083550e-03 
1114.000  4.9547768900e-01  4.7469148640e-03 
1115.000  4.9048797500e-01  4.2513232230e-03 
1116.000  4.8428269100e-01  3.9691462520e-03 
1117.000  4.9002739400e-01  3.5830118660e-03 
1118.000  4.8489534300e-01  3.2126610280e-03 
1119.000  4.7133760800e-01  2.9825277330e-03 
1120.000  4.7228685400e-01  2.8538494110e-03 
1121.000  4.7529391000e-01  2.8455936910e-03 
1122.000  4.7308991700e-01  2.7298393250e-03 
1123.000  4.7531196800e-01  2.7944068910e-03 
1124.000  4.7622603500e-01  2.8371353150e-03 
1125.000  4.6630330400e-01  2.7578208450e-03 
1126.000  4.5738561500e-01  2.6975548270e-03 
1127.000  4.7287085600e-01  2.7980608940e-03 
1128.000  4.6422574100e-01  2.7651917930e-03 
1129.000  4.6712030400e-01  2.9021706580e-03 
1130.000  4.6803658100e-01  3.2799258230e-03 
1131.000  4.7316571900e-01  3.4429988860e-03 
1132.000  4.7416557300e-01  3.2732622620e-03 
1133.000  4.6192018200e-01  2.9234502320e-03 
1134.000  4.5652370900e-01  2.5702373980e-03 
1135.000  4.6250584300e-01  2.6224098210e-03 
1136.000  4.6442089900e-01  2.9794995780e-03 
1137.000  4.7121725100e-01  3.3174843790e-03 
1138.000  4.5515728800e-01  3.5470094680e-03 
1139.000  4.6536997500e-01  3.7829062940e-03 
1140.000  4.6659762300e-01  3.7185931210e-03 
1141.000  4.5310995400e-01  3.4828557970e-03 
1142.000  4.6537474900e-01  3.5238003730e-03 
1143.000  4.5699840300e-01  3.3064384460e-03 
1144.000  4.5372387800e-01  3.1266427040e-03 
1145.000  4.5634226100e-01  2.9446668620e-03 
1146.000  4.6102037400e-01  3.0175530910e-03 
1147.000  4.6335760600e-01  3.1962151530e-03 
1148.000  4.5895087400e-01  3.3273839950e-03 
1149.000  4.6042355300e-01  3.4122412200e-03 
1150.000  4.5846825900e-01  3.4177248480e-03 
1151.000  4.5712343400e-01  3.5375015740e-03 
1152.000  4.5626893100e-01  3.5980980400e-03 
1153.000  4.5547142300e-01  3.6894302370e-03 
1154.000  4.5895089100e-01  3.7126300330e-03 
1155.000  4.6052960600e-01  3.9319829940e-03 
1156.000  4.5428699400e-01  4.1096653940e-03 
1157.000  4.5854544200e-01  4.7037534710e-03 
1158.000  4.5861686200e-01  5.0202913280e-03 
1159.000  4.5213411100e-01  5.2588577270e-03 
1160.000  4.4639013400e-01  5.3360228540e-03 
1161.000  4.3676252400e-01  5.5493593220e-03 
1162.000  4.5257370300e-01  6.0270648000e-03 
1163.000  4.5445330400e-01  6.3693165780e-03 
1164.000  4.4522210100e-01  6.3042831420e-03 
1165.000  4.5381595200e-01  6.4809083940e-03 
1166.000  4.4204514600e-01  6.3942675590e-03 
1167.000  4.4921426700e-01  6.5504937170e-03 
1168.000  4.5314066800e-01  6.5967154500e-03 
1169.000  4.3747172400e-01  6.4186787610e-03 
1170.000  4.4923581000e-01  6.6357884410e-03 
1171.000  4.5131488700e-01  6.7686152460e-03 
1172.000  4.4990320500e-01  6.6915416720e-03 
1173.000  4.4676895500e-01  6.5927934650e-03 
1174.000  4.4699561500e-01  6.6012086870e-03 
1175.000  4.4176263100e-01  6.6752390860e-03 
1176.000  4.3109762700e-01  6.6544528010e-03 
1177.000  4.4440950600e-01  6.7911176680e-03 
1178.000  4.3690284100e-01  6.5414600370e-03 
1179.000  4.3494334700e-01  6.5138149260e-03 
1180.000  4.4104938900e-01  6.5566987990e-03 
1181.000  4.3879609300e-01  6.4008049960e-03 
1182.000  4.3935097300e-01  6.2831106190e-03 
1183.000  4.1384242600e-01  5.9259748460e-03 
1184.000  4.3249420800e-01  6.2557115550e-03 
1185.000  4.3821659800e-01  6.5037264820e-03 
1186.000  4.3560917300e-01  6.4071612360e-03 
1187.000  4.3576321500e-01  6.2301702500e-03 
1188.000  4.3352780400e-01  6.1389245990e-03 
1189.000  4.0816493200e-01  5.8503603940e-03 
1190.000  4.2823686200e-01  6.3678731920e-03 
1191.000  4.3491375100e-01  6.5103545190e-03 
1192.000  4.3254601000e-01  6.5567975040e-03 
1193.000  4.3271254900e-01  6.4910969730e-03 
1194.000  4.3189969000e-01  6.4551091190e-03 
1195.000  4.2705825300e-01  6.2741584780e-03 
1196.000  4.2678874700e-01  6.2902421950e-03 
1197.000  4.2667575500e-01  6.2386045460e-03 
1198.000  4.1234562000e-01  6.0212969780e-03 
1199.000  3.9702202200e-01  5.7392644880e-03 
1200.000  4.2205079200e-01  6.1396045680e-03 
1201.000  4.2507913200e-01  6.2035989760e-03 
1202.000  4.2589471900e-01  6.2434525490e-03 
1203.000  4.0510893000e-01  5.9174189570e-03 
1204.000  4.1182241400e-01  6.0507850650e-03 
1205.000  4.2137535300e-01  6.3879833220e-03 
1206.000  4.1881205600e-01  6.4419522290e-03 
1207.000  4.2162458800e-01  6.5244522090e-03 
1208.000  4.1548685100e-01  6.3993034360e-03 
1209.000  3.8952842800e-01  5.9526448250e-03 
1210.000  4.1680538200e-01  6.2882814410e-03 
1211.000  4.0288204300e-01  6.0731611250e-03 
1212.000  4.1549645000e-01  6.2984852790e-03 
1213.000  4.1703190200e-01  6.4163641930e-03 
1214.000  4.1524738400e-01  6.3929224010e-03 
1215.000  4.1667395100e-01  6.4614357950e-03 
1216.000  4.1544220500e-01  6.5917382240e-03 
1217.000  4.1457839500e-01  6.7000489230e-03 
1218.000  4.1312823900e-01  6.7285437580e-03 
1219.000  4.0926219500e-01  6.6931385990e-03 
1220.000  4.1201330000e-01  6.7283039090e-03 
1221.000  4.1116022100e-01  6.7150921820e-03 
1222.000  4.0888263100e-01  6.6702599530e-03 
1223.000  4.0688131800e-01  6.6666002270e-03 
1224.000  4.0982202300e-01  6.8114595410e-03 
1225.000  4.0749872600e-01  6.8072452550e-03 
1226.000  4.0882705900e-01  6.8730549810e-03 
1227.000  3.9479850600e-01  6.6973776820e-03 
1228.000  4.0689705100e-01  6.9750771520e-03 
1229.000  4.0622095500e-01  7.0132460590e-03 
1230.000  4.0459264500e-01  7.0430326460e-03 
1231.000  4.0446029200e-01  7.0758390430e-03 
1232.000  3.9986148400e-01  7.0114293100e-03 
1233.000  4.0298084500e-01  7.0775494580e-03 
1234.000  4.0151391400e-01  7.1252746580e-03 
1235.000  3.9864236800e-01  7.0966119770e-03 
1236.000  4.0090081600e-01  7.1465997700e-03 
1237.000  4.0079512200e-01  7.1674246790e-03 
1238.000  4.0051084900e-01  7.1684799190e-03 
1239.000  3.9592783000e-01  7.0881900790e-03 
1240.000  3.9415075800e-01  7.0997648240e-03 
1241.000  3.9775863200e-01  7.2049608230e-03 
1242.000  3.9554016700e-01  7.2020931240e-03 
1243.000  3.9121032700e-01  7.1614503860e-03 
1244.000  3.8786186500e-01  7.1275520320e-03 
1245.000  3.9464132700e-01  7.2724251750e-03 
1246.000  3.9170777400e-01  7.1714463230e-03 
1247.000  3.8992056600e-01  7.0903229710e-03 
1248.000  3.9308826700e-01  7.0989575390e-03 
1249.000  3.9175757300e-01  7.0353794100e-03 
1250.000  3.9036333800e-01  6.9634890560e-03 
1251.000  3.8783213700e-01  6.8837876320e-03 
1252.000  3.8683522400e-01  6.8291997910e-03 
1253.000  3.8381167300e-01  6.7371940610e-03 
1254.000  3.8513812900e-01  6.6940059660e-03 
1255.000  3.8472693230e-01  6.6399941440e-03 
1256.000  3.8413282910e-01  6.5900311470e-03 
1257.000  3.8001847590e-01  6.4306316380e-03 
1258.000  3.8201091270e-01  6.3219342230e-03 
1259.000  3.7811541530e-01  6.1367545130e-03 
1260.000  3.7893199690e-01  6.0236139300e-03 
1261.000  3.7848471810e-01  5.8884725570e-03 
1262.000  3.7038666850e-01  5.6094722750e-03 
1263.000  3.7487901540e-01  5.6658883090e-03 
1264.000  3.6904238520e-01  5.5811362270e-03 
1265.000  3.6971485330e-01  5.6079421040e-03 
1266.000  3.7210267640e-01  5.6248350140e-03 
1267.000  3.6513390940e-01  5.4985842700e-03 
1268.000  3.6153832100e-01  5.4122819900e-03 
1269.000  3.6492269200e-01  5.4485116000e-03 
1270.000  3.6893296230e-01  5.6295475960e-03 
1271.000  3.7098115540e-01  5.7205228810e-03 
1272.000  3.6988414190e-01  5.7636799810e-03 
1273.000  3.6956583590e-01  5.8246040340e-03 
1274.000  3.6735863060e-01  5.8569617270e-03 
1275.000  3.6952043990e-01  5.9151101110e-03 
1276.000  3.7011360530e-01  5.9302306180e-03 
1277.000  3.6983729830e-01  5.9178447720e-03 
1278.000  3.6877695250e-01  5.8888411520e-03 
1279.000  3.6630832760e-01  5.8707261090e-03 
1280.000  3.6414499590e-01  5.9292602540e-03 
1281.000  3.5375943910e-01  5.8490862850e-03 
1282.000  3.1414526620e-01  5.2732048030e-03 
1283.000  3.4476858430e-01  5.8501195910e-03 
1284.000  3.5899552990e-01  6.1349706650e-03 
1285.000  3.6162788270e-01  6.1993746760e-03 
1286.000  3.6150973950e-01  6.1643514630e-03 
1287.000  3.6372086860e-01  6.1455912590e-03 
1288.000  3.6144068290e-01  5.9249343870e-03 
1289.000  3.6359517550e-01  5.9058008190e-03 
1290.000  3.5526425620e-01  5.7519311900e-03 
1291.000  3.6012719020e-01  5.8075346950e-03 
1292.000  3.6163016550e-01  5.8473944660e-03 
1293.000  3.6195343810e-01  5.8091731070e-03 
1294.000  3.5620857390e-01  5.5960049630e-03 
1295.000  3.6004369080e-01  5.5065298080e-03 
1296.000  3.6030864380e-01  5.4019122120e-03 
1297.000  3.5808723210e-01  5.3064961430e-03 
1298.000  3.5488810230e-01  5.2642989160e-03 
1299.000  3.5845125040e-01  5.3204898830e-03 
1300.000  3.5701188760e-01  5.3031697270e-03 
1301.000  3.5644299970e-01  5.2764511110e-03 
1302.000  3.5187080600e-01  5.1213550570e-03 
1303.000  3.4998159630e-01  4.9154057500e-03 
1304.000  3.5020909990e-01  4.8252992630e-03 
1305.000  3.5236657310e-01  4.8018450740e-03 
1306.000  3.5270155310e-01  4.7485041620e-03 
1307.000  3.5166041690e-01  4.6961331370e-03 
1308.000  3.5136125110e-01  4.6085219380e-03 
1309.000  3.5104784500e-01  4.4850940700e-03 
1310.000  3.4959066190e-01  4.4641785620e-03 
1311.000  3.4851935560e-01  4.4573197360e-03 
1312.000  3.4743386440e-01  4.3004088400e-03 
1313.000  3.3460178500e-01  3.9681882860e-03 
1314.000  3.4504662100e-01  3.9440639020e-03 
1315.000  3.3342859310e-01  3.8825013640e-03 
1316.000  3.4118491120e-01  4.0833754540e-03 
1317.000  3.4485555960e-01  4.1276664730e-03 
1318.000  3.3997580490e-01  3.8871152400e-03 
1319.000  3.4463328230e-01  3.7066609860e-03 
1320.000  3.4208934470e-01  3.4434900280e-03 
1321.000  3.4058679350e-01  3.3448383810e-03 
1322.000  3.3990655160e-01  3.4666190150e-03 
1323.000  3.4065871300e-01  3.6248946190e-03 
1324.000  3.4083928450e-01  3.7166340350e-03 
1325.000  3.3975016800e-01  3.6407716270e-03 
1326.000  3.3816144580e-01  3.4660220150e-03 
1327.000  3.3546125300e-01  3.1343410020e-03 
1328.000  3.3634707970e-01  2.8748664860e-03 
1329.000  3.2407154890e-01  2.3828940390e-03 
1330.000  3.2914605250e-01  2.2889621260e-03 
1331.000  3.3061189270e-01  2.2227857110e-03 
1332.000  3.2306606080e-01  2.1935234070e-03 
1333.000  3.3160400760e-01  2.3198895450e-03 
1334.000  3.3201847470e-01  2.4170231820e-03 
1335.000  3.3230388180e-01  2.4898741250e-03 
1336.000  3.2870626180e-01  2.4863033290e-03 
1337.000  3.2977060920e-01  2.4977028370e-03 
1338.000  3.2952699150e-01  2.5484969620e-03 
1339.000  3.2598633180e-01  2.5230510230e-03 
1340.000  3.2364634520e-01  2.5493454930e-03 
1341.000  3.2853129020e-01  2.5264079570e-03 
1342.000  3.2772757360e-01  2.5266411300e-03 
1343.000  3.2769888000e-01  2.3401145940e-03 
1344.000  3.2620127110e-01  2.1784703730e-03 
1345.000  3.2370206930e-01  1.8981436490e-03 
1346.000  3.1853087320e-01  1.7545188670e-03 
1347.000  3.1913679030e-01  1.7053747180e-03 
1348.000  3.1555959330e-01  1.6342695950e-03 
1349.000  3.1341761630e-01  1.6014946700e-03 
1350.000  3.0701965740e-01  1.5267084840e-03 
1351.000  3.0485174310e-01  1.4885126350e-03 
1352.000  3.0540940180e-01  1.4504662750e-03 
1353.000  2.9955692850e-01  1.3740173580e-03 
1354.000  2.9593946970e-01  1.3294756410e-03 
1355.000  2.9029967870e-01  1.2740156650e-03 
1356.000  2.8602570150e-01  1.2225767370e-03 
1357.000  2.7932700250e-01  1.1540200710e-03 
1358.000  2.7972471850e-01  1.1130421160e-03 
1359.000  2.7200837370e-01  1.0102283950e-03 
1360.000  2.6204059040e-01  9.2776054140e-04 
1361.000  2.6423833830e-01  9.0571826700e-04 
1362.000  2.6197474790e-01  8.8949251170e-04 
1363.000  2.6223758910e-01  9.3590337040e-04 
1364.000  2.6750776200e-01  9.7001314160e-04 
1365.000  2.6737114450e-01  9.7781711820e-04 
1366.000  2.6924902900e-01  1.0021535160e-03 
1367.000  2.6429911750e-01  9.6117979290e-04 
1368.000  2.6432314050e-01  9.4027882810e-04 
1369.000  2.5956068040e-01  9.2828458550e-04 
1370.000  2.6507211950e-01  1.0004956720e-03 
1371.000  2.7285182420e-01  1.1020535230e-03 
1372.000  2.8368954140e-01  1.2211145160e-03 
1373.000  2.8779259810e-01  1.2852013110e-03 
1374.000  2.9108017580e-01  1.3245060440e-03 
1375.000  2.8698950400e-01  1.3167841430e-03 
1376.000  2.8270078270e-01  1.2887204890e-03 
1377.000  2.8527995690e-01  1.2825486660e-03 
1378.000  2.8038172160e-01  1.2268316750e-03 
1379.000  2.7852779220e-01  1.1685971020e-03 
1380.000  2.6853993990e-01  1.0583722590e-03 
1381.000  2.6248616750e-01  9.6847969290e-04 
1382.000  2.5434227410e-01  9.0216392280e-04 
1383.000  2.5656752490e-01  9.0591090920e-04 
1384.000  2.6226361210e-01  9.8084616660e-04 
1385.000  2.6434665090e-01  1.0310419800e-03 
1386.000  2.7232499250e-01  1.1124751570e-03 
1387.000  2.7622738240e-01  1.2041144370e-03 
1388.000  2.8201777330e-01  1.2642929550e-03 
1389.000  2.8426278540e-01  1.2895579340e-03 
1390.000  2.7925053110e-01  1.2713944910e-03 
1391.000  2.8198667330e-01  1.2714356180e-03 
1392.000  2.7754594470e-01  1.2154216770e-03 
1393.000  2.7300258880e-01  1.1608972550e-03 
1394.000  2.6695107820e-01  1.1029378180e-03 
1395.000  2.6825192010e-01  1.1226710080e-03 
1396.000  2.7418104890e-01  1.1861184840e-03 
1397.000  2.7724849540e-01  1.2303910260e-03 
1398.000  2.7745993340e-01  1.2347797160e-03 
1399.000  2.7564661000e-01  1.2160409690e-03 
1400.000  2.6764320760e-01  1.1754199270e-03 
1401.000  2.6885541020e-01  1.1835962530e-03 
1402.000  2.7541967220e-01  1.2363040450e-03 
1403.000  2.7472006390e-01  1.2473106380e-03 
1404.000  2.7263766970e-01  1.2288421390e-03 
1405.000  2.7280305810e-01  1.2303577660e-03 
1406.000  2.7241908390e-01  1.2170555590e-03 
1407.000  2.7268945600e-01  1.2170729640e-03 
1408.000  2.7353134460e-01  1.2433620690e-03 
1409.000  2.7644643580e-01  1.2726414200e-03 
1410.000  2.7763780800e-01  1.3062001470e-03 
1411.000  2.7970899680e-01  1.3355909590e-03 
1412.000  2.6877929050e-01  1.2807291750e-03 
1413.000  2.7396975690e-01  1.3114249710e-03 
1414.000  2.7755261840e-01  1.3202785250e-03 
1415.000  2.7739170570e-01  1.3302516940e-03 
1416.000  2.7688277520e-01  1.3375419380e-03 
1417.000  2.7890399600e-01  1.3450367450e-03 
1418.000  2.7901273190e-01  1.3433747290e-03 
1419.000  2.7503906810e-01  1.3216315510e-03 
1420.000  2.7443542350e-01  1.3201091290e-03 
1421.000  2.7899011290e-01  1.3585999010e-03 
1422.000  2.7275623450e-01  1.3344454770e-03 
1423.000  2.7109577450e-01  1.3258134130e-03 
1424.000  2.7134078980e-01  1.3208664660e-03 
1425.000  2.7657659330e-01  1.3333239560e-03 
1426.000  2.6538527100e-01  1.2756717210e-03 
1427.000  2.6952605680e-01  1.3016901020e-03 
1428.000  2.7537607710e-01  1.3342043160e-03 
1429.000  2.6891773190e-01  1.3093420270e-03 
1430.000  2.6307644740e-01  1.2736290690e-03 
1431.000  2.6247349490e-01  1.2433027030e-03 
1432.000  2.6724487950e-01  1.2489664550e-03 
1433.000  2.6738067870e-01  1.2440366740e-03 
1434.000  2.6199182720e-01  1.2083052400e-03 
1435.000  2.6518824970e-01  1.2334749700e-03 
1436.000  2.6522402580e-01  1.2355426550e-03 
1437.000  2.6627171300e-01  1.2389187810e-03 
1438.000  2.6562377140e-01  1.2505739930e-03 
1439.000  2.6876419780e-01  1.2632662060e-03 
1440.000  2.5212757810e-01  1.1885110140e-03 
1441.000  2.6483275780e-01  1.2475426200e-03 
1442.000  2.5866678330e-01  1.2064684630e-03 
1443.000  2.6296209470e-01  1.2214022870e-03 
1444.000  2.6424082250e-01  1.2286189790e-03 
1445.000  2.6344326460e-01  1.2215005160e-03 
1446.000  2.6627122160e-01  1.2441384790e-03 
1447.000  2.6505392640e-01  1.2482755180e-03 
1448.000  2.6708036540e-01  1.2549178600e-03 
1449.000  2.6697414230e-01  1.2388192420e-03 
1450.000  2.6517782070e-01  1.2089529040e-03 
1451.000  2.6346801780e-01  1.2014578580e-03 
1452.000  2.6022406550e-01  1.2091125250e-03 
1453.000  2.6517691580e-01  1.2865639930e-03 
1454.000  2.6620747760e-01  1.3700817820e-03 
1455.000  2.6284041620e-01  1.4109653230e-03 
1456.000  2.6272025290e-01  1.4765424730e-03 
1457.000  2.6523934880e-01  1.4935064320e-03 
1458.000  2.6886614930e-01  1.5235338210e-03 
1459.000  2.6986508170e-01  1.4657313820e-03 
1460.000  2.6527374650e-01  1.3885179760e-03 
1461.000  2.6469413380e-01  1.3534923790e-03 
1462.000  2.6180335490e-01  1.2730156180e-03 
1463.000  2.6005773750e-01  1.2573066950e-03 
1464.000  2.5988666030e-01  1.2336125370e-03 
1465.000  2.6289183310e-01  1.2053029540e-03 
1466.000  2.5663061840e-01  1.1324678660e-03 
1467.000  2.6278166790e-01  1.1295611860e-03 
1468.000  2.5631469040e-01  1.0727200510e-03 
1469.000  2.5914124300e-01  1.0474411250e-03 
1470.000  2.5764651020e-01  1.0251450540e-03 
1471.000  2.5357218190e-01  1.0352042910e-03 
1472.000  2.5510448820e-01  1.0900682210e-03 
1473.000  2.5734911250e-01  1.1950792070e-03 
1474.000  2.5026364840e-01  1.2525199650e-03 
1475.000  2.5558474550e-01  1.2739760880e-03 
1476.000  2.5598897370e-01  1.2697075610e-03 
1477.000  2.5674021490e-01  1.2360810040e-03 
1478.000  2.5302673940e-01  1.1830368040e-03 
1479.000  2.5592551290e-01  1.1509827380e-03 
1480.000  2.5732789550e-01  1.1773555280e-03 
1481.000  2.5349160510e-01  1.2022002940e-03 
1482.000  2.5664753870e-01  1.2728005650e-03 
1483.000  2.5136161510e-01  1.2594335080e-03 
1484.000  2.5368493160e-01  1.2733739610e-03 
1485.000  2.5851418140e-01  1.2858344320e-03 
1486.000  2.5425424540e-01  1.3209697010e-03 
1487.000  2.5454512130e-01  1.4448922870e-03 
1488.000  2.2252342840e-01  1.2747164960e-03 
1489.000  2.5550401490e-01  1.6479977370e-03 
1490.000  2.5609865900e-01  1.8309243920e-03 
1491.000  2.5864431490e-01  1.9803575280e-03 
1492.000  2.5263440000e-01  1.9580519200e-03 
1493.000  2.5831156770e-01  2.0969176290e-03 
1494.000  2.5733056240e-01  2.0974845890e-03 
1495.000  2.5553001600e-01  2.1672439580e-03 
1496.000  2.4797341700e-01  2.2494621280e-03 
1497.000  2.5379747180e-01  2.2932057380e-03 
1498.000  2.5636808720e-01  2.4537453650e-03 
1499.000  2.5205610290e-01  2.5377135280e-03 
1500.000  2.5635461740e-01  2.6720826630e-03 
1501.000  2.5598856120e-01  2.6166980270e-03 
1502.000  2.5401126440e-01  2.5281925200e-03 
1503.000  2.2808745090e-01  2.2196271420e-03 
1504.000  2.3763136570e-01  2.3327798840e-03 
1505.000  2.3689313680e-01  2.4406485560e-03 
1506.000  2.4008707310e-01  2.5018730160e-03 
1507.000  2.5109829930e-01  2.7304677960e-03 
1508.000  2.4717768890e-01  2.7572460170e-03 
1509.000  2.4824546020e-01  2.8467185500e-03 
1510.000  2.5208149190e-01  2.9307463170e-03 
1511.000  2.5322777160e-01  3.0078241830e-03 
1512.000  2.4847422750e-01  2.9965591430e-03 
1513.000  2.4805838560e-01  3.0305185320e-03 
1514.000  2.4466296960e-01  3.0108909610e-03 
1515.000  2.4947078900e-01  3.0889313220e-03 
1516.000  2.4715582300e-01  3.0293350220e-03 
1517.000  2.4569210960e-01  2.9939227100e-03 
1518.000  2.5022040020e-01  3.0591866970e-03 
1519.000  2.4650706450e-01  3.0301849840e-03 
1520.000  2.4802351070e-01  3.1227705480e-03 
1521.000  2.4329941420e-01  3.1583979130e-03 
1522.000  2.4187561590e-01  3.1890308860e-03 
1523.000  2.4776320540e-01  3.3327622410e-03 
1524.000  2.4600443620e-01  3.3408498760e-03 
1525.000  2.4052215660e-01  3.2790842060e-03 
1526.000  2.4729736060e-01  3.3481965070e-03 
1527.000  2.4462454210e-01  3.3078358170e-03 
1528.000  2.4610786290e-01  3.3321166040e-03 
1529.000  2.4532904480e-01  3.2922821040e-03 
1530.000  2.2949799880e-01  3.0772819520e-03 
1531.000  2.4522237900e-01  3.2565770150e-03 
1532.000  2.4364936400e-01  3.2066199780e-03 
1533.000  2.4241856380e-01  3.1496579650e-03 
1534.000  2.3856602920e-01  3.0579733850e-03 
1535.000  2.3918032680e-01  3.0247964860e-03 
1536.000  2.4237873840e-01  3.1005649570e-03 
1537.000  2.4294148230e-01  3.1587600710e-03 
1538.000  2.3609697200e-01  3.1219282150e-03 
1539.000  2.4092484490e-01  3.2364227770e-03 
1540.000  2.3209680910e-01  3.1589269640e-03 
1541.000  2.3685897970e-01  3.2255768780e-03 
1542.000  2.3826734990e-01  3.2354583740e-03 
1543.000  2.3738107350e-01  3.2222127910e-03 
1544.000  2.4006587660e-01  3.2623226640e-03 
1545.000  2.4046725860e-01  3.2801818850e-03 
1546.000  2.4026047810e-01  3.3057780270e-03 
1547.000  2.3760861240e-01  3.2964966300e-03 
1548.000  2.3040369700e-01  3.2210989000e-03 
1549.000  2.3630898800e-01  3.3190233710e-03 
1550.000  2.3499700110e-01  3.3134486680e-03 
1551.000  2.3376678870e-01  3.2822828290e-03 
1552.000  2.3774029680e-01  3.3110272880e-03 
1553.000  2.3639904380e-01  3.2708885670e-03 
1554.000  2.2773730170e-01  3.1244339940e-03 
1555.000  2.3138982480e-01  3.1564273830e-03 
1556.000  2.2688481990e-01  3.1169905660e-03 
1557.000  2.3424978490e-01  3.2734036450e-03 
1558.000  2.3245543810e-01  3.2951061730e-03 
1559.000  2.3256656820e-01  3.3413681980e-03 
1560.000  2.2855045720e-01  3.3334138390e-03 
1561.000  2.3398806150e-01  3.4230749610e-03 
1562.000  2.3406313430e-01  3.3922910690e-03 
1563.000  2.3072414360e-01  3.3193960190e-03 
1564.000  2.2638077180e-01  3.2239363190e-03 
1565.000  2.3029431100e-01  3.2397925850e-03 
1566.000  2.2593036340e-01  3.1810550690e-03 
1567.000  2.2658325720e-01  3.1936855320e-03 
1568.000  2.2277429550e-01  3.1310667990e-03 
1569.000  2.2460282450e-01  3.1437120440e-03 
1570.000  2.1956565840e-01  3.0726921560e-03 
1571.000  2.2544886260e-01  3.1824927330e-03 
1572.000  2.2565164040e-01  3.1956722740e-03 
1573.000  2.2187525360e-01  3.1715126040e-03 
1574.000  2.2209681450e-01  3.2126681800e-03 
1575.000  2.0597734350e-01  3.0080826280e-03 
1576.000  2.2128791610e-01  3.2317287920e-03 
1577.000  1.9972707040e-01  2.8778686520e-03 
1578.000  2.1844339170e-01  3.1051402090e-03 
1579.000  2.1937727070e-01  3.0817365650e-03 
1580.000  2.2328289450e-01  3.1088490490e-03 
1581.000  2.2180222940e-01  3.0505325790e-03 
1582.000  2.1670460520e-01  3.0112934110e-03 
1583.000  2.1879344230e-01  3.0698857310e-03 
1584.000  2.1633112320e-01  3.0651509760e-03 
1585.000  2.2235480890e-01  3.1747403140e-03 
1586.000  2.1956183600e-01  3.1438496110e-03 
1587.000  2.1688614490e-01  3.1309762000e-03 
1588.000  2.1341719150e-01  3.1039710040e-03 
1589.000  1.9520421590e-01  2.8472321030e-03 
1590.000  2.1035674400e-01  3.0777945520e-03 
1591.000  2.0564338690e-01  3.0209908490e-03 
1592.000  2.1655042830e-01  3.1877827640e-03 
1593.000  2.2146805810e-01  3.2625029090e-03 
1594.000  2.1991387930e-01  3.2411980630e-03 
1595.000  2.2137874730e-01  3.2637505530e-03 
1596.000  2.0737323660e-01  3.0720429420e-03 
1597.000  2.1583093540e-01  3.1908950810e-03 
1598.000  2.1990409830e-01  3.2361946110e-03 
1599.000  2.1254252030e-01  3.1080629830e-03 
1600.000  2.1608482970e-01  3.1475987430e-03 
1601.000  2.0698846890e-01  3.0308480260e-03 
1602.000  2.1228162710e-01  3.1449105740e-03 
1603.000  2.1067145270e-01  3.1745858190e-03 
1604.000  2.1325851920e-01  3.2739841940e-03 
1605.000  2.1010559230e-01  3.2667934890e-03 
1606.000  2.0925012730e-01  3.2965817450e-03 
1607.000  2.1012967450e-01  3.2731311320e-03 
1608.000  2.1252388010e-01  3.2739288810e-03 
1609.000  2.1170685690e-01  3.2313206200e-03 
1610.000  1.9849655620e-01  3.0051410200e-03 
1611.000  2.0420285950e-01  3.0826463700e-03 
1612.000  2.0594890780e-01  3.1016409400e-03 
1613.000  2.1034450780e-01  3.1586608890e-03 
1614.000  2.0828015170e-01  3.0946080680e-03 
1615.000  2.1154421200e-01  3.1282927990e-03 
1616.000  1.9820318980e-01  2.9145307540e-03 
1617.000  2.0391574410e-01  3.0437996390e-03 
1618.000  2.1026935120e-01  3.1657226090e-03 
1619.000  2.0952549480e-01  3.2013707160e-03 
1620.000  2.0417500070e-01  3.1648032670e-03 
1621.000  2.0111427210e-01  3.1556789880e-03 
1622.000  2.0617641510e-01  3.2407498360e-03 
1623.000  2.1030458850e-01  3.3201313020e-03 
1624.000  2.1175797060e-01  3.3527877330e-03 
1625.000  2.0644007610e-01  3.2938053610e-03 
1626.000  2.0897141750e-01  3.3243551250e-03 
1627.000  2.0870184840e-01  3.3401575090e-03 
1628.000  2.1037895680e-01  3.3781943320e-03 
1629.000  2.1034845330e-01  3.3871316910e-03 
1630.000  2.0463762660e-01  3.2974858280e-03 
1631.000  2.0783820090e-01  3.3614656930e-03 
1632.000  2.0789071600e-01  3.3045711520e-03 
1633.000  2.0521520860e-01  3.2190468310e-03 
1634.000  2.0041313300e-01  3.0979459290e-03 
1635.000  2.0578647650e-01  3.1407997610e-03 
1636.000  2.0524226930e-01  3.0857870580e-03 
1637.000  1.9610459390e-01  2.9063572880e-03 
1638.000  1.9467154940e-01  2.8518078330e-03 
1639.000  1.9273150150e-01  2.7765548230e-03 
1640.000  1.9388762450e-01  2.7548959260e-03 
1641.000  1.9268773830e-01  2.7120125290e-03 
1642.000  1.9244757950e-01  2.7785212990e-03 
1643.000  1.9739381580e-01  2.9167585370e-03 
1644.000  1.9433911760e-01  2.9355494980e-03 
1645.000  1.9477232260e-01  3.0024211410e-03 
1646.000  1.9711320800e-01  3.0961029530e-03 
1647.000  1.9896406580e-01  3.1206800940e-03 
1648.000  1.9819545310e-01  3.0971145630e-03 
1649.000  1.9366783800e-01  3.0206797120e-03 
1650.000  1.9857531690e-01  3.0937967300e-03 
1651.000  1.9410115920e-01  3.0209326740e-03 
1652.000  1.9797496030e-01  3.0765032770e-03 
1653.000  1.9575198720e-01  3.0488843920e-03 
1654.000  1.9794838190e-01  3.0846168990e-03 
1655.000  1.9398072110e-01  3.0323884490e-03 
1656.000  1.9770642500e-01  3.0967519280e-03 
1657.000  1.9627352480e-01  3.0738964080e-03 
1658.000  1.9733411600e-01  3.0980203150e-03 
1659.000  1.9369914610e-01  3.0412769320e-03 
1660.000  1.9606293910e-01  3.0709307190e-03 
1661.000  1.9683260160e-01  3.0627803800e-03 
1662.000  1.9551002820e-01  2.9770026210e-03 
1663.000  1.9427934430e-01  2.9006226060e-03 
1664.000  1.9345709210e-01  2.8299751280e-03 
1665.000  1.9148149370e-01  2.7424471380e-03 
1666.000  1.9054945970e-01  2.7189316750e-03 
1667.000  1.9207193150e-01  2.7991659640e-03 
1668.000  1.8881781580e-01  2.7923793790e-03 
1669.000  1.8912024620e-01  2.8450315000e-03 
1670.000  1.9319238990e-01  2.9550325870e-03 
1671.000  1.9171731330e-01  2.9847445490e-03 
1672.000  1.8263637310e-01  2.9033713340e-03 
1673.000  1.8801693650e-01  3.0399172310e-03 
1674.000  1.8889063110e-01  3.1088347430e-03 
1675.000  1.8714053410e-01  3.1410551070e-03 
1676.000  1.8415944680e-01  3.1107153890e-03 
1677.000  1.8504451550e-01  3.1221888070e-03 
1678.000  1.8591319730e-01  3.1399710180e-03 
1679.000  1.8344071160e-01  3.0904445650e-03 
1680.000  1.7703186260e-01  2.9840395450e-03 
1681.000  1.7082656520e-01  2.8796057700e-03 
1682.000  1.7575964370e-01  2.9596264360e-03 
1683.000  1.8015284630e-01  3.0265705590e-03 
1684.000  1.8351382540e-01  3.0767836570e-03 
1685.000  1.8423273430e-01  3.0714595320e-03 
1686.000  1.8200996550e-01  3.0197601320e-03 
1687.000  1.8302618660e-01  2.9953989980e-03 
1688.000  1.8336795540e-01  2.9649302960e-03 
1689.000  1.8115796600e-01  2.9100737570e-03 
1690.000  1.8132131860e-01  2.8742222790e-03 
1691.000  1.8369408270e-01  2.9214975830e-03 
1692.000  1.8402841380e-01  2.9450488090e-03 
1693.000  1.8332894040e-01  2.9554581640e-03 
1694.000  1.8305153220e-01  2.9694206710e-03 
1695.000  1.8326068590e-01  2.9792795180e-03 
1696.000  1.8218892380e-01  2.9233458040e-03 
1697.000  1.8114834630e-01  2.8563859460e-03 
1698.000  1.8224149170e-01  2.8268697260e-03 
1699.000  1.8106379580e-01  2.7656197550e-03 
1700.000  1.7874285940e-01  2.6898863320e-03 
