 lambda   Irr_dw            Rad_up 
 550.000  1.5536240800e+00  4.7643154140e-02 
 551.000  1.5433593800e+00  4.7170845030e-02 
 552.000  1.6092465400e+00  4.9149234770e-02 
 553.000  1.5456761900e+00  4.7024612430e-02 
 554.000  1.5956410900e+00  4.8484825130e-02 
 555.000  1.5996271700e+00  4.8385032650e-02 
 556.000  1.5550868400e+00  4.6827571870e-02 
 557.000  1.5085807600e+00  4.5379974370e-02 
 558.000  1.5655260600e+00  4.6882873540e-02 
 559.000  1.4794529200e+00  4.4174652100e-02 
 560.000  1.4857152300e+00  4.4308208470e-02 
 561.000  1.6326665800e+00  4.8457538600e-02 
 562.000  1.4988442300e+00  4.4401515960e-02 
 563.000  1.5680558300e+00  4.6239192960e-02 
 564.000  1.5460689900e+00  4.5314422610e-02 
 565.000  1.5648163400e+00  4.5789749150e-02 
 566.000  1.4428291300e+00  4.2025100710e-02 
 567.000  1.5490068300e+00  4.4796249390e-02 
 568.000  1.5495831300e+00  4.4215469360e-02 
 569.000  1.5282006900e+00  4.2421039580e-02 
 570.000  1.5347361100e+00  4.2593822480e-02 
 571.000  1.4738264000e+00  4.1464977260e-02 
 572.000  1.5646019900e+00  4.3271392820e-02 
 573.000  1.5794526100e+00  4.3766445160e-02 
 574.000  1.5704018700e+00  4.3412101750e-02 
 575.000  1.5326101200e+00  4.2171947480e-02 
 576.000  1.5050204200e+00  4.1280136110e-02 
 577.000  1.5656379200e+00  4.2946739200e-02 
 578.000  1.5172268400e+00  4.1870994570e-02 
 579.000  1.5034220600e+00  4.1475440980e-02 
 580.000  1.5532394600e+00  4.3048702240e-02 
 581.000  1.5221419000e+00  4.2310363770e-02 
 582.000  1.5430888600e+00  4.2759433750e-02 
 583.000  1.5529894700e+00  4.3082115170e-02 
 584.000  1.5473391500e+00  4.2725963590e-02 
 585.000  1.5367340800e+00  4.2273757930e-02 
 586.000  1.4703879600e+00  4.0398250580e-02 
 587.000  1.5309567300e+00  4.1498359680e-02 
 588.000  1.5290806000e+00  4.0086822510e-02 
 589.000  1.3746963700e+00  3.4407871250e-02 
 590.000  1.4365739800e+00  3.5845336910e-02 
 591.000  1.5118589700e+00  3.8701843260e-02 
 592.000  1.4904902500e+00  3.7383163450e-02 
 593.000  1.4897638400e+00  3.8494678500e-02 
 594.000  1.5070432300e+00  3.8602226260e-02 
 595.000  1.4897044400e+00  3.7174457550e-02 
 596.000  1.5099453600e+00  3.8900173190e-02 
 597.000  1.5179976500e+00  3.8616867070e-02 
 598.000  1.4801034900e+00  3.8150482180e-02 
 599.000  1.4776346200e+00  3.8239864350e-02 
 600.000  1.4717543500e+00  3.8546573640e-02 
 601.000  1.4593485200e+00  3.8573280330e-02 
 602.000  1.4418979000e+00  3.8106445310e-02 
 603.000  1.4491415700e+00  3.8411804200e-02 
 604.000  1.4937847100e+00  3.9745384220e-02 
 605.000  1.4893626300e+00  3.9471710210e-02 
 606.000  1.4718830200e+00  3.9055793760e-02 
 607.000  1.4634303100e+00  3.8726085660e-02 
 608.000  1.4579374100e+00  3.8445163730e-02 
 609.000  1.4428911000e+00  3.8016506200e-02 
 610.000  1.4196875800e+00  3.7277847290e-02 
 611.000  1.4426585400e+00  3.7827007290e-02 
 612.000  1.4238341700e+00  3.7291419980e-02 
 613.000  1.4030031700e+00  3.6630523680e-02 
 614.000  1.3518610800e+00  3.5277896880e-02 
 615.000  1.4171536100e+00  3.6821266170e-02 
 616.000  1.3474598200e+00  3.5003292080e-02 
 617.000  1.3551449000e+00  3.5152515410e-02 
 618.000  1.4191927000e+00  3.6625438690e-02 
 619.000  1.4063766200e+00  3.6317337040e-02 
 620.000  1.4273748200e+00  3.6668601990e-02 
 621.000  1.4522357300e+00  3.7264602660e-02 
 622.000  1.3759613900e+00  3.5201805110e-02 
 623.000  1.3871769600e+00  3.5268642430e-02 
 624.000  1.3891233200e+00  3.5366638180e-02 
 625.000  1.3519343800e+00  3.4384136200e-02 
 626.000  1.3598556800e+00  3.4338237760e-02 
 627.000  1.3882988200e+00  3.4524311070e-02 
 628.000  1.3948796700e+00  3.3224239350e-02 
 629.000  1.4157483400e+00  3.4275371550e-02 
 630.000  1.3649445700e+00  3.3435203550e-02 
 631.000  1.4107032300e+00  3.4647514340e-02 
 632.000  1.3162046300e+00  3.2083614350e-02 
 633.000  1.4062830700e+00  3.4645229340e-02 
 634.000  1.3617321600e+00  3.3705963130e-02 
 635.000  1.3862147200e+00  3.4329887390e-02 
 636.000  1.3360267900e+00  3.3156040190e-02 
 637.000  1.3793005700e+00  3.4281574250e-02 
 638.000  1.3980257300e+00  3.4882888790e-02 
 639.000  1.3861924800e+00  3.4415203090e-02 
 640.000  1.3412825000e+00  3.3549350740e-02 
 641.000  1.3605080300e+00  3.3969207760e-02 
 642.000  1.3431754600e+00  3.3547901150e-02 
 643.000  1.3683440100e+00  3.3987087250e-02 
 644.000  1.3525738800e+00  3.3450088500e-02 
 645.000  1.3667886900e+00  3.3632774350e-02 
 646.000  1.3246034800e+00  3.1593538280e-02 
 647.000  1.3498482900e+00  3.1510532380e-02 
 648.000  1.3554135700e+00  3.1130891800e-02 
 649.000  1.3754065700e+00  3.1894718170e-02 
 650.000  1.2622122800e+00  3.0204648970e-02 
 651.000  1.3597572200e+00  3.2504730220e-02 
 652.000  1.3452025200e+00  3.1246389390e-02 
 653.000  1.3588678400e+00  3.2542869570e-02 
 654.000  1.3426483100e+00  3.1864305500e-02 
 655.000  1.3120537700e+00  3.0725666050e-02 
 656.000  1.1126095300e+00  2.6106742860e-02 
 657.000  1.1852532800e+00  2.7971714020e-02 
 658.000  1.3158477900e+00  3.1471015930e-02 
 659.000  1.3165068000e+00  3.1618177410e-02 
 660.000  1.3257914500e+00  3.1927021030e-02 
 661.000  1.3284017400e+00  3.2291282650e-02 
 662.000  1.3460736400e+00  3.2813217160e-02 
 663.000  1.3315138600e+00  3.2330371860e-02 
 664.000  1.3098591400e+00  3.1802440640e-02 
 665.000  1.3151959400e+00  3.1905517580e-02 
 666.000  1.3304739400e+00  3.2399806980e-02 
 667.000  1.3036689400e+00  3.1637884140e-02 
 668.000  1.3105290900e+00  3.1921560290e-02 
 669.000  1.3291381800e+00  3.2417800900e-02 
 670.000  1.3131206800e+00  3.1853195190e-02 
 671.000  1.2990490100e+00  3.1530181880e-02 
 672.000  1.2947490700e+00  3.1384042740e-02 
 673.000  1.3039626200e+00  3.1545230870e-02 
 674.000  1.3064301000e+00  3.1596052170e-02 
 675.000  1.2864091200e+00  3.1030498500e-02 
 676.000  1.3106411700e+00  3.1608411790e-02 
 677.000  1.2845149300e+00  3.0978275300e-02 
 678.000  1.3056987200e+00  3.1424901960e-02 
 679.000  1.2873024700e+00  3.0880727770e-02 
 680.000  1.2778644300e+00  3.0615234380e-02 
 681.000  1.2798499400e+00  3.0563678740e-02 
 682.000  1.2774147100e+00  3.0368331910e-02 
 683.000  1.2860920300e+00  3.0444875720e-02 
 684.000  1.2639006000e+00  2.9883129120e-02 
 685.000  1.2775748600e+00  3.0137081150e-02 
 686.000  1.2244021700e+00  2.8466085430e-02 
 687.000  1.2254645800e+00  2.4624956130e-02 
 688.000  1.2263574700e+00  2.5595354080e-02 
 689.000  1.2299062600e+00  2.5457714080e-02 
 690.000  1.2358438400e+00  2.6092544560e-02 
 691.000  1.2407956600e+00  2.6871353150e-02 
 692.000  1.2333113400e+00  2.7027553560e-02 
 693.000  1.2414547300e+00  2.6247083660e-02 
 694.000  1.2550828500e+00  2.5814426420e-02 
 695.000  1.2321002400e+00  2.5720687870e-02 
 696.000  1.2458994600e+00  2.6252655030e-02 
 697.000  1.2448295300e+00  2.7873868940e-02 
 698.000  1.2225676600e+00  2.6919418330e-02 
 699.000  1.2484029600e+00  2.6110479350e-02 
 700.000  1.2334686700e+00  2.5958961490e-02 
 701.000  1.2065719700e+00  2.5036994930e-02 
 702.000  1.2003670200e+00  2.5104640960e-02 
 703.000  1.2149877300e+00  2.6436548230e-02 
 704.000  1.2185010600e+00  2.6576988220e-02 
 705.000  1.2289678700e+00  2.6304355620e-02 
 706.000  1.2158537500e+00  2.6104562760e-02 
 707.000  1.1972494400e+00  2.5866888050e-02 
 708.000  1.2316937000e+00  2.6794202800e-02 
 709.000  1.1872243400e+00  2.6165895460e-02 
 710.000  1.2154723500e+00  2.6291803360e-02 
 711.000  1.2024703400e+00  2.6381673810e-02 
 712.000  1.1850643800e+00  2.6380384450e-02 
 713.000  1.1806755400e+00  2.5935569760e-02 
 714.000  1.2009695700e+00  2.6177984240e-02 
 715.000  1.1598762400e+00  2.4757965090e-02 
 716.000  1.1910777900e+00  2.4885744090e-02 
 717.000  1.1613228600e+00  2.1782829280e-02 
 718.000  1.1551735100e+00  2.0215074540e-02 
 719.000  1.1418744800e+00  1.9370313640e-02 
 720.000  1.1502050800e+00  1.8844192500e-02 
 721.000  1.1485480100e+00  2.2054868700e-02 
 722.000  1.1646333800e+00  2.3469821930e-02 
 723.000  1.1622661400e+00  2.2669687270e-02 
 724.000  1.1693200400e+00  2.0871122360e-02 
 725.000  1.1565591500e+00  2.0907550810e-02 
 726.000  1.1544448000e+00  2.0781902310e-02 
 727.000  1.1715254600e+00  2.1282505040e-02 
 728.000  1.1514046000e+00  2.0679094310e-02 
 729.000  1.1056417300e+00  2.0490346910e-02 
 730.000  1.1465022600e+00  2.1121721270e-02 
 731.000  1.1275995900e+00  2.0709350590e-02 
 732.000  1.1487051300e+00  2.2222822190e-02 
 733.000  1.1308676800e+00  2.3153701780e-02 
 734.000  1.1540658900e+00  2.4214075090e-02 
 735.000  1.1448661900e+00  2.3734390260e-02 
 736.000  1.1238523000e+00  2.2903268810e-02 
 737.000  1.1384376800e+00  2.3440591810e-02 
 738.000  1.1349848800e+00  2.3793001170e-02 
 739.000  1.0981324700e+00  2.3241514210e-02 
 740.000  1.1081093100e+00  2.3874179840e-02 
 741.000  1.0990513200e+00  2.4027273180e-02 
 742.000  1.0808755100e+00  2.3757028580e-02 
 743.000  1.1123306700e+00  2.4739263530e-02 
 744.000  1.1227662600e+00  2.5121547700e-02 
 745.000  1.0934437700e+00  2.4593322750e-02 
 746.000  1.1085734700e+00  2.4959121700e-02 
 747.000  1.1251773200e+00  2.5296657560e-02 
 748.000  1.1049557400e+00  2.4830619810e-02 
 749.000  1.1051552800e+00  2.4848873140e-02 
 750.000  1.0890115600e+00  2.4389009480e-02 
 751.000  1.0862127000e+00  2.4311487200e-02 
 752.000  1.1026682400e+00  2.4725090030e-02 
 753.000  1.0922336400e+00  2.4492197040e-02 
 754.000  1.1093341800e+00  2.4869657520e-02 
 755.000  1.1029725100e+00  2.4712030410e-02 
 756.000  1.0813788100e+00  2.4215908050e-02 
 757.000  1.0893682900e+00  2.4377748490e-02 
 758.000  1.0882389200e+00  2.4273912430e-02 
 759.000  1.0470700200e+00  2.1416612630e-02 
 760.000  8.2383651700e-01  8.6889019010e-03 
 761.000  7.9393817800e-01  7.7025046350e-03 
 762.000  9.2602754100e-01  1.3881126400e-02 
 763.000  9.1117645300e-01  1.2009442330e-02 
 764.000  9.3454873300e-01  1.3106212620e-02 
 765.000  9.8083228600e-01  1.5904559140e-02 
 766.000  9.7252388800e-01  1.8237756730e-02 
 767.000  1.0023842220e+00  1.9989568710e-02 
 768.000  1.0512888800e+00  2.1924325940e-02 
 769.000  1.0527375300e+00  2.2687276840e-02 
 770.000  1.0500537400e+00  2.3004932400e-02 
 771.000  1.0515186400e+00  2.3247037890e-02 
 772.000  1.0476209100e+00  2.3200134280e-02 
 773.000  1.0433093300e+00  2.3111465450e-02 
 774.000  1.0543180800e+00  2.3364858630e-02 
 775.000  1.0146061400e+00  2.2485553740e-02 
 776.000  1.0563221600e+00  2.3450448990e-02 
 777.000  1.0490074200e+00  2.3258131030e-02 
 778.000  1.0434633200e+00  2.3080556870e-02 
 779.000  1.0469367500e+00  2.3088624950e-02 
 780.000  1.0340656200e+00  2.2820304870e-02 
 781.000  1.0322087500e+00  2.2763782500e-02 
 782.000  1.0447405000e+00  2.2948076250e-02 
 783.000  1.0204065400e+00  2.2501111980e-02 
 784.000  1.0263167500e+00  2.2571994780e-02 
 785.000  1.0296904780e+00  2.2432056430e-02 
 786.000  1.0128313070e+00  2.1919471740e-02 
 787.000  1.0297149740e+00  2.1799034120e-02 
 788.000  1.0152464570e+00  2.1322998050e-02 
 789.000  1.0243824110e+00  2.0861890790e-02 
 790.000  1.0143414160e+00  2.0551887510e-02 
 791.000  1.0086085850e+00  2.0560876850e-02 
 792.000  9.9215663400e-01  2.0261564250e-02 
 793.000  9.8999288400e-01  2.0444631580e-02 
 794.000  9.7734336000e-01  2.0752407070e-02 
 795.000  9.7364288300e-01  2.0200336460e-02 
 796.000  9.9435154900e-01  1.9910608290e-02 
 797.000  9.9949251800e-01  2.0258901600e-02 
 798.000  9.9746271100e-01  2.0714437480e-02 
 799.000  9.9729086800e-01  2.0524517060e-02 
 800.000  9.7313111700e-01  1.9628339770e-02 
 801.000  9.9115030000e-01  2.0027484890e-02 
 802.000  9.8938050800e-01  1.9901487350e-02 
 803.000  9.7507725000e-01  1.9681371690e-02 
 804.000  9.8306520200e-01  2.0070344920e-02 
 805.000  9.5461469600e-01  1.9852052690e-02 
 806.000  9.7954326100e-01  2.0527778630e-02 
 807.000  9.7348462500e-01  2.0442634580e-02 
 808.000  9.6833790800e-01  2.0157039640e-02 
 809.000  9.5254076400e-01  1.9651115420e-02 
 810.000  9.4891137800e-01  1.9374492650e-02 
 811.000  9.6532744400e-01  1.9380470280e-02 
 812.000  9.6356916800e-01  1.8990528110e-02 
 813.000  9.6104112600e-01  1.8412004470e-02 
 814.000  9.6167812800e-01  1.7944250110e-02 
 815.000  9.5346472000e-01  1.7201505660e-02 
 816.000  9.4738741200e-01  1.6387115480e-02 
 817.000  9.5297647800e-01  1.6498147960e-02 
 818.000  9.4697034600e-01  1.6357910160e-02 
 819.000  9.2083244700e-01  1.6194019320e-02 
 820.000  9.0120109200e-01  1.6601493840e-02 
 821.000  9.2899558600e-01  1.8023401260e-02 
 822.000  9.0438502100e-01  1.6723730090e-02 
 823.000  9.2060642500e-01  1.5284120560e-02 
 824.000  9.3118739200e-01  1.6939674380e-02 
 825.000  9.2727368500e-01  1.8144014360e-02 
 826.000  9.3357452800e-01  1.7979129790e-02 
 827.000  9.3092587900e-01  1.7732690810e-02 
 828.000  9.3080348400e-01  1.6953346250e-02 
 829.000  9.2973252600e-01  1.7147516250e-02 
 830.000  9.1426556700e-01  1.7153312680e-02 
 831.000  8.9804263600e-01  1.6902095790e-02 
 832.000  9.1633423200e-01  1.7240488050e-02 
 833.000  8.8738891400e-01  1.6967174530e-02 
 834.000  8.9986837800e-01  1.7426565170e-02 
 835.000  8.9981483900e-01  1.7723257060e-02 
 836.000  9.1094124800e-01  1.7948398590e-02 
 837.000  9.0350756600e-01  1.7740688320e-02 
 838.000  9.0573535700e-01  1.8028791430e-02 
 839.000  8.7681340300e-01  1.7549488070e-02 
 840.000  9.0003004100e-01  1.7996089940e-02 
 841.000  9.0334593300e-01  1.7888034820e-02 
 842.000  8.9686314600e-01  1.7854110720e-02 
 843.000  8.8863666200e-01  1.8123580930e-02 
 844.000  8.7295125500e-01  1.7967226030e-02 
 845.000  8.8572300400e-01  1.8299156190e-02 
 846.000  8.9307588500e-01  1.8592699050e-02 
 847.000  8.6169652600e-01  1.8090936660e-02 
 848.000  8.8818974100e-01  1.8444984440e-02 
 849.000  8.8970764800e-01  1.8583534240e-02 
 850.000  7.6973726000e-01  1.5923225400e-02 
 851.000  8.8255473100e-01  1.8111900330e-02 
 852.000  8.4904492300e-01  1.7494977950e-02 
 853.000  8.5774329600e-01  1.7716323850e-02 
 854.000  6.8965928000e-01  1.4275249480e-02 
 855.000  7.5865396700e-01  1.5812894820e-02 
 856.000  8.5953178900e-01  1.7956090930e-02 
 857.000  8.7264130300e-01  1.8384445190e-02 
 858.000  8.5835717900e-01  1.8078323360e-02 
 859.000  8.5748617700e-01  1.8112945560e-02 
 860.000  8.4944495900e-01  1.8031749730e-02 
 861.000  8.4929463400e-01  1.8005895610e-02 
 862.000  8.4628758200e-01  1.7877458570e-02 
 863.000  8.6246052200e-01  1.8322740550e-02 
 864.000  8.6058616800e-01  1.8129064560e-02 
 865.000  8.4444047700e-01  1.7924581530e-02 
 866.000  7.0830069600e-01  1.5080231670e-02 
 867.000  7.5431255700e-01  1.5842633250e-02 
 868.000  8.1809330000e-01  1.7272581100e-02 
 869.000  8.0659352300e-01  1.7017829900e-02 
 870.000  8.3992222700e-01  1.7840106960e-02 
 871.000  8.3872067900e-01  1.7741674420e-02 
 872.000  8.3525738500e-01  1.7431472780e-02 
 873.000  8.3874288300e-01  1.7635274890e-02 
 874.000  8.2043990900e-01  1.7164331440e-02 
 875.000  8.1293333200e-01  1.7157835010e-02 
 876.000  8.1989611500e-01  1.7216791150e-02 
 877.000  8.3635788300e-01  1.7404848100e-02 
 878.000  8.2259559700e-01  1.7193426130e-02 
 879.000  8.2455214600e-01  1.7292327880e-02 
 880.000  8.2030135800e-01  1.7006757740e-02 
 881.000  7.7794081700e-01  1.6172502520e-02 
 882.000  8.2119199300e-01  1.6866327290e-02 
 883.000  8.0221683100e-01  1.6666851040e-02 
 884.000  8.0894462300e-01  1.7027147290e-02 
 885.000  8.1828862800e-01  1.6736295700e-02 
 886.000  7.9280165400e-01  1.6243265150e-02 
 887.000  7.8372864300e-01  1.6044044490e-02 
 888.000  8.0729071100e-01  1.6332578660e-02 
 889.000  8.1239908300e-01  1.6730575560e-02 
 890.000  8.1057100000e-01  1.6591211320e-02 
 891.000  8.0753393900e-01  1.6292194370e-02 
 892.000  8.0688443300e-01  1.6039697650e-02 
 893.000  7.8130069700e-01  1.4656031610e-02 
 894.000  8.0971715500e-01  1.4917554860e-02 
 895.000  7.7473491100e-01  1.3595298770e-02 
 896.000  8.0548362200e-01  1.3247273450e-02 
 897.000  7.8694231000e-01  1.2431777950e-02 
 898.000  7.8829786500e-01  1.2056813240e-02 
 899.000  7.8758836300e-01  1.1128540040e-02 
 900.000  7.6792170500e-01  1.0854157450e-02 
 901.000  7.5147087200e-01  1.0438144680e-02 
 902.000  7.3764000300e-01  1.0284288410e-02 
 903.000  7.7372774300e-01  1.2127208710e-02 
 904.000  7.8809192800e-01  1.3171127320e-02 
 905.000  7.8600342700e-01  1.3390768050e-02 
 906.000  7.6518820900e-01  1.2497450830e-02 
 907.000  7.7815748400e-01  1.1684022900e-02 
 908.000  7.5912447100e-01  1.0711774830e-02 
 909.000  7.4423322000e-01  1.0504696850e-02 
 910.000  7.5303684500e-01  1.0707926750e-02 
 911.000  7.5103988400e-01  1.1254191400e-02 
 912.000  7.5266755100e-01  1.0834834100e-02 
 913.000  7.7028442600e-01  1.0310532570e-02 
 914.000  7.6532688000e-01  1.0591715810e-02 
 915.000  7.5269402800e-01  1.0943420410e-02 
 916.000  7.6105156000e-01  1.1080934520e-02 
 917.000  7.4914055700e-01  1.1061281200e-02 
 918.000  7.4533653300e-01  1.1238010410e-02 
 919.000  7.5516534900e-01  1.2579216960e-02 
 920.000  7.4796156400e-01  1.2799371720e-02 
 921.000  7.3159405700e-01  1.2361535070e-02 
 922.000  7.2503513200e-01  1.2345242500e-02 
 923.000  6.9464560800e-01  1.1291294100e-02 
 924.000  7.2404048300e-01  1.1685685160e-02 
 925.000  7.3365122900e-01  1.1730865480e-02 
 926.000  7.0746054800e-01  1.1144054410e-02 
 927.000  7.3381445100e-01  1.1356807710e-02 
 928.000  7.3833335100e-01  1.0551886560e-02 
 929.000  7.2801899200e-01  9.3043947220e-03 
 930.000  7.2619191700e-01  8.1030025480e-03 
 931.000  7.2589599200e-01  7.2090692520e-03 
 932.000  7.1878564100e-01  6.1843471530e-03 
 933.000  7.2074909000e-01  5.6480998990e-03 
 934.000  7.1444045800e-01  5.1370348930e-03 
 935.000  7.0385380200e-01  5.0131311420e-03 
 936.000  6.9878649300e-01  5.1288900380e-03 
 937.000  7.1438427800e-01  5.2048907280e-03 
 938.000  7.0688846600e-01  5.6865510940e-03 
 939.000  7.1315067800e-01  7.5936784740e-03 
 940.000  7.0951074900e-01  7.9466466900e-03 
 941.000  6.9338140800e-01  7.4535775180e-03 
 942.000  6.6684867800e-01  6.5204410550e-03 
 943.000  7.0262608700e-01  5.9494142530e-03 
 944.000  6.8331211200e-01  5.7189521790e-03 
 945.000  6.8985929700e-01  6.0580677990e-03 
 946.000  6.9921567700e-01  6.1628656390e-03 
 947.000  6.9498622100e-01  6.4252891540e-03 
 948.000  6.9918928900e-01  6.6479835510e-03 
 949.000  7.0140432800e-01  6.6551909450e-03 
 950.000  6.9678075100e-01  6.6603589060e-03 
 951.000  6.9264423900e-01  7.0623011590e-03 
 952.000  6.9257211200e-01  6.6112251280e-03 
 953.000  6.9066043100e-01  6.9269332890e-03 
 954.000  6.8398855400e-01  7.2566490170e-03 
 955.000  6.3888405800e-01  6.5032873150e-03 
 956.000  6.8153930700e-01  6.9004192350e-03 
 957.000  6.8118676900e-01  7.9903273580e-03 
 958.000  6.8643817700e-01  8.2418603900e-03 
 959.000  6.8909181800e-01  8.0725421910e-03 
 960.000  6.8258111800e-01  7.9468989370e-03 
 961.000  6.7525955400e-01  7.7661013600e-03 
 962.000  6.7862101400e-01  7.9025263790e-03 
 963.000  6.7721986200e-01  8.6360101700e-03 
 964.000  6.6947038400e-01  8.6584520340e-03 
 965.000  6.7765428100e-01  8.6902618410e-03 
 966.000  6.5809386300e-01  8.4893398280e-03 
 967.000  6.7766591800e-01  9.3719949720e-03 
 968.000  6.7019668800e-01  1.0292234420e-02 
 969.000  6.7428624700e-01  1.0805507660e-02 
 970.000  6.7611670700e-01  1.0859154700e-02 
 971.000  6.7013715500e-01  1.0744873050e-02 
 972.000  6.7488411000e-01  1.0678735730e-02 
 973.000  6.6864864900e-01  1.0281036380e-02 
 974.000  6.5839928200e-01  9.7704925540e-03 
 975.000  6.6169047700e-01  9.5807199480e-03 
 976.000  6.6969942100e-01  9.9714212420e-03 
 977.000  6.5272183700e-01  1.0149624820e-02 
 978.000  6.6886817700e-01  1.0363858220e-02 
 979.000  6.4943089100e-01  1.0177016260e-02 
 980.000  6.5859416800e-01  1.0793961520e-02 
 981.000  6.6307871000e-01  1.0984991070e-02 
 982.000  6.6164767500e-01  1.0845767970e-02 
 983.000  6.5985694800e-01  1.1090183260e-02 
 984.000  6.5543704600e-01  1.1325030330e-02 
 985.000  6.5512487300e-01  1.1509720800e-02 
 986.000  6.4978087300e-01  1.1682439800e-02 
 987.000  6.5716959800e-01  1.1938281060e-02 
 988.000  6.4906812200e-01  1.1812968250e-02 
 989.000  6.4082730500e-01  1.1673789980e-02 
 990.000  6.4629137400e-01  1.1796240810e-02 
 991.000  6.5153191900e-01  1.1993885990e-02 
 992.000  6.4550186600e-01  1.1900945660e-02 
 993.000  6.4545618800e-01  1.1896551130e-02 
 994.000  6.4869317100e-01  1.2041798590e-02 
 995.000  6.4388070100e-01  1.2020191190e-02 
 996.000  6.4377267500e-01  1.2000761990e-02 
 997.000  6.4448195600e-01  1.1943363190e-02 
 998.000  6.4212145500e-01  1.1833883290e-02 
 999.000  6.4055392300e-01  1.1767735480e-02 
1000.000  6.3544011600e-01  1.1673960690e-02 
1001.000  6.3909401600e-01  1.1617107390e-02 
1002.000  6.3844887600e-01  1.1422784810e-02 
1003.000  6.3092180000e-01  1.1317725180e-02 
1004.000  6.2549270800e-01  1.1307147030e-02 
1005.000  5.8434827800e-01  1.0596546170e-02 
1006.000  6.1483545300e-01  1.1154829980e-02 
1007.000  6.2608830300e-01  1.1315818790e-02 
1008.000  6.2898196300e-01  1.1221483230e-02 
1009.000  6.2547863400e-01  1.0978753090e-02 
1010.000  6.2767095700e-01  1.1082823750e-02 
1011.000  6.2396020100e-01  1.1195732120e-02 
1012.000  6.2399333500e-01  1.1262820240e-02 
1013.000  6.1938793200e-01  1.1231558800e-02 
1014.000  6.2328476800e-01  1.1361160280e-02 
1015.000  6.1177020900e-01  1.1192629810e-02 
1016.000  6.1563458100e-01  1.1328643800e-02 
1017.000  6.0950341100e-01  1.1259353640e-02 
1018.000  6.1756587400e-01  1.1418400760e-02 
1019.000  6.0369545700e-01  1.1126307490e-02 
1020.000  6.0234698500e-01  1.1080580710e-02 
1021.000  6.0817151200e-01  1.1153177260e-02 
1022.000  5.9933735800e-01  1.0822920800e-02 
1023.000  6.1110078100e-01  1.0881973270e-02 
1024.000  6.0815970100e-01  1.0706691740e-02 
1025.000  6.0743966600e-01  1.0730462070e-02 
1026.000  6.0790267900e-01  1.0771157260e-02 
1027.000  6.0434305000e-01  1.0734713550e-02 
1028.000  6.0567221900e-01  1.0829171180e-02 
1029.000  5.9622200000e-01  1.0760046960e-02 
1030.000  6.0197229100e-01  1.0972969060e-02 
1031.000  5.9994297600e-01  1.1017278670e-02 
1032.000  5.9772824100e-01  1.1029654500e-02 
1033.000  5.8669876300e-01  1.0799051280e-02 
1034.000  5.9284502300e-01  1.0889842030e-02 
1035.000  5.8645713700e-01  1.0768238070e-02 
1036.000  5.9414962200e-01  1.0855964660e-02 
1037.000  5.8162802900e-01  1.0597112660e-02 
1038.000  5.8734360300e-01  1.0671328540e-02 
1039.000  5.8985632900e-01  1.0677795410e-02 
1040.000  5.8296513000e-01  1.0516827580e-02 
1041.000  5.8609679300e-01  1.0538687710e-02 
1042.000  5.8786451800e-01  1.0539153100e-02 
1043.000  5.7773221600e-01  1.0328347210e-02 
1044.000  5.8354916100e-01  1.0399314880e-02 
1045.000  5.8121763400e-01  1.0396018980e-02 
1046.000  5.6442471600e-01  1.0144924160e-02 
1047.000  5.7493632800e-01  1.0382812500e-02 
1048.000  5.8082642400e-01  1.0540335660e-02 
1049.000  5.7726160300e-01  1.0528435710e-02 
1050.000  5.7399974000e-01  1.0521560670e-02 
1051.000  5.7432847700e-01  1.0485033040e-02 
1052.000  5.7182652200e-01  1.0394639020e-02 
1053.000  5.7210880500e-01  1.0395732880e-02 
1054.000  5.6651202500e-01  1.0211075780e-02 
1055.000  5.7095875800e-01  1.0237811090e-02 
1056.000  5.6967733300e-01  1.0167083740e-02 
1057.000  5.6925649100e-01  1.0113920210e-02 
1058.000  5.6429959200e-01  9.9619264600e-03 
1059.000  5.4649835600e-01  9.6709089280e-03 
1060.000  5.6569356900e-01  1.0071775440e-02 
1061.000  5.4599182400e-01  9.7282505040e-03 
1062.000  5.6175650000e-01  9.9767503740e-03 
1063.000  5.5249223700e-01  9.7808427810e-03 
1064.000  5.5991787000e-01  9.8179082870e-03 
1065.000  5.5982927000e-01  9.7095060350e-03 
1066.000  5.4262726800e-01  9.3622732160e-03 
1067.000  5.5580831100e-01  9.5201892850e-03 
1068.000  5.5446587900e-01  9.3533973690e-03 
1069.000  5.1311101000e-01  8.5933284760e-03 
1070.000  5.4342066100e-01  9.1469354630e-03 
1071.000  5.4483296000e-01  9.1551418300e-03 
1072.000  5.4719502500e-01  9.1807489400e-03 
1073.000  5.2928884200e-01  8.9070978160e-03 
1074.000  5.4776119300e-01  9.2642173770e-03 
1075.000  5.3001633100e-01  9.0692100520e-03 
1076.000  5.4215824900e-01  9.2417716980e-03 
1077.000  5.4157129300e-01  9.1816768650e-03 
1078.000  5.4369494700e-01  9.1593990330e-03 
1079.000  5.2286581600e-01  8.8122558590e-03 
1080.000  5.4026740700e-01  8.9385156630e-03 
1081.000  5.2048641600e-01  8.5977306370e-03 
1082.000  5.2632303300e-01  8.7194023130e-03 
1083.000  5.1304802000e-01  8.3631448750e-03 
1084.000  5.3366548100e-01  8.5565729140e-03 
1085.000  5.2906079700e-01  8.2334680560e-03 
1086.000  5.3540857600e-01  8.3299026490e-03 
1087.000  5.0013127000e-01  7.9659624100e-03 
1088.000  5.3034078300e-01  8.5165424350e-03 
1089.000  5.1312579700e-01  8.0265359880e-03 
1090.000  5.2485554400e-01  8.2149782180e-03 
1091.000  5.2765726900e-01  8.3636121750e-03 
1092.000  5.1690086500e-01  8.1213464740e-03 
1093.000  5.1377550800e-01  7.8497352600e-03 
1094.000  4.6876621100e-01  7.0259108540e-03 
1095.000  5.0716809000e-01  7.5741024020e-03 
1096.000  5.0790426400e-01  7.5589208600e-03 
1097.000  4.9869980100e-01  7.3225221630e-03 
1098.000  4.9774905900e-01  6.7069797520e-03 
1099.000  5.0223922100e-01  6.2192258830e-03 
1100.000  5.1065376100e-01  6.3576173780e-03 
1101.000  5.0907204800e-01  6.4066948890e-03 
1102.000  4.8816030200e-01  6.1045398710e-03 
1103.000  5.0719425700e-01  6.3838663100e-03 
1104.000  5.0394844400e-01  6.2519493100e-03 
1105.000  5.0430932900e-01  6.0410537720e-03 
1106.000  5.0119850800e-01  5.8074388500e-03 
1107.000  5.0030144500e-01  5.8331422810e-03 
1108.000  4.9846068600e-01  5.8302154540e-03 
1109.000  4.9977566700e-01  5.9921407700e-03 
1110.000  5.0233951700e-01  5.9705615040e-03 
1111.000  4.9630558400e-01  5.7904911040e-03 
1112.000  4.9189252200e-01  5.3449335100e-03 
1113.000  4.9017015200e-01  4.8556694980e-03 
1114.000  4.9547780800e-01  4.7533025740e-03 
1115.000  4.9048806700e-01  4.2572603230e-03 
1116.000  4.8428280600e-01  3.9746999740e-03 
1117.000  4.9002742300e-01  3.5880739690e-03 
1118.000  4.8489539400e-01  3.2170622350e-03 
1119.000  4.7133761800e-01  2.9864826200e-03 
1120.000  4.7228688600e-01  2.8573648930e-03 
1121.000  4.7529398300e-01  2.8492159840e-03 
1122.000  4.7308994300e-01  2.7331862450e-03 
1123.000  4.7531198200e-01  2.7982065680e-03 
1124.000  4.7622610800e-01  2.8412673470e-03 
1125.000  4.6630333000e-01  2.7619724270e-03 
1126.000  4.5738566700e-01  2.7017340660e-03 
1127.000  4.7287089400e-01  2.8025808330e-03 
1128.000  4.6422579300e-01  2.7698371410e-03 
1129.000  4.6712032600e-01  2.9074678420e-03 
1130.000  4.6803665100e-01  3.2862496380e-03 
1131.000  4.7316583500e-01  3.4494705200e-03 
1132.000  4.7416568000e-01  3.2792863850e-03 
1133.000  4.6192024900e-01  2.9286048410e-03 
1134.000  4.5652372900e-01  2.5738105770e-03 
1135.000  4.6250589300e-01  2.6260099410e-03 
1136.000  4.6442093600e-01  2.9843127730e-03 
1137.000  4.7121729000e-01  3.3228020670e-03 
1138.000  4.5515741600e-01  3.5524435040e-03 
1139.000  4.6537005700e-01  3.7884359360e-03 
1140.000  4.6659772400e-01  3.7239024640e-03 
1141.000  4.5311006700e-01  3.4879131320e-03 
1142.000  4.6537480800e-01  3.5289945600e-03 
1143.000  4.5699854700e-01  3.3114001750e-03 
1144.000  4.5372393000e-01  3.1314065460e-03 
1145.000  4.5634232300e-01  2.9491298200e-03 
1146.000  4.6102043500e-01  3.0222387310e-03 
1147.000  4.6335769300e-01  3.2013320920e-03 
1148.000  4.5895096300e-01  3.3327491280e-03 
1149.000  4.6042361500e-01  3.4178082940e-03 
1150.000  4.5846837700e-01  3.4233293530e-03 
1151.000  4.5712354800e-01  3.5431804660e-03 
1152.000  4.5626901200e-01  3.6037600040e-03 
1153.000  4.5547151400e-01  3.6951794620e-03 
1154.000  4.5895100500e-01  3.7183930870e-03 
1155.000  4.6052969500e-01  3.9378776550e-03 
1156.000  4.5428715100e-01  4.1156640050e-03 
1157.000  4.5854561100e-01  4.7101550100e-03 
1158.000  4.5861702400e-01  5.0267748830e-03 
1159.000  4.5213423100e-01  5.2653660770e-03 
1160.000  4.4639033100e-01  5.3424062730e-03 
1161.000  4.3676265000e-01  5.5558099750e-03 
1162.000  4.5257386800e-01  6.0339107510e-03 
1163.000  4.5445350100e-01  6.3763442040e-03 
1164.000  4.4522226600e-01  6.3112339970e-03 
1165.000  4.5381613300e-01  6.4880232810e-03 
1166.000  4.4204510400e-01  6.4012341500e-03 
1167.000  4.4921459400e-01  6.5576176640e-03 
1168.000  4.5314079500e-01  6.6039118770e-03 
1169.000  4.3747183300e-01  6.4256486890e-03 
1170.000  4.4923600700e-01  6.6429381370e-03 
1171.000  4.5131497900e-01  6.7760982510e-03 
1172.000  4.4990333900e-01  6.6991028790e-03 
1173.000  4.4676935700e-01  6.6005277630e-03 
1174.000  4.4699594000e-01  6.6091418270e-03 
1175.000  4.4176288200e-01  6.6832909580e-03 
1176.000  4.3109783600e-01  6.6625857350e-03 
1177.000  4.4440960900e-01  6.7996773720e-03 
1178.000  4.3690305500e-01  6.5503554340e-03 
1179.000  4.3494338900e-01  6.5222816470e-03 
1180.000  4.4104942100e-01  6.5656442640e-03 
1181.000  4.3879626300e-01  6.4098653790e-03 
1182.000  4.3935115200e-01  6.2922410960e-03 
1183.000  4.1384266900e-01  5.9348540310e-03 
1184.000  4.3249435700e-01  6.2652955060e-03 
1185.000  4.3821702300e-01  6.5137410160e-03 
1186.000  4.3560974100e-01  6.4173021320e-03 
1187.000  4.3576341800e-01  6.2404599190e-03 
1188.000  4.3352829400e-01  6.1493444440e-03 
1189.000  4.0816489600e-01  5.8604664800e-03 
1190.000  4.2823708300e-01  6.3788595200e-03 
1191.000  4.3491391500e-01  6.5215368270e-03 
1192.000  4.3254623900e-01  6.5679254530e-03 
1193.000  4.3271246000e-01  6.5021209720e-03 
1194.000  4.3189975800e-01  6.4659461980e-03 
1195.000  4.2705848100e-01  6.2848005290e-03 
1196.000  4.2678911000e-01  6.3007678990e-03 
1197.000  4.2667574000e-01  6.2490406040e-03 
1198.000  4.1234572300e-01  6.0312533380e-03 
1199.000  3.9702220300e-01  5.7488031390e-03 
1200.000  4.2205070000e-01  6.1496429440e-03 
1201.000  4.2507932400e-01  6.2140173910e-03 
1202.000  4.2589470300e-01  6.2542076110e-03 
1203.000  4.0510906600e-01  5.9278841020e-03 
1204.000  4.1182269400e-01  6.0618004800e-03 
1205.000  4.2137554400e-01  6.3996248250e-03 
1206.000  4.1881214300e-01  6.4538011550e-03 
1207.000  4.2162467700e-01  6.5367565160e-03 
1208.000  4.1548695400e-01  6.4117240910e-03 
1209.000  3.8952879500e-01  5.9645395280e-03 
1210.000  4.1680539900e-01  6.3012142180e-03 
1211.000  4.0288216800e-01  6.0856032370e-03 
1212.000  4.1549675500e-01  6.3112459180e-03 
1213.000  4.1703223400e-01  6.4290890690e-03 
1214.000  4.1524761200e-01  6.4055066110e-03 
1215.000  4.1667404700e-01  6.4739756580e-03 
1216.000  4.1544252600e-01  6.6042313580e-03 
1217.000  4.1457840600e-01  6.7124967580e-03 
1218.000  4.1312840600e-01  6.7408785820e-03 
1219.000  4.0926247300e-01  6.7052693370e-03 
1220.000  4.1201323100e-01  6.7404160500e-03 
1221.000  4.1116037800e-01  6.7272791860e-03 
1222.000  4.0888284300e-01  6.6824288370e-03 
1223.000  4.0688144000e-01  6.6789021490e-03 
1224.000  4.0982225000e-01  6.8240380290e-03 
1225.000  4.0749906300e-01  6.8198637960e-03 
1226.000  4.0882721800e-01  6.8858075140e-03 
1227.000  3.9479898000e-01  6.7098541260e-03 
1228.000  4.0689725500e-01  6.9880828860e-03 
1229.000  4.0622110600e-01  7.0263800620e-03 
1230.000  4.0459279900e-01  7.0563049320e-03 
1231.000  4.0446048300e-01  7.0892047880e-03 
1232.000  3.9986171400e-01  7.0246171950e-03 
1233.000  4.0298095300e-01  7.0909032820e-03 
1234.000  4.0151409600e-01  7.1386637690e-03 
1235.000  3.9864266000e-01  7.1099801060e-03 
1236.000  4.0090095500e-01  7.1600804330e-03 
1237.000  4.0079542600e-01  7.1810011860e-03 
1238.000  4.0051115300e-01  7.1820907590e-03 
1239.000  3.9592810300e-01  7.1017217640e-03 
1240.000  3.9415094800e-01  7.1132564540e-03 
1241.000  3.9775893300e-01  7.2185940740e-03 
1242.000  3.9554038600e-01  7.2156863210e-03 
1243.000  3.9121048900e-01  7.1750254630e-03 
1244.000  3.8786213200e-01  7.1409807210e-03 
1245.000  3.9464151800e-01  7.2861518860e-03 
1246.000  3.9170796300e-01  7.1850733760e-03 
1247.000  3.8992080800e-01  7.1038560870e-03 
1248.000  3.9308843000e-01  7.1125307080e-03 
1249.000  3.9175787100e-01  7.0490045550e-03 
1250.000  3.9036355400e-01  6.9770464900e-03 
1251.000  3.8783237800e-01  6.8971495630e-03 
1252.000  3.8683546500e-01  6.8423748020e-03 
1253.000  3.8381191200e-01  6.7501907350e-03 
1254.000  3.8513839600e-01  6.7069869040e-03 
1255.000  3.8472719900e-01  6.6527018550e-03 
1256.000  3.8413304210e-01  6.6026787760e-03 
1257.000  3.8001868200e-01  6.4429883960e-03 
1258.000  3.8201111270e-01  6.3341717720e-03 
1259.000  3.7811563180e-01  6.1484670640e-03 
1260.000  3.7893221310e-01  6.0353550910e-03 
1261.000  3.7848494680e-01  5.9004225730e-03 
1262.000  3.7038683200e-01  5.6212873460e-03 
1263.000  3.7487919650e-01  5.6780171390e-03 
1264.000  3.6904255920e-01  5.5933413510e-03 
1265.000  3.6971501550e-01  5.6204576490e-03 
1266.000  3.7210286330e-01  5.6376214030e-03 
1267.000  3.6513407000e-01  5.5113515850e-03 
1268.000  3.6153849900e-01  5.4250926970e-03 
1269.000  3.6492284130e-01  5.4617161750e-03 
1270.000  3.6893314080e-01  5.6433954240e-03 
1271.000  3.7098136630e-01  5.7344059940e-03 
1272.000  3.6988433950e-01  5.7774243350e-03 
1273.000  3.6956603590e-01  5.8383345600e-03 
1274.000  3.6735880800e-01  5.8706269260e-03 
1275.000  3.6952065580e-01  5.9286823270e-03 
1276.000  3.7011381670e-01  5.9436984060e-03 
1277.000  3.6983752460e-01  5.9311876300e-03 
1278.000  3.6877711520e-01  5.9020547870e-03 
1279.000  3.6630850470e-01  5.8837094310e-03 
1280.000  3.6414521140e-01  5.9420809750e-03 
1281.000  3.5375961670e-01  5.8614950180e-03 
1282.000  3.1414544360e-01  5.2841334340e-03 
1283.000  3.4476876430e-01  5.8620424270e-03 
1284.000  3.5899574110e-01  6.1472711560e-03 
1285.000  3.6162812670e-01  6.2116222380e-03 
1286.000  3.6150992970e-01  6.1764712330e-03 
1287.000  3.6372106310e-01  6.1574034690e-03 
1288.000  3.6144088860e-01  5.9365487100e-03 
1289.000  3.6359538240e-01  5.9173369410e-03 
1290.000  3.5526440470e-01  5.7630119320e-03 
1291.000  3.6012737510e-01  5.8189740180e-03 
1292.000  3.6163034710e-01  5.8590035440e-03 
1293.000  3.6195363730e-01  5.8209791180e-03 
1294.000  3.5620878700e-01  5.6076021190e-03 
1295.000  3.6004386400e-01  5.5183157920e-03 
1296.000  3.6030883240e-01  5.4137330060e-03 
1297.000  3.5808743360e-01  5.3182945250e-03 
1298.000  3.5488825700e-01  5.2760634420e-03 
1299.000  3.5845142050e-01  5.3325238230e-03 
1300.000  3.5701206570e-01  5.3152260780e-03 
1301.000  3.5644319740e-01  5.2884602550e-03 
1302.000  3.5187095980e-01  5.1330900190e-03 
1303.000  3.4998182240e-01  4.9267506600e-03 
1304.000  3.5020927250e-01  4.8366622920e-03 
1305.000  3.5236671410e-01  4.8131732940e-03 
1306.000  3.5270173290e-01  4.7597312930e-03 
1307.000  3.5166059660e-01  4.7072534560e-03 
1308.000  3.5136145880e-01  4.6194038390e-03 
1309.000  3.5104801470e-01  4.4957699780e-03 
1310.000  3.4959085190e-01  4.4747462270e-03 
1311.000  3.4851943760e-01  4.4677748680e-03 
1312.000  3.4743402060e-01  4.3106417660e-03 
1313.000  3.3460196600e-01  3.9778347020e-03 
1314.000  3.4504678350e-01  3.9538531300e-03 
1315.000  3.3342869380e-01  3.8919436930e-03 
1316.000  3.4118504110e-01  4.0930371280e-03 
1317.000  3.4485568830e-01  4.1374015810e-03 
1318.000  3.3997592980e-01  3.8965101240e-03 
1319.000  3.4463341160e-01  3.7158272270e-03 
1320.000  3.4208946810e-01  3.4523859020e-03 
1321.000  3.4058691430e-01  3.3536307810e-03 
1322.000  3.3990668270e-01  3.4756634240e-03 
1323.000  3.4065887870e-01  3.6341907980e-03 
1324.000  3.4083941410e-01  3.7260384560e-03 
1325.000  3.3975027370e-01  3.6501619820e-03 
1326.000  3.3816160460e-01  3.4753146170e-03 
1327.000  3.3546139060e-01  3.1432850360e-03 
1328.000  3.3634720530e-01  2.8836233620e-03 
1329.000  3.2407163150e-01  2.3908309940e-03 
1330.000  3.2914614500e-01  2.2968943120e-03 
1331.000  3.3061199040e-01  2.2305903430e-03 
1332.000  3.2306614130e-01  2.2011616230e-03 
1333.000  3.3160413020e-01  2.3278288840e-03 
1334.000  3.3201854660e-01  2.4251589780e-03 
1335.000  3.3230398190e-01  2.4980750080e-03 
1336.000  3.2870636890e-01  2.4944465160e-03 
1337.000  3.2977072220e-01  2.5058753490e-03 
1338.000  3.2952708820e-01  2.5567178730e-03 
1339.000  3.2598642150e-01  2.5312550070e-03 
1340.000  3.2364647300e-01  2.5575616360e-03 
1341.000  3.2853138840e-01  2.5347597600e-03 
1342.000  3.2772769250e-01  2.5350565910e-03 
1343.000  3.2769900140e-01  2.3484151360e-03 
1344.000  3.2620138980e-01  2.1865322590e-03 
1345.000  3.2370216310e-01  1.9054609540e-03 
1346.000  3.1853094190e-01  1.7612735030e-03 
1347.000  3.1913686560e-01  1.7117571830e-03 
1348.000  3.1555964840e-01  1.6401271820e-03 
1349.000  3.1341765900e-01  1.6070543530e-03 
1350.000  3.0701968350e-01  1.5316386220e-03 
1351.000  3.0485176720e-01  1.4930152890e-03 
1352.000  3.0540941450e-01  1.4543837310e-03 
1353.000  2.9955692890e-01  1.3771791460e-03 
1354.000  2.9593945650e-01  1.3321670290e-03 
1355.000  2.9029964340e-01  1.2761749030e-03 
1356.000  2.8602565280e-01  1.2241384980e-03 
1357.000  2.7932693680e-01  1.1547473670e-03 
1358.000  2.7972464920e-01  1.1128934620e-03 
1359.000  2.7200829440e-01  1.0085599420e-03 
1360.000  2.6204052020e-01  9.2528510090e-04 
1361.000  2.6423826660e-01  9.0278571840e-04 
1362.000  2.6197468430e-01  8.8650691510e-04 
1363.000  2.6223750920e-01  9.3370169400e-04 
1364.000  2.6750769110e-01  9.6810495850e-04 
1365.000  2.6737106620e-01  9.7612518070e-04 
1366.000  2.6924895070e-01  1.0008606910e-03 
1367.000  2.6429903990e-01  9.5950061080e-04 
1368.000  2.6432306990e-01  9.3825381990e-04 
1369.000  2.5956061110e-01  9.2643696070e-04 
1370.000  2.6507205250e-01  9.9971973900e-04 
1371.000  2.7285176490e-01  1.1029019360e-03 
1372.000  2.8368952080e-01  1.2235362530e-03 
1373.000  2.8779258860e-01  1.2884588240e-03 
1374.000  2.9108015860e-01  1.3282427790e-03 
1375.000  2.8698950430e-01  1.3207089900e-03 
1376.000  2.8270078720e-01  1.2925549750e-03 
1377.000  2.8527994190e-01  1.2862541680e-03 
1378.000  2.8038170150e-01  1.2300474640e-03 
1379.000  2.7852774250e-01  1.1709990500e-03 
1380.000  2.6853988300e-01  1.0593067410e-03 
1381.000  2.6248609080e-01  9.6784287690e-04 
1382.000  2.5434220600e-01  9.0075671670e-04 
1383.000  2.5656745620e-01  9.0434515480e-04 
1384.000  2.6226353600e-01  9.8028171060e-04 
1385.000  2.6434659470e-01  1.0313351150e-03 
1386.000  2.7232494540e-01  1.1137868170e-03 
1387.000  2.7622736260e-01  1.2067178490e-03 
1388.000  2.8201776080e-01  1.2673703430e-03 
1389.000  2.8426278240e-01  1.2927713390e-03 
1390.000  2.7925052190e-01  1.2745165820e-03 
1391.000  2.8198667780e-01  1.2745124100e-03 
1392.000  2.7754592250e-01  1.2180399890e-03 
1393.000  2.7300255950e-01  1.1629991530e-03 
1394.000  2.6695103230e-01  1.1045025590e-03 
1395.000  2.6825187430e-01  1.1245789530e-03 
1396.000  2.7418102700e-01  1.1888464690e-03 
1397.000  2.7724849260e-01  1.2337206600e-03 
1398.000  2.7745993780e-01  1.2382583620e-03 
1399.000  2.7564659760e-01  1.2194331880e-03 
1400.000  2.6764319560e-01  1.1787284610e-03 
1401.000  2.6885540740e-01  1.1873402600e-03 
1402.000  2.7541967660e-01  1.2408857350e-03 
1403.000  2.7472008080e-01  1.2524943350e-03 
1404.000  2.7263768660e-01  1.2342332600e-03 
1405.000  2.7280307890e-01  1.2361614700e-03 
1406.000  2.7241911410e-01  1.2230446340e-03 
1407.000  2.7268947910e-01  1.2234395740e-03 
1408.000  2.7353138710e-01  1.2505199910e-03 
1409.000  2.7644649190e-01  1.2805496450e-03 
1410.000  2.7763786690e-01  1.3150372510e-03 
1411.000  2.7970907930e-01  1.3456399440e-03 
1412.000  2.6877936970e-01  1.2910971640e-03 
1413.000  2.7396984650e-01  1.3228750230e-03 
1414.000  2.7755273490e-01  1.3324985500e-03 
1415.000  2.7739181260e-01  1.3434662820e-03 
1416.000  2.7688289060e-01  1.3517315390e-03 
1417.000  2.7890412860e-01  1.3600565200e-03 
1418.000  2.7901286440e-01  1.3591730590e-03 
1419.000  2.7503920780e-01  1.3379117250e-03 
1420.000  2.7443557870e-01  1.3371683360e-03 
1421.000  2.7899028100e-01  1.3772999050e-03 
1422.000  2.7275640140e-01  1.3538633580e-03 
1423.000  2.7109595600e-01  1.3460862640e-03 
1424.000  2.7134098050e-01  1.3420518640e-03 
1425.000  2.7657680790e-01  1.3556511400e-03 
1426.000  2.6538549060e-01  1.2980148790e-03 
1427.000  2.6952629510e-01  1.3254803420e-03 
1428.000  2.7537632060e-01  1.3595993520e-03 
1429.000  2.6891798970e-01  1.3352417950e-03 
1430.000  2.6307670000e-01  1.2997515200e-03 
1431.000  2.6247375210e-01  1.2698525190e-03 
1432.000  2.6724513650e-01  1.2766894100e-03 
1433.000  2.6738094080e-01  1.2727237940e-03 
1434.000  2.6199209620e-01  1.2372188570e-03 
1435.000  2.6518853430e-01  1.2640659810e-03 
1436.000  2.6522431910e-01  1.2672518490e-03 
1437.000  2.6627202620e-01  1.2717788220e-03 
1438.000  2.6562409560e-01  1.2847260240e-03 
1439.000  2.6876453170e-01  1.2988616230e-03 
1440.000  2.5212789640e-01  1.2230159040e-03 
1441.000  2.6483310840e-01  1.2848612070e-03 
1442.000  2.5866714670e-01  1.2437282800e-03 
1443.000  2.6296245920e-01  1.2602206470e-03 
1444.000  2.6424120140e-01  1.2687430380e-03 
1445.000  2.6344364540e-01  1.2624971870e-03 
1446.000  2.6627162940e-01  1.2868595120e-03 
1447.000  2.6505435680e-01  1.2920483350e-03 
1448.000  2.6708079260e-01  1.3000352380e-03 
1449.000  2.6697457490e-01  1.2847089770e-03 
1450.000  2.6517824710e-01  1.2551071640e-03 
1451.000  2.6346845590e-01  1.2486373190e-03 
1452.000  2.6022452200e-01  1.2573940750e-03 
1453.000  2.6517742110e-01  1.3379765750e-03 
1454.000  2.6620797100e-01  1.4239807130e-03 
1455.000  2.6284094180e-01  1.4660960440e-03 
1456.000  2.6272081050e-01  1.5337233540e-03 
1457.000  2.6523989650e-01  1.5525870320e-03 
1458.000  2.6886675580e-01  1.5847904680e-03 
1459.000  2.6986568940e-01  1.5277957920e-03 
1460.000  2.6527434960e-01  1.4501634840e-03 
1461.000  2.6469474260e-01  1.4156734940e-03 
1462.000  2.6180395930e-01  1.3346574310e-03 
1463.000  2.6005831860e-01  1.3195438390e-03 
1464.000  2.5988723040e-01  1.2965402600e-03 
1465.000  2.6289244330e-01  1.2693445680e-03 
1466.000  2.5663120940e-01  1.1951988940e-03 
1467.000  2.6278227840e-01  1.1942828890e-03 
1468.000  2.5631528080e-01  1.1362053160e-03 
1469.000  2.5914182550e-01  1.1116813420e-03 
1470.000  2.5764709680e-01  1.0895779130e-03 
1471.000  2.5357278840e-01  1.1002420190e-03 
1472.000  2.5510511840e-01  1.1574702260e-03 
1473.000  2.5734977450e-01  1.2656694650e-03 
1474.000  2.5026432940e-01  1.3234262470e-03 
1475.000  2.5558545290e-01  1.3470741510e-03 
1476.000  2.5598969030e-01  1.3436464070e-03 
1477.000  2.5674093100e-01  1.3104227780e-03 
1478.000  2.5302744790e-01  1.2564743760e-03 
1479.000  2.5592621880e-01  1.2252926830e-03 
1480.000  2.5732859650e-01  1.2531222110e-03 
1481.000  2.5349232020e-01  1.2779172660e-03 
1482.000  2.5664829440e-01  1.3506263490e-03 
1483.000  2.5136232780e-01  1.3362441060e-03 
1484.000  2.5368567000e-01  1.3511857990e-03 
1485.000  2.5851491100e-01  1.3653223510e-03 
1486.000  2.5425498440e-01  1.4002549650e-03 
1487.000  2.5454589570e-01  1.5264866350e-03 
1488.000  2.2252409740e-01  1.3464827540e-03 
1489.000  2.5550482700e-01  1.7334256170e-03 
1490.000  2.5609952240e-01  1.9194490910e-03 
1491.000  2.5864517260e-01  2.0714290140e-03 
1492.000  2.5263525330e-01  2.0472910400e-03 
1493.000  2.5831244140e-01  2.1893446450e-03 
1494.000  2.5733140860e-01  2.1896574500e-03 
1495.000  2.5553090140e-01  2.2599234580e-03 
1496.000  2.4797428420e-01  2.3413853650e-03 
1497.000  2.5379835940e-01  2.3872499470e-03 
1498.000  2.5636901560e-01  2.5506649020e-03 
1499.000  2.5205704950e-01  2.6348299980e-03 
1500.000  2.5635556440e-01  2.7722454070e-03 
1501.000  2.5598947450e-01  2.7159650330e-03 
1502.000  2.5401219850e-01  2.6257104870e-03 
1503.000  2.2808825920e-01  2.3064701560e-03 
1504.000  2.3763222550e-01  2.4235298630e-03 
1505.000  2.3689400370e-01  2.5325715540e-03 
1506.000  2.4008791240e-01  2.5951921940e-03 
1507.000  2.5109924900e-01  2.8294641970e-03 
1508.000  2.4717859670e-01  2.8554706570e-03 
1509.000  2.4824636000e-01  2.9462127690e-03 
1510.000  2.5208245660e-01  3.0320825580e-03 
1511.000  2.5322871210e-01  3.1102368830e-03 
1512.000  2.4847517180e-01  3.0972092150e-03 
1513.000  2.4805932150e-01  3.1310896870e-03 
1514.000  2.4466385160e-01  3.1101951600e-03 
1515.000  2.4947173670e-01  3.1900842190e-03 
1516.000  2.4715675090e-01  3.1290268900e-03 
1517.000  2.4569295120e-01  3.0927217010e-03 
1518.000  2.5022129040e-01  3.1598250870e-03 
1519.000  2.4650803430e-01  3.1294825080e-03 
1520.000  2.4802450210e-01  3.2234692570e-03 
1521.000  2.4330034360e-01  3.2578456400e-03 
1522.000  2.4187660520e-01  3.2880272870e-03 
1523.000  2.4776416430e-01  3.4344980720e-03 
1524.000  2.4600538720e-01  3.4417014120e-03 
1525.000  2.4052313130e-01  3.3774223330e-03 
1526.000  2.4729826230e-01  3.4487614630e-03 
1527.000  2.4462553810e-01  3.4070250990e-03 
1528.000  2.4610868910e-01  3.4317319390e-03 
1529.000  2.4532997730e-01  3.3909904960e-03 
1530.000  2.2949881370e-01  3.1693973540e-03 
1531.000  2.4522323570e-01  3.3544733520e-03 
1532.000  2.4365024960e-01  3.3034272190e-03 
1533.000  2.4241946980e-01  3.2453815940e-03 
1534.000  2.3856689750e-01  3.1515896320e-03 
1535.000  2.3918115570e-01  3.1180961130e-03 
1536.000  2.4237967790e-01  3.1951143740e-03 
1537.000  2.4294229670e-01  3.2537600990e-03 
1538.000  2.3609785230e-01  3.2144904140e-03 
1539.000  2.4092561840e-01  3.3310735230e-03 
1540.000  2.3209756320e-01  3.2501852510e-03 
1541.000  2.3685981630e-01  3.3183274270e-03 
1542.000  2.3826819640e-01  3.3282284740e-03 
1543.000  2.3738179420e-01  3.3142488000e-03 
1544.000  2.4006673290e-01  3.3551201820e-03 
1545.000  2.4046807620e-01  3.3729150300e-03 
1546.000  2.4026140900e-01  3.3983697890e-03 
1547.000  2.3760938180e-01  3.3878407480e-03 
1548.000  2.3040447480e-01  3.3095331190e-03 
1549.000  2.3630975310e-01  3.4093952180e-03 
1550.000  2.3499769710e-01  3.4029576780e-03 
1551.000  2.3376752930e-01  3.3708775040e-03 
1552.000  2.3774114820e-01  3.4006004330e-03 
1553.000  2.3639980920e-01  3.3595333100e-03 
1554.000  2.2773810170e-01  3.2092852590e-03 
1555.000  2.3139054190e-01  3.2422661780e-03 
1556.000  2.2688556980e-01  3.2010848520e-03 
1557.000  2.3425063980e-01  3.3603425030e-03 
1558.000  2.3245623850e-01  3.3814804550e-03 
1559.000  2.3256732100e-01  3.4276883600e-03 
1560.000  2.2855121270e-01  3.4182968140e-03 
1561.000  2.3398888330e-01  3.5095057490e-03 
1562.000  2.3406392440e-01  3.4777395730e-03 
1563.000  2.3072477680e-01  3.4030427930e-03 
1564.000  2.2638142570e-01  3.3051269050e-03 
1565.000  2.3029485900e-01  3.3217005730e-03 
1566.000  2.2593109030e-01  3.2605566980e-03 
1567.000  2.2658384870e-01  3.2726702690e-03 
1568.000  2.2277491530e-01  3.2078320980e-03 
1569.000  2.2460342590e-01  3.2201998230e-03 
1570.000  2.1956624010e-01  3.1467299460e-03 
1571.000  2.2544947560e-01  3.2582728860e-03 
1572.000  2.2565223350e-01  3.2710936070e-03 
1573.000  2.2187584170e-01  3.2454905510e-03 
1574.000  2.2209739580e-01  3.2866466050e-03 
1575.000  2.0597789400e-01  3.0765211580e-03 
1576.000  2.2128843670e-01  3.3048536780e-03 
1577.000  1.9972757440e-01  2.9432251450e-03 
1578.000  2.1844395350e-01  3.1759710310e-03 
1579.000  2.1937783070e-01  3.1522929670e-03 
1580.000  2.2328346980e-01  3.1801738740e-03 
1581.000  2.2180284500e-01  3.1207091810e-03 
1582.000  2.1670514780e-01  3.0798146720e-03 
1583.000  2.1879403020e-01  3.1390085220e-03 
1584.000  2.1633166990e-01  3.1334366800e-03 
1585.000  2.2235526740e-01  3.2447888850e-03 
1586.000  2.1956240500e-01  3.2126715180e-03 
1587.000  2.1688673740e-01  3.1987648010e-03 
1588.000  2.1341764820e-01  3.1704738140e-03 
1589.000  1.9520470020e-01  2.9077258110e-03 
1590.000  2.1035726900e-01  3.1425938610e-03 
1591.000  2.0564409870e-01  3.0842726230e-03 
1592.000  2.1655098040e-01  3.2543032170e-03 
1593.000  2.2146879310e-01  3.3302395340e-03 
1594.000  2.1991430540e-01  3.3081812860e-03 
1595.000  2.2137932170e-01  3.3308951850e-03 
1596.000  2.0737370490e-01  3.1348485950e-03 
1597.000  2.1583145080e-01  3.2558708190e-03 
1598.000  2.1990461410e-01  3.3019480710e-03 
1599.000  2.1254301440e-01  3.1710495950e-03 
1600.000  2.1608531950e-01  3.2112472060e-03 
1601.000  2.0698890250e-01  3.0915961270e-03 
1602.000  2.1228208810e-01  3.2071034910e-03 
1603.000  2.1067191510e-01  3.2363610270e-03 
1604.000  2.1325900940e-01  3.3366754060e-03 
1605.000  2.1010603390e-01  3.3285071850e-03 
1606.000  2.0925058240e-01  3.3580341340e-03 
1607.000  2.1013013670e-01  3.3343043330e-03 
1608.000  2.1252432750e-01  3.3352749350e-03 
1609.000  2.1170727920e-01  3.2919709680e-03 
1610.000  1.9849694460e-01  3.0616369250e-03 
1611.000  2.0420328500e-01  3.1407167910e-03 
1612.000  2.0594932700e-01  3.1599576470e-03 
1613.000  2.1034495880e-01  3.2181463240e-03 
1614.000  2.0828056540e-01  3.1531374450e-03 
1615.000  2.1154461450e-01  3.1875576970e-03 
1616.000  1.9820364920e-01  2.9698538780e-03 
1617.000  2.0391625400e-01  3.1008672710e-03 
1618.000  2.1026981120e-01  3.2244951730e-03 
1619.000  2.0952595210e-01  3.2600746150e-03 
1620.000  2.0417537390e-01  3.2221660610e-03 
1621.000  2.0111466040e-01  3.2122879030e-03 
1622.000  2.0617687010e-01  3.2986814980e-03 
1623.000  2.1030505240e-01  3.3792321680e-03 
1624.000  2.1175837930e-01  3.4122276310e-03 
1625.000  2.0644051710e-01  3.3518946170e-03 
1626.000  2.0897187830e-01  3.3828427790e-03 
1627.000  2.0870232300e-01  3.3985514640e-03 
1628.000  2.1037942080e-01  3.4369363780e-03 
1629.000  2.1034891720e-01  3.4457156660e-03 
1630.000  2.0463802150e-01  3.3542640210e-03 
1631.000  2.0783864500e-01  3.4189801220e-03 
1632.000  2.0789114590e-01  3.3615040780e-03 
1633.000  2.0521561880e-01  3.2748079300e-03 
1634.000  2.0041358110e-01  3.1519794460e-03 
1635.000  2.0578693690e-01  3.1958756450e-03 
1636.000  2.0524260060e-01  3.1402316090e-03 
1637.000  1.9610493350e-01  2.9579224590e-03 
1638.000  1.9467188900e-01  2.9026396270e-03 
1639.000  1.9273191640e-01  2.8263664250e-03 
1640.000  1.9388799240e-01  2.8045904640e-03 
1641.000  1.9268813440e-01  2.7611985210e-03 
1642.000  1.9244793390e-01  2.8279576300e-03 
1643.000  1.9739420890e-01  2.9677374360e-03 
1644.000  1.9433944250e-01  2.9859983920e-03 
1645.000  1.9477267010e-01  3.0531957150e-03 
1646.000  1.9711360070e-01  3.1477282050e-03 
1647.000  1.9896441390e-01  3.1727259160e-03 
1648.000  1.9819581820e-01  3.1488397120e-03 
1649.000  1.9366806820e-01  3.0711460110e-03 
1650.000  1.9857564360e-01  3.1454980370e-03 
1651.000  1.9410145380e-01  3.0711934570e-03 
1652.000  1.9797535770e-01  3.1274974350e-03 
1653.000  1.9575235590e-01  3.0991463660e-03 
1654.000  1.9794878920e-01  3.1352117060e-03 
1655.000  1.9398109650e-01  3.0818176270e-03 
1656.000  1.9770686000e-01  3.1469435690e-03 
1657.000  1.9627390910e-01  3.1234822270e-03 
1658.000  1.9733429000e-01  3.1477153300e-03 
1659.000  1.9369954100e-01  3.0898244380e-03 
1660.000  1.9606323840e-01  3.1197786330e-03 
1661.000  1.9683293020e-01  3.1114878650e-03 
1662.000  1.9551036160e-01  3.0248081680e-03 
1663.000  1.9427966660e-01  2.9476349350e-03 
1664.000  1.9345741740e-01  2.8762929440e-03 
1665.000  1.9148181560e-01  2.7877974510e-03 
1666.000  1.9054975000e-01  2.7638020520e-03 
1667.000  1.9207236860e-01  2.8445191380e-03 
1668.000  1.8881809320e-01  2.8369128700e-03 
1669.000  1.8912050660e-01  2.8896629810e-03 
1670.000  1.9319273790e-01  3.0006744860e-03 
1671.000  1.9171765040e-01  3.0300483700e-03 
1672.000  1.8263672060e-01  2.9466037750e-03 
1673.000  1.8801713810e-01  3.0844106670e-03 
1674.000  1.8889095940e-01  3.1535696980e-03 
1675.000  1.8714077500e-01  3.1854541300e-03 
1676.000  1.8415973690e-01  3.1542820930e-03 
1677.000  1.8504485380e-01  3.1657831670e-03 
1678.000  1.8591352200e-01  3.1836264130e-03 
1679.000  1.8344097440e-01  3.1332924370e-03 
1680.000  1.7703210670e-01  3.0252482890e-03 
1681.000  1.7082679510e-01  2.9192390440e-03 
1682.000  1.7575994980e-01  3.0002291200e-03 
1683.000  1.8015323200e-01  3.0679805280e-03 
1684.000  1.8351424070e-01  3.1187570100e-03 
1685.000  1.8423316540e-01  3.1133039000e-03 
1686.000  1.8201025840e-01  3.0608644490e-03 
1687.000  1.8302637740e-01  3.0363478660e-03 
1688.000  1.8336826350e-01  3.0055968760e-03 
1689.000  1.8115825270e-01  2.9500007630e-03 
1690.000  1.8132149930e-01  2.9138162140e-03 
1691.000  1.8369431210e-01  2.9614942070e-03 
1692.000  1.8402868960e-01  2.9850409030e-03 
1693.000  1.8332912730e-01  2.9952542780e-03 
1694.000  1.8305175030e-01  3.0090818410e-03 
1695.000  1.8326096430e-01  3.0188355450e-03 
1696.000  1.8218927000e-01  2.9623785020e-03 
1697.000  1.8114863410e-01  2.8948318960e-03 
1698.000  1.8224184880e-01  2.8652577400e-03 
1699.000  1.8106411190e-01  2.8034367560e-03 
1700.000  1.7874305910e-01  2.7269301410e-03 
