 lambda   Irr_dw            Rad_up 
 550.000  1.5550217700e+00  5.7068096160e-02 
 551.000  1.5447401600e+00  5.6531620030e-02 
 552.000  1.6106767100e+00  5.8900199890e-02 
 553.000  1.5470399700e+00  5.6389736180e-02 
 554.000  1.5970405900e+00  5.8144161220e-02 
 555.000  1.6010224400e+00  5.8069850920e-02 
 556.000  1.5564321000e+00  5.6243782040e-02 
 557.000  1.5098794200e+00  5.4505535130e-02 
 558.000  1.5668638800e+00  5.6354351040e-02 
 559.000  1.4807104100e+00  5.3120979310e-02 
 560.000  1.4869684400e+00  5.3284206390e-02 
 561.000  1.6340347300e+00  5.8323169710e-02 
 562.000  1.5000930200e+00  5.3448852540e-02 
 563.000  1.5693524500e+00  5.5704757690e-02 
 564.000  1.5473426500e+00  5.4650878910e-02 
 565.000  1.5660968800e+00  5.5227077480e-02 
 566.000  1.4440044500e+00  5.0726455690e-02 
 567.000  1.5502622000e+00  5.4131580350e-02 
 568.000  1.5508398800e+00  5.3523941040e-02 
 569.000  1.5294401400e+00  5.1588035580e-02 
 570.000  1.5359714400e+00  5.1798652650e-02 
 571.000  1.4750026200e+00  5.0321380620e-02 
 572.000  1.5658473100e+00  5.2664413450e-02 
 573.000  1.5807010300e+00  5.3256938930e-02 
 574.000  1.5716345600e+00  5.2858898160e-02 
 575.000  1.5338083500e+00  5.1399288180e-02 
 576.000  1.5061924200e+00  5.0349212650e-02 
 577.000  1.5668501100e+00  5.2393192290e-02 
 578.000  1.5183912600e+00  5.1041831970e-02 
 579.000  1.5045675900e+00  5.0588825230e-02 
 580.000  1.5544193300e+00  5.2472702030e-02 
 581.000  1.5232910100e+00  5.1560821530e-02 
 582.000  1.5442471600e+00  5.2155208590e-02 
 583.000  1.5541505900e+00  5.2533248900e-02 
 584.000  1.5484880400e+00  5.2152217860e-02 
 585.000  1.5378747500e+00  5.1639331820e-02 
 586.000  1.4714716300e+00  4.9357025150e-02 
 587.000  1.5320852500e+00  5.0826320650e-02 
 588.000  1.5302130000e+00  4.9380805970e-02 
 589.000  1.3757179200e+00  4.2758411410e-02 
 590.000  1.4376364600e+00  4.4566909790e-02 
 591.000  1.5129655200e+00  4.7885890960e-02 
 592.000  1.4915762100e+00  4.6443035130e-02 
 593.000  1.4908361100e+00  4.7560146330e-02 
 594.000  1.5081264600e+00  4.7768150330e-02 
 595.000  1.4907762000e+00  4.6232669830e-02 
 596.000  1.5110140800e+00  4.8087677000e-02 
 597.000  1.5190692600e+00  4.7859169010e-02 
 598.000  1.4811384500e+00  4.7165973660e-02 
 599.000  1.4786591100e+00  4.7244262700e-02 
 600.000  1.4727618500e+00  4.7526809690e-02 
 601.000  1.4603378100e+00  4.7478687290e-02 
 602.000  1.4428708000e+00  4.6915699010e-02 
 603.000  1.4501103000e+00  4.7267520900e-02 
 604.000  1.4947759700e+00  4.8870750430e-02 
 605.000  1.4903480300e+00  4.8579841610e-02 
 606.000  1.4728527900e+00  4.8047557830e-02 
 607.000  1.4643859300e+00  4.7667644500e-02 
 608.000  1.4588854500e+00  4.7354362490e-02 
 609.000  1.4438257100e+00  4.6828964230e-02 
 610.000  1.4206025400e+00  4.5950206760e-02 
 611.000  1.4435842300e+00  4.6638206480e-02 
 612.000  1.4247442800e+00  4.5984786990e-02 
 613.000  1.4038944100e+00  4.5198997500e-02 
 614.000  1.3527180200e+00  4.3529258730e-02 
 615.000  1.4180453800e+00  4.5476448060e-02 
 616.000  1.3483079700e+00  4.3227565770e-02 
 617.000  1.3559887400e+00  4.3420818330e-02 
 618.000  1.4200738700e+00  4.5290111540e-02 
 619.000  1.4072486600e+00  4.4894813540e-02 
 620.000  1.4282557200e+00  4.5378749850e-02 
 621.000  1.4531249300e+00  4.6117561340e-02 
 622.000  1.3768022700e+00  4.3584857940e-02 
 623.000  1.3880210900e+00  4.3721431730e-02 
 624.000  1.3899637300e+00  4.3815990450e-02 
 625.000  1.3527466400e+00  4.2597351070e-02 
 626.000  1.3606720400e+00  4.2595546720e-02 
 627.000  1.3891316700e+00  4.2926467900e-02 
 628.000  1.3956862000e+00  4.1582271580e-02 
 629.000  1.4165790900e+00  4.2803108220e-02 
 630.000  1.3657398100e+00  4.1650909420e-02 
 631.000  1.4115270300e+00  4.3160888670e-02 
 632.000  1.3169755700e+00  4.0020675660e-02 
 633.000  1.4071011200e+00  4.3149169920e-02 
 634.000  1.3625258900e+00  4.1942382810e-02 
 635.000  1.3870156000e+00  4.2710788730e-02 
 636.000  1.3367944700e+00  4.1238193510e-02 
 637.000  1.3800871500e+00  4.2626083370e-02 
 638.000  1.3988221000e+00  4.3358249660e-02 
 639.000  1.3869807100e+00  4.2827289580e-02 
 640.000  1.3420376100e+00  4.1684555050e-02 
 641.000  1.3612720300e+00  4.2222908020e-02 
 642.000  1.3439272800e+00  4.1704414370e-02 
 643.000  1.3691072200e+00  4.2284927370e-02 
 644.000  1.3533267400e+00  4.1658752440e-02 
 645.000  1.3675474800e+00  4.1917400360e-02 
 646.000  1.3253426900e+00  3.9611602780e-02 
 647.000  1.3505996300e+00  3.9683326720e-02 
 648.000  1.3561664400e+00  3.9327850340e-02 
 649.000  1.3761667200e+00  4.0224983220e-02 
 650.000  1.2629040600e+00  3.7859176640e-02 
 651.000  1.3604984500e+00  4.0746620180e-02 
 652.000  1.3459375700e+00  3.9385093690e-02 
 653.000  1.3595999900e+00  4.0775764470e-02 
 654.000  1.3433677000e+00  4.0001632690e-02 
 655.000  1.3127563100e+00  3.8668758390e-02 
 656.000  1.1132006000e+00  3.2842346190e-02 
 657.000  1.1858816900e+00  3.5145885470e-02 
 658.000  1.3165367300e+00  3.9434513090e-02 
 659.000  1.3171935600e+00  3.9591762540e-02 
 660.000  1.3264823800e+00  3.9954559330e-02 
 661.000  1.3290872500e+00  4.0339988710e-02 
 662.000  1.3467635000e+00  4.0976787570e-02 
 663.000  1.3321963800e+00  4.0406341550e-02 
 664.000  1.3105251100e+00  3.9750759120e-02 
 665.000  1.3158651900e+00  3.9889621730e-02 
 666.000  1.3311458200e+00  4.0472179410e-02 
 667.000  1.3043209600e+00  3.9555702210e-02 
 668.000  1.3111826100e+00  3.9876777650e-02 
 669.000  1.3297954700e+00  4.0481834410e-02 
 670.000  1.3137623100e+00  3.9832176210e-02 
 671.000  1.2996842400e+00  3.9416213990e-02 
 672.000  1.2953851200e+00  3.9241920470e-02 
 673.000  1.3045935200e+00  3.9457283020e-02 
 674.000  1.3070643200e+00  3.9518192290e-02 
 675.000  1.2870298500e+00  3.8830745700e-02 
 676.000  1.3112795200e+00  3.9549919130e-02 
 677.000  1.2851322400e+00  3.8756053920e-02 
 678.000  1.3063225400e+00  3.9329288480e-02 
 679.000  1.2879187300e+00  3.8672653200e-02 
 680.000  1.2784707000e+00  3.8341983800e-02 
 681.000  1.2804518800e+00  3.8299015050e-02 
 682.000  1.2780139700e+00  3.8092941280e-02 
 683.000  1.2866934800e+00  3.8224609380e-02 
 684.000  1.2644913200e+00  3.7517250060e-02 
 685.000  1.2781666500e+00  3.7861839290e-02 
 686.000  1.2249659400e+00  3.5865509030e-02 
 687.000  1.2259704600e+00  3.1812963490e-02 
 688.000  1.2268741300e+00  3.2845653530e-02 
 689.000  1.2304172200e+00  3.2704681400e-02 
 690.000  1.2363643900e+00  3.3403060910e-02 
 691.000  1.2413265400e+00  3.4254074100e-02 
 692.000  1.2338527800e+00  3.4397827150e-02 
 693.000  1.2420094300e+00  3.3694843290e-02 
 694.000  1.2556509700e+00  3.3349685670e-02 
 695.000  1.2326567500e+00  3.3128501890e-02 
 696.000  1.2464592600e+00  3.3750171660e-02 
 697.000  1.2453999700e+00  3.5370212550e-02 
 698.000  1.2231084300e+00  3.4281330110e-02 
 699.000  1.2489645800e+00  3.3621299740e-02 
 700.000  1.2340272900e+00  3.3378982540e-02 
 701.000  1.2071010100e+00  3.2298713680e-02 
 702.000  1.2009010400e+00  3.2323493960e-02 
 703.000  1.2154820700e+00  3.3748931880e-02 
 704.000  1.2190292400e+00  3.3906631470e-02 
 705.000  1.2295047200e+00  3.3691986080e-02 
 706.000  1.2163569500e+00  3.3410617830e-02 
 707.000  1.1977794100e+00  3.3059600830e-02 
 708.000  1.2321860100e+00  3.4191398620e-02 
 709.000  1.1877280600e+00  3.3298831940e-02 
 710.000  1.2159747600e+00  3.3591289520e-02 
 711.000  1.2029824600e+00  3.3608833310e-02 
 712.000  1.1855649400e+00  3.3506992340e-02 
 713.000  1.1811523000e+00  3.3032005310e-02 
 714.000  1.2014702700e+00  3.3398670200e-02 
 715.000  1.1603635700e+00  3.1730348590e-02 
 716.000  1.1916086900e+00  3.2044197080e-02 
 717.000  1.1618070800e+00  2.8755641940e-02 
 718.000  1.1556569100e+00  2.7144828800e-02 
 719.000  1.1423510700e+00  2.6226743700e-02 
 720.000  1.1506827300e+00  2.5748849870e-02 
 721.000  1.1490239800e+00  2.8950523380e-02 
 722.000  1.1651180300e+00  3.0467655180e-02 
 723.000  1.1627428200e+00  2.9648162840e-02 
 724.000  1.1697980600e+00  2.7878828050e-02 
 725.000  1.1570313300e+00  2.7833751680e-02 
 726.000  1.1549092000e+00  2.7689123150e-02 
 727.000  1.1719940900e+00  2.8292480470e-02 
 728.000  1.1518608900e+00  2.7558324810e-02 
 729.000  1.1060792000e+00  2.7097728730e-02 
 730.000  1.1469540100e+00  2.7968404770e-02 
 731.000  1.1280447200e+00  2.7435831070e-02 
 732.000  1.1491557800e+00  2.9085514070e-02 
 733.000  1.1313052900e+00  2.9907411580e-02 
 734.000  1.1545115000e+00  3.1113573070e-02 
 735.000  1.1453059300e+00  3.0578433990e-02 
 736.000  1.1242797200e+00  2.9618692400e-02 
 737.000  1.1388699000e+00  3.0246847150e-02 
 738.000  1.1354136100e+00  3.0580602650e-02 
 739.000  1.0985428500e+00  2.9806797030e-02 
 740.000  1.1085233800e+00  3.0506267550e-02 
 741.000  1.0994658100e+00  3.0606452940e-02 
 742.000  1.0812756400e+00  3.0229898450e-02 
 743.000  1.1127375300e+00  3.1408601760e-02 
 744.000  1.1231529500e+00  3.1852958680e-02 
 745.000  1.0938415700e+00  3.1152875900e-02 
 746.000  1.1089673700e+00  3.1617660520e-02 
 747.000  1.1255772400e+00  3.2056499480e-02 
 748.000  1.1053523200e+00  3.1477619170e-02 
 749.000  1.1055466900e+00  3.1499372480e-02 
 750.000  1.0894007900e+00  3.0942489620e-02 
 751.000  1.0865946300e+00  3.0846744540e-02 
 752.000  1.1030530900e+00  3.1361278530e-02 
 753.000  1.0926122300e+00  3.1064748760e-02 
 754.000  1.1097218800e+00  3.1543960570e-02 
 755.000  1.1033542800e+00  3.1347156520e-02 
 756.000  1.0817516500e+00  3.0718780520e-02 
 757.000  1.0897457100e+00  3.0928150180e-02 
 758.000  1.0886108000e+00  3.0810199740e-02 
 759.000  1.0474052800e+00  2.7579462050e-02 
 760.000  8.2402489700e-01  1.3018126490e-02 
 761.000  7.9410470400e-01  1.1794067380e-02 
 762.000  9.2628730100e-01  1.9052671430e-02 
 763.000  9.1141961400e-01  1.7013753890e-02 
 764.000  9.3480360200e-01  1.8283443450e-02 
 765.000  9.8110930100e-01  2.1440633770e-02 
 766.000  9.7280936100e-01  2.3877103810e-02 
 767.000  1.0026895000e+00  2.5870176320e-02 
 768.000  1.0516170800e+00  2.8141443250e-02 
 769.000  1.0530756400e+00  2.8958520890e-02 
 770.000  1.0503938700e+00  2.9289957050e-02 
 771.000  1.0518599900e+00  2.9555332180e-02 
 772.000  1.0479640400e+00  2.9486885070e-02 
 773.000  1.0436450800e+00  2.9371656420e-02 
 774.000  1.0546593700e+00  2.9691083910e-02 
 775.000  1.0149339700e+00  2.8570955280e-02 
 776.000  1.0566602300e+00  2.9781888960e-02 
 777.000  1.0493416900e+00  2.9543020250e-02 
 778.000  1.0437952300e+00  2.9330669400e-02 
 779.000  1.0472690500e+00  2.9359554290e-02 
 780.000  1.0343928300e+00  2.9006978990e-02 
 781.000  1.0325322200e+00  2.8942243580e-02 
 782.000  1.0450686900e+00  2.9204113010e-02 
 783.000  1.0207253200e+00  2.8603153230e-02 
 784.000  1.0266364600e+00  2.8706920620e-02 
 785.000  1.0300114700e+00  2.8583345410e-02 
 786.000  1.0131465300e+00  2.7959487920e-02 
 787.000  1.0300362300e+00  2.7931552890e-02 
 788.000  1.0155653200e+00  2.7361480710e-02 
 789.000  1.0247041280e+00  2.6948417660e-02 
 790.000  1.0146551470e+00  2.6580471040e-02 
 791.000  1.0089192210e+00  2.6552379610e-02 
 792.000  9.9246365600e-01  2.6158214570e-02 
 793.000  9.9057493200e-01  2.6329265590e-02 
 794.000  9.7763862000e-01  2.6569492340e-02 
 795.000  9.7393545500e-01  2.5993892670e-02 
 796.000  9.9465187800e-01  2.5811811450e-02 
 797.000  9.9979332500e-01  2.6187408450e-02 
 798.000  9.9776401800e-01  2.6635393140e-02 
 799.000  9.9760539100e-01  2.6444591520e-02 
 800.000  9.7342174800e-01  2.5401697160e-02 
 801.000  9.9144380600e-01  2.5905567170e-02 
 802.000  9.8967431100e-01  2.5769456860e-02 
 803.000  9.7536296200e-01  2.5461212160e-02 
 804.000  9.8335348200e-01  2.5891658780e-02 
 805.000  9.5489225700e-01  2.5504692080e-02 
 806.000  9.7982621600e-01  2.6333023070e-02 
 807.000  9.7376350800e-01  2.6207244870e-02 
 808.000  9.6861721400e-01  2.5889039990e-02 
 809.000  9.5281863400e-01  2.5285631180e-02 
 810.000  9.4918638600e-01  2.4985963820e-02 
 811.000  9.6560066200e-01  2.5085895540e-02 
 812.000  9.6384321800e-01  2.4680021290e-02 
 813.000  9.6131468100e-01  2.4090904240e-02 
 814.000  9.6195034600e-01  2.3622657780e-02 
 815.000  9.5373436700e-01  2.2827367780e-02 
 816.000  9.4765034700e-01  2.1971111300e-02 
 817.000  9.5324422300e-01  2.2114971160e-02 
 818.000  9.4723884400e-01  2.1944007870e-02 
 819.000  9.2108968000e-01  2.1622924800e-02 
 820.000  9.0144938900e-01  2.1915798190e-02 
 821.000  9.2925209600e-01  2.3507183070e-02 
 822.000  9.0463420800e-01  2.2069343570e-02 
 823.000  9.2085941800e-01  2.0713573460e-02 
 824.000  9.3144400900e-01  2.2445245740e-02 
 825.000  9.2752513600e-01  2.3617248540e-02 
 826.000  9.3382794200e-01  2.3497545240e-02 
 827.000  9.3117692400e-01  2.3239694600e-02 
 828.000  9.3105517300e-01  2.2465278630e-02 
 829.000  9.2998156900e-01  2.2656850810e-02 
 830.000  9.1450906300e-01  2.2572059630e-02 
 831.000  8.9828290400e-01  2.2224493030e-02 
 832.000  9.1657914200e-01  2.2673793790e-02 
 833.000  8.8762353400e-01  2.2221054080e-02 
 834.000  9.0010419300e-01  2.2752965930e-02 
 835.000  9.0004965000e-01  2.3060140610e-02 
 836.000  9.1117992600e-01  2.3339941020e-02 
 837.000  9.0374275500e-01  2.3089138030e-02 
 838.000  9.0596843200e-01  2.3390052800e-02 
 839.000  8.7704016500e-01  2.2742296220e-02 
 840.000  9.0026026500e-01  2.3330274580e-02 
 841.000  9.0357842000e-01  2.3240812300e-02 
 842.000  8.9709550200e-01  2.3173181530e-02 
 843.000  8.8886350800e-01  2.3393562320e-02 
 844.000  8.7317114100e-01  2.3148309710e-02 
 845.000  8.8594499400e-01  2.3558860780e-02 
 846.000  8.9330051900e-01  2.3895614620e-02 
 847.000  8.6191210500e-01  2.3207344060e-02 
 848.000  8.8841128100e-01  2.3715116500e-02 
 849.000  8.8992776400e-01  2.3857658390e-02 
 850.000  7.6992791700e-01  2.0489294050e-02 
 851.000  8.8277054300e-01  2.3346847530e-02 
 852.000  8.4925203300e-01  2.2525455470e-02 
 853.000  8.5795270000e-01  2.2807621000e-02 
 854.000  6.8982714000e-01  1.8365110400e-02 
 855.000  7.5883850400e-01  2.0309396740e-02 
 856.000  8.5973908800e-01  2.3059970860e-02 
 857.000  8.7285108800e-01  2.3564268110e-02 
 858.000  8.5856251500e-01  2.3176004410e-02 
 859.000  8.5769105500e-01  2.3210618970e-02 
 860.000  8.4964656000e-01  2.3079730990e-02 
 861.000  8.4949408800e-01  2.3055675510e-02 
 862.000  8.4648591700e-01  2.2916147230e-02 
 863.000  8.6266097900e-01  2.3451646800e-02 
 864.000  8.6078749300e-01  2.3258697510e-02 
 865.000  8.4463598100e-01  2.2952079770e-02 
 866.000  7.0846644200e-01  1.9294590000e-02 
 867.000  7.5448797400e-01  2.0344373700e-02 
 868.000  8.1828134400e-01  2.2149747850e-02 
 869.000  8.0677909000e-01  2.1827894210e-02 
 870.000  8.4011378100e-01  2.2840961460e-02 
 871.000  8.3891126200e-01  2.2738836290e-02 
 872.000  8.3544827600e-01  2.2422235490e-02 
 873.000  8.3893277500e-01  2.2635379790e-02 
 874.000  8.2062497900e-01  2.2057672500e-02 
 875.000  8.1311597800e-01  2.1995340350e-02 
 876.000  8.2007947700e-01  2.2096891400e-02 
 877.000  8.3654435100e-01  2.2389629360e-02 
 878.000  8.2277735600e-01  2.2082923890e-02 
 879.000  8.2473666900e-01  2.2187721250e-02 
 880.000  8.2048357700e-01  2.1881223680e-02 
 881.000  7.7811341300e-01  2.0788469310e-02 
 882.000  8.2137299800e-01  2.1746500020e-02 
 883.000  8.0239226500e-01  2.1423431400e-02 
 884.000  8.0912191600e-01  2.1809099200e-02 
 885.000  8.1847091800e-01  2.1591123580e-02 
 886.000  7.9297496000e-01  2.0934867860e-02 
 887.000  7.8389361200e-01  2.0685491560e-02 
 888.000  8.0745746100e-01  2.1122478490e-02 
 889.000  8.1257086400e-01  2.1534519200e-02 
 890.000  8.1074471600e-01  2.1385274890e-02 
 891.000  8.0770654900e-01  2.1067634580e-02 
 892.000  8.0705400000e-01  2.0798978810e-02 
 893.000  7.8146880400e-01  1.9266351700e-02 
 894.000  8.0988924800e-01  1.9689130780e-02 
 895.000  7.7489989500e-01  1.8151288990e-02 
 896.000  8.0564692600e-01  1.7994689940e-02 
 897.000  7.8710977800e-01  1.7051939010e-02 
 898.000  7.8846299700e-01  1.6686044690e-02 
 899.000  7.8775367900e-01  1.5754311560e-02 
 900.000  7.6808228700e-01  1.5370564460e-02 
 901.000  7.5162754000e-01  1.4857625010e-02 
 902.000  7.3779320100e-01  1.4622797970e-02 
 903.000  7.7388486400e-01  1.6680187230e-02 
 904.000  7.8825637200e-01  1.7820571900e-02 
 905.000  7.8616482300e-01  1.8009574890e-02 
 906.000  7.6534822700e-01  1.6994861600e-02 
 907.000  7.7831673600e-01  1.6258626940e-02 
 908.000  7.5927828300e-01  1.5180135730e-02 
 909.000  7.4438379600e-01  1.4886503220e-02 
 910.000  7.5318797500e-01  1.5142586710e-02 
 911.000  7.5119119100e-01  1.5663155560e-02 
 912.000  7.5281740900e-01  1.5270258900e-02 
 913.000  7.7043822300e-01  1.4845781330e-02 
 914.000  7.6547951000e-01  1.5099367140e-02 
 915.000  7.5284378700e-01  1.5361099240e-02 
 916.000  7.6120155400e-01  1.5551600460e-02 
 917.000  7.4928784600e-01  1.5464343070e-02 
 918.000  7.4548349400e-01  1.5618160250e-02 
 919.000  7.5531469200e-01  1.6992029190e-02 
 920.000  7.4810834600e-01  1.7188774110e-02 
 921.000  7.3173300500e-01  1.6656335830e-02 
 922.000  7.2519355400e-01  1.6593153000e-02 
 923.000  6.9479027800e-01  1.5385847090e-02 
 924.000  7.2418091400e-01  1.5929668430e-02 
 925.000  7.3379454700e-01  1.6033102040e-02 
 926.000  7.0759533000e-01  1.5298482890e-02 
 927.000  7.3395564900e-01  1.5641448970e-02 
 928.000  7.3847398500e-01  1.4868742940e-02 
 929.000  7.2815721700e-01  1.3572978020e-02 
 930.000  7.2632755000e-01  1.2378163340e-02 
 931.000  7.2602956900e-01  1.1480934140e-02 
 932.000  7.1891602900e-01  1.0405609130e-02 
 933.000  7.2087652300e-01  9.8649206160e-03 
 934.000  7.1456415200e-01  9.2924766540e-03 
 935.000  7.0397526500e-01  9.1053323750e-03 
 936.000  6.9890799900e-01  9.2046976090e-03 
 937.000  7.1450759500e-01  9.3678474430e-03 
 938.000  7.0701203900e-01  9.8300104140e-03 
 939.000  7.1328147200e-01  1.1809770580e-02 
 940.000  7.0964038800e-01  1.2139686580e-02 
 941.000  6.9350760100e-01  1.1551218030e-02 
 942.000  6.6696798600e-01  1.0456709860e-02 
 943.000  7.0274821200e-01  1.0073904040e-02 
 944.000  6.8343094700e-01  9.7287311550e-03 
 945.000  6.8997953300e-01  1.0116854670e-02 
 946.000  6.9933669300e-01  1.0276038170e-02 
 947.000  6.9510786600e-01  1.0519128800e-02 
 948.000  6.9931078600e-01  1.0769589420e-02 
 949.000  7.0152580200e-01  1.0787901880e-02 
 950.000  6.9690138900e-01  1.0765983580e-02 
 951.000  6.9276520700e-01  1.1148647310e-02 
 952.000  6.9269080000e-01  1.0689195630e-02 
 953.000  6.9077919800e-01  1.0997278210e-02 
 954.000  6.8410715000e-01  1.1289555550e-02 
 955.000  6.3899282900e-01  1.0266859050e-02 
 956.000  6.8165564400e-01  1.0911977770e-02 
 957.000  6.8130395300e-01  1.2002508160e-02 
 958.000  6.8655585800e-01  1.2283595090e-02 
 959.000  6.8920932400e-01  1.2130016330e-02 
 960.000  6.8269702900e-01  1.1965397830e-02 
 961.000  6.7537404900e-01  1.1739744190e-02 
 962.000  6.7873561000e-01  1.1893919940e-02 
 963.000  6.7733383600e-01  1.2614727020e-02 
 964.000  6.6958364000e-01  1.2589447020e-02 
 965.000  6.7776821000e-01  1.2668107990e-02 
 966.000  6.5820379600e-01  1.2350497250e-02 
 967.000  6.7777824000e-01  1.3344839100e-02 
 968.000  6.7030838200e-01  1.4226562500e-02 
 969.000  6.7440333000e-01  1.4765511510e-02 
 970.000  6.7622945700e-01  1.4828743930e-02 
 971.000  6.7024770400e-01  1.4678112030e-02 
 972.000  6.7499555900e-01  1.4639735220e-02 
 973.000  6.6875859900e-01  1.4200466160e-02 
 974.000  6.5850648700e-01  1.3625611310e-02 
 975.000  6.6179919200e-01  1.3451777460e-02 
 976.000  6.6980894600e-01  1.3890825270e-02 
 977.000  6.5282794500e-01  1.3972888950e-02 
 978.000  6.6897639000e-01  1.4280493740e-02 
 979.000  6.4953455300e-01  1.3979846000e-02 
 980.000  6.5870289800e-01  1.4650265690e-02 
 981.000  6.6318167500e-01  1.4868676190e-02 
 982.000  6.6175815900e-01  1.4720943450e-02 
 983.000  6.5996077400e-01  1.4955216410e-02 
 984.000  6.5554140600e-01  1.5164255140e-02 
 985.000  6.5522937100e-01  1.5347885130e-02 
 986.000  6.4988381400e-01  1.5491900440e-02 
 987.000  6.5727273000e-01  1.5792434690e-02 
 988.000  6.4916899300e-01  1.5621169090e-02 
 989.000  6.4092592400e-01  1.5433862690e-02 
 990.000  6.4638891200e-01  1.5589294430e-02 
 991.000  6.5163135300e-01  1.5816084860e-02 
 992.000  6.4560032400e-01  1.5683793070e-02 
 993.000  6.4555625400e-01  1.5674546240e-02 
 994.000  6.4879299300e-01  1.5834699630e-02 
 995.000  6.4396747900e-01  1.5785488130e-02 
 996.000  6.4385353300e-01  1.5759811400e-02 
 997.000  6.4458223700e-01  1.5698812480e-02 
 998.000  6.4221785500e-01  1.5570539470e-02 
 999.000  6.4064817800e-01  1.5489479060e-02 
1000.000  6.3553434700e-01  1.5361766820e-02 
1001.000  6.3926764500e-01  1.5323190690e-02 
1002.000  6.3854209400e-01  1.5121454240e-02 
1003.000  6.3101474400e-01  1.4974212650e-02 
1004.000  6.2558058800e-01  1.4935377120e-02 
1005.000  5.8445210900e-01  1.3988291740e-02 
1006.000  6.1491573300e-01  1.4724615100e-02 
1007.000  6.2618087300e-01  1.4950545310e-02 
1008.000  6.2907307000e-01  1.4869914050e-02 
1009.000  6.2556883200e-01  1.4604794500e-02 
1010.000  6.2776151400e-01  1.4723562240e-02 
1011.000  6.2404818400e-01  1.4819633480e-02 
1012.000  6.2408532900e-01  1.4890203480e-02 
1013.000  6.1947319500e-01  1.4834917070e-02 
1014.000  6.2337164600e-01  1.4986296650e-02 
1015.000  6.1185530700e-01  1.4749171260e-02 
1016.000  6.1571909800e-01  1.4906620030e-02 
1017.000  6.0958896200e-01  1.4798007010e-02 
1018.000  6.1765462500e-01  1.5003011700e-02 
1019.000  6.0377869600e-01  1.4625939370e-02 
1020.000  6.0243345000e-01  1.4576257710e-02 
1021.000  6.0825799400e-01  1.4690035820e-02 
1022.000  5.9941846600e-01  1.4310519220e-02 
1023.000  6.1118717200e-01  1.4441476820e-02 
1024.000  6.0824408700e-01  1.4253089900e-02 
1025.000  6.0752372700e-01  1.4281812670e-02 
1026.000  6.0798590300e-01  1.4328751560e-02 
1027.000  6.0442548600e-01  1.4267347340e-02 
1028.000  6.0575408700e-01  1.4367079730e-02 
1029.000  5.9630404400e-01  1.4240426060e-02 
1030.000  6.0205209000e-01  1.4486797330e-02 
1031.000  6.0002485900e-01  1.4517850880e-02 
1032.000  5.9780413700e-01  1.4516048430e-02 
1033.000  5.8677572700e-01  1.4223258020e-02 
1034.000  5.9292385300e-01  1.4349678040e-02 
1035.000  5.8652817200e-01  1.4198217390e-02 
1036.000  5.9422671000e-01  1.4329889300e-02 
1037.000  5.8170489900e-01  1.3999751090e-02 
1038.000  5.8742296900e-01  1.4109198570e-02 
1039.000  5.8993225200e-01  1.4131478310e-02 
1040.000  5.8304129300e-01  1.3930961610e-02 
1041.000  5.8617308500e-01  1.3973240850e-02 
1042.000  5.8794055200e-01  1.3986407280e-02 
1043.000  5.7780749700e-01  1.3718428610e-02 
1044.000  5.8362596200e-01  1.3825541500e-02 
1045.000  5.8129048800e-01  1.3804901120e-02 
1046.000  5.6449648000e-01  1.3451830860e-02 
1047.000  5.7500919400e-01  1.3747239110e-02 
1048.000  5.8090021000e-01  1.3935554500e-02 
1049.000  5.7733419300e-01  1.3898818970e-02 
1050.000  5.7407133000e-01  1.3856785770e-02 
1051.000  5.7439951300e-01  1.3834311490e-02 
1052.000  5.7189780400e-01  1.3730069160e-02 
1053.000  5.7217898000e-01  1.3705364230e-02 
1054.000  5.6658214000e-01  1.3519077300e-02 
1055.000  5.7102950400e-01  1.3572592740e-02 
1056.000  5.6974761200e-01  1.3495656970e-02 
1057.000  5.6932629500e-01  1.3437683110e-02 
1058.000  5.6436848700e-01  1.3251399040e-02 
1059.000  5.4656519600e-01  1.2856133460e-02 
1060.000  5.6576217100e-01  1.3370727540e-02 
1061.000  5.4605777800e-01  1.2910802840e-02 
1062.000  5.6182429300e-01  1.3247488020e-02 
1063.000  5.5255861300e-01  1.2998226170e-02 
1064.000  5.5998514300e-01  1.3079494480e-02 
1065.000  5.5989633100e-01  1.2972164150e-02 
1066.000  5.4269248900e-01  1.2528395650e-02 
1067.000  5.5587462900e-01  1.2768018720e-02 
1068.000  5.5453263700e-01  1.2594741820e-02 
1069.000  5.1317235600e-01  1.1593626980e-02 
1070.000  5.4348595300e-01  1.2322833060e-02 
1071.000  5.4489724500e-01  1.2337144850e-02 
1072.000  5.4725971500e-01  1.2374512670e-02 
1073.000  5.2935142400e-01  1.1994991300e-02 
1074.000  5.4782631100e-01  1.2458884240e-02 
1075.000  5.3007946200e-01  1.2160746570e-02 
1076.000  5.4222001200e-01  1.2403726580e-02 
1077.000  5.4163329300e-01  1.2339904790e-02 
1078.000  5.4375803800e-01  1.2329742430e-02 
1079.000  5.2292639400e-01  1.1861378670e-02 
1080.000  5.4033024700e-01  1.2088995930e-02 
1081.000  5.2054789100e-01  1.1631809230e-02 
1082.000  5.2638462200e-01  1.1788966180e-02 
1083.000  5.1310699100e-01  1.1356751440e-02 
1084.000  5.3372834900e-01  1.1672058110e-02 
1085.000  5.2912197100e-01  1.1323720930e-02 
1086.000  5.3547009800e-01  1.1458700180e-02 
1087.000  5.0018778300e-01  1.0889231680e-02 
1088.000  5.3040076400e-01  1.1610619540e-02 
1089.000  5.1318314400e-01  1.1014389040e-02 
1090.000  5.2491494500e-01  1.1265789990e-02 
1091.000  5.2771753300e-01  1.1427158360e-02 
1092.000  5.1695902300e-01  1.1119219780e-02 
1093.000  5.1383125300e-01  1.0826729770e-02 
1094.000  4.6881821600e-01  9.7444686890e-03 
1095.000  5.0722513900e-01  1.0518490790e-02 
1096.000  5.0796064600e-01  1.0510920520e-02 
1097.000  4.9875547900e-01  1.0223752980e-02 
1098.000  4.9780451600e-01  9.5993671420e-03 
1099.000  5.0229454800e-01  9.1384210590e-03 
1100.000  5.1070883700e-01  9.3259601590e-03 
1101.000  5.0912687000e-01  9.3653087620e-03 
1102.000  4.8821173900e-01  8.9410152440e-03 
1103.000  5.0724831200e-01  9.3301067350e-03 
1104.000  5.0400226300e-01  9.1787424090e-03 
1105.000  5.0436323000e-01  8.9696750640e-03 
1106.000  5.0125222600e-01  8.7174806590e-03 
1107.000  5.0035442700e-01  8.7373781200e-03 
1108.000  4.9851411200e-01  8.7233610150e-03 
1109.000  4.9982958300e-01  8.8922948840e-03 
1110.000  5.0239375800e-01  8.8855609890e-03 
1111.000  4.9635866800e-01  8.6711063390e-03 
1112.000  4.9194514000e-01  8.2016925810e-03 
1113.000  4.9022152500e-01  7.7036752700e-03 
1114.000  4.9552961900e-01  7.6345305440e-03 
1115.000  4.9053878900e-01  7.1070380210e-03 
1116.000  4.8433229600e-01  6.7843642230e-03 
1117.000  4.9007653100e-01  6.4139060970e-03 
1118.000  4.8494306400e-01  5.9937767980e-03 
1119.000  4.7138181200e-01  5.6743788720e-03 
1120.000  4.7233143000e-01  5.5305294990e-03 
1121.000  4.7533773900e-01  5.5344476700e-03 
1122.000  4.7313275400e-01  5.3762788770e-03 
1123.000  4.7535542800e-01  5.4727067950e-03 
1124.000  4.7627057500e-01  5.5325627330e-03 
1125.000  4.6634689100e-01  5.3916110990e-03 
1126.000  4.5742749700e-01  5.2785420420e-03 
1127.000  4.7291378500e-01  5.4681410790e-03 
1128.000  4.6426798700e-01  5.3898444180e-03 
1129.000  4.6716422800e-01  5.5678048130e-03 
1130.000  4.6808193700e-01  5.9964361190e-03 
1131.000  4.7321218000e-01  6.1996684070e-03 
1132.000  4.7421148200e-01  6.0215663910e-03 
1133.000  4.6196285400e-01  5.5676608090e-03 
1134.000  4.5656370200e-01  5.0964808460e-03 
1135.000  4.6254602200e-01  5.1894545560e-03 
1136.000  4.6446404000e-01  5.6403036120e-03 
1137.000  4.7126253200e-01  6.0462918280e-03 
1138.000  4.5520161100e-01  6.2014985080e-03 
1139.000  4.6541618500e-01  6.4969234470e-03 
1140.000  4.6664337000e-01  6.4362311360e-03 
1141.000  4.5315367600e-01  6.1124510770e-03 
1142.000  4.6541923600e-01  6.2217655180e-03 
1143.000  4.5704117200e-01  5.9471545220e-03 
1144.000  4.5376577600e-01  5.7368855480e-03 
1145.000  4.5638396800e-01  5.5514593120e-03 
1146.000  4.6106153600e-01  5.6547374730e-03 
1147.000  4.6339989400e-01  5.8605198860e-03 
1148.000  4.5899299900e-01  5.9762511250e-03 
1149.000  4.6046626300e-01  6.0716228490e-03 
1150.000  4.5851112500e-01  6.0635766980e-03 
1151.000  4.5716590800e-01  6.1780376430e-03 
1152.000  4.5631167500e-01  6.2344722750e-03 
1153.000  4.5551448400e-01  6.3228640560e-03 
1154.000  4.5899338700e-01  6.3626027110e-03 
1155.000  4.6057276800e-01  6.5933780670e-03 
1156.000  4.5432994700e-01  6.7384881970e-03 
1157.000  4.5858933900e-01  7.3601875310e-03 
1158.000  4.5866123600e-01  7.6739673610e-03 
1159.000  4.5217720700e-01  7.8713440900e-03 
1160.000  4.4643267000e-01  7.9133267400e-03 
1161.000  4.3680448800e-01  8.0691719060e-03 
1162.000  4.5261714200e-01  8.6375064850e-03 
1163.000  4.5449663500e-01  8.9917526250e-03 
1164.000  4.4526492000e-01  8.8737697600e-03 
1165.000  4.5385920900e-01  9.0998582840e-03 
1166.000  4.4208671500e-01  8.9456930160e-03 
1167.000  4.4925710900e-01  9.1433877940e-03 
1168.000  4.5318385800e-01  9.2119913100e-03 
1169.000  4.3751271600e-01  8.9436244960e-03 
1170.000  4.4927868900e-01  9.2286424640e-03 
1171.000  4.5135744400e-01  9.3729581830e-03 
1172.000  4.4994506300e-01  9.2858963010e-03 
1173.000  4.4681075700e-01  9.1673307420e-03 
1174.000  4.4703718600e-01  9.1757888790e-03 
1175.000  4.4180390200e-01  9.2193050380e-03 
1176.000  4.3113799700e-01  9.1360626220e-03 
1177.000  4.4445039100e-01  9.3479528430e-03 
1178.000  4.3694310200e-01  9.0532522200e-03 
1179.000  4.3498339500e-01  9.0127782820e-03 
1180.000  4.4108970100e-01  9.0891819000e-03 
1181.000  4.3883615200e-01  8.9188756940e-03 
1182.000  4.3939144600e-01  8.8028945920e-03 
1183.000  4.1387984800e-01  8.2998275760e-03 
1184.000  4.3253336600e-01  8.7373218540e-03 
1185.000  4.3825660200e-01  9.0197095870e-03 
1186.000  4.3564829000e-01  8.9080400470e-03 
1187.000  4.3580302800e-01  8.7305316930e-03 
1188.000  4.3356673800e-01  8.6272592540e-03 
1189.000  4.0820162800e-01  8.1962051390e-03 
1190.000  4.2827541800e-01  8.8336038590e-03 
1191.000  4.3495301300e-01  9.0162525180e-03 
1192.000  4.3258497400e-01  9.0506610870e-03 
1193.000  4.3275182300e-01  8.9873409270e-03 
1194.000  4.3193825100e-01  8.9457874300e-03 
1195.000  4.2709614300e-01  8.7346916200e-03 
1196.000  4.2682675800e-01  8.7475414280e-03 
1197.000  4.2671387200e-01  8.6931591030e-03 
1198.000  4.1238195400e-01  8.3915815350e-03 
1199.000  3.9705693200e-01  8.0194063190e-03 
1200.000  4.2208749700e-01  8.5621652600e-03 
1201.000  4.2511597800e-01  8.6427497860e-03 
1202.000  4.2593158100e-01  8.6847639080e-03 
1203.000  4.0514371300e-01  8.2372817990e-03 
1204.000  4.1185799600e-01  8.4078283310e-03 
1205.000  4.2141134600e-01  8.8004970550e-03 
1206.000  4.1884781400e-01  8.8399896620e-03 
1207.000  4.2166052900e-01  8.9386196140e-03 
1208.000  4.1552232600e-01  8.7785129550e-03 
1209.000  3.8956141900e-01  8.1830997470e-03 
1210.000  4.1684070800e-01  8.6754217150e-03 
1211.000  4.0291655300e-01  8.3791666030e-03 
1212.000  4.1553154900e-01  8.6744890210e-03 
1213.000  4.1706758600e-01  8.7991542820e-03 
1214.000  4.1528251300e-01  8.7632522580e-03 
1215.000  4.1670911100e-01  8.8373765950e-03 
1216.000  4.1547709300e-01  8.9570684430e-03 
1217.000  4.1461286800e-01  9.0581016540e-03 
1218.000  4.1316235000e-01  9.0768318180e-03 
1219.000  4.0929587800e-01  9.0181512830e-03 
1220.000  4.1204717500e-01  9.0685749050e-03 
1221.000  4.1119385200e-01  9.0505189900e-03 
1222.000  4.0891633900e-01  8.9927845000e-03 
1223.000  4.0691470400e-01  8.9757595060e-03 
1224.000  4.0985593800e-01  9.1354703900e-03 
1225.000  4.0753221500e-01  9.1160011290e-03 
1226.000  4.0886049900e-01  9.1872291560e-03 
1227.000  3.9483084200e-01  8.9302453990e-03 
1228.000  4.0692991400e-01  9.2746858600e-03 
1229.000  4.0625429000e-01  9.3082323070e-03 
1230.000  4.0462540500e-01  9.3281869890e-03 
1231.000  4.0449273300e-01  9.3595695500e-03 
1232.000  3.9989359800e-01  9.2683687210e-03 
1233.000  4.0301331300e-01  9.3511209490e-03 
1234.000  4.0154619900e-01  9.3914699550e-03 
1235.000  3.9867381700e-01  9.3470220570e-03 
1236.000  4.0093280800e-01  9.4084873200e-03 
1237.000  4.0082707600e-01  9.4297876360e-03 
1238.000  4.0054275400e-01  9.4295425420e-03 
1239.000  3.9595917900e-01  9.3234014510e-03 
1240.000  3.9418180500e-01  9.3216781620e-03 
1241.000  3.9778985600e-01  9.4426603320e-03 
1242.000  3.9557108600e-01  9.4227371220e-03 
1243.000  3.9124083100e-01  9.3533411030e-03 
1244.000  3.8789205700e-01  9.2957820890e-03 
1245.000  3.9467180700e-01  9.4748268130e-03 
1246.000  3.9173803300e-01  9.3578929900e-03 
1247.000  3.8995066000e-01  9.2673292160e-03 
1248.000  3.9311845900e-01  9.2934913640e-03 
1249.000  3.9178756100e-01  9.2231922150e-03 
1250.000  3.9039309200e-01  9.1437845230e-03 
1251.000  3.8786160300e-01  9.0499134060e-03 
1252.000  3.8686454400e-01  8.9889287950e-03 
1253.000  3.8384061300e-01  8.8791790010e-03 
1254.000  3.8516710800e-01  8.8411798480e-03 
1255.000  3.8475573600e-01  8.7834711070e-03 
1256.000  3.8416150000e-01  8.7289829250e-03 
1257.000  3.8004670800e-01  8.5492467880e-03 
1258.000  3.8203892200e-01  8.4514846800e-03 
1259.000  3.7814285250e-01  8.2455148700e-03 
1260.000  3.7895901310e-01  8.1376037600e-03 
1261.000  3.7851168410e-01  7.9999766350e-03 
1262.000  3.7041232500e-01  7.6726388930e-03 
1263.000  3.7490482050e-01  7.7488708500e-03 
1264.000  3.6906765960e-01  7.6271834370e-03 
1265.000  3.6974004870e-01  7.6542768480e-03 
1266.000  3.7212782730e-01  7.6798305510e-03 
1267.000  3.6515848850e-01  7.5102934840e-03 
1268.000  3.6156229490e-01  7.3996281620e-03 
1269.000  3.6494675790e-01  7.4520468710e-03 
1270.000  3.6895788190e-01  7.6611046790e-03 
1271.000  3.7100659280e-01  7.7664279940e-03 
1272.000  3.6990946230e-01  7.8055891990e-03 
1273.000  3.6959127190e-01  7.8658528330e-03 
1274.000  3.6738406660e-01  7.8886265750e-03 
1275.000  3.6954620850e-01  7.9609179500e-03 
1276.000  3.7013963750e-01  7.9814925190e-03 
1277.000  3.6986322760e-01  7.9698867800e-03 
1278.000  3.6880300010e-01  7.9377651210e-03 
1279.000  3.6633426770e-01  7.9062309270e-03 
1280.000  3.6417072110e-01  7.9506225590e-03 
1281.000  3.5378437910e-01  7.8104610440e-03 
1282.000  3.1416753830e-01  7.0126867290e-03 
1283.000  3.4479323250e-01  7.7570872310e-03 
1284.000  3.5902093540e-01  8.1178665160e-03 
1285.000  3.6165399590e-01  8.1966218950e-03 
1286.000  3.6153540650e-01  8.1612119670e-03 
1287.000  3.6374648370e-01  8.1547613140e-03 
1288.000  3.6146611850e-01  7.9236493110e-03 
1289.000  3.6362091630e-01  7.9173321720e-03 
1290.000  3.5528927060e-01  7.7183399200e-03 
1291.000  3.6015268770e-01  7.8051338200e-03 
1292.000  3.6165561190e-01  7.8572702410e-03 
1293.000  3.6197888470e-01  7.8255777360e-03 
1294.000  3.5623362360e-01  7.5855073930e-03 
1295.000  3.6006886670e-01  7.5230908390e-03 
1296.000  3.6033375540e-01  7.4224214550e-03 
1297.000  3.5811225120e-01  7.3152341840e-03 
1298.000  3.5491251200e-01  7.2552032470e-03 
1299.000  3.5847595110e-01  7.3314185140e-03 
1300.000  3.5703656210e-01  7.3060512540e-03 
1301.000  3.5646801350e-01  7.2746853830e-03 
1302.000  3.5189478080e-01  7.0957517620e-03 
1303.000  3.5000494480e-01  6.8808903690e-03 
1304.000  3.5023322320e-01  6.7933449750e-03 
1305.000  3.5238996620e-01  6.7832975390e-03 
1306.000  3.5272572080e-01  6.7330942150e-03 
1307.000  3.5168421760e-01  6.6741981510e-03 
1308.000  3.5138466330e-01  6.5824198720e-03 
1309.000  3.5107153910e-01  6.4550642970e-03 
1310.000  3.4961369410e-01  6.4240107540e-03 
1311.000  3.4854275640e-01  6.4101152420e-03 
1312.000  3.4745716690e-01  6.2461810110e-03 
1313.000  3.3462417800e-01  5.8444151880e-03 
1314.000  3.4506953160e-01  5.8777298930e-03 
1315.000  3.3345062680e-01  5.7498426440e-03 
1316.000  3.4120755320e-01  5.9927134510e-03 
1317.000  3.4487831800e-01  6.0570278170e-03 
1318.000  3.3999824330e-01  5.7909650800e-03 
1319.000  3.4465575280e-01  5.6388664250e-03 
1320.000  3.4211148760e-01  5.3632521630e-03 
1321.000  3.4060865330e-01  5.2559337620e-03 
1322.000  3.3992847510e-01  5.3732385640e-03 
1323.000  3.4068083730e-01  5.5344405170e-03 
1324.000  3.4086205590e-01  5.6256113050e-03 
1325.000  3.3977243380e-01  5.5441889760e-03 
1326.000  3.3818307650e-01  5.3613667490e-03 
1327.000  3.3548275510e-01  5.0157985690e-03 
1328.000  3.3636762020e-01  4.7589445110e-03 
1329.000  3.2409151080e-01  4.1888456340e-03 
1330.000  3.2916464460e-01  4.1192855830e-03 
1331.000  3.3063095280e-01  4.0579261780e-03 
1332.000  3.2308498250e-01  3.9889056680e-03 
1333.000  3.3162384110e-01  4.1654219630e-03 
1334.000  3.3203876130e-01  4.2696404460e-03 
1335.000  3.3232380720e-01  4.3470826150e-03 
1336.000  3.2872622520e-01  4.3250246050e-03 
1337.000  3.2979055040e-01  4.3450012210e-03 
1338.000  3.2954709500e-01  4.3959794040e-03 
1339.000  3.2600617260e-01  4.3554115300e-03 
1340.000  3.2366609390e-01  4.3697304730e-03 
1341.000  3.2855153710e-01  4.3805303570e-03 
1342.000  3.2774748330e-01  4.3762936590e-03 
1343.000  3.2771872350e-01  4.1943488120e-03 
1344.000  3.2622073620e-01  4.0205755230e-03 
1345.000  3.2371992870e-01  3.6996786590e-03 
1346.000  3.1854822890e-01  3.5063159470e-03 
1347.000  3.1915347990e-01  3.4349794390e-03 
1348.000  3.1557586340e-01  3.3157072070e-03 
1349.000  3.1343344120e-01  3.2540864940e-03 
1350.000  3.0703446160e-01  3.1108803750e-03 
1351.000  3.0486622830e-01  3.0361504550e-03 
1352.000  3.0542327020e-01  2.9627058510e-03 
1353.000  2.9957024240e-01  2.8092184070e-03 
1354.000  2.9595175900e-01  2.7189300060e-03 
1355.000  2.9031072110e-01  2.6055738930e-03 
1356.000  2.8603672510e-01  2.4995706080e-03 
1357.000  2.7933677500e-01  2.3574600220e-03 
1358.000  2.7973399940e-01  2.2707028390e-03 
1359.000  2.7201636130e-01  2.0559856890e-03 
1360.000  2.6204738310e-01  1.8855432270e-03 
1361.000  2.6424473650e-01  1.8392267230e-03 
1362.000  2.6198104330e-01  1.8059260850e-03 
1363.000  2.6224429560e-01  1.9025926590e-03 
1364.000  2.6751510990e-01  1.9729334120e-03 
1365.000  2.6737855750e-01  1.9893916850e-03 
1366.000  2.6925637750e-01  2.0401911740e-03 
1367.000  2.6430623290e-01  1.9552577730e-03 
1368.000  2.6432989670e-01  1.9114760160e-03 
1369.000  2.5956748820e-01  1.8874374630e-03 
1370.000  2.6507956550e-01  2.0377092360e-03 
1371.000  2.7286038640e-01  2.2506599430e-03 
1372.000  2.8369997610e-01  2.4987692830e-03 
1373.000  2.8780346620e-01  2.6308925150e-03 
1374.000  2.9109146260e-01  2.7111454010e-03 
1375.000  2.8700155310e-01  2.6952085490e-03 
1376.000  2.8271218410e-01  2.6380949020e-03 
1377.000  2.8529088500e-01  2.6259274480e-03 
1378.000  2.8039229610e-01  2.5119030480e-03 
1379.000  2.7853757430e-01  2.3907525540e-03 
1380.000  2.6854817920e-01  2.1604559420e-03 
1381.000  2.6249358620e-01  1.9720762970e-03 
1382.000  2.5434877390e-01  1.8347764020e-03 
1383.000  2.5657383470e-01  1.8421000240e-03 
1384.000  2.6227079420e-01  1.9979203940e-03 
1385.000  2.6435467290e-01  2.1035127640e-03 
1386.000  2.7233377030e-01  2.2736313340e-03 
1387.000  2.7623773620e-01  2.4647865300e-03 
1388.000  2.8202820170e-01  2.5879426000e-03 
1389.000  2.8427348500e-01  2.6392359730e-03 
1390.000  2.7926181800e-01  2.6018435960e-03 
1391.000  2.8199727890e-01  2.6022565360e-03 
1392.000  2.7755603350e-01  2.4878542420e-03 
1393.000  2.7301181890e-01  2.3753197190e-03 
1394.000  2.6696012150e-01  2.2550737860e-03 
1395.000  2.6826081520e-01  2.2963891030e-03 
1396.000  2.7419065730e-01  2.4280703070e-03 
1397.000  2.7725858800e-01  2.5191748140e-03 
1398.000  2.7747003390e-01  2.5282516480e-03 
1399.000  2.7565679290e-01  2.4899954800e-03 
1400.000  2.6765310170e-01  2.4069287780e-03 
1401.000  2.6886504330e-01  2.4236354830e-03 
1402.000  2.7542962420e-01  2.5314083100e-03 
1403.000  2.7473036410e-01  2.5534498690e-03 
1404.000  2.7264740690e-01  2.5159137250e-03 
1405.000  2.7281375020e-01  2.5188572410e-03 
1406.000  2.7242905770e-01  2.4918954370e-03 
1407.000  2.7269953890e-01  2.4918298720e-03 
1408.000  2.7354179090e-01  2.5448756220e-03 
1409.000  2.7645728740e-01  2.6036925320e-03 
1410.000  2.7764877660e-01  2.6702866550e-03 
1411.000  2.7972069780e-01  2.7278375630e-03 
1412.000  2.6879012440e-01  2.6157453060e-03 
1413.000  2.7398068660e-01  2.6766874790e-03 
1414.000  2.7756401360e-01  2.6953413490e-03 
1415.000  2.7740293440e-01  2.7128882410e-03 
1416.000  2.7689427490e-01  2.7254779340e-03 
1417.000  2.7891536990e-01  2.7392535210e-03 
1418.000  2.7902438460e-01  2.7356233600e-03 
1419.000  2.7505029810e-01  2.6900844570e-03 
1420.000  2.7444670790e-01  2.6857883930e-03 
1421.000  2.7900172790e-01  2.7557516100e-03 
1422.000  2.7276778970e-01  2.7022035120e-03 
1423.000  2.7110686860e-01  2.6811134820e-03 
1424.000  2.7135201050e-01  2.6712796690e-03 
1425.000  2.7658802520e-01  2.6984555720e-03 
1426.000  2.6539605260e-01  2.5810101030e-03 
1427.000  2.6953719460e-01  2.6275758740e-03 
1428.000  2.7538719180e-01  2.6878654960e-03 
1429.000  2.6892867140e-01  2.6298522950e-03 
1430.000  2.6308694390e-01  2.5575535300e-03 
1431.000  2.6248366050e-01  2.5063855650e-03 
1432.000  2.6725506350e-01  2.5225718020e-03 
1433.000  2.6739080120e-01  2.5126461980e-03 
1434.000  2.6200166130e-01  2.4433040620e-03 
1435.000  2.6519827820e-01  2.4867718220e-03 
1436.000  2.6523404690e-01  2.4870955940e-03 
1437.000  2.6628171690e-01  2.4915380480e-03 
1438.000  2.6563381270e-01  2.5030517580e-03 
1439.000  2.6877432930e-01  2.5266072750e-03 
1440.000  2.5213708940e-01  2.3722157480e-03 
1441.000  2.6484274200e-01  2.4867155550e-03 
1442.000  2.5867647730e-01  2.4090709690e-03 
1443.000  2.6297184490e-01  2.4377233980e-03 
1444.000  2.6425059670e-01  2.4472165110e-03 
1445.000  2.6345299810e-01  2.4311144350e-03 
1446.000  2.6628108790e-01  2.4649560450e-03 
1447.000  2.6506379470e-01  2.4611809250e-03 
1448.000  2.6709020040e-01  2.4712316990e-03 
1449.000  2.6698382000e-01  2.4464921950e-03 
1450.000  2.6518743300e-01  2.3973946570e-03 
1451.000  2.6347739660e-01  2.3764812950e-03 
1452.000  2.6023356460e-01  2.3669300080e-03 
1453.000  2.6518671520e-01  2.4667704110e-03 
1454.000  2.6621716380e-01  2.5511076450e-03 
1455.000  2.6285005690e-01  2.5709674360e-03 
1456.000  2.6273000900e-01  2.6278581620e-03 
1457.000  2.6524906820e-01  2.6475410460e-03 
1458.000  2.6887588810e-01  2.6838033200e-03 
1459.000  2.6987474750e-01  2.6215794090e-03 
1460.000  2.6528311510e-01  2.5158329010e-03 
1461.000  2.6470355430e-01  2.4697337150e-03 
1462.000  2.6181266460e-01  2.3681447510e-03 
1463.000  2.6006641740e-01  2.3372466560e-03 
1464.000  2.5989503580e-01  2.3048720360e-03 
1465.000  2.6290071290e-01  2.2798011300e-03 
1466.000  2.5663892830e-01  2.1709456440e-03 
1467.000  2.6279027160e-01  2.1833913330e-03 
1468.000  2.5632280070e-01  2.0901272300e-03 
1469.000  2.5914912290e-01  2.0630812640e-03 
1470.000  2.5765433470e-01  2.0253052710e-03 
1471.000  2.5358011650e-01  2.0191385750e-03 
1472.000  2.5511248770e-01  2.0793621540e-03 
1473.000  2.5735729790e-01  2.1900811200e-03 
1474.000  2.5027161320e-01  2.2135689260e-03 
1475.000  2.5559291160e-01  2.2476518150e-03 
1476.000  2.5599703560e-01  2.2380001540e-03 
1477.000  2.5674823070e-01  2.1999919410e-03 
1478.000  2.5303447890e-01  2.1256649490e-03 
1479.000  2.5593324290e-01  2.0978150370e-03 
1480.000  2.5733552370e-01  2.1212899680e-03 
1481.000  2.5349920620e-01  2.1278293130e-03 
1482.000  2.5665542620e-01  2.2036802770e-03 
1483.000  2.5136910750e-01  2.1670649050e-03 
1484.000  2.5369260480e-01  2.1842732430e-03 
1485.000  2.5852164820e-01  2.2106475830e-03 
1486.000  2.5426181350e-01  2.2232260700e-03 
1487.000  2.5455261290e-01  2.3391277790e-03 
1488.000  2.2253006890e-01  2.0517048840e-03 
1489.000  2.5551159430e-01  2.5262050630e-03 
1490.000  2.5610643800e-01  2.6963067050e-03 
1491.000  2.5865197190e-01  2.8444867130e-03 
1492.000  2.5264175830e-01  2.8001797200e-03 
1493.000  2.5831927440e-01  2.9504163270e-03 
1494.000  2.5733791470e-01  2.9470024110e-03 
1495.000  2.5553735750e-01  3.0051457880e-03 
1496.000  2.4798058180e-01  3.0527760980e-03 
1497.000  2.5380484390e-01  3.1168291570e-03 
1498.000  2.5637535040e-01  3.2768976690e-03 
1499.000  2.5206328400e-01  3.3397724630e-03 
1500.000  2.5636175580e-01  3.4828414920e-03 
1501.000  2.5599578750e-01  3.4327185150e-03 
1502.000  2.5401857650e-01  3.3452320100e-03 
1503.000  2.2809378350e-01  2.9592506890e-03 
1504.000  2.3763816080e-01  3.1049289700e-03 
1505.000  2.3689989570e-01  3.2047286030e-03 
1506.000  2.4009377390e-01  3.2754502300e-03 
1507.000  2.5110554680e-01  3.5338249210e-03 
1508.000  2.4718459650e-01  3.5449161530e-03 
1509.000  2.4825245430e-01  3.6341078280e-03 
1510.000  2.5208864630e-01  3.7288885120e-03 
1511.000  2.5323506490e-01  3.8064441680e-03 
1512.000  2.4848127730e-01  3.7780628200e-03 
1513.000  2.4806529150e-01  3.8092184070e-03 
1514.000  2.4466969660e-01  3.7782933710e-03 
1515.000  2.4947772290e-01  3.8724312780e-03 
1516.000  2.4716269170e-01  3.8111102580e-03 
1517.000  2.4569898760e-01  3.7757532600e-03 
1518.000  2.5022737560e-01  3.8584415910e-03 
1519.000  2.4651386240e-01  3.8200547700e-03 
1520.000  2.4803047340e-01  3.9149734970e-03 
1521.000  2.4330617460e-01  3.9295306210e-03 
1522.000  2.4188225380e-01  3.9527251720e-03 
1523.000  2.4776976970e-01  4.1110138890e-03 
1524.000  2.4601107580e-01  4.1116065980e-03 
1525.000  2.4052872180e-01  4.0328788760e-03 
1526.000  2.4730400390e-01  4.1279439930e-03 
1527.000  2.4463127840e-01  4.0826821330e-03 
1528.000  2.4611448880e-01  4.1146202090e-03 
1529.000  2.4533584840e-01  4.0775909420e-03 
1530.000  2.2950423900e-01  3.8152036670e-03 
1531.000  2.4522892850e-01  4.0519428250e-03 
1532.000  2.4365594740e-01  4.0037541390e-03 
1533.000  2.4242500120e-01  3.9503555300e-03 
1534.000  2.3857248410e-01  3.8536660670e-03 
1535.000  2.3918669640e-01  3.8304851060e-03 
1536.000  2.4238522770e-01  3.9163281920e-03 
1537.000  2.4294794560e-01  3.9752306940e-03 
1538.000  2.3610336080e-01  3.9139418600e-03 
1539.000  2.4093117380e-01  4.0433087350e-03 
1540.000  2.3210295300e-01  3.9353172780e-03 
1541.000  2.3686531630e-01  4.0209341050e-03 
1542.000  2.3827376840e-01  4.0393013950e-03 
1543.000  2.3738734240e-01  4.0267395970e-03 
1544.000  2.4007237410e-01  4.0794801710e-03 
1545.000  2.4047394590e-01  4.1020102500e-03 
1546.000  2.4026710070e-01  4.1284656520e-03 
1547.000  2.3761506300e-01  4.1106867790e-03 
1548.000  2.3040993460e-01  4.0118832590e-03 
1549.000  2.3631543420e-01  4.1314916610e-03 
1550.000  2.3500336210e-01  4.1228823660e-03 
1551.000  2.3377319650e-01  4.0914492610e-03 
1552.000  2.3774679730e-01  4.1393737790e-03 
1553.000  2.3640550950e-01  4.0998554230e-03 
1554.000  2.2774363880e-01  3.9281680580e-03 
1555.000  2.3139618320e-01  3.9782333370e-03 
1556.000  2.2689110050e-01  3.9237992760e-03 
1557.000  2.3425625280e-01  4.1042113300e-03 
1558.000  2.3246176150e-01  4.1176176070e-03 
1559.000  2.3257294280e-01  4.1622157100e-03 
1560.000  2.2855670590e-01  4.1380996700e-03 
1561.000  2.3399447530e-01  4.2488446240e-03 
1562.000  2.3406958420e-01  4.2236924170e-03 
1563.000  2.3073023530e-01  4.1447734830e-03 
1564.000  2.2638700580e-01  4.0389628410e-03 
1565.000  2.3030049910e-01  4.0741519930e-03 
1566.000  2.2593654860e-01  4.0024166110e-03 
1567.000  2.2658925490e-01  4.0173802380e-03 
1568.000  2.2278015670e-01  3.9408640860e-03 
1569.000  2.2460862860e-01  3.9602999690e-03 
1570.000  2.1957127730e-01  3.8711068630e-03 
1571.000  2.2545465330e-01  4.0026807790e-03 
1572.000  2.2565739260e-01  4.0176496510e-03 
1573.000  2.2188092710e-01  3.9807801250e-03 
1574.000  2.2210253610e-01  4.0238156320e-03 
1575.000  2.0598268610e-01  3.7613916400e-03 
1576.000  2.2129361230e-01  4.0440206530e-03 
1577.000  1.9973228730e-01  3.6176338200e-03 
1578.000  2.1844916530e-01  3.9215815070e-03 
1579.000  2.1938302870e-01  3.9090502260e-03 
1580.000  2.2328883720e-01  3.9584975240e-03 
1581.000  2.2180816520e-01  3.9003837110e-03 
1582.000  2.1671044390e-01  3.8436391350e-03 
1583.000  2.1879938730e-01  3.9123570920e-03 
1584.000  2.1633698750e-01  3.9000861640e-03 
1585.000  2.2236090400e-01  4.0350208280e-03 
1586.000  2.1956794860e-01  3.9949724670e-03 
1587.000  2.1689224130e-01  3.9733445640e-03 
1588.000  2.1342293930e-01  3.9342677590e-03 
1589.000  1.9520966420e-01  3.6075689790e-03 
1590.000  2.1036266600e-01  3.8991770740e-03 
1591.000  2.0564919410e-01  3.8253328800e-03 
1592.000  2.1655661620e-01  4.0362062450e-03 
1593.000  2.2147436940e-01  4.1316304210e-03 
1594.000  2.1991996780e-01  4.1055378910e-03 
1595.000  2.2138490240e-01  4.1349263190e-03 
1596.000  2.0737890930e-01  3.8893222810e-03 
1597.000  2.1583690240e-01  4.0423231120e-03 
1598.000  2.1991000860e-01  4.1043386460e-03 
1599.000  2.1254820980e-01  3.9477539060e-03 
1600.000  2.1609051340e-01  4.0021190640e-03 
1601.000  2.0699391930e-01  3.8495335580e-03 
1602.000  2.1228717540e-01  3.9821763040e-03 
1603.000  2.1067692930e-01  4.0033078190e-03 
1604.000  2.1326413340e-01  4.1107831000e-03 
1605.000  2.1011102870e-01  4.0892319680e-03 
1606.000  2.0925557060e-01  4.1140995030e-03 
1607.000  2.1013516660e-01  4.0983872410e-03 
1608.000  2.1252942540e-01  4.1129455570e-03 
1609.000  2.1171238600e-01  4.0712943080e-03 
1610.000  1.9850174620e-01  3.7967300420e-03 
1611.000  2.0420823430e-01  3.9006845950e-03 
1612.000  2.0595436430e-01  3.9308500290e-03 
1613.000  2.1035014380e-01  4.0098552700e-03 
1614.000  2.0828571960e-01  3.9414229390e-03 
1615.000  2.1154991020e-01  3.9927129750e-03 
1616.000  1.9820865550e-01  3.7282931800e-03 
1617.000  2.0392136540e-01  3.8800761700e-03 
1618.000  2.1027522410e-01  4.0269455910e-03 
1619.000  2.0953111480e-01  4.0585837360e-03 
1620.000  2.0418055370e-01  3.9992253780e-03 
1621.000  2.0111977780e-01  3.9761459830e-03 
1622.000  2.0618207360e-01  4.0821518900e-03 
1623.000  2.1031030000e-01  4.1789183620e-03 
1624.000  2.1176370580e-01  4.2179040910e-03 
1625.000  2.0644568080e-01  4.1376619340e-03 
1626.000  2.0897712000e-01  4.1786451340e-03 
1627.000  2.0870751490e-01  4.1926651000e-03 
1628.000  2.1038468380e-01  4.2368235590e-03 
1629.000  2.1035415050e-01  4.2449259760e-03 
1630.000  2.0464318320e-01  4.1312727930e-03 
1631.000  2.0784385880e-01  4.2078437810e-03 
1632.000  2.0789637570e-01  4.1550321580e-03 
1633.000  2.0522081060e-01  4.0623326300e-03 
1634.000  2.0041874670e-01  3.9257493020e-03 
1635.000  2.0579212380e-01  3.9946560860e-03 
1636.000  2.0524774260e-01  3.9409568310e-03 
1637.000  1.9610973970e-01  3.7264525890e-03 
1638.000  1.9467668720e-01  3.6691937450e-03 
1639.000  1.9273673980e-01  3.5887889860e-03 
1640.000  1.9389291230e-01  3.5750012400e-03 
1641.000  1.9269294660e-01  3.5297482010e-03 
1642.000  1.9245274290e-01  3.5906820300e-03 
1643.000  1.9739905480e-01  3.7452442650e-03 
1644.000  1.9434436230e-01  3.7468538280e-03 
1645.000  1.9477750390e-01  3.8112573620e-03 
1646.000  1.9711847740e-01  3.9111709590e-03 
1647.000  1.9896932390e-01  3.9450039860e-03 
1648.000  1.9820068860e-01  3.9199805260e-03 
1649.000  1.9367288010e-01  3.8263599870e-03 
1650.000  1.9858048060e-01  3.9214904310e-03 
1651.000  1.9410619010e-01  3.8311178680e-03 
1652.000  1.9798024060e-01  3.9039185050e-03 
1653.000  1.9575715360e-01  3.8678209780e-03 
1654.000  1.9795358780e-01  3.9134633540e-03 
1655.000  1.9398592120e-01  3.8453590870e-03 
1656.000  1.9771194540e-01  3.9261646270e-03 
1657.000  1.9627877370e-01  3.8981673720e-03 
1658.000  1.9733917970e-01  3.9276170730e-03 
1659.000  1.9370432880e-01  3.8565018180e-03 
1660.000  1.9606807570e-01  3.8970608710e-03 
1661.000  1.9683750430e-01  3.8946835990e-03 
1662.000  1.9551510050e-01  3.8089282510e-03 
1663.000  1.9428447130e-01  3.7326700690e-03 
1664.000  1.9346195670e-01  3.6638662820e-03 
1665.000  1.9148661480e-01  3.5734100340e-03 
1666.000  1.9055445120e-01  3.5480730530e-03 
1667.000  1.9207710320e-01  3.6325781350e-03 
1668.000  1.8882280810e-01  3.6092016700e-03 
1669.000  1.8912518440e-01  3.6609616280e-03 
1670.000  1.9319736920e-01  3.7869336610e-03 
1671.000  1.9172217600e-01  3.8064374920e-03 
1672.000  1.8264121720e-01  3.6821362970e-03 
1673.000  1.8802201830e-01  3.8376286030e-03 
1674.000  1.8889553730e-01  3.9062592980e-03 
1675.000  1.8714524580e-01  3.9270856380e-03 
1676.000  1.8416411030e-01  3.8832643030e-03 
1677.000  1.8504942240e-01  3.8998372550e-03 
1678.000  1.8591805170e-01  3.9225721360e-03 
1679.000  1.8344553570e-01  3.8641126160e-03 
1680.000  1.7703662980e-01  3.7319490910e-03 
1681.000  1.7083103590e-01  3.6024568080e-03 
1682.000  1.7576429880e-01  3.7044470310e-03 
1683.000  1.8015754780e-01  3.7911324500e-03 
1684.000  1.8351860810e-01  3.8567950730e-03 
1685.000  1.8423756850e-01  3.8558573720e-03 
1686.000  1.8201477480e-01  3.7967116830e-03 
1687.000  1.8303088370e-01  3.7793867590e-03 
1688.000  1.8337283300e-01  3.7530815600e-03 
1689.000  1.8116283910e-01  3.6910588740e-03 
1690.000  1.8132612760e-01  3.6586108210e-03 
1691.000  1.8369897740e-01  3.7156181340e-03 
1692.000  1.8403325860e-01  3.7395060060e-03 
1693.000  1.8333353610e-01  3.7457039360e-03 
1694.000  1.8305616680e-01  3.7573394780e-03 
1695.000  1.8326544170e-01  3.7672672270e-03 
1696.000  1.8219379380e-01  3.7101190090e-03 
1697.000  1.8115302440e-01  3.6425862310e-03 
1698.000  1.8224622850e-01  3.6216962340e-03 
1699.000  1.8106866220e-01  3.5590894220e-03 
1700.000  1.7874758040e-01  3.4767370220e-03 
