 lambda   Irr_dw            Rad_up 
 550.000  1.5574438300e+00  7.6976562500e-02 
 551.000  1.5471301300e+00  7.6308227540e-02 
 552.000  1.6131487000e+00  7.9506454470e-02 
 553.000  1.5493988900e+00  7.6183876040e-02 
 554.000  1.5994597700e+00  7.8566101070e-02 
 555.000  1.6034319300e+00  7.8547714230e-02 
 556.000  1.5587617000e+00  7.6156455990e-02 
 557.000  1.5121241700e+00  7.3810760500e-02 
 558.000  1.5691781600e+00  7.6391372680e-02 
 559.000  1.4828811500e+00  7.2052925110e-02 
 560.000  1.4891358500e+00  7.2282676700e-02 
 561.000  1.6364027400e+00  7.9209602360e-02 
 562.000  1.5022513600e+00  7.2611137390e-02 
 563.000  1.5715967100e+00  7.5757179260e-02 
 564.000  1.5495430100e+00  7.4433296200e-02 
 565.000  1.5683092900e+00  7.5233573910e-02 
 566.000  1.4460292500e+00  6.9178024290e-02 
 567.000  1.5524251600e+00  7.3938011170e-02 
 568.000  1.5529963500e+00  7.3307701110e-02 
 569.000  1.5315651800e+00  7.1103569030e-02 
 570.000  1.5380904300e+00  7.1396934510e-02 
 571.000  1.4770175500e+00  6.9165687560e-02 
 572.000  1.5679821500e+00  7.2682830810e-02 
 573.000  1.5828407800e+00  7.3488502500e-02 
 574.000  1.5737509800e+00  7.3003829960e-02 
 575.000  1.5358637700e+00  7.1087104800e-02 
 576.000  1.5082016800e+00  6.9707870480e-02 
 577.000  1.5689303500e+00  7.2560386660e-02 
 578.000  1.5203936500e+00  7.0615913390e-02 
 579.000  1.5065418300e+00  7.0035835270e-02 
 580.000  1.5564502200e+00  7.2584922790e-02 
 581.000  1.5252694500e+00  7.1291213990e-02 
 582.000  1.5462420900e+00  7.2187431340e-02 
 583.000  1.5561497100e+00  7.2686912540e-02 
 584.000  1.5504714100e+00  7.2251968380e-02 
 585.000  1.5398363100e+00  7.1611701970e-02 
 586.000  1.4733395700e+00  6.8464920040e-02 
 587.000  1.5340244000e+00  7.0734916690e-02 
 588.000  1.5321517000e+00  6.9259887700e-02 
 589.000  1.3774624900e+00  6.0651409150e-02 
 590.000  1.4394491000e+00  6.3260295870e-02 
 591.000  1.5148547400e+00  6.7550407410e-02 
 592.000  1.4934360500e+00  6.5849838260e-02 
 593.000  1.4926751900e+00  6.6951393130e-02 
 594.000  1.5099780900e+00  6.7382202150e-02 
 595.000  1.4926001600e+00  6.5632835390e-02 
 596.000  1.5128415700e+00  6.7737937930e-02 
 597.000  1.5208975300e+00  6.7630722050e-02 
 598.000  1.4829063900e+00  6.6438400270e-02 
 599.000  1.4804105300e+00  6.6485260010e-02 
 600.000  1.4744914800e+00  6.6697258000e-02 
 601.000  1.4620375400e+00  6.6480667110e-02 
 602.000  1.4445389000e+00  6.5704109190e-02 
 603.000  1.4517727700e+00  6.6149353030e-02 
 604.000  1.4964814500e+00  6.8327148440e-02 
 605.000  1.4920380800e+00  6.7992881770e-02 
 606.000  1.4745127600e+00  6.7220024110e-02 
 607.000  1.4660319600e+00  6.6732299800e-02 
 608.000  1.4605168900e+00  6.6353881840e-02 
 609.000  1.4454302300e+00  6.5625396730e-02 
 610.000  1.4221773600e+00  6.4448211670e-02 
 611.000  1.4451741300e+00  6.5435279850e-02 
 612.000  1.4263070000e+00  6.4534202580e-02 
 613.000  1.4054261200e+00  6.3483612060e-02 
 614.000  1.3541839700e+00  6.1140914920e-02 
 615.000  1.4195783600e+00  6.3949031830e-02 
 616.000  1.3497562300e+00  6.0785972600e-02 
 617.000  1.3574383400e+00  6.1077224730e-02 
 618.000  1.4215856600e+00  6.3792728420e-02 
 619.000  1.4087369500e+00  6.3218128200e-02 
 620.000  1.4297610000e+00  6.3986553190e-02 
 621.000  1.4546486000e+00  6.5037605290e-02 
 622.000  1.3782409100e+00  6.1506507870e-02 
 623.000  1.3894643400e+00  6.1794879910e-02 
 624.000  1.3914009600e+00  6.1891471860e-02 
 625.000  1.3541378000e+00  6.0175067900e-02 
 626.000  1.3620638600e+00  6.0276241300e-02 
 627.000  1.3905487900e+00  6.0947303770e-02 
 628.000  1.3970600000e+00  5.9560993190e-02 
 629.000  1.4179967600e+00  6.1128475190e-02 
 630.000  1.3670959400e+00  5.9301849370e-02 
 631.000  1.4129282500e+00  6.1441539760e-02 
 632.000  1.3182842400e+00  5.7078567500e-02 
 633.000  1.4084949200e+00  6.1405406950e-02 
 634.000  1.3638672800e+00  5.9623527530e-02 
 635.000  1.3883805900e+00  6.0708019260e-02 
 636.000  1.3381050700e+00  5.8590774540e-02 
 637.000  1.3814353500e+00  6.0543338780e-02 
 638.000  1.4001792500e+00  6.1542778020e-02 
 639.000  1.3883217900e+00  6.0876770020e-02 
 640.000  1.3433310300e+00  5.9140377040e-02 
 641.000  1.3625761400e+00  5.9932147980e-02 
 642.000  1.3452069500e+00  5.9198146820e-02 
 643.000  1.3704085100e+00  6.0095829010e-02 
 644.000  1.3546091700e+00  5.9276771550e-02 
 645.000  1.3688365700e+00  5.9708343510e-02 
 646.000  1.3265952300e+00  5.6857963560e-02 
 647.000  1.3518732700e+00  5.7272777560e-02 
 648.000  1.3574432700e+00  5.6983966830e-02 
 649.000  1.3774550500e+00  5.8156093600e-02 
 650.000  1.2640729100e+00  5.4311756130e-02 
 651.000  1.3617526600e+00  5.8469097140e-02 
 652.000  1.3471760500e+00  5.6914978030e-02 
 653.000  1.3608414000e+00  5.8486968990e-02 
 654.000  1.3445932600e+00  5.7514015200e-02 
 655.000  1.3139509600e+00  5.5780838010e-02 
 656.000  1.1142065600e+00  4.7355239870e-02 
 657.000  1.1869478400e+00  5.0605693820e-02 
 658.000  1.3177125400e+00  5.6589965820e-02 
 659.000  1.3183630800e+00  5.6765140530e-02 
 660.000  1.3276512300e+00  5.7247764590e-02 
 661.000  1.3302507900e+00  5.7668289180e-02 
 662.000  1.3479326100e+00  5.8544960020e-02 
 663.000  1.3333548500e+00  5.7785564420e-02 
 664.000  1.3116573500e+00  5.6851722720e-02 
 665.000  1.3169959400e+00  5.7063781740e-02 
 666.000  1.3322816500e+00  5.7836002350e-02 
 667.000  1.3054348300e+00  5.6583335880e-02 
 668.000  1.3122950400e+00  5.6984931950e-02 
 669.000  1.3309222100e+00  5.7828624730e-02 
 670.000  1.3148754800e+00  5.6989807130e-02 
 671.000  1.3007724500e+00  5.6372928620e-02 
 672.000  1.2964647400e+00  5.6141738890e-02 
 673.000  1.3056769000e+00  5.6472839360e-02 
 674.000  1.3081485000e+00  5.6556358340e-02 
 675.000  1.2880904100e+00  5.5608745570e-02 
 676.000  1.3123480600e+00  5.6633907320e-02 
 677.000  1.2861697800e+00  5.5489803310e-02 
 678.000  1.3073846300e+00  5.6335861210e-02 
 679.000  1.2889540500e+00  5.5440448760e-02 
 680.000  1.2794966700e+00  5.4974037170e-02 
 681.000  1.2814761000e+00  5.4955257420e-02 
 682.000  1.2790273000e+00  5.4726802830e-02 
 683.000  1.2877264200e+00  5.4979255680e-02 
 684.000  1.2654927800e+00  5.3967151640e-02 
 685.000  1.2791731000e+00  5.4502941130e-02 
 686.000  1.2259266000e+00  5.1816848750e-02 
 687.000  1.2268233200e+00  4.7389053340e-02 
 688.000  1.2277463300e+00  4.8547687530e-02 
 689.000  1.2312820000e+00  4.8407306670e-02 
 690.000  1.2372406000e+00  4.9239898680e-02 
 691.000  1.2422250500e+00  5.0241039280e-02 
 692.000  1.2347629300e+00  5.0353389740e-02 
 693.000  1.2429426200e+00  4.9828125000e-02 
 694.000  1.2566018100e+00  4.9687805180e-02 
 695.000  1.2335885200e+00  4.9184787750e-02 
 696.000  1.2474036000e+00  4.9993259430e-02 
 697.000  1.2463342200e+00  5.1589038850e-02 
 698.000  1.2240371700e+00  5.0219017030e-02 
 699.000  1.2498983800e+00  4.9906955720e-02 
 700.000  1.2349379300e+00  4.9468158720e-02 
 701.000  1.2080016100e+00  4.8042861940e-02 
 702.000  1.2017793700e+00  4.7982776640e-02 
 703.000  1.2163850900e+00  4.9595954900e-02 
 704.000  1.2198816300e+00  4.9793544770e-02 
 705.000  1.2304042800e+00  4.9717151640e-02 
 706.000  1.2172501300e+00  4.9260669710e-02 
 707.000  1.1985925300e+00  4.8663227080e-02 
 708.000  1.2330174900e+00  5.0239604950e-02 
 709.000  1.1885742300e+00  4.8767807010e-02 
 710.000  1.2168371100e+00  4.9432842250e-02 
 711.000  1.2038284900e+00  4.9287555690e-02 
 712.000  1.1863959500e+00  4.8960083010e-02 
 713.000  1.1819933600e+00  4.8429889680e-02 
 714.000  1.2023121200e+00  4.9073001860e-02 
 715.000  1.1611686600e+00  4.6874897000e-02 
 716.000  1.1923348300e+00  4.7606620790e-02 
 717.000  1.1626192300e+00  4.3948291780e-02 
 718.000  1.1564562800e+00  4.2264308930e-02 
 719.000  1.1431405900e+00  4.1190719600e-02 
 720.000  1.1514747600e+00  4.0824710850e-02 
 721.000  1.1498083200e+00  4.3977268220e-02 
 722.000  1.1658501700e+00  4.5699226380e-02 
 723.000  1.1635301800e+00  4.4849468230e-02 
 724.000  1.1705880200e+00  4.3167751310e-02 
 725.000  1.1578067200e+00  4.2943450930e-02 
 726.000  1.1556825000e+00  4.2760189060e-02 
 727.000  1.1727786700e+00  4.3584087370e-02 
 728.000  1.1526247600e+00  4.2570564270e-02 
 729.000  1.1068141900e+00  4.1508823390e-02 
 730.000  1.1477042400e+00  4.2902198790e-02 
 731.000  1.1287769300e+00  4.2109947200e-02 
 732.000  1.1498887300e+00  4.4037670140e-02 
 733.000  1.1320394500e+00  4.4606979370e-02 
 734.000  1.1552550300e+00  4.6114074710e-02 
 735.000  1.1460390600e+00  4.5462265010e-02 
 736.000  1.1250012100e+00  4.4226356510e-02 
 737.000  1.1395945900e+00  4.5044769290e-02 
 738.000  1.1361325300e+00  4.5328578950e-02 
 739.000  1.0992378200e+00  4.4067741390e-02 
 740.000  1.1092186800e+00  4.4898551940e-02 
 741.000  1.1001460900e+00  4.4875450130e-02 
 742.000  1.0819485600e+00  4.4262413020e-02 
 743.000  1.1134223300e+00  4.5855724330e-02 
 744.000  1.1238509500e+00  4.6430950160e-02 
 745.000  1.0945036100e+00  4.5353034970e-02 
 746.000  1.1096391300e+00  4.6023590090e-02 
 747.000  1.1262587900e+00  4.6681182860e-02 
 748.000  1.1060170100e+00  4.5852363590e-02 
 749.000  1.1062060500e+00  4.5877326970e-02 
 750.000  1.0900526900e+00  4.5114437100e-02 
 751.000  1.0872436700e+00  4.4979679110e-02 
 752.000  1.1037092200e+00  4.5711105350e-02 
 753.000  1.0932569900e+00  4.5278663640e-02 
 754.000  1.1103721900e+00  4.5980339050e-02 
 755.000  1.1039962900e+00  4.5699169160e-02 
 756.000  1.0823803600e+00  4.4788440700e-02 
 757.000  1.0903774000e+00  4.5101898190e-02 
 758.000  1.0892384700e+00  4.4958324430e-02 
 759.000  1.0479646700e+00  4.0989448550e-02 
 760.000  8.2433900400e-01  2.2456071850e-02 
 761.000  7.9438356900e-01  2.0694171910e-02 
 762.000  9.2671777300e-01  3.0356441500e-02 
 763.000  9.1182268100e-01  2.7949529650e-02 
 764.000  9.3522583800e-01  2.9597646710e-02 
 765.000  9.8156911000e-01  3.3529705050e-02 
 766.000  9.7328746000e-01  3.6154335020e-02 
 767.000  1.0032007500e+00  3.8661457060e-02 
 768.000  1.0521724500e+00  4.1649600980e-02 
 769.000  1.0536425600e+00  4.2559547420e-02 
 770.000  1.0509683300e+00  4.2901287080e-02 
 771.000  1.0524317300e+00  4.3209800720e-02 
 772.000  1.0485349600e+00  4.3095634460e-02 
 773.000  1.0442135500e+00  4.2925537110e-02 
 774.000  1.0552302400e+00  4.3390750890e-02 
 775.000  1.0154831900e+00  4.1754978180e-02 
 776.000  1.0572300000e+00  4.3503612520e-02 
 777.000  1.0499048900e+00  4.3168899540e-02 
 778.000  1.0443527000e+00  4.2885818480e-02 
 779.000  1.0478281500e+00  4.2962085720e-02 
 780.000  1.0349429100e+00  4.2437286380e-02 
 781.000  1.0330777400e+00  4.2351394650e-02 
 782.000  1.0456199600e+00  4.2780929570e-02 
 783.000  1.0212609900e+00  4.1851184840e-02 
 784.000  1.0271726100e+00  4.2031253810e-02 
 785.000  1.0305490600e+00  4.1949325560e-02 
 786.000  1.0136757200e+00  4.1094070430e-02 
 787.000  1.0305721500e+00  4.1283802030e-02 
 788.000  1.0160889800e+00  4.0518688200e-02 
 789.000  1.0252326600e+00  4.0224239350e-02 
 790.000  1.0151757600e+00  3.9730361940e-02 
 791.000  1.0094370300e+00  3.9618030550e-02 
 792.000  9.9296971000e-01  3.9010982510e-02 
 793.000  9.9087593000e-01  3.9149604800e-02 
 794.000  9.7813169500e-01  3.9223014830e-02 
 795.000  9.7442710400e-01  3.8602287290e-02 
 796.000  9.9515230500e-01  3.8671985630e-02 
 797.000  1.0002912000e+00  3.9103305820e-02 
 798.000  9.9826300200e-01  3.9521163940e-02 
 799.000  9.9808818800e-01  3.9328605650e-02 
 800.000  9.7390358300e-01  3.7970897670e-02 
 801.000  9.9193149800e-01  3.8703937530e-02 
 802.000  9.9015986900e-01  3.8547908780e-02 
 803.000  9.7584001900e-01  3.8048343660e-02 
 804.000  9.8383138500e-01  3.8572132110e-02 
 805.000  9.5535754400e-01  3.7812480930e-02 
 806.000  9.8029828600e-01  3.8967960360e-02 
 807.000  9.7423203100e-01  3.8756454470e-02 
 808.000  9.6908030400e-01  3.8372501370e-02 
 809.000  9.5328191400e-01  3.7563835140e-02 
 810.000  9.4963600900e-01  3.7218399050e-02 
 811.000  9.6605646200e-01  3.7529579160e-02 
 812.000  9.6429787600e-01  3.7097362520e-02 
 813.000  9.6176662200e-01  3.6487644200e-02 
 814.000  9.6239957700e-01  3.6023597720e-02 
 815.000  9.5417982300e-01  3.5120780940e-02 
 816.000  9.4809219500e-01  3.4181716920e-02 
 817.000  9.5368241800e-01  3.4395496370e-02 
 818.000  9.4767306000e-01  3.4157791140e-02 
 819.000  9.2151470900e-01  3.3489891050e-02 
 820.000  9.0186016200e-01  3.3525856020e-02 
 821.000  9.2967551100e-01  3.5479064940e-02 
 822.000  9.0504683000e-01  3.3743793490e-02 
 823.000  9.2127698100e-01  3.2589385990e-02 
 824.000  9.3186422800e-01  3.4472209930e-02 
 825.000  9.2794355900e-01  3.5570083620e-02 
 826.000  9.3424868700e-01  3.5547641750e-02 
 827.000  9.3159408400e-01  3.5266216280e-02 
 828.000  9.3146783700e-01  3.4506397250e-02 
 829.000  9.3039356800e-01  3.4689643860e-02 
 830.000  9.1491430400e-01  3.4405464170e-02 
 831.000  8.9867926500e-01  3.3849975590e-02 
 832.000  9.1698289600e-01  3.4541465760e-02 
 833.000  8.8801114900e-01  3.3700725560e-02 
 834.000  9.0049923100e-01  3.4392055510e-02 
 835.000  9.0043909900e-01  3.4714282990e-02 
 836.000  9.1157675300e-01  3.5120700840e-02 
 837.000  9.0413306800e-01  3.4780105590e-02 
 838.000  9.0635698800e-01  3.5107276920e-02 
 839.000  8.7741382400e-01  3.4090766910e-02 
 840.000  9.0064471300e-01  3.4987071990e-02 
 841.000  9.0396160100e-01  3.4944004060e-02 
 842.000  8.9747703700e-01  3.4799301150e-02 
 843.000  8.8923535100e-01  3.4907520290e-02 
 844.000  8.7353576400e-01  3.4464115140e-02 
 845.000  8.8631614600e-01  3.5044448850e-02 
 846.000  8.9367281300e-01  3.5474464420e-02 
 847.000  8.6226997900e-01  3.4377239230e-02 
 848.000  8.8877886800e-01  3.5228839870e-02 
 849.000  8.9029381800e-01  3.5382968900e-02 
 850.000  7.7024539200e-01  3.0469211580e-02 
 851.000  8.8313171900e-01  3.4795829770e-02 
 852.000  8.4959880400e-01  3.3534580230e-02 
 853.000  8.5830066900e-01  3.3946075440e-02 
 854.000  6.9010597100e-01  2.7317825320e-02 
 855.000  7.5914511300e-01  3.0155849460e-02 
 856.000  8.6008553400e-01  3.4231590270e-02 
 857.000  8.7319749800e-01  3.4903072360e-02 
 858.000  8.5890365700e-01  3.4338634490e-02 
 859.000  8.5803070400e-01  3.4372447970e-02 
 860.000  8.4998201600e-01  3.4135917660e-02 
 861.000  8.4982924700e-01  3.4113246920e-02 
 862.000  8.4681754700e-01  3.3945148470e-02 
 863.000  8.6299858500e-01  3.4679271700e-02 
 864.000  8.6112281700e-01  3.4480941770e-02 
 865.000  8.4496529900e-01  3.3950035100e-02 
 866.000  7.0873988300e-01  2.8514709470e-02 
 867.000  7.5477849900e-01  3.0186601640e-02 
 868.000  8.1859366000e-01  3.2813819890e-02 
 869.000  8.0708707000e-01  3.2342956540e-02 
 870.000  8.4043315300e-01  3.3777084350e-02 
 871.000  8.3922861000e-01  3.3664257050e-02 
 872.000  8.3576437300e-01  3.3327087400e-02 
 873.000  8.3924961000e-01  3.3565734860e-02 
 874.000  8.2093286100e-01  3.2754592900e-02 
 875.000  8.1341952600e-01  3.2574352260e-02 
 876.000  8.2038591000e-01  3.2769767760e-02 
 877.000  8.3685509100e-01  3.3290176390e-02 
 878.000  8.2308219900e-01  3.2783554080e-02 
 879.000  8.2503995900e-01  3.2903091430e-02 
 880.000  8.2078678500e-01  3.2552146910e-02 
 881.000  7.7839549300e-01  3.0895441060e-02 
 882.000  8.2167178500e-01  3.2430965420e-02 
 883.000  8.0268430600e-01  3.1840040210e-02 
 884.000  8.0941584300e-01  3.2286045070e-02 
 885.000  8.1876865800e-01  3.2225513460e-02 
 886.000  7.9326000600e-01  3.1219581600e-02 
 887.000  7.8416915500e-01  3.0857294080e-02 
 888.000  8.0773743800e-01  3.1617769240e-02 
 889.000  8.1286236000e-01  3.2064308170e-02 
 890.000  8.1103229700e-01  3.1894590380e-02 
 891.000  8.0799431600e-01  3.1542879100e-02 
 892.000  8.0734777000e-01  3.1255006790e-02 
 893.000  7.8174499500e-01  2.9408624650e-02 
 894.000  8.1017456600e-01  3.0194513320e-02 
 895.000  7.7517058000e-01  2.8194633480e-02 
 896.000  8.0592437400e-01  2.8461868290e-02 
 897.000  7.8738150500e-01  2.7253654480e-02 
 898.000  7.8873578500e-01  2.6912118910e-02 
 899.000  7.8802315300e-01  2.5976610180e-02 
 900.000  7.6834384100e-01  2.5350255970e-02 
 901.000  7.5188348800e-01  2.4617904660e-02 
 902.000  7.3804361300e-01  2.4201803210e-02 
 903.000  7.7415149200e-01  2.6725458150e-02 
 904.000  7.8852934700e-01  2.8066919330e-02 
 905.000  7.8643161600e-01  2.8192201610e-02 
 906.000  7.6560388000e-01  2.6906360630e-02 
 907.000  7.7857617700e-01  2.6339204790e-02 
 908.000  7.5952989400e-01  2.5021085740e-02 
 909.000  7.4462808800e-01  2.4532806400e-02 
 910.000  7.5343649300e-01  2.4901323320e-02 
 911.000  7.5143771800e-01  2.5371582030e-02 
 912.000  7.5306363900e-01  2.5029577260e-02 
 913.000  7.7068858200e-01  2.4824842450e-02 
 914.000  7.6572901300e-01  2.5019151690e-02 
 915.000  7.5308824700e-01  2.5090131760e-02 
 916.000  7.6144646600e-01  2.5394561770e-02 
 917.000  7.4952627500e-01  2.5154884340e-02 
 918.000  7.4572164500e-01  2.5259321210e-02 
 919.000  7.5555427800e-01  2.6713346480e-02 
 920.000  7.4834638200e-01  2.6848226550e-02 
 921.000  7.3195949500e-01  2.6108057020e-02 
 922.000  7.2541361200e-01  2.5946567540e-02 
 923.000  6.9500190500e-01  2.4393125530e-02 
 924.000  7.2440611000e-01  2.5278491970e-02 
 925.000  7.3402388800e-01  2.5512557980e-02 
 926.000  7.0781982200e-01  2.4453380580e-02 
 927.000  7.3418437900e-01  2.5098707200e-02 
 928.000  7.3870208900e-01  2.4400213240e-02 
 929.000  7.2838260300e-01  2.2992200850e-02 
 930.000  7.2654858400e-01  2.1795341490e-02 
 931.000  7.2624596900e-01  2.0874450680e-02 
 932.000  7.1912794000e-01  1.9665390010e-02 
 933.000  7.2108292100e-01  1.9096105580e-02 
 934.000  7.1476459600e-01  1.8369762420e-02 
 935.000  7.0417218300e-01  1.8041666030e-02 
 936.000  6.9910499300e-01  1.8111742020e-02 
 937.000  7.1470779300e-01  1.8462856290e-02 
 938.000  7.0721244300e-01  1.8902606960e-02 
 939.000  7.1349387900e-01  2.1090686800e-02 
 940.000  7.0985133000e-01  2.1377183910e-02 
 941.000  6.9371241600e-01  2.0571949010e-02 
 942.000  6.6716192100e-01  1.9107324600e-02 
 943.000  7.0294624000e-01  1.9114366530e-02 
 944.000  6.8362385500e-01  1.8516296390e-02 
 945.000  6.9017443100e-01  1.9020990370e-02 
 946.000  6.9953260500e-01  1.9300380710e-02 
 947.000  6.9530504600e-01  1.9509319310e-02 
 948.000  6.9950735500e-01  1.9825231550e-02 
 949.000  7.0172275100e-01  1.9868106840e-02 
 950.000  6.9709669100e-01  1.9788328170e-02 
 951.000  6.9296138500e-01  2.0138313290e-02 
 952.000  6.9288267100e-01  1.9648876190e-02 
 953.000  6.9097221400e-01  1.9947217940e-02 
 954.000  6.8429867800e-01  2.0163862230e-02 
 955.000  6.3916990500e-01  1.8541997910e-02 
 956.000  6.8184439600e-01  1.9730377200e-02 
 957.000  6.8149444400e-01  2.0840438840e-02 
 958.000  6.8674754600e-01  2.1187252040e-02 
 959.000  6.8940052700e-01  2.1064006810e-02 
 960.000  6.8288510500e-01  2.0812139510e-02 
 961.000  6.7555975900e-01  2.0486166000e-02 
 962.000  6.7892065500e-01  2.0680831910e-02 
 963.000  6.7751929200e-01  2.1382787700e-02 
 964.000  6.6976753700e-01  2.1253477100e-02 
 965.000  6.7795334500e-01  2.1434389110e-02 
 966.000  6.5838147100e-01  2.0860082630e-02 
 967.000  6.7796213800e-01  2.2103078840e-02 
 968.000  6.7049216700e-01  2.2894979480e-02 
 969.000  6.7458868700e-01  2.3487878800e-02 
 970.000  6.7642247400e-01  2.3571891780e-02 
 971.000  6.7042593800e-01  2.3343463900e-02 
 972.000  6.7517739400e-01  2.3363407140e-02 
 973.000  6.6893784200e-01  2.2840610500e-02 
 974.000  6.5868088800e-01  2.2126787190e-02 
 975.000  6.6197458000e-01  2.1991880420e-02 
 976.000  6.6998662500e-01  2.2537076950e-02 
 977.000  6.5299932600e-01  2.2405662540e-02 
 978.000  6.6915114800e-01  2.2920593260e-02 
 979.000  6.4970794500e-01  2.2369375230e-02 
 980.000  6.5887607200e-01  2.3159101490e-02 
 981.000  6.6335898900e-01  2.3434461590e-02 
 982.000  6.6192404200e-01  2.3268970490e-02 
 983.000  6.6013341700e-01  2.3478048320e-02 
 984.000  6.5571377100e-01  2.3627725600e-02 
 985.000  6.5539984400e-01  2.3806659700e-02 
 986.000  6.5005222800e-01  2.3882652280e-02 
 987.000  6.5744218100e-01  2.4279682160e-02 
 988.000  6.4933619700e-01  2.4003791810e-02 
 989.000  6.4109071000e-01  2.3710231780e-02 
 990.000  6.4655311800e-01  2.3936594010e-02 
 991.000  6.5179768700e-01  2.4218765260e-02 
 992.000  6.4576345600e-01  2.3995368960e-02 
 993.000  6.4571926900e-01  2.3971384050e-02 
 994.000  6.4895068800e-01  2.4159646990e-02 
 995.000  6.4413961500e-01  2.4039051060e-02 
 996.000  6.4401192000e-01  2.3996593480e-02 
 997.000  6.4473827900e-01  2.3927791600e-02 
 998.000  6.4237733800e-01  2.3755430220e-02 
 999.000  6.4080432200e-01  2.3639039990e-02 
1000.000  6.3568888900e-01  2.3432794570e-02 
1001.000  6.3929350400e-01  2.3440809250e-02 
1002.000  6.3869753500e-01  2.3230140690e-02 
1003.000  6.3116768500e-01  2.2991184230e-02 
1004.000  6.2573584100e-01  2.2888641360e-02 
1005.000  5.8458701800e-01  2.1422346120e-02 
1006.000  6.1506596200e-01  2.2549921040e-02 
1007.000  6.2633473300e-01  2.2921522140e-02 
1008.000  6.2922436000e-01  2.2877994540e-02 
1009.000  6.2571829300e-01  2.2569292070e-02 
1010.000  6.2791123800e-01  2.2719736100e-02 
1011.000  6.2419306700e-01  2.2775701520e-02 
1012.000  6.2423494000e-01  2.2852598190e-02 
1013.000  6.1961524800e-01  2.2744176860e-02 
1014.000  6.2351965900e-01  2.2945377350e-02 
1015.000  6.1199940700e-01  2.2560251240e-02 
1016.000  6.1586369800e-01  2.2766891480e-02 
1017.000  6.0973199700e-01  2.2576364520e-02 
1018.000  6.1779633600e-01  2.2884408950e-02 
1019.000  6.0392026800e-01  2.2326984410e-02 
1020.000  6.0256959100e-01  2.2269033430e-02 
1021.000  6.0839425300e-01  2.2467418670e-02 
1022.000  5.9955851200e-01  2.1980844500e-02 
1023.000  6.1132650900e-01  2.2269111630e-02 
1024.000  6.0838245400e-01  2.2050958630e-02 
1025.000  6.0766088700e-01  2.2082603450e-02 
1026.000  6.0812518600e-01  2.2139181140e-02 
1027.000  6.0456265000e-01  2.2024324420e-02 
1028.000  6.0589394700e-01  2.2135305400e-02 
1029.000  5.9643574000e-01  2.1880802150e-02 
1030.000  6.0218600200e-01  2.2197956090e-02 
1031.000  6.0015657500e-01  2.2201593400e-02 
1032.000  5.9794039400e-01  2.2172700880e-02 
1033.000  5.8690668300e-01  2.1744855880e-02 
1034.000  5.9305920200e-01  2.1945421220e-02 
1035.000  5.8665936800e-01  2.1733253480e-02 
1036.000  5.9435483500e-01  2.1967149730e-02 
1037.000  5.8182796500e-01  2.1482238770e-02 
1038.000  5.8754740400e-01  2.1671785350e-02 
1039.000  5.9006047200e-01  2.1731933590e-02 
1040.000  5.8316564600e-01  2.1447973250e-02 
1041.000  5.8629734400e-01  2.1534538270e-02 
1042.000  5.8806574900e-01  2.1574769970e-02 
1043.000  5.7793053400e-01  2.1180229190e-02 
1044.000  5.8374806200e-01  2.1366485600e-02 
1045.000  5.8141323500e-01  2.1309850690e-02 
1046.000  5.6461556800e-01  2.0733484270e-02 
1047.000  5.7512951400e-01  2.1158397670e-02 
1048.000  5.8102118400e-01  2.1415435790e-02 
1049.000  5.7745508400e-01  2.1326417920e-02 
1050.000  5.7418948500e-01  2.1237237930e-02 
1051.000  5.7451868600e-01  2.1217794420e-02 
1052.000  5.7201520100e-01  2.1085666660e-02 
1053.000  5.7229628000e-01  2.1064273830e-02 
1054.000  5.6669794400e-01  2.0815029140e-02 
1055.000  5.7114539300e-01  2.0929552080e-02 
1056.000  5.6986328900e-01  2.0839687350e-02 
1057.000  5.6944119300e-01  2.0774698260e-02 
1058.000  5.6448244200e-01  2.0519174580e-02 
1059.000  5.4667469600e-01  1.9894380570e-02 
1060.000  5.6587516700e-01  2.0657808300e-02 
1061.000  5.4616665700e-01  1.9942489620e-02 
1062.000  5.6193591000e-01  2.0477911000e-02 
1063.000  5.5266813400e-01  2.0110921860e-02 
1064.000  5.6009566600e-01  2.0291564940e-02 
1065.000  5.6000666700e-01  2.0187730790e-02 
1066.000  5.4279920300e-01  1.9529556270e-02 
1067.000  5.5598371300e-01  1.9947948460e-02 
1068.000  5.5464233000e-01  1.9761934280e-02 
1069.000  5.1327296400e-01  1.8229293820e-02 
1070.000  5.4359352000e-01  1.9347988130e-02 
1071.000  5.4500259000e-01  1.9378742220e-02 
1072.000  5.4736533500e-01  1.9444570540e-02 
1073.000  5.2945378200e-01  1.8832435610e-02 
1074.000  5.4793359700e-01  1.9534027100e-02 
1075.000  5.3018315100e-01  1.9007265090e-02 
1076.000  5.4232062100e-01  1.9408212660e-02 
1077.000  5.4173549200e-01  1.9337961200e-02 
1078.000  5.4386134000e-01  1.9356649400e-02 
1079.000  5.2302534400e-01  1.8620931630e-02 
1080.000  5.4043268600e-01  1.9075305940e-02 
1081.000  5.2064917200e-01  1.8361474990e-02 
1082.000  5.2648627800e-01  1.8598361970e-02 
1083.000  5.1320429900e-01  1.7998817440e-02 
1084.000  5.3383110100e-01  1.8585821150e-02 
1085.000  5.2922237300e-01  1.8182342530e-02 
1086.000  5.3557103900e-01  1.8403581620e-02 
1087.000  5.0027994500e-01  1.7377874370e-02 
1088.000  5.3049927900e-01  1.8482652660e-02 
1089.000  5.1327666200e-01  1.7655700680e-02 
1090.000  5.2501167300e-01  1.8051004410e-02 
1091.000  5.2781548700e-01  1.8240869520e-02 
1092.000  5.1705439100e-01  1.7787576680e-02 
1093.000  5.1392181400e-01  1.7449159620e-02 
1094.000  4.6890296100e-01  1.5789983750e-02 
1095.000  5.0731842500e-01  1.7064329150e-02 
1096.000  5.0805196100e-01  1.7072231290e-02 
1097.000  4.9884654000e-01  1.6669698720e-02 
1098.000  4.9789515600e-01  1.6026214600e-02 
1099.000  5.0238441600e-01  1.5622173310e-02 
1100.000  5.1079768700e-01  1.5918117520e-02 
1101.000  5.0921604400e-01  1.5937652590e-02 
1102.000  4.8829469100e-01  1.5243621830e-02 
1103.000  5.0733507700e-01  1.5878864290e-02 
1104.000  5.0408973400e-01  1.5685451510e-02 
1105.000  5.0444977900e-01  1.5480605130e-02 
1106.000  5.0133933300e-01  1.5186428070e-02 
1107.000  5.0044039500e-01  1.5196351050e-02 
1108.000  4.9860067800e-01  1.5160000800e-02 
1109.000  4.9991671700e-01  1.5348545070e-02 
1110.000  5.0248207800e-01  1.5377546310e-02 
1111.000  4.9644486800e-01  1.5086216930e-02 
1112.000  4.9203039400e-01  1.4558681490e-02 
1113.000  4.9030455600e-01  1.4033311840e-02 
1114.000  4.9561339200e-01  1.4036441800e-02 
1115.000  4.9062085500e-01  1.3428290370e-02 
1116.000  4.8441218000e-01  1.3010269170e-02 
1117.000  4.9015602000e-01  1.2659841540e-02 
1118.000  4.8502040600e-01  1.2116418840e-02 
1119.000  4.7145301500e-01  1.1593811990e-02 
1120.000  4.7240358500e-01  1.1409344670e-02 
1121.000  4.7540830400e-01  1.1438710210e-02 
1122.000  4.7320194100e-01  1.1180876730e-02 
1123.000  4.7542550400e-01  1.1350973130e-02 
1124.000  4.7634263800e-01  1.1451291080e-02 
1125.000  4.6641746400e-01  1.1173911090e-02 
1126.000  4.5749523300e-01  1.0944490430e-02 
1127.000  4.7298305000e-01  1.1330435750e-02 
1128.000  4.6433611800e-01  1.1153616910e-02 
1129.000  4.6723537900e-01  1.1429307940e-02 
1130.000  4.6815507200e-01  1.1989868160e-02 
1131.000  4.7328707100e-01  1.2286907200e-02 
1132.000  4.7428575200e-01  1.2081612590e-02 
1133.000  4.6203180200e-01  1.1383328440e-02 
1134.000  4.5662846500e-01  1.0631846430e-02 
1135.000  4.6261090500e-01  1.0814767840e-02 
1136.000  4.6453379100e-01  1.1492601390e-02 
1137.000  4.7133575900e-01  1.2062362670e-02 
1138.000  4.5527309700e-01  1.2067229270e-02 
1139.000  4.6549084800e-01  1.2498521800e-02 
1140.000  4.6671730500e-01  1.2442348480e-02 
1141.000  4.5322441400e-01  1.1920373920e-02 
1142.000  4.6549107900e-01  1.2180096630e-02 
1143.000  4.5711010900e-01  1.1774227140e-02 
1144.000  4.5383343100e-01  1.1491172790e-02 
1145.000  4.5645146300e-01  1.1288909910e-02 
1146.000  4.6112785400e-01  1.1463281630e-02 
1147.000  4.6346817500e-01  1.1738126750e-02 
1148.000  4.5906081600e-01  1.1828362460e-02 
1149.000  4.6053512100e-01  1.1951516150e-02 
1150.000  4.5858043000e-01  1.1915265080e-02 
1151.000  4.5723439200e-01  1.2021824840e-02 
1152.000  4.5638064100e-01  1.2070454600e-02 
1153.000  4.5558422700e-01  1.2154685970e-02 
1154.000  4.5906191800e-01  1.2230248450e-02 
1155.000  4.6064260200e-01  1.2490740780e-02 
1156.000  4.5439930000e-01  1.2569138530e-02 
1157.000  4.5866025200e-01  1.3264593120e-02 
1158.000  4.5873305300e-01  1.3576755520e-02 
1159.000  4.5224663200e-01  1.3685159680e-02 
1160.000  4.4650134200e-01  1.3649101260e-02 
1161.000  4.3687203300e-01  1.3678459170e-02 
1162.000  4.5268766800e-01  1.4447088240e-02 
1163.000  4.5456668300e-01  1.4825755120e-02 
1164.000  4.4533421400e-01  1.4588839530e-02 
1165.000  4.5392929400e-01  1.4922970770e-02 
1166.000  4.4215422100e-01  1.4616604800e-02 
1167.000  4.4932635600e-01  1.4904943470e-02 
1168.000  4.5325349000e-01  1.5022237780e-02 
1169.000  4.3757984100e-01  1.4551981930e-02 
1170.000  4.4934746200e-01  1.4986894610e-02 
1171.000  4.5142687200e-01  1.5157917980e-02 
1172.000  4.5001329900e-01  1.5051033970e-02 
1173.000  4.4687868500e-01  1.4890404700e-02 
1174.000  4.4710459300e-01  1.4900869370e-02 
1175.000  4.4187101900e-01  1.4878046990e-02 
1176.000  4.3120392400e-01  1.4657803540e-02 
1177.000  4.4451703000e-01  1.5038988110e-02 
1178.000  4.3700790800e-01  1.4646426200e-02 
1179.000  4.3504898400e-01  1.4579975130e-02 
1180.000  4.4115558500e-01  1.4732487680e-02 
1181.000  4.3890111700e-01  1.4531447410e-02 
1182.000  4.3945710700e-01  1.4420545580e-02 
1183.000  4.1394124900e-01  1.3592134480e-02 
1184.000  4.3259770300e-01  1.4270005230e-02 
1185.000  4.3832190200e-01  1.4628829960e-02 
1186.000  4.3571199100e-01  1.4483771320e-02 
1187.000  4.3586784200e-01  1.4306274410e-02 
1188.000  4.3362989500e-01  1.4176095960e-02 
1189.000  4.0826195600e-01  1.3426209450e-02 
1190.000  4.2833783900e-01  1.4329230310e-02 
1191.000  4.3501776600e-01  1.4600775720e-02 
1192.000  4.3264865100e-01  1.4608050350e-02 
1193.000  4.3281594000e-01  1.4549435620e-02 
1194.000  4.3200086100e-01  1.4495721820e-02 
1195.000  4.2715832300e-01  1.4218757630e-02 
1196.000  4.2688860800e-01  1.4225411420e-02 
1197.000  4.2677578000e-01  1.4166097640e-02 
1198.000  4.1244120000e-01  1.3677759170e-02 
1199.000  3.9711452500e-01  1.3105461120e-02 
1200.000  4.2214758600e-01  1.3966928480e-02 
1201.000  4.2517575100e-01  1.4084795000e-02 
1202.000  4.2599147100e-01  1.4131937980e-02 
1203.000  4.0520046100e-01  1.3414047240e-02 
1204.000  4.1191501100e-01  1.3667360310e-02 
1205.000  4.2147014900e-01  1.4183362010e-02 
1206.000  4.1890617400e-01  1.4190793040e-02 
1207.000  4.2171921200e-01  1.4325471880e-02 
1208.000  4.1557973100e-01  1.4087282180e-02 
1209.000  3.8961527100e-01  1.3160251620e-02 
1210.000  4.1689878600e-01  1.4002247810e-02 
1211.000  4.0297246600e-01  1.3525726320e-02 
1212.000  4.1558911400e-01  1.3978753090e-02 
1213.000  4.1712553200e-01  1.4119746210e-02 
1214.000  4.1534000800e-01  1.4057009700e-02 
1215.000  4.1676665900e-01  1.4145037650e-02 
1216.000  4.1553406400e-01  1.4242226600e-02 
1217.000  4.1466982900e-01  1.4327298160e-02 
1218.000  4.1321843700e-01  1.4323925020e-02 
1219.000  4.0935132000e-01  1.4213087080e-02 
1220.000  4.1210283600e-01  1.4297995570e-02 
1221.000  4.1124971300e-01  1.4269744870e-02 
1222.000  4.0897135800e-01  1.4183609010e-02 
1223.000  4.0696943800e-01  1.4137901310e-02 
1224.000  4.0991103900e-01  1.4331601140e-02 
1225.000  4.0758673000e-01  1.4279362680e-02 
1226.000  4.0891537300e-01  1.4363852500e-02 
1227.000  3.9488351200e-01  1.3925819400e-02 
1228.000  4.0698442400e-01  1.4420217510e-02 
1229.000  4.0630882200e-01  1.4443385120e-02 
1230.000  4.0467911800e-01  1.4441129680e-02 
1231.000  4.0454608900e-01  1.4469854350e-02 
1232.000  3.9994607200e-01  1.4319379810e-02 
1233.000  4.0306653700e-01  1.4440273280e-02 
1234.000  4.0159948400e-01  1.4462617870e-02 
1235.000  3.9872558000e-01  1.4382404330e-02 
1236.000  4.0098534400e-01  1.4470975880e-02 
1237.000  4.0087937500e-01  1.4492409710e-02 
1238.000  4.0059504400e-01  1.4489093780e-02 
1239.000  3.9601060000e-01  1.4325306890e-02 
1240.000  3.9423297100e-01  1.4295649530e-02 
1241.000  3.9784133000e-01  1.4454320910e-02 
1242.000  3.9562200700e-01  1.4398562430e-02 
1243.000  3.9129098800e-01  1.4267001150e-02 
1244.000  3.8794162900e-01  1.4159066200e-02 
1245.000  3.9472214500e-01  1.4416909220e-02 
1246.000  3.9178776300e-01  1.4264496800e-02 
1247.000  3.8999992100e-01  1.4152888300e-02 
1248.000  3.9316798100e-01  1.4218989370e-02 
1249.000  3.9183684600e-01  1.4133388520e-02 
1250.000  3.9044199900e-01  1.4037413600e-02 
1251.000  3.8790999800e-01  1.3911970140e-02 
1252.000  3.8691264300e-01  1.3837315560e-02 
1253.000  3.8388816500e-01  1.3688594820e-02 
1254.000  3.8521453500e-01  1.3664479260e-02 
1255.000  3.8480292400e-01  1.3599640850e-02 
1256.000  3.8420840500e-01  1.3535788540e-02 
1257.000  3.8009298100e-01  1.3308566090e-02 
1258.000  3.8208483500e-01  1.3235592840e-02 
1259.000  3.7818774100e-01  1.2982319830e-02 
1260.000  3.7900325500e-01  1.2885567670e-02 
1261.000  3.7855577900e-01  1.2743028640e-02 
1262.000  3.7045416900e-01  1.2308119770e-02 
1263.000  3.7494698100e-01  1.2431797030e-02 
1264.000  3.6910906660e-01  1.2229726790e-02 
1265.000  3.6978141160e-01  1.2260153770e-02 
1266.000  3.7216906840e-01  1.2307828900e-02 
1267.000  3.6519878870e-01  1.2042989730e-02 
1268.000  3.6160160620e-01  1.1879017830e-02 
1269.000  3.6498617410e-01  1.1969291690e-02 
1270.000  3.6899869110e-01  1.2244269370e-02 
1271.000  3.7104819400e-01  1.2381754880e-02 
1272.000  3.6995080440e-01  1.2411140440e-02 
1273.000  3.6963279260e-01  1.2469008450e-02 
1274.000  3.6742560910e-01  1.2468239780e-02 
1275.000  3.6958836510e-01  1.2570948600e-02 
1276.000  3.7018225590e-01  1.2602234840e-02 
1277.000  3.6990557430e-01  1.2590956690e-02 
1278.000  3.6884553350e-01  1.2550382610e-02 
1279.000  3.6637671150e-01  1.2487967490e-02 
1280.000  3.6421277680e-01  1.2500501630e-02 
1281.000  3.5382521550e-01  1.2226588250e-02 
1282.000  3.1420401320e-01  1.0930133820e-02 
1283.000  3.4483347750e-01  1.2052964210e-02 
1284.000  3.5906244670e-01  1.2586284640e-02 
1285.000  3.6169673260e-01  1.2697675700e-02 
1286.000  3.6157737990e-01  1.2661820410e-02 
1287.000  3.6378826510e-01  1.2684404370e-02 
1288.000  3.6150765600e-01  1.2428942680e-02 
1289.000  3.6366289110e-01  1.2451323510e-02 
1290.000  3.5533006030e-01  1.2150124550e-02 
1291.000  3.6019439790e-01  1.2304659840e-02 
1292.000  3.6169719070e-01  1.2382189750e-02 
1293.000  3.6202033530e-01  1.2362402920e-02 
1294.000  3.5627452050e-01  1.2059295650e-02 
1295.000  3.6010992890e-01  1.2054343220e-02 
1296.000  3.6037468840e-01  1.1960963250e-02 
1297.000  3.5815292960e-01  1.1826307300e-02 
1298.000  3.5495225890e-01  1.1726005550e-02 
1299.000  3.5851600330e-01  1.1847068790e-02 
1300.000  3.5707678550e-01  1.1803138730e-02 
1301.000  3.5650892420e-01  1.1762438770e-02 
1302.000  3.5193368360e-01  1.1529226300e-02 
1303.000  3.5004270630e-01  1.1293137550e-02 
1304.000  3.5027237300e-01  1.1210901260e-02 
1305.000  3.5242775180e-01  1.1230204580e-02 
1306.000  3.5276505400e-01  1.1186962130e-02 
1307.000  3.5172281000e-01  1.1113751410e-02 
1308.000  3.5142249540e-01  1.1014078140e-02 
1309.000  3.5110991320e-01  1.0879052160e-02 
1310.000  3.4965097650e-01  1.0826297760e-02 
1311.000  3.4858078270e-01  1.0796928410e-02 
1312.000  3.4749493280e-01  1.0616342540e-02 
1313.000  3.3466040300e-01  1.0055941580e-02 
1314.000  3.4510651490e-01  1.0216816900e-02 
1315.000  3.3348635300e-01  9.9410591130e-03 
1316.000  3.4124421740e-01  1.0279831890e-02 
1317.000  3.4491518750e-01  1.0388781550e-02 
1318.000  3.4003459240e-01  1.0062707900e-02 
1319.000  3.4469203260e-01  9.9695682530e-03 
1320.000  3.4214736320e-01  9.6606769560e-03 
1321.000  3.4064406920e-01  9.5326356890e-03 
1322.000  3.3996387370e-01  9.6436538700e-03 
1323.000  3.4071646620e-01  9.8156929020e-03 
1324.000  3.4089892180e-01  9.9079790120e-03 
1325.000  3.3980844810e-01  9.8137350080e-03 
1326.000  3.3821794810e-01  9.6098556520e-03 
1327.000  3.3551747350e-01  9.2263708110e-03 
1328.000  3.3640051240e-01  8.9684123990e-03 
1329.000  3.2412391800e-01  8.2117071150e-03 
1330.000  3.2919430950e-01  8.1915807720e-03 
1331.000  3.3066158120e-01  8.1368560790e-03 
1332.000  3.2311544040e-01  7.9800043110e-03 
1333.000  3.3165586930e-01  8.2707090380e-03 
1334.000  3.3207159220e-01  8.3939847950e-03 
1335.000  3.3235587560e-01  8.4838762280e-03 
1336.000  3.2875841400e-01  8.4210596080e-03 
1337.000  3.2982264580e-01  8.4599723820e-03 
1338.000  3.2957956690e-01  8.5127811430e-03 
1339.000  3.2603813020e-01  8.4385137560e-03 
1340.000  3.2369788270e-01  8.4274559020e-03 
1341.000  3.2858421230e-01  8.5119028090e-03 
1342.000  3.2777956470e-01  8.4976215360e-03 
1343.000  3.2775064500e-01  8.3185997010e-03 
1344.000  3.2625209790e-01  8.1105155940e-03 
1345.000  3.2374852150e-01  7.6838188170e-03 
1346.000  3.1857621670e-01  7.3723993300e-03 
1347.000  3.1918025050e-01  7.2470469470e-03 
1348.000  3.1560214490e-01  7.0168643000e-03 
1349.000  3.1345894180e-01  6.8893303870e-03 
1350.000  3.0705831410e-01  6.5913152690e-03 
1351.000  3.0488964070e-01  6.4342622760e-03 
1352.000  3.0544574790e-01  6.2797160150e-03 
1353.000  2.9959200500e-01  5.9531817440e-03 
1354.000  2.9597175570e-01  5.7598762510e-03 
1355.000  2.9032857410e-01  5.5161032680e-03 
1356.000  2.8605478160e-01  5.2859163280e-03 
1357.000  2.7935275540e-01  4.9756760600e-03 
1358.000  2.7974925880e-01  4.7797646520e-03 
1359.000  2.7202954550e-01  4.3059191700e-03 
1360.000  2.6205856140e-01  3.9368202690e-03 
1361.000  2.6425531020e-01  3.8329362870e-03 
1362.000  2.6199144240e-01  3.7617461680e-03 
1363.000  2.6225532500e-01  3.9745790960e-03 
1364.000  2.6752723070e-01  4.1259989740e-03 
1365.000  2.6739080410e-01  4.1630029680e-03 
1366.000  2.6926842290e-01  4.2748360630e-03 
1367.000  2.6431794020e-01  4.0901169780e-03 
1368.000  2.6434104180e-01  3.9928708080e-03 
1369.000  2.5957870740e-01  3.9440073970e-03 
1370.000  2.6509174130e-01  4.2744860650e-03 
1371.000  2.7287429550e-01  4.7458143230e-03 
1372.000  2.8371698920e-01  5.2903637890e-03 
1373.000  2.8782103310e-01  5.5774903300e-03 
1374.000  2.9110969580e-01  5.7499575610e-03 
1375.000  2.8702128490e-01  5.7170829770e-03 
1376.000  2.8273070300e-01  5.5953292850e-03 
1377.000  2.8530861760e-01  5.5682249070e-03 
1378.000  2.8040953870e-01  5.3225617410e-03 
1379.000  2.7855359950e-01  5.0555067060e-03 
1380.000  2.6856168320e-01  4.5480322840e-03 
1381.000  2.6250585020e-01  4.1306209560e-03 
1382.000  2.5435951760e-01  3.8327908520e-03 
1383.000  2.5658421690e-01  3.8467917440e-03 
1384.000  2.6228255940e-01  4.1884326930e-03 
1385.000  2.6436783580e-01  4.4237713810e-03 
1386.000  2.7234810780e-01  4.7981553080e-03 
1387.000  2.7625466090e-01  5.2199187280e-03 
1388.000  2.8204505540e-01  5.4845905300e-03 
1389.000  2.8429073640e-01  5.5942740440e-03 
1390.000  2.7928024800e-01  5.5150604250e-03 
1391.000  2.8201441220e-01  5.5153713230e-03 
1392.000  2.7757245150e-01  5.2695331570e-03 
1393.000  2.7302678840e-01  5.0254154210e-03 
1394.000  2.6697496800e-01  4.7633113860e-03 
1395.000  2.6827533190e-01  4.8549165730e-03 
1396.000  2.7420628110e-01  5.1423120500e-03 
1397.000  2.7727494920e-01  5.3401222230e-03 
1398.000  2.7748636700e-01  5.3600711820e-03 
1399.000  2.7567336420e-01  5.2783298490e-03 
1400.000  2.6766927400e-01  5.1019988060e-03 
1401.000  2.6888066410e-01  5.1389613150e-03 
1402.000  2.7544570550e-01  5.3712139130e-03 
1403.000  2.7474700180e-01  5.4202547070e-03 
1404.000  2.7266307890e-01  5.3412036900e-03 
1405.000  2.7283125860e-01  5.3488469120e-03 
1406.000  2.7244523580e-01  5.2918534280e-03 
1407.000  2.7271595870e-01  5.2929615970e-03 
1408.000  2.7355875300e-01  5.4082522390e-03 
1409.000  2.7647495630e-01  5.5349254610e-03 
1410.000  2.7766653450e-01  5.6781892780e-03 
1411.000  2.7973972200e-01  5.8030295370e-03 
1412.000  2.6880764360e-01  5.5673608780e-03 
1413.000  2.7399833050e-01  5.6990332600e-03 
1414.000  2.7758254730e-01  5.7419261930e-03 
1415.000  2.7742114650e-01  5.7804651260e-03 
1416.000  2.7691296500e-01  5.8091330530e-03 
1417.000  2.7893379310e-01  5.8399605750e-03 
1418.000  2.7904338150e-01  5.8350830080e-03 
1419.000  2.7506853120e-01  5.7396354680e-03 
1420.000  2.7446509010e-01  5.7326302530e-03 
1421.000  2.7902066310e-01  5.8787260060e-03 
1422.000  2.7278673770e-01  5.7643923760e-03 
1423.000  2.7112495320e-01  5.7195882800e-03 
1424.000  2.7137036760e-01  5.7024598120e-03 
1425.000  2.7660677880e-01  5.7656316760e-03 
1426.000  2.6541371470e-01  5.5176482200e-03 
1427.000  2.6955551460e-01  5.6153163910e-03 
1428.000  2.7540543380e-01  5.7430243490e-03 
1429.000  2.6894663820e-01  5.6151156430e-03 
1430.000  2.6310423220e-01  5.4636502270e-03 
1431.000  2.6250044960e-01  5.3666629790e-03 
1432.000  2.6727189430e-01  5.4090423580e-03 
1433.000  2.6740758990e-01  5.3912234310e-03 
1434.000  2.6201796000e-01  5.2483658790e-03 
1435.000  2.6521491510e-01  5.3384628300e-03 
1436.000  2.6525067120e-01  5.3389892580e-03 
1437.000  2.6629834810e-01  5.3497614860e-03 
1438.000  2.6565051100e-01  5.3665795330e-03 
1439.000  2.6879120100e-01  5.4188518520e-03 
1440.000  2.5215293340e-01  5.0863952640e-03 
1441.000  2.6485946250e-01  5.3324384690e-03 
1442.000  2.5869270780e-01  5.1739215850e-03 
1443.000  2.6298820310e-01  5.2380332950e-03 
1444.000  2.6426693550e-01  5.2573981290e-03 
1445.000  2.6346931860e-01  5.2247381210e-03 
1446.000  2.6629764680e-01  5.2900571820e-03 
1447.000  2.6508037660e-01  5.2736377720e-03 
1448.000  2.6710677720e-01  5.2959280010e-03 
1449.000  2.6700011630e-01  5.2541494370e-03 
1450.000  2.6520369100e-01  5.1626796720e-03 
1451.000  2.6349327640e-01  5.1167449950e-03 
1452.000  2.6024972200e-01  5.0756363870e-03 
1453.000  2.6520340130e-01  5.2400035860e-03 
1454.000  2.6623360660e-01  5.3404612540e-03 
1455.000  2.6286644340e-01  5.3229866030e-03 
1456.000  2.6274671200e-01  5.3718910220e-03 
1457.000  2.6526564140e-01  5.4053249360e-03 
1458.000  2.6889255850e-01  5.4644756320e-03 
1459.000  2.6989136150e-01  5.3928980830e-03 
1460.000  2.6529918830e-01  5.2207164760e-03 
1461.000  2.6471983130e-01  5.1507868770e-03 
1462.000  2.6182891310e-01  4.9975767140e-03 
1463.000  2.6008138670e-01  4.9351444240e-03 
1464.000  2.5990935160e-01  4.8852601050e-03 
1465.000  2.6291614690e-01  4.8691468240e-03 
1466.000  2.5665330820e-01  4.6740574840e-03 
1467.000  2.6280528300e-01  4.7257804870e-03 
1468.000  2.5633689820e-01  4.5466771130e-03 
1469.000  2.5916280010e-01  4.5163173680e-03 
1470.000  2.5766800050e-01  4.4447088240e-03 
1471.000  2.5359404670e-01  4.4074244500e-03 
1472.000  2.5512652790e-01  4.4916782380e-03 
1473.000  2.5737170270e-01  4.6330275540e-03 
1474.000  2.5028555580e-01  4.5888237950e-03 
1475.000  2.5560733640e-01  4.6587371830e-03 
1476.000  2.5601128720e-01  4.6403665540e-03 
1477.000  2.5676240360e-01  4.5923314090e-03 
1478.000  2.5304819270e-01  4.4661245350e-03 
1479.000  2.5594697290e-01  4.4482846260e-03 
1480.000  2.5734907490e-01  4.4723477360e-03 
1481.000  2.5351270270e-01  4.4411315920e-03 
1482.000  2.5666954410e-01  4.5395588870e-03 
1483.000  2.5138241890e-01  4.4487271310e-03 
1484.000  2.5370633700e-01  4.4770708080e-03 
1485.000  2.5853493200e-01  4.5396838190e-03 
1486.000  2.5427536360e-01  4.5050439830e-03 
1487.000  2.5456603670e-01  4.6180348400e-03 
1488.000  2.2254201910e-01  4.0356731410e-03 
1489.000  2.5552525050e-01  4.7931733130e-03 
1490.000  2.5612054610e-01  4.9546289440e-03 
1491.000  2.5866582730e-01  5.1147913930e-03 
1492.000  2.5265509560e-01  5.0154838560e-03 
1493.000  2.5833334730e-01  5.2064223290e-03 
1494.000  2.5735121980e-01  5.1934108730e-03 
1495.000  2.5555070540e-01  5.2297077180e-03 
1496.000  2.4799371850e-01  5.2019529340e-03 
1497.000  2.5381833570e-01  5.3182821270e-03 
1498.000  2.5638864360e-01  5.4915866850e-03 
1499.000  2.5207655820e-01  5.5102934840e-03 
1500.000  2.5637503630e-01  5.6852521900e-03 
1501.000  2.5600915820e-01  5.6414074900e-03 
1502.000  2.5403220450e-01  5.5466690060e-03 
1503.000  2.2810534180e-01  4.9445939060e-03 
1504.000  2.3765071310e-01  5.1771273610e-03 
1505.000  2.3691248510e-01  5.2657699580e-03 
1506.000  2.4010613700e-01  5.3639564510e-03 
1507.000  2.5111900880e-01  5.7130475040e-03 
1508.000  2.4719747850e-01  5.6876678470e-03 
1509.000  2.4826550530e-01  5.7827916150e-03 
1510.000  2.5210218180e-01  5.9100627900e-03 
1511.000  2.5324882230e-01  5.9941782950e-03 
1512.000  2.4849459890e-01  5.9226408000e-03 
1513.000  2.4807827070e-01  5.9483180050e-03 
1514.000  2.4468225440e-01  5.8877472880e-03 
1515.000  2.4949073060e-01  6.0259861950e-03 
1516.000  2.4717563870e-01  5.9533457760e-03 
1517.000  2.4571181000e-01  5.9131388660e-03 
1518.000  2.5024042150e-01  6.0412092210e-03 
1519.000  2.4652688770e-01  5.9758315090e-03 
1520.000  2.4804342830e-01  6.0824270250e-03 
1521.000  2.4331869250e-01  6.0483078960e-03 
1522.000  2.4189464900e-01  6.0552678110e-03 
1523.000  2.4778221050e-01  6.2594399450e-03 
1524.000  2.4602354020e-01  6.2419719700e-03 
1525.000  2.4054091180e-01  6.1160721780e-03 
1526.000  2.4731644070e-01  6.2771224980e-03 
1527.000  2.4464375110e-01  6.2145442960e-03 
1528.000  2.4612728130e-01  6.2645368580e-03 
1529.000  2.4534856630e-01  6.2289013860e-03 
1530.000  2.2951590930e-01  5.8330659870e-03 
1531.000  2.4524143460e-01  6.2189326290e-03 
1532.000  2.4366828170e-01  6.1675891880e-03 
1533.000  2.4243724140e-01  6.1150703430e-03 
1534.000  2.3858452160e-01  5.9963450430e-03 
1535.000  2.3919880950e-01  5.9913797380e-03 
1536.000  2.4239735440e-01  6.1056890490e-03 
1537.000  2.4296013960e-01  6.1689157490e-03 
1538.000  2.3611519740e-01  6.0448842050e-03 
1539.000  2.4094322290e-01  6.2167000770e-03 
1540.000  2.3211470390e-01  6.0284571650e-03 
1541.000  2.3687710970e-01  6.1619462970e-03 
1542.000  2.3828570380e-01  6.1988377570e-03 
1543.000  2.3739931870e-01  6.1841421130e-03 
1544.000  2.4008446270e-01  6.2673554420e-03 
1545.000  2.4048613560e-01  6.2992777820e-03 
1546.000  2.4027933730e-01  6.3269019130e-03 
1547.000  2.3762719470e-01  6.2862453460e-03 
1548.000  2.3042169530e-01  6.1237835880e-03 
1549.000  2.3632744740e-01  6.2998018260e-03 
1550.000  2.3501535580e-01  6.2816309930e-03 
1551.000  2.3378507840e-01  6.2458534240e-03 
1552.000  2.3775894690e-01  6.3394498830e-03 
1553.000  2.3641757790e-01  6.2964677810e-03 
1554.000  2.2775530920e-01  6.0530405040e-03 
1555.000  2.3140802360e-01  6.1459770200e-03 
1556.000  2.2690269310e-01  6.0519218440e-03 
1557.000  2.3426809180e-01  6.2991790770e-03 
1558.000  2.3247357590e-01  6.2936759000e-03 
1559.000  2.3258479510e-01  6.3372249600e-03 
1560.000  2.2856829040e-01  6.2735333440e-03 
1561.000  2.3400633610e-01  6.4376149180e-03 
1562.000  2.3408153270e-01  6.4210643770e-03 
1563.000  2.3074145160e-01  6.3190898900e-03 
1564.000  2.2639830390e-01  6.1794219020e-03 
1565.000  2.3031210550e-01  6.2580156330e-03 
1566.000  2.2594817140e-01  6.1494240760e-03 
1567.000  2.2660057700e-01  6.1686449050e-03 
1568.000  2.2279095940e-01  6.0535330770e-03 
1569.000  2.2461941850e-01  6.0876741410e-03 
1570.000  2.1958171070e-01  5.9489049910e-03 
1571.000  2.2546539490e-01  6.1371979710e-03 
1572.000  2.2566801820e-01  6.1555309300e-03 
1573.000  2.2189142900e-01  6.0854291920e-03 
1574.000  2.2211306530e-01  6.1335921290e-03 
1575.000  2.0599245670e-01  5.7206420900e-03 
1576.000  2.2130416700e-01  6.1537857060e-03 
1577.000  1.9974185920e-01  5.5326061250e-03 
1578.000  2.1845967400e-01  6.0279541020e-03 
1579.000  2.1939357990e-01  6.0368366240e-03 
1580.000  2.2329968590e-01  6.1373720170e-03 
1581.000  2.2181900730e-01  6.0739798550e-03 
1582.000  2.1672111440e-01  5.9718947410e-03 
1583.000  2.1881028930e-01  6.0657372470e-03 
1584.000  2.1634787170e-01  6.0334844590e-03 
1585.000  2.2237198970e-01  6.2318644520e-03 
1586.000  2.1957888200e-01  6.1670031550e-03 
1587.000  2.1690349800e-01  6.1220183370e-03 
1588.000  2.1343370880e-01  6.0512986180e-03 
1589.000  1.9521956530e-01  5.5457143780e-03 
1590.000  2.1037273640e-01  5.9910302160e-03 
1591.000  2.0565950400e-01  5.8734989170e-03 
1592.000  2.1656753700e-01  6.1961936950e-03 
1593.000  2.2148554930e-01  6.3438377380e-03 
1594.000  2.1993103230e-01  6.3048949240e-03 
1595.000  2.2139582150e-01  6.3509593010e-03 
1596.000  2.0738925220e-01  5.9680857660e-03 
1597.000  2.1584760850e-01  6.2070212360e-03 
1598.000  2.1992068720e-01  6.3101320270e-03 
1599.000  2.1255846730e-01  6.0798325540e-03 
1600.000  2.1610077590e-01  6.1705389020e-03 
1601.000  2.0700366580e-01  5.9270815850e-03 
1602.000  2.1229714590e-01  6.1088337900e-03 
1603.000  2.1068682360e-01  6.1109023090e-03 
1604.000  2.1327418000e-01  6.2419252400e-03 
1605.000  2.1012094150e-01  6.1859345440e-03 
1606.000  2.0926539910e-01  6.2001972200e-03 
1607.000  2.1014504100e-01  6.1999702450e-03 
1608.000  2.1253936990e-01  6.2454071040e-03 
1609.000  2.1172232360e-01  6.2023000720e-03 
1610.000  1.9851104170e-01  5.8014764790e-03 
1611.000  2.0421789820e-01  5.9697895050e-03 
1612.000  2.0596424940e-01  6.0253038410e-03 
1613.000  2.1036032710e-01  6.1568155290e-03 
1614.000  2.0829574480e-01  6.0736217500e-03 
1615.000  2.1156016850e-01  6.1659874920e-03 
1616.000  1.9821827070e-01  5.7712316510e-03 
1617.000  2.0393138500e-01  5.9809675220e-03 
1618.000  2.1028542270e-01  6.1916136740e-03 
1619.000  2.0954117720e-01  6.2145757680e-03 
1620.000  2.0419057020e-01  6.0991086960e-03 
1621.000  2.0112965200e-01  6.0426974300e-03 
1622.000  2.0619218210e-01  6.2012877460e-03 
1623.000  2.1032062120e-01  6.3415665630e-03 
1624.000  2.1177406690e-01  6.3963122370e-03 
1625.000  2.0645580910e-01  6.2621598240e-03 
1626.000  2.0898735850e-01  6.3295154570e-03 
1627.000  2.0871775480e-01  6.3397889140e-03 
1628.000  2.1039494870e-01  6.4001579280e-03 
1629.000  2.1036442870e-01  6.4069476130e-03 
1630.000  2.0465311190e-01  6.2336521150e-03 
1631.000  2.0785389980e-01  6.3421168330e-03 
1632.000  2.0790641980e-01  6.2957868580e-03 
1633.000  2.0523069900e-01  6.1812181470e-03 
1634.000  2.0042833250e-01  6.0012431140e-03 
1635.000  2.0580192000e-01  6.1316933630e-03 
1636.000  2.0525739800e-01  6.0774259570e-03 
1637.000  1.9611894500e-01  5.7719850540e-03 
1638.000  1.9468590260e-01  5.7047266960e-03 
1639.000  1.9274599260e-01  5.6082143780e-03 
1640.000  1.9390219740e-01  5.6108078960e-03 
1641.000  1.9270221920e-01  5.5575461390e-03 
1642.000  1.9246186220e-01  5.6090760230e-03 
1643.000  1.9740839880e-01  5.8087072370e-03 
1644.000  1.9435356380e-01  5.7719459530e-03 
1645.000  1.9478658800e-01  5.8345050810e-03 
1646.000  1.9712760290e-01  5.9535884860e-03 
1647.000  1.9897846940e-01  6.0095391270e-03 
1648.000  1.9821017850e-01  5.9796805380e-03 
1649.000  1.9368181270e-01  5.8419899940e-03 
1650.000  1.9858979580e-01  5.9910955430e-03 
1651.000  1.9411521000e-01  5.8558821680e-03 
1652.000  1.9798945740e-01  5.9707756040e-03 
1653.000  1.9576619880e-01  5.9128198620e-03 
1654.000  1.9796266840e-01  5.9823207860e-03 
1655.000  1.9399501680e-01  5.8739628790e-03 
1656.000  1.9772159410e-01  5.9950261120e-03 
1657.000  1.9628801830e-01  5.9531960490e-03 
1658.000  1.9734833570e-01  5.9950599670e-03 
1659.000  1.9371336000e-01  5.8871846200e-03 
1660.000  1.9607745700e-01  5.9537839890e-03 
1661.000  1.9684611400e-01  5.9633102420e-03 
1662.000  1.9552407910e-01  5.8722515110e-03 
1663.000  1.9429342690e-01  5.7911672590e-03 
1664.000  1.9347058140e-01  5.7217559810e-03 
1665.000  1.9149571340e-01  5.6190795900e-03 
1666.000  1.9056335570e-01  5.5871510510e-03 
1667.000  1.9208611060e-01  5.6843118670e-03 
1668.000  1.8883169200e-01  5.6220259670e-03 
1669.000  1.8913386240e-01  5.6735334400e-03 
1670.000  1.9320616220e-01  5.8405499460e-03 
1671.000  1.9173070390e-01  5.8377189640e-03 
1672.000  1.8264946220e-01  5.6105418210e-03 
1673.000  1.8803081720e-01  5.8161377910e-03 
1674.000  1.8890433910e-01  5.8872494700e-03 
1675.000  1.8715333410e-01  5.8829956050e-03 
1676.000  1.8417246080e-01  5.8062019350e-03 
1677.000  1.8505820710e-01  5.8340187070e-03 
1678.000  1.8592616490e-01  5.8675718310e-03 
1679.000  1.8345412580e-01  5.7855010030e-03 
1680.000  1.7704504140e-01  5.5880284310e-03 
1681.000  1.7083869670e-01  5.3952798840e-03 
1682.000  1.7577251000e-01  5.5507755280e-03 
1683.000  1.8016557450e-01  5.6854014400e-03 
1684.000  1.8352700320e-01  5.7883105280e-03 
1685.000  1.8424596040e-01  5.7971029280e-03 
1686.000  1.8202316250e-01  5.7178058620e-03 
1687.000  1.8303905620e-01  5.7156162260e-03 
1688.000  1.8338121910e-01  5.6972980500e-03 
1689.000  1.8117110620e-01  5.6156334880e-03 
1690.000  1.8133447280e-01  5.5892753600e-03 
1691.000  1.8370755770e-01  5.6703195570e-03 
1692.000  1.8404171050e-01  5.6955204010e-03 
1693.000  1.8334158040e-01  5.6919684410e-03 
1694.000  1.8306426430e-01  5.6984891890e-03 
1695.000  1.8327379160e-01  5.7089033130e-03 
1696.000  1.8220196400e-01  5.6455564500e-03 
1697.000  1.8116100600e-01  5.5730214120e-03 
1698.000  1.8225427540e-01  5.5698590280e-03 
1699.000  1.8107692180e-01  5.5002741810e-03 
1700.000  1.7875564910e-01  5.3985524180e-03 
