 lambda   Irr_dw            Rad_up 
 550.000  1.5576582000e+00  7.8974754330e-02 
 551.000  1.5473430700e+00  7.8292388920e-02 
 552.000  1.6133689900e+00  8.1572395320e-02 
 553.000  1.5496108100e+00  7.8168998720e-02 
 554.000  1.5996764600e+00  8.0613594060e-02 
 555.000  1.6036497300e+00  8.0601432800e-02 
 556.000  1.5589683900e+00  7.8152580260e-02 
 557.000  1.5123230500e+00  7.5744720460e-02 
 558.000  1.5693848900e+00  7.8398948670e-02 
 559.000  1.4830752400e+00  7.3949478150e-02 
 560.000  1.4893266800e+00  7.4185768130e-02 
 561.000  1.6366120900e+00  8.1302444460e-02 
 562.000  1.5024437600e+00  7.4532150270e-02 
 563.000  1.5717982200e+00  7.7768692020e-02 
 564.000  1.5497372200e+00  7.6418685910e-02 
 565.000  1.5685040400e+00  7.7242698670e-02 
 566.000  1.4462099600e+00  7.1031227110e-02 
 567.000  1.5526182700e+00  7.5929435730e-02 
 568.000  1.5531869900e+00  7.5298278810e-02 
 569.000  1.5317526000e+00  7.3069335940e-02 
 570.000  1.5382793900e+00  7.3371406560e-02 
 571.000  1.4771974800e+00  7.1065872190e-02 
 572.000  1.5681721300e+00  7.4704879760e-02 
 573.000  1.5830313100e+00  7.5533523560e-02 
 574.000  1.5739404300e+00  7.5041938780e-02 
 575.000  1.5360470900e+00  7.3081184390e-02 
 576.000  1.5083813000e+00  7.1670463560e-02 
 577.000  1.5691160100e+00  7.4607215880e-02 
 578.000  1.5205720700e+00  7.2604591370e-02 
 579.000  1.5067218400e+00  7.2012672420e-02 
 580.000  1.5566319400e+00  7.4631088260e-02 
 581.000  1.5254496400e+00  7.3297393800e-02 
 582.000  1.5464247800e+00  7.4223335270e-02 
 583.000  1.5563305600e+00  7.4734680180e-02 
 584.000  1.5506509600e+00  7.4293746950e-02 
 585.000  1.5400118900e+00  7.3639511110e-02 
 586.000  1.4735053800e+00  7.0405197140e-02 
 587.000  1.5341971100e+00  7.2755882260e-02 
 588.000  1.5323234100e+00  7.1279319760e-02 
 589.000  1.3776174800e+00  6.2470149990e-02 
 590.000  1.4396131700e+00  6.5159538270e-02 
 591.000  1.5150234500e+00  6.9548072810e-02 
 592.000  1.4936027200e+00  6.7821762080e-02 
 593.000  1.4928395700e+00  6.8922134400e-02 
 594.000  1.5101420200e+00  6.9375595090e-02 
 595.000  1.4927638600e+00  6.7605804440e-02 
 596.000  1.5130067400e+00  6.9735260010e-02 
 597.000  1.5210619100e+00  6.9640701290e-02 
 598.000  1.4830645200e+00  6.8397354130e-02 
 599.000  1.4805672300e+00  6.8442466740e-02 
 600.000  1.4746480200e+00  6.8645912170e-02 
 601.000  1.4621899400e+00  6.8411712650e-02 
 602.000  1.4446869700e+00  6.7612785340e-02 
 603.000  1.4519222100e+00  6.8067298890e-02 
 604.000  1.4966335800e+00  7.0302780150e-02 
 605.000  1.4921903400e+00  6.9963745120e-02 
 606.000  1.4746611400e+00  6.9166702270e-02 
 607.000  1.4661782500e+00  6.8667793270e-02 
 608.000  1.4606657400e+00  6.8282279970e-02 
 609.000  1.4455755000e+00  6.7533584590e-02 
 610.000  1.4223181700e+00  6.6326492310e-02 
 611.000  1.4453185000e+00  6.7342788700e-02 
 612.000  1.4264459000e+00  6.6416618350e-02 
 613.000  1.4055629200e+00  6.5338653560e-02 
 614.000  1.3543180000e+00  6.2928176880e-02 
 615.000  1.4197170900e+00  6.5823577880e-02 
 616.000  1.3498859400e+00  6.2567428590e-02 
 617.000  1.3575697900e+00  6.2868591310e-02 
 618.000  1.4217220400e+00  6.5670341490e-02 
 619.000  1.4088722400e+00  6.5077064510e-02 
 620.000  1.4298968200e+00  6.5873916630e-02 
 621.000  1.4547845300e+00  6.6958465580e-02 
 622.000  1.3783679700e+00  6.3326244350e-02 
 623.000  1.3895954800e+00  6.3631732940e-02 
 624.000  1.3915275400e+00  6.3729385380e-02 
 625.000  1.3542623100e+00  6.1963008880e-02 
 626.000  1.3621890600e+00  6.2076297760e-02 
 627.000  1.3906746500e+00  6.2783760070e-02 
 628.000  1.3971826400e+00  6.1395751950e-02 
 629.000  1.4181236600e+00  6.2998897550e-02 
 630.000  1.3672166200e+00  6.1103858950e-02 
 631.000  1.4130534100e+00  6.3307262420e-02 
 632.000  1.3184020400e+00  5.8819984440e-02 
 633.000  1.4086204800e+00  6.3268356320e-02 
 634.000  1.3639894900e+00  6.1427890780e-02 
 635.000  1.3885041800e+00  6.2543899540e-02 
 636.000  1.3382218900e+00  6.0361297610e-02 
 637.000  1.3815555500e+00  6.2372066500e-02 
 638.000  1.4002995900e+00  6.3397731780e-02 
 639.000  1.3884403300e+00  6.2717826840e-02 
 640.000  1.3434444000e+00  6.0920890810e-02 
 641.000  1.3626918100e+00  6.1738079070e-02 
 642.000  1.3453212800e+00  6.0981517790e-02 
 643.000  1.3705250200e+00  6.1910984040e-02 
 644.000  1.3547226500e+00  6.1072479250e-02 
 645.000  1.3689536200e+00  6.1522407530e-02 
 646.000  1.3267066200e+00  5.8616863250e-02 
 647.000  1.3519878100e+00  5.9066410060e-02 
 648.000  1.3575573700e+00  5.8785655980e-02 
 649.000  1.3775666800e+00  5.9983917240e-02 
 650.000  1.2641774300e+00  5.5988212590e-02 
 651.000  1.3618645500e+00  6.0276851650e-02 
 652.000  1.3472852100e+00  5.8704734800e-02 
 653.000  1.3609530100e+00  6.0294841770e-02 
 654.000  1.3447017800e+00  5.9303710940e-02 
 655.000  1.3140554200e+00  5.7531044010e-02 
 656.000  1.1142956300e+00  4.8841247560e-02 
 657.000  1.1870431200e+00  5.2188446040e-02 
 658.000  1.3178176100e+00  5.8347373960e-02 
 659.000  1.3184659700e+00  5.8524909970e-02 
 660.000  1.3277568800e+00  5.9021816250e-02 
 661.000  1.3303573900e+00  5.9444664000e-02 
 662.000  1.3480392400e+00  6.0344749450e-02 
 663.000  1.3334577600e+00  5.9566226960e-02 
 664.000  1.3117574400e+00  5.8603622440e-02 
 665.000  1.3170973200e+00  5.8823925020e-02 
 666.000  1.3323836000e+00  5.9614021300e-02 
 667.000  1.3055342300e+00  5.8328567500e-02 
 668.000  1.3123967700e+00  5.8740425110e-02 
 669.000  1.3310133700e+00  5.9598762510e-02 
 670.000  1.3149744600e+00  5.8747520450e-02 
 671.000  1.3008690500e+00  5.8113407140e-02 
 672.000  1.2965588000e+00  5.7872795100e-02 
 673.000  1.3057830400e+00  5.8217453000e-02 
 674.000  1.3082423300e+00  5.8304168700e-02 
 675.000  1.2881851000e+00  5.7328491210e-02 
 676.000  1.3124429400e+00  5.8387054440e-02 
 677.000  1.2862662500e+00  5.7207370760e-02 
 678.000  1.3074763500e+00  5.8083137510e-02 
 679.000  1.2890500300e+00  5.7162391660e-02 
 680.000  1.2795836900e+00  5.6681224820e-02 
 681.000  1.2815626000e+00  5.6666168210e-02 
 682.000  1.2791143100e+00  5.6433986660e-02 
 683.000  1.2878142900e+00  5.6699279790e-02 
 684.000  1.2655761000e+00  5.5655612950e-02 
 685.000  1.2792569200e+00  5.6211940770e-02 
 686.000  1.2260099500e+00  5.3455516820e-02 
 687.000  1.2269002600e+00  4.8991100310e-02 
 688.000  1.2278245900e+00  5.0162101750e-02 
 689.000  1.2313585200e+00  5.0021472930e-02 
 690.000  1.2373177200e+00  5.0867187500e-02 
 691.000  1.2423054600e+00  5.1883312230e-02 
 692.000  1.2348437000e+00  5.1992168430e-02 
 693.000  1.2430262600e+00  5.1484886170e-02 
 694.000  1.2566833500e+00  5.1365070340e-02 
 695.000  1.2336740500e+00  5.0832077030e-02 
 696.000  1.2474872200e+00  5.1658565520e-02 
 697.000  1.2464094800e+00  5.3251480100e-02 
 698.000  1.2241245200e+00  5.1852458950e-02 
 699.000  1.2499789600e+00  5.1570026400e-02 
 700.000  1.2350229400e+00  5.1117980960e-02 
 701.000  1.2080778400e+00  4.9657394410e-02 
 702.000  1.2018668300e+00  4.9590358730e-02 
 703.000  1.2164663200e+00  5.1222923280e-02 
 704.000  1.2199929000e+00  5.1425197600e-02 
 705.000  1.2304774800e+00  5.1364112850e-02 
 706.000  1.2173212300e+00  5.0890480040e-02 
 707.000  1.1986850400e+00  5.0267807010e-02 
 708.000  1.2331763900e+00  5.1891510010e-02 
 709.000  1.1886407900e+00  5.0360717770e-02 
 710.000  1.2169021800e+00  5.1065780640e-02 
 711.000  1.2039010000e+00  5.0901916500e-02 
 712.000  1.1864776000e+00  5.0549919130e-02 
 713.000  1.1820697900e+00  5.0014385220e-02 
 714.000  1.2023877500e+00  5.0684570310e-02 
 715.000  1.1612245700e+00  4.8432590480e-02 
 716.000  1.1924673100e+00  4.9206634520e-02 
 717.000  1.1626898300e+00  4.5510917660e-02 
 718.000  1.1565287100e+00  4.3819564820e-02 
 719.000  1.1432109500e+00  4.2729549410e-02 
 720.000  1.1515455400e+00  4.2374107360e-02 
 721.000  1.1498789000e+00  4.5522090910e-02 
 722.000  1.1658658300e+00  4.7265842440e-02 
 723.000  1.1636023500e+00  4.6412883760e-02 
 724.000  1.1706574500e+00  4.4742500310e-02 
 725.000  1.1578743200e+00  4.4500556950e-02 
 726.000  1.1557502900e+00  4.4314666750e-02 
 727.000  1.1728471400e+00  4.5162429810e-02 
 728.000  1.1526926900e+00  4.4120887760e-02 
 729.000  1.1068788500e+00  4.2997867580e-02 
 730.000  1.1477700500e+00  4.4446262360e-02 
 731.000  1.1288486000e+00  4.3627021790e-02 
 732.000  1.1499440000e+00  4.5582790370e-02 
 733.000  1.1321060600e+00  4.6125144960e-02 
 734.000  1.1553219700e+00  4.7663135530e-02 
 735.000  1.1461074000e+00  4.6999637600e-02 
 736.000  1.1250618800e+00  4.5734462740e-02 
 737.000  1.1396557100e+00  4.6572509770e-02 
 738.000  1.1361958500e+00  4.6851055150e-02 
 739.000  1.0992958300e+00  4.5539463040e-02 
 740.000  1.1092779500e+00  4.6383224490e-02 
 741.000  1.1001948300e+00  4.6346881870e-02 
 742.000  1.0820134000e+00  4.5709167480e-02 
 743.000  1.1134835200e+00  4.7343780520e-02 
 744.000  1.1239134100e+00  4.7931964870e-02 
 745.000  1.0945661800e+00  4.6814491270e-02 
 746.000  1.1096994900e+00  4.7505519870e-02 
 747.000  1.1263170400e+00  4.8186271670e-02 
 748.000  1.1060748600e+00  4.7330368040e-02 
 749.000  1.1062684200e+00  4.7355117800e-02 
 750.000  1.0901093200e+00  4.6569816590e-02 
 751.000  1.0872988000e+00  4.6432521820e-02 
 752.000  1.1037657000e+00  4.7185710910e-02 
 753.000  1.0933152800e+00  4.6738769530e-02 
 754.000  1.1104288500e+00  4.7463356020e-02 
 755.000  1.1040561400e+00  4.7173236850e-02 
 756.000  1.0824347500e+00  4.6234054570e-02 
 757.000  1.0904334700e+00  4.6556568150e-02 
 758.000  1.0892984400e+00  4.6410285950e-02 
 759.000  1.0480138500e+00  4.2369388580e-02 
 760.000  8.2436704000e-01  2.3427129750e-02 
 761.000  7.9440852700e-01  2.1608547210e-02 
 762.000  9.2675597100e-01  3.1519048690e-02 
 763.000  9.1185830900e-01  2.9073701860e-02 
 764.000  9.3526326400e-01  3.0759740830e-02 
 765.000  9.8160995000e-01  3.4770336150e-02 
 766.000  9.7333008000e-01  3.7412017820e-02 
 767.000  1.0032467400e+00  3.9970207210e-02 
 768.000  1.0522183200e+00  4.3031085970e-02 
 769.000  1.0536914100e+00  4.3948074340e-02 
 770.000  1.0510183700e+00  4.4287990570e-02 
 771.000  1.0524791400e+00  4.4602645870e-02 
 772.000  1.0485884000e+00  4.4484966280e-02 
 773.000  1.0442643000e+00  4.4310703280e-02 
 774.000  1.0552812200e+00  4.4791488650e-02 
 775.000  1.0155300700e+00  4.3104599000e-02 
 776.000  1.0572798300e+00  4.4908802030e-02 
 777.000  1.0499549500e+00  4.4566223140e-02 
 778.000  1.0444026400e+00  4.4277000430e-02 
 779.000  1.0478765200e+00  4.4358787540e-02 
 780.000  1.0349903300e+00  4.3817413330e-02 
 781.000  1.0331267100e+00  4.3727977750e-02 
 782.000  1.0456686600e+00  4.4176078800e-02 
 783.000  1.0213084900e+00  4.3211662290e-02 
 784.000  1.0272200200e+00  4.3400512700e-02 
 785.000  1.0305965600e+00  4.3321685790e-02 
 786.000  1.0137215900e+00  4.2442195890e-02 
 787.000  1.0306170700e+00  4.2654251100e-02 
 788.000  1.0161341400e+00  4.1869964600e-02 
 789.000  1.0252790400e+00  4.1587463380e-02 
 790.000  1.0152226100e+00  4.1079566960e-02 
 791.000  1.0094817100e+00  4.0958904270e-02 
 792.000  9.9301230000e-01  4.0330638890e-02 
 793.000  9.9085243000e-01  4.0465419770e-02 
 794.000  9.7817501700e-01  4.0520965580e-02 
 795.000  9.7447079000e-01  3.9896892550e-02 
 796.000  9.9519580000e-01  3.9993194580e-02 
 797.000  1.0003346200e+00  4.0430320740e-02 
 798.000  9.9830452000e-01  4.0845245360e-02 
 799.000  9.9815671000e-01  4.0652172090e-02 
 800.000  9.7394540400e-01  3.9263031010e-02 
 801.000  9.9197400000e-01  4.0020145420e-02 
 802.000  9.9020243100e-01  3.9861392970e-02 
 803.000  9.7588174400e-01  3.9342876430e-02 
 804.000  9.8387562300e-01  3.9875873570e-02 
 805.000  9.5539897000e-01  3.9077793120e-02 
 806.000  9.8034117300e-01  4.0266494750e-02 
 807.000  9.7427359600e-01  4.0046123500e-02 
 808.000  9.6912002900e-01  3.9655941010e-02 
 809.000  9.5331976700e-01  3.8828041080e-02 
 810.000  9.4967022100e-01  3.8476222990e-02 
 811.000  9.6609829700e-01  3.8808761600e-02 
 812.000  9.6433732100e-01  3.8373359680e-02 
 813.000  9.6180773300e-01  3.7761203770e-02 
 814.000  9.6243948300e-01  3.7297630310e-02 
 815.000  9.5421600700e-01  3.6383090970e-02 
 816.000  9.4813023500e-01  3.5436462400e-02 
 817.000  9.5372331000e-01  3.5658355710e-02 
 818.000  9.4771852000e-01  3.5410724640e-02 
 819.000  9.2155289300e-01  3.4706817630e-02 
 820.000  9.0189677100e-01  3.4715698240e-02 
 821.000  9.2971123500e-01  3.6706512450e-02 
 822.000  9.0508193300e-01  3.4942485810e-02 
 823.000  9.2131254500e-01  3.3810077670e-02 
 824.000  9.3190105000e-01  3.5708576200e-02 
 825.000  9.2798004600e-01  3.6799896240e-02 
 826.000  9.3428692400e-01  3.6788856510e-02 
 827.000  9.3162979600e-01  3.6505119320e-02 
 828.000  9.3150471500e-01  3.5747978210e-02 
 829.000  9.3042920600e-01  3.5931659700e-02 
 830.000  9.1494881700e-01  3.5627536770e-02 
 831.000  8.9871463800e-01  3.5050674440e-02 
 832.000  9.1701786500e-01  3.5767456050e-02 
 833.000  8.8804519600e-01  3.4886619570e-02 
 834.000  9.0053390600e-01  3.5594856260e-02 
 835.000  9.0047534400e-01  3.5918277740e-02 
 836.000  9.1161068400e-01  3.6338020320e-02 
 837.000  9.0416680500e-01  3.5988265990e-02 
 838.000  9.0639193500e-01  3.6317729950e-02 
 839.000  8.7744856900e-01  3.5262985230e-02 
 840.000  9.0067830800e-01  3.6191867830e-02 
 841.000  9.0399437200e-01  3.6154132840e-02 
 842.000  8.9750923400e-01  3.6001052860e-02 
 843.000  8.8926993700e-01  3.6097396850e-02 
 844.000  8.7356891600e-01  3.5633106230e-02 
 845.000  8.8634862400e-01  3.6231571200e-02 
 846.000  8.9370562200e-01  3.6670284270e-02 
 847.000  8.6230247500e-01  3.5531364440e-02 
 848.000  8.8881188600e-01  3.6419319150e-02 
 849.000  8.9032606000e-01  3.6574367520e-02 
 850.000  7.7027358400e-01  3.1501451490e-02 
 851.000  8.8316609100e-01  3.5979866030e-02 
 852.000  8.4963036700e-01  3.4673252110e-02 
 853.000  8.5833117100e-01  3.5098487850e-02 
 854.000  6.9013040100e-01  2.8244852070e-02 
 855.000  7.5917223400e-01  3.1176099780e-02 
 856.000  8.6011305500e-01  3.5389610290e-02 
 857.000  8.7322899000e-01  3.6077953340e-02 
 858.000  8.5893427700e-01  3.5495525360e-02 
 859.000  8.5806070000e-01  3.5530559540e-02 
 860.000  8.5001073200e-01  3.5283699040e-02 
 861.000  8.4985795800e-01  3.5260013580e-02 
 862.000  8.4684679700e-01  3.5088382720e-02 
 863.000  8.6302869300e-01  3.5842479710e-02 
 864.000  8.6115161100e-01  3.5643398280e-02 
 865.000  8.4499384400e-01  3.5088897710e-02 
 866.000  7.0876446200e-01  2.9468751910e-02 
 867.000  7.5480483000e-01  3.1204690930e-02 
 868.000  8.1862289300e-01  3.3916049960e-02 
 869.000  8.0711433400e-01  3.3429904940e-02 
 870.000  8.4046287700e-01  3.4906562810e-02 
 871.000  8.3925759700e-01  3.4793151860e-02 
 872.000  8.3579283600e-01  3.4453079220e-02 
 873.000  8.3927767200e-01  3.4695079800e-02 
 874.000  8.2096115900e-01  3.3859367370e-02 
 875.000  8.1344633100e-01  3.3666755680e-02 
 876.000  8.2041187000e-01  3.3872154240e-02 
 877.000  8.3688313000e-01  3.4416347500e-02 
 878.000  8.2311062900e-01  3.3887485500e-02 
 879.000  8.2506783200e-01  3.4009403230e-02 
 880.000  8.2081230700e-01  3.3653366090e-02 
 881.000  7.7842184400e-01  3.1939264300e-02 
 882.000  8.2169909100e-01  3.3534793850e-02 
 883.000  8.0271009500e-01  3.2917308810e-02 
 884.000  8.0944173600e-01  3.3370349880e-02 
 885.000  8.1879575500e-01  3.3326263430e-02 
 886.000  7.9328489000e-01  3.2284942630e-02 
 887.000  7.8420148900e-01  3.1911581040e-02 
 888.000  8.0777107800e-01  3.2705730440e-02 
 889.000  8.1288959800e-01  3.3156902310e-02 
 890.000  8.1105808100e-01  3.2985904690e-02 
 891.000  8.0801903300e-01  3.2631351470e-02 
 892.000  8.0737067000e-01  3.2342575070e-02 
 893.000  7.8176904900e-01  3.0465139390e-02 
 894.000  8.1019973500e-01  3.1290147780e-02 
 895.000  7.7519678100e-01  2.9243038180e-02 
 896.000  8.0596124400e-01  2.9555065160e-02 
 897.000  7.8740560700e-01  2.8320631030e-02 
 898.000  7.8875924900e-01  2.7982471470e-02 
 899.000  7.8804721700e-01  2.7047517780e-02 
 900.000  7.6836657800e-01  2.6396568300e-02 
 901.000  7.5190585000e-01  2.5640262600e-02 
 902.000  7.3806485500e-01  2.5204393390e-02 
 903.000  7.7417378600e-01  2.7776321410e-02 
 904.000  7.8854953500e-01  2.9137094500e-02 
 905.000  7.8645572000e-01  2.9255920410e-02 
 906.000  7.6562771100e-01  2.7940689090e-02 
 907.000  7.7859914800e-01  2.7390438080e-02 
 908.000  7.5955257900e-01  2.6046094890e-02 
 909.000  7.4464953600e-01  2.5536899570e-02 
 910.000  7.5345770300e-01  2.5916080470e-02 
 911.000  7.5145933200e-01  2.6381534580e-02 
 912.000  7.5308512400e-01  2.6044479370e-02 
 913.000  7.7071086800e-01  2.5862468720e-02 
 914.000  7.6575123000e-01  2.6049886700e-02 
 915.000  7.5310969300e-01  2.6102447510e-02 
 916.000  7.6146809400e-01  2.6418729780e-02 
 917.000  7.4954806300e-01  2.6162563320e-02 
 918.000  7.4574292200e-01  2.6262178420e-02 
 919.000  7.5557623600e-01  2.7725070950e-02 
 920.000  7.4836945000e-01  2.7853473660e-02 
 921.000  7.3198537700e-01  2.7091650010e-02 
 922.000  7.2543378500e-01  2.6920240400e-02 
 923.000  6.9502448200e-01  2.5330217360e-02 
 924.000  7.2442800000e-01  2.6251581190e-02 
 925.000  7.3404417200e-01  2.6499246600e-02 
 926.000  7.0783783300e-01  2.5406393050e-02 
 927.000  7.3420408500e-01  2.6083908080e-02 
 928.000  7.3872180300e-01  2.5393045430e-02 
 929.000  7.2840235700e-01  2.3972854610e-02 
 930.000  7.2656762700e-01  2.2775018690e-02 
 931.000  7.2626497900e-01  2.1850215910e-02 
 932.000  7.1914631500e-01  2.0625543590e-02 
 933.000  7.2110104900e-01  2.0052087780e-02 
 934.000  7.1478216600e-01  1.9308193210e-02 
 935.000  7.0418941700e-01  1.8964738850e-02 
 936.000  6.9912223300e-01  1.9031538010e-02 
 937.000  7.1472516300e-01  1.9401424410e-02 
 938.000  7.0722994900e-01  1.9839231490e-02 
 939.000  7.1351234000e-01  2.2050592420e-02 
 940.000  7.0986971100e-01  2.2332355500e-02 
 941.000  6.9373025500e-01  2.1504203800e-02 
 942.000  6.6717883600e-01  2.0000200270e-02 
 943.000  7.0296351400e-01  2.0045864110e-02 
 944.000  6.8364063300e-01  1.9421529770e-02 
 945.000  6.9019145800e-01  1.9938116070e-02 
 946.000  6.9954963600e-01  2.0229700090e-02 
 947.000  6.9532209100e-01  2.0435291290e-02 
 948.000  6.9952447000e-01  2.0757808690e-02 
 949.000  7.0173992900e-01  2.0802953720e-02 
 950.000  6.9711372400e-01  2.0716884610e-02 
 951.000  6.9297849900e-01  2.1064357760e-02 
 952.000  6.9289955800e-01  2.0571607590e-02 
 953.000  6.9098897300e-01  2.0869504930e-02 
 954.000  6.8431532900e-01  2.1079204560e-02 
 955.000  6.3918506900e-01  1.9395439150e-02 
 956.000  6.8186072900e-01  2.0640089040e-02 
 957.000  6.8151119800e-01  2.1753440860e-02 
 958.000  6.8676460500e-01  2.2107471470e-02 
 959.000  6.8941674900e-01  2.1987453460e-02 
 960.000  6.8290176400e-01  2.1726819990e-02 
 961.000  6.7557586800e-01  2.1390428540e-02 
 962.000  6.7893712000e-01  2.1589324950e-02 
 963.000  6.7753592300e-01  2.2289638520e-02 
 964.000  6.6978328800e-01  2.2149486540e-02 
 965.000  6.7796917500e-01  2.2340970990e-02 
 966.000  6.5839693100e-01  2.1740119930e-02 
 967.000  6.7797813100e-01  2.3008926390e-02 
 968.000  6.7050766600e-01  2.3791284560e-02 
 969.000  6.7460449800e-01  2.4389745710e-02 
 970.000  6.7643494400e-01  2.4476161960e-02 
 971.000  6.7044464600e-01  2.4239633560e-02 
 972.000  6.7519500200e-01  2.4265533450e-02 
 973.000  6.6895306800e-01  2.3734750750e-02 
 974.000  6.5869658900e-01  2.3007099150e-02 
 975.000  6.6199009600e-01  2.2875970840e-02 
 976.000  6.7000210300e-01  2.3432510380e-02 
 977.000  6.5301580400e-01  2.3279306410e-02 
 978.000  6.6916690800e-01  2.3815856930e-02 
 979.000  6.4972058300e-01  2.3238510130e-02 
 980.000  6.5889104900e-01  2.4041023250e-02 
 981.000  6.6337341100e-01  2.4322250370e-02 
 982.000  6.6194147700e-01  2.4154787060e-02 
 983.000  6.6014834700e-01  2.4360399250e-02 
 984.000  6.5572836400e-01  2.4503726960e-02 
 985.000  6.5541475800e-01  2.4681617740e-02 
 986.000  6.5006690800e-01  2.4749822620e-02 
 987.000  6.5745648100e-01  2.5156421660e-02 
 988.000  6.4934947200e-01  2.4869373320e-02 
 989.000  6.4110564500e-01  2.4564392090e-02 
 990.000  6.4656730600e-01  2.4797685620e-02 
 991.000  6.5181266500e-01  2.5084045410e-02 
 992.000  6.4577866300e-01  2.4850496290e-02 
 993.000  6.4573295900e-01  2.4823869710e-02 
 994.000  6.4896361300e-01  2.5013721470e-02 
 995.000  6.4415346400e-01  2.4884601590e-02 
 996.000  6.4403668400e-01  2.4840112690e-02 
 997.000  6.4475152000e-01  2.4768754960e-02 
 998.000  6.4238991600e-01  2.4590717320e-02 
 999.000  6.4081877800e-01  2.4469854350e-02 
1000.000  6.3570270900e-01  2.4254205700e-02 
1001.000  6.3933911700e-01  2.4267885210e-02 
1002.000  6.3871074900e-01  2.4056474690e-02 
1003.000  6.3118045500e-01  2.3808794020e-02 
1004.000  6.2574964100e-01  2.3699998860e-02 
1005.000  5.8458827800e-01  2.2181364060e-02 
1006.000  6.1508821500e-01  2.3349313740e-02 
1007.000  6.2634102300e-01  2.3736124040e-02 
1008.000  6.2923673800e-01  2.3697139740e-02 
1009.000  6.2573033300e-01  2.3384649280e-02 
1010.000  6.2792499300e-01  2.3538778310e-02 
1011.000  6.2420646700e-01  2.3590736390e-02 
1012.000  6.2424920700e-01  2.3668594360e-02 
1013.000  6.1962842100e-01  2.3554801940e-02 
1014.000  6.2353387900e-01  2.3761671070e-02 
1015.000  6.1201357800e-01  2.3361593250e-02 
1016.000  6.1587495100e-01  2.3573373790e-02 
1017.000  6.0974195500e-01  2.3374748230e-02 
1018.000  6.1780696900e-01  2.3694160460e-02 
1019.000  6.0393146100e-01  2.3118404390e-02 
1020.000  6.0258371500e-01  2.3059728620e-02 
1021.000  6.0840565100e-01  2.3266729350e-02 
1022.000  5.9956949600e-01  2.2769086840e-02 
1023.000  6.1133843000e-01  2.3073404310e-02 
1024.000  6.0839420700e-01  2.2852117540e-02 
1025.000  6.0767355900e-01  2.2883649830e-02 
1026.000  6.0813690200e-01  2.2941049580e-02 
1027.000  6.0457403900e-01  2.2820928570e-02 
1028.000  6.0590536000e-01  2.2933168410e-02 
1029.000  5.9644642700e-01  2.2665386200e-02 
1030.000  6.0219558700e-01  2.2989685060e-02 
1031.000  6.0016827900e-01  2.2991594310e-02 
1032.000  5.9795090100e-01  2.2960330960e-02 
1033.000  5.8691756300e-01  2.2519487380e-02 
1034.000  5.9306271600e-01  2.2747835160e-02 
1035.000  5.8666733200e-01  2.2479808810e-02 
1036.000  5.9436511600e-01  2.2756221770e-02 
1037.000  5.8183807000e-01  2.2256076810e-02 
1038.000  5.8755744600e-01  2.2454759600e-02 
1039.000  5.9007165500e-01  2.2519361500e-02 
1040.000  5.8317573400e-01  2.2227960590e-02 
1041.000  5.8630873900e-01  2.2318935390e-02 
1042.000  5.8807685400e-01  2.2361473080e-02 
1043.000  5.7794176700e-01  2.1953611370e-02 
1044.000  5.8375981000e-01  2.2147535320e-02 
1045.000  5.8142449600e-01  2.2086917880e-02 
1046.000  5.6462576400e-01  2.1487466810e-02 
1047.000  5.7514013900e-01  2.1925573350e-02 
1048.000  5.8103196000e-01  2.2189559940e-02 
1049.000  5.7746483900e-01  2.2094522480e-02 
1050.000  5.7419997800e-01  2.2007751460e-02 
1051.000  5.7452910600e-01  2.1981906890e-02 
1052.000  5.7202553600e-01  2.1846488950e-02 
1053.000  5.7230630500e-01  2.1832048420e-02 
1054.000  5.6670826200e-01  2.1569423680e-02 
1055.000  5.7115559600e-01  2.1690185550e-02 
1056.000  5.6987323300e-01  2.1599102020e-02 
1057.000  5.6945128900e-01  2.1533771510e-02 
1058.000  5.6449229500e-01  2.1270750050e-02 
1059.000  5.4668420200e-01  2.0622270580e-02 
1060.000  5.6588492800e-01  2.1411436080e-02 
1061.000  5.4617615400e-01  2.0669483180e-02 
1062.000  5.6194549000e-01  2.1225383760e-02 
1063.000  5.5267748100e-01  2.0846279140e-02 
1064.000  5.6010518200e-01  2.1037008290e-02 
1065.000  5.6001621900e-01  2.0933629990e-02 
1066.000  5.4280838700e-01  2.0252904890e-02 
1067.000  5.5599320300e-01  2.0689584730e-02 
1068.000  5.5465177700e-01  2.0502244950e-02 
1069.000  5.1328159900e-01  1.8914533620e-02 
1070.000  5.4360281800e-01  2.0073326110e-02 
1071.000  5.4501159400e-01  2.0105947490e-02 
1072.000  5.4737457500e-01  2.0175092700e-02 
1073.000  5.2946264900e-01  1.9539209370e-02 
1074.000  5.4794258000e-01  2.0265563960e-02 
1075.000  5.3019232300e-01  1.9715065000e-02 
1076.000  5.4232924400e-01  2.0132638930e-02 
1077.000  5.4174412000e-01  2.0061832430e-02 
1078.000  5.4387047900e-01  2.0083759310e-02 
1079.000  5.2303388600e-01  1.9320272450e-02 
1080.000  5.4044158300e-01  1.9798620220e-02 
1081.000  5.2065728100e-01  1.9058742520e-02 
1082.000  5.2649468500e-01  1.9304645540e-02 
1083.000  5.1321256200e-01  1.8687990190e-02 
1084.000  5.3384019700e-01  1.9303979870e-02 
1085.000  5.2923084200e-01  1.8895189290e-02 
1086.000  5.3558005200e-01  1.9125907900e-02 
1087.000  5.0028781200e-01  1.8053207400e-02 
1088.000  5.3050767000e-01  1.9198799130e-02 
1089.000  5.1328480000e-01  1.8348134990e-02 
1090.000  5.2501996800e-01  1.8759325030e-02 
1091.000  5.2782431000e-01  1.8952150340e-02 
1092.000  5.1706228000e-01  1.8483581540e-02 
1093.000  5.1392982000e-01  1.8140344620e-02 
1094.000  4.6891048300e-01  1.6420806880e-02 
1095.000  5.0732618600e-01  1.7747179030e-02 
1096.000  5.0806028600e-01  1.7756622310e-02 
1097.000  4.9885431200e-01  1.7341753010e-02 
1098.000  4.9790308600e-01  1.6696018220e-02 
1099.000  5.0239224400e-01  1.6297739030e-02 
1100.000  5.1080534000e-01  1.6604784010e-02 
1101.000  5.0922374400e-01  1.6622356410e-02 
1102.000  4.8830165000e-01  1.5900180820e-02 
1103.000  5.0734263000e-01  1.6561122890e-02 
1104.000  5.0409730600e-01  1.6363330840e-02 
1105.000  5.0445713000e-01  1.6158744810e-02 
1106.000  5.0134683200e-01  1.5860143660e-02 
1107.000  5.0044780900e-01  1.5868989940e-02 
1108.000  4.9860814900e-01  1.5830422400e-02 
1109.000  4.9992414800e-01  1.6021245960e-02 
1110.000  5.0248963400e-01  1.6053955080e-02 
1111.000  4.9645228000e-01  1.5754807470e-02 
1112.000  4.9203782200e-01  1.5221094130e-02 
1113.000  4.9031172000e-01  1.4692567830e-02 
1114.000  4.9562061200e-01  1.4703393940e-02 
1115.000  4.9062797700e-01  1.4086457250e-02 
1116.000  4.8441910400e-01  1.3658265110e-02 
1117.000  4.9016290900e-01  1.3309420590e-02 
1118.000  4.8502706700e-01  1.2752602580e-02 
1119.000  4.7145917200e-01  1.2208695410e-02 
1120.000  4.7240987800e-01  1.2019769670e-02 
1121.000  4.7541442300e-01  1.2051489830e-02 
1122.000  4.7320792300e-01  1.1782842640e-02 
1123.000  4.7543158500e-01  1.1960592270e-02 
1124.000  4.7634890500e-01  1.2065045360e-02 
1125.000  4.6642364300e-01  1.1773292540e-02 
1126.000  4.5750110900e-01  1.1531630520e-02 
1127.000  4.7298907500e-01  1.1937800410e-02 
1128.000  4.6434197800e-01  1.1750580790e-02 
1129.000  4.6724156500e-01  1.2036681180e-02 
1130.000  4.6816141100e-01  1.2611815450e-02 
1131.000  4.7329357600e-01  1.2918811800e-02 
1132.000  4.7429217700e-01  1.2710260390e-02 
1133.000  4.6203772700e-01  1.1985827450e-02 
1134.000  4.5663409200e-01  1.1204167370e-02 
1135.000  4.6261655500e-01  1.1396479610e-02 
1136.000  4.6453982200e-01  1.2098908420e-02 
1137.000  4.7134209400e-01  1.2686497690e-02 
1138.000  4.5527928100e-01  1.2676418300e-02 
1139.000  4.6549742900e-01  1.3122071270e-02 
1140.000  4.6672367800e-01  1.3066195490e-02 
1141.000  4.5323059500e-01  1.2523567200e-02 
1142.000  4.6549731800e-01  1.2798951150e-02 
1143.000  4.5711608700e-01  1.2379306790e-02 
1144.000  4.5383928700e-01  1.2088474270e-02 
1145.000  4.5645733000e-01  1.1884089470e-02 
1146.000  4.6113355200e-01  1.2066237450e-02 
1147.000  4.6347407700e-01  1.2348803520e-02 
1148.000  4.5906668200e-01  1.2437090870e-02 
1149.000  4.6054111700e-01  1.2563347820e-02 
1150.000  4.5858646500e-01  1.2524497990e-02 
1151.000  4.5724026900e-01  1.2630091670e-02 
1152.000  4.5638660000e-01  1.2677698140e-02 
1153.000  4.5559028000e-01  1.2761353490e-02 
1154.000  4.5906780800e-01  1.2840384480e-02 
1155.000  4.6064856800e-01  1.3103880880e-02 
1156.000  4.5440522200e-01  1.3175346370e-02 
1157.000  4.5866636700e-01  1.3879022600e-02 
1158.000  4.5873926600e-01  1.4190942760e-02 
1159.000  4.5225256700e-01  1.4289982800e-02 
1160.000  4.4650721000e-01  1.4245801930e-02 
1161.000  4.3687790100e-01  1.4261841770e-02 
1162.000  4.5269363500e-01  1.5051058770e-02 
1163.000  4.5457296900e-01  1.5431977270e-02 
1164.000  4.4534029200e-01  1.5182580950e-02 
1165.000  4.5393557300e-01  1.5527497290e-02 
1166.000  4.4215980600e-01  1.5205018040e-02 
1167.000  4.4933226500e-01  1.5502449040e-02 
1168.000  4.5325925700e-01  1.5624478340e-02 
1169.000  4.3758571500e-01  1.5133179660e-02 
1170.000  4.4935362100e-01  1.5583180430e-02 
1171.000  4.5143288600e-01  1.5757541660e-02 
1172.000  4.5001894100e-01  1.5649106980e-02 
1173.000  4.4688457300e-01  1.5484658240e-02 
1174.000  4.4711067200e-01  1.5495820050e-02 
1175.000  4.4187689400e-01  1.5466819760e-02 
1176.000  4.3120957100e-01  1.5232866290e-02 
1177.000  4.4452296300e-01  1.5632174490e-02 
1178.000  4.3701382900e-01  1.5229708670e-02 
1179.000  4.3505463400e-01  1.5160892490e-02 
1180.000  4.4116139900e-01  1.5322186470e-02 
1181.000  4.3890708500e-01  1.5117823600e-02 
1182.000  4.3946255400e-01  1.5007392880e-02 
1183.000  4.1394635600e-01  1.4145072940e-02 
1184.000  4.3260340100e-01  1.4847972870e-02 
1185.000  4.3832768000e-01  1.5214826580e-02 
1186.000  4.3571722200e-01  1.5066353800e-02 
1187.000  4.3587338700e-01  1.4888599400e-02 
1188.000  4.3363551800e-01  1.4755527500e-02 
1189.000  4.0826706800e-01  1.3972219470e-02 
1190.000  4.2834341600e-01  1.4903082850e-02 
1191.000  4.3502359300e-01  1.5184253690e-02 
1192.000  4.3265442000e-01  1.5188970570e-02 
1193.000  4.3282155500e-01  1.5131212230e-02 
1194.000  4.3200608800e-01  1.5076594350e-02 
1195.000  4.2716358700e-01  1.4792979240e-02 
1196.000  4.2689361800e-01  1.4799438480e-02 
1197.000  4.2678130900e-01  1.4739889140e-02 
1198.000  4.1244636700e-01  1.4232385640e-02 
1199.000  3.9711908900e-01  1.3639373780e-02 
1200.000  4.2215288600e-01  1.4534716610e-02 
1201.000  4.2518106000e-01  1.4656286240e-02 
1202.000  4.2599661200e-01  1.4703781130e-02 
1203.000  4.0520524800e-01  1.3957233430e-02 
1204.000  4.1192017500e-01  1.4218985560e-02 
1205.000  4.2147525000e-01  1.4747881890e-02 
1206.000  4.1891091300e-01  1.4751851080e-02 
1207.000  4.2172420300e-01  1.4889996530e-02 
1208.000  4.1558499600e-01  1.4643473630e-02 
1209.000  3.8962018700e-01  1.3681503300e-02 
1210.000  4.1690405700e-01  1.4559745790e-02 
1211.000  4.0297720000e-01  1.4064762120e-02 
1212.000  4.1559398800e-01  1.4534705160e-02 
1213.000  4.1713024300e-01  1.4677802090e-02 
1214.000  4.1534484300e-01  1.4612676620e-02 
1215.000  4.1677190200e-01  1.4702566150e-02 
1216.000  4.1553904600e-01  1.4797830580e-02 
1217.000  4.1467486400e-01  1.4881690030e-02 
1218.000  4.1322347200e-01  1.4876386640e-02 
1219.000  4.0935639300e-01  1.4760384560e-02 
1220.000  4.1210749500e-01  1.4849255560e-02 
1221.000  4.1125435500e-01  1.4819956780e-02 
1222.000  4.0897607600e-01  1.4730878830e-02 
1223.000  4.0697402900e-01  1.4682281490e-02 
1224.000  4.0991592800e-01  1.4879751210e-02 
1225.000  4.0759157400e-01  1.4824136730e-02 
1226.000  4.0892041200e-01  1.4910140990e-02 
1227.000  3.9488822300e-01  1.4453142170e-02 
1228.000  4.0698892300e-01  1.4963484760e-02 
1229.000  4.0631371000e-01  1.4985686300e-02 
1230.000  4.0468394500e-01  1.4981181140e-02 
1231.000  4.0455088600e-01  1.5009791370e-02 
1232.000  3.9995073500e-01  1.4853129390e-02 
1233.000  4.0307117300e-01  1.4978260040e-02 
1234.000  4.0160416600e-01  1.4998791690e-02 
1235.000  3.9873012400e-01  1.4914984700e-02 
1236.000  4.0098998900e-01  1.5006623270e-02 
1237.000  4.0088399100e-01  1.5028049470e-02 
1238.000  4.0059954600e-01  1.5024561880e-02 
1239.000  3.9601516000e-01  1.4854839320e-02 
1240.000  3.9423729300e-01  1.4822455410e-02 
1241.000  3.9784580300e-01  1.4985162730e-02 
1242.000  3.9562645500e-01  1.4925749780e-02 
1243.000  3.9129536100e-01  1.4787648200e-02 
1244.000  3.8794591200e-01  1.4674496650e-02 
1245.000  3.9472636700e-01  1.4940733910e-02 
1246.000  3.9179209000e-01  1.4784412380e-02 
1247.000  3.9000420100e-01  1.4670555110e-02 
1248.000  3.9317227100e-01  1.4740847590e-02 
1249.000  3.9184106800e-01  1.4653573040e-02 
1250.000  3.9044631500e-01  1.4555589680e-02 
1251.000  3.8791426100e-01  1.4426941870e-02 
1252.000  3.8691684300e-01  1.4350835800e-02 
1253.000  3.8389228100e-01  1.4197931290e-02 
1254.000  3.8521874700e-01  1.4175296780e-02 
1255.000  3.8480702800e-01  1.4109758380e-02 
1256.000  3.8421247800e-01  1.4044881820e-02 
1257.000  3.8009702300e-01  1.3812499050e-02 
1258.000  3.8208885500e-01  1.3742046360e-02 
1259.000  3.7819167000e-01  1.3483410840e-02 
1260.000  3.7900714200e-01  1.3387953760e-02 
1261.000  3.7855966900e-01  1.3244771960e-02 
1262.000  3.7045784200e-01  1.2798326490e-02 
1263.000  3.7495067500e-01  1.2927046780e-02 
1264.000  3.6911267030e-01  1.2716572760e-02 
1265.000  3.6978501020e-01  1.2747445110e-02 
1266.000  3.7217266550e-01  1.2797456740e-02 
1267.000  3.6520232650e-01  1.2522570610e-02 
1268.000  3.6160504290e-01  1.2352955820e-02 
1269.000  3.6498961000e-01  1.2447269440e-02 
1270.000  3.6900227680e-01  1.2729343410e-02 
1271.000  3.7105181090e-01  1.2870262150e-02 
1272.000  3.6995441060e-01  1.2898609160e-02 
1273.000  3.6963641420e-01  1.2956216810e-02 
1274.000  3.6742923360e-01  1.2953023910e-02 
1275.000  3.6959206600e-01  1.3058788300e-02 
1276.000  3.7018594980e-01  1.3091102600e-02 
1277.000  3.6990928650e-01  1.3079772000e-02 
1278.000  3.6884925990e-01  1.3038181300e-02 
1279.000  3.6638040220e-01  1.2972451210e-02 
1280.000  3.6421644780e-01  1.2981647490e-02 
1281.000  3.5382875300e-01  1.2693741800e-02 
1282.000  3.1420717740e-01  1.1344675060e-02 
1283.000  3.4483698920e-01  1.2507687570e-02 
1284.000  3.5906608350e-01  1.3059494020e-02 
1285.000  3.6170047500e-01  1.3174367900e-02 
1286.000  3.6158102840e-01  1.3138373370e-02 
1287.000  3.6379189850e-01  1.3164264680e-02 
1288.000  3.6151125990e-01  1.2905916210e-02 
1289.000  3.6366655720e-01  1.2931230550e-02 
1290.000  3.5533358280e-01  1.2619236950e-02 
1291.000  3.6019801930e-01  1.2780425070e-02 
1292.000  3.6170079350e-01  1.2860102650e-02 
1293.000  3.6202393120e-01  1.2841179850e-02 
1294.000  3.5627804440e-01  1.2530788420e-02 
1295.000  3.6011348160e-01  1.2531239510e-02 
1296.000  3.6037822470e-01  1.2437982560e-02 
1297.000  3.5815639470e-01  1.2300030710e-02 
1298.000  3.5495567010e-01  1.2195055960e-02 
1299.000  3.5851949450e-01  1.2320425030e-02 
1300.000  3.5708023250e-01  1.2274106980e-02 
1301.000  3.5651251640e-01  1.2232669830e-02 
1302.000  3.5193702830e-01  1.1993696210e-02 
1303.000  3.5004595680e-01  1.1755350110e-02 
1304.000  3.5027576390e-01  1.1673753740e-02 
1305.000  3.5243099400e-01  1.1696219440e-02 
1306.000  3.5276848900e-01  1.1653850560e-02 
1307.000  3.5172612800e-01  1.1579227450e-02 
1308.000  3.5142572140e-01  1.1478809360e-02 
1309.000  3.5111317650e-01  1.1343078610e-02 
1310.000  3.4965418470e-01  1.1288287160e-02 
1311.000  3.4858409790e-01  1.1257083890e-02 
1312.000  3.4749818600e-01  1.1074433330e-02 
1313.000  3.3466351200e-01  1.0497020720e-02 
1314.000  3.4510976460e-01  1.0670883180e-02 
1315.000  3.3348940050e-01  1.0379616740e-02 
1316.000  3.4124737460e-01  1.0728389740e-02 
1317.000  3.4491831720e-01  1.0841856960e-02 
1318.000  3.4003766570e-01  1.0509103780e-02 
1319.000  3.4469514040e-01  1.0421573640e-02 
1320.000  3.4215043890e-01  1.0108624460e-02 
1321.000  3.4064708520e-01  9.9783973690e-03 
1322.000  3.3996693790e-01  1.0089052200e-02 
1323.000  3.4071951580e-01  1.0262604710e-02 
1324.000  3.4090211230e-01  1.0355256080e-02 
1325.000  3.3981152830e-01  1.0259701730e-02 
1326.000  3.3822090430e-01  1.0053354260e-02 
1327.000  3.3552047380e-01  9.6655225750e-03 
1328.000  3.3640331960e-01  9.4069900510e-03 
1329.000  3.2412669570e-01  8.6301040650e-03 
1330.000  3.2919682720e-01  8.6149301530e-03 
1331.000  3.3066417610e-01  8.5605020520e-03 
1332.000  3.2311805240e-01  8.3944244380e-03 
1333.000  3.3165857110e-01  8.6969900130e-03 
1334.000  3.3207440640e-01  8.8223676680e-03 
1335.000  3.3235861790e-01  8.9135236740e-03 
1336.000  3.2876115110e-01  8.8463735580e-03 
1337.000  3.2982536830e-01  8.8871316910e-03 
1338.000  3.2958234430e-01  8.9400577550e-03 
1339.000  3.2604088640e-01  8.8621654510e-03 
1340.000  3.2370059750e-01  8.8484125140e-03 
1341.000  3.2858701230e-01  8.9402246480e-03 
1342.000  3.2778225810e-01  8.9249000550e-03 
1343.000  3.2775337310e-01  8.7456893920e-03 
1344.000  3.2625476910e-01  8.5335321430e-03 
1345.000  3.2375095000e-01  8.0948762890e-03 
1346.000  3.1857861640e-01  7.7706937790e-03 
1347.000  3.1918252010e-01  7.6394052510e-03 
1348.000  3.1560439180e-01  7.3973827360e-03 
1349.000  3.1346112150e-01  7.2628445630e-03 
1350.000  3.0706036200e-01  6.9485750200e-03 
1351.000  3.0489164450e-01  6.7829914090e-03 
1352.000  3.0544767920e-01  6.6199054720e-03 
1353.000  2.9959388870e-01  6.2754426000e-03 
1354.000  2.9597348150e-01  6.0714578630e-03 
1355.000  2.9033012270e-01  5.8141856190e-03 
1356.000  2.8605635590e-01  5.5709819790e-03 
1357.000  2.7935414170e-01  5.2430753710e-03 
1358.000  2.7975058060e-01  5.0354266170e-03 
1359.000  2.7203069910e-01  4.5341196060e-03 
1360.000  2.6205953370e-01  4.1442770960e-03 
1361.000  2.6425622870e-01  4.0341873170e-03 
1362.000  2.6199234100e-01  3.9590802190e-03 
1363.000  2.6225628140e-01  4.1842422490e-03 
1364.000  2.6752829350e-01  4.3440856930e-03 
1365.000  2.6739187000e-01  4.3833055500e-03 
1366.000  2.6926946390e-01  4.5016155240e-03 
1367.000  2.6431896680e-01  4.3064084050e-03 
1368.000  2.6434201020e-01  4.2034316060e-03 
1369.000  2.5957967370e-01  4.1521325110e-03 
1370.000  2.6509279190e-01  4.5016779900e-03 
1371.000  2.7287550180e-01  5.0005102160e-03 
1372.000  2.8371845680e-01  5.5763545040e-03 
1373.000  2.8782255500e-01  5.8797402380e-03 
1374.000  2.9111126370e-01  6.0618019100e-03 
1375.000  2.8702298920e-01  6.0271668430e-03 
1376.000  2.8273230430e-01  5.8986468320e-03 
1377.000  2.8531014000e-01  5.8698234560e-03 
1378.000  2.8041102360e-01  5.6103210450e-03 
1379.000  2.7855498100e-01  5.3277106290e-03 
1380.000  2.6856285450e-01  4.7908549310e-03 
1381.000  2.6250691400e-01  4.3491086960e-03 
1382.000  2.5436045030e-01  4.0344958310e-03 
1383.000  2.5658512250e-01  4.0491156580e-03 
1384.000  2.6228358170e-01  4.4103574750e-03 
1385.000  2.6436898480e-01  4.6596026420e-03 
1386.000  2.7234935120e-01  5.0556087490e-03 
1387.000  2.7625613810e-01  5.5018758770e-03 
1388.000  2.8204650410e-01  5.7812895770e-03 
1389.000  2.8429222680e-01  5.8971128460e-03 
1390.000  2.7928183930e-01  5.8136520390e-03 
1391.000  2.8201588850e-01  5.8138985630e-03 
1392.000  2.7757386290e-01  5.5543146130e-03 
1393.000  2.7302807480e-01  5.2963395120e-03 
1394.000  2.6697625660e-01  5.0193848610e-03 
1395.000  2.6827658210e-01  5.1163368230e-03 
1396.000  2.7420763390e-01  5.4201292990e-03 
1397.000  2.7727635480e-01  5.6291632650e-03 
1398.000  2.7748777890e-01  5.6502633090e-03 
1399.000  2.7567480140e-01  5.5639991760e-03 
1400.000  2.6767067870e-01  5.3780908580e-03 
1401.000  2.6888199300e-01  5.4175739290e-03 
1402.000  2.7544708220e-01  5.6632003780e-03 
1403.000  2.7474842480e-01  5.7155756950e-03 
1404.000  2.7266443100e-01  5.6326098440e-03 
1405.000  2.7283278910e-01  5.6411690710e-03 
1406.000  2.7244662940e-01  5.5814027790e-03 
1407.000  2.7271738060e-01  5.5830650330e-03 
1408.000  2.7356022690e-01  5.7053995130e-03 
1409.000  2.7647648720e-01  5.8396711350e-03 
1410.000  2.7766806430e-01  5.9915666580e-03 
1411.000  2.7974137710e-01  6.1245303150e-03 
1412.000  2.6880917690e-01  5.8768529890e-03 
1413.000  2.7399986890e-01  6.0169830320e-03 
1414.000  2.7758418340e-01  6.0633082390e-03 
1415.000  2.7742274670e-01  6.1051282880e-03 
1416.000  2.7691462420e-01  6.1365947720e-03 
1417.000  2.7893543050e-01  6.1701664920e-03 
1418.000  2.7904508160e-01  6.1661477090e-03 
1419.000  2.7507017290e-01  6.0663294790e-03 
1420.000  2.7446675070e-01  6.0599999430e-03 
1421.000  2.7902237600e-01  6.2160587310e-03 
1422.000  2.7278847510e-01  6.0968060490e-03 
1423.000  2.7112660500e-01  6.0510149000e-03 
1424.000  2.7137206150e-01  6.0346174240e-03 
1425.000  2.7660853270e-01  6.1032629010e-03 
1426.000  2.6541535550e-01  5.8424263000e-03 
1427.000  2.6955722530e-01  5.9473819730e-03 
1428.000  2.7540716300e-01  6.0842142110e-03 
1429.000  2.6894834650e-01  5.9501500130e-03 
1430.000  2.6310586970e-01  5.7912797930e-03 
1431.000  2.6250204470e-01  5.6902861600e-03 
1432.000  2.6727353080e-01  5.7369017600e-03 
1433.000  2.6740923010e-01  5.7194805150e-03 
1434.000  2.6201956060e-01  5.5694952010e-03 
1435.000  2.6521655780e-01  5.6664004330e-03 
1436.000  2.6525231890e-01  5.6683621410e-03 
1437.000  2.6630000230e-01  5.6812210080e-03 
1438.000  2.6565218580e-01  5.7001891140e-03 
1439.000  2.6879289810e-01  5.7571945190e-03 
1440.000  2.5215453010e-01  5.4052481650e-03 
1441.000  2.6486117910e-01  5.6683592800e-03 
1442.000  2.5869437660e-01  5.5017485620e-03 
1443.000  2.6298988720e-01  5.5716123580e-03 
1444.000  2.6426863730e-01  5.5937623980e-03 
1445.000  2.6347101880e-01  5.5606789590e-03 
1446.000  2.6629939160e-01  5.6315011980e-03 
1447.000  2.6508212220e-01  5.6152944560e-03 
1448.000  2.6710853130e-01  5.6406655310e-03 
1449.000  2.6700185380e-01  5.5982451440e-03 
1450.000  2.6520542190e-01  5.5029559140e-03 
1451.000  2.6349497770e-01  5.4562721250e-03 
1452.000  2.6025149310e-01  5.4138174060e-03 
1453.000  2.6520524110e-01  5.5892281530e-03 
1454.000  2.6623544670e-01  5.6950111390e-03 
1455.000  2.6286828680e-01  5.6758613590e-03 
1456.000  2.6274859210e-01  5.7269172670e-03 
1457.000  2.6526753100e-01  5.7646174430e-03 
1458.000  2.6889445060e-01  5.8294038770e-03 
1459.000  2.6989327890e-01  5.7583274840e-03 
1460.000  2.6530106370e-01  5.5792045590e-03 
1461.000  2.6472174450e-01  5.5080032350e-03 
1462.000  2.6183081180e-01  5.3493328090e-03 
1463.000  2.6008313700e-01  5.2848005290e-03 
1464.000  2.5991104680e-01  5.2344837190e-03 
1465.000  2.6291803440e-01  5.2212195400e-03 
1466.000  2.5665505580e-01  5.0159249310e-03 
1467.000  2.6280712200e-01  5.0747351650e-03 
1468.000  2.5633864320e-01  4.8855242730e-03 
1469.000  2.5916450020e-01  4.8562636380e-03 
1470.000  2.5766969940e-01  4.7817869190e-03 
1471.000  2.5359579410e-01  4.7424745560e-03 
1472.000  2.5512830250e-01  4.8327960970e-03 
1473.000  2.5737354140e-01  4.9819731710e-03 
1474.000  2.5028734130e-01  4.9315004350e-03 
1475.000  2.5560919750e-01  5.0084829330e-03 
1476.000  2.5601312450e-01  4.9907565120e-03 
1477.000  2.5676427040e-01  4.9426383970e-03 
1478.000  2.5305000360e-01  4.8101892470e-03 
1479.000  2.5594877580e-01  4.7950057980e-03 
1480.000  2.5735087970e-01  4.8214597700e-03 
1481.000  2.5351451550e-01  4.7863473890e-03 
1482.000  2.5667143370e-01  4.8901176450e-03 
1483.000  2.5138423520e-01  4.7923474310e-03 
1484.000  2.5370821010e-01  4.8234100340e-03 
1485.000  2.5853669930e-01  4.8922977450e-03 
1486.000  2.5427721310e-01  4.8525099750e-03 
1487.000  2.5456785990e-01  4.9682874680e-03 
1488.000  2.2254366400e-01  4.3417057990e-03 
1489.000  2.5552712120e-01  5.1472768780e-03 
1490.000  2.5612251560e-01  5.3118052480e-03 
1491.000  2.5866777850e-01  5.4763102530e-03 
1492.000  2.5265697000e-01  5.3686780930e-03 
1493.000  2.5833536060e-01  5.5678858760e-03 
1494.000  2.5735308710e-01  5.5534901620e-03 
1495.000  2.5555259800e-01  5.5878453250e-03 
1496.000  2.4799556550e-01  5.5507011410e-03 
1497.000  2.5382025300e-01  5.6752972600e-03 
1498.000  2.5639053650e-01  5.8533058170e-03 
1499.000  2.5207845310e-01  5.8671455380e-03 
1500.000  2.5637695570e-01  6.0490117070e-03 
1501.000  2.5601109320e-01  6.0045900340e-03 
1502.000  2.5403417140e-01  5.9067587850e-03 
1503.000  2.2810704020e-01  5.2678351400e-03 
1504.000  2.3765250450e-01  5.5142846110e-03 
1505.000  2.3691424180e-01  5.6027531620e-03 
1506.000  2.4010788990e-01  5.7054309840e-03 
1507.000  2.5112097800e-01  6.0708975790e-03 
1508.000  2.4719935000e-01  6.0402388570e-03 
1509.000  2.4826738900e-01  6.1372156140e-03 
1510.000  2.5210414700e-01  6.2700409890e-03 
1511.000  2.5325081840e-01  6.3558640480e-03 
1512.000  2.4849655590e-01  6.2774729730e-03 
1513.000  2.4808017870e-01  6.3024721150e-03 
1514.000  2.4468411710e-01  6.2368364330e-03 
1515.000  2.4949259890e-01  6.3821105960e-03 
1516.000  2.4717750660e-01  6.3063697810e-03 
1517.000  2.4571371110e-01  6.2644305230e-03 
1518.000  2.5024236040e-01  6.3995018010e-03 
1519.000  2.4652873780e-01  6.3293499950e-03 
1520.000  2.4804531730e-01  6.4386148450e-03 
1521.000  2.4332053970e-01  6.3977184300e-03 
1522.000  2.4189653560e-01  6.4023685460e-03 
1523.000  2.4778391810e-01  6.6147780420e-03 
1524.000  2.4602543370e-01  6.5943794250e-03 
1525.000  2.4054263790e-01  6.4603590970e-03 
1526.000  2.4731816750e-01  6.6312551500e-03 
1527.000  2.4464553020e-01  6.5651197430e-03 
1528.000  2.4612905660e-01  6.6175208090e-03 
1529.000  2.4535032210e-01  6.5809593200e-03 
1530.000  2.2951761130e-01  6.1626434330e-03 
1531.000  2.4524323370e-01  6.5713362690e-03 
1532.000  2.4366997290e-01  6.5179543500e-03 
1533.000  2.4243890620e-01  6.4639673230e-03 
1534.000  2.3858623230e-01  6.3399791720e-03 
1535.000  2.3920046390e-01  6.3362665180e-03 
1536.000  2.4239913830e-01  6.4549798970e-03 
1537.000  2.4296193740e-01  6.5188283920e-03 
1538.000  2.3611687170e-01  6.3847866060e-03 
1539.000  2.4094491450e-01  6.5633611680e-03 
1540.000  2.3211624420e-01  6.3621306420e-03 
1541.000  2.3687873710e-01  6.5023479460e-03 
1542.000  2.3828745710e-01  6.5411014560e-03 
1543.000  2.3740100510e-01  6.5251464840e-03 
1544.000  2.4008607280e-01  6.6122140880e-03 
1545.000  2.4048777310e-01  6.6448340420e-03 
1546.000  2.4028095970e-01  6.6721367840e-03 
1547.000  2.3762888110e-01  6.6274070740e-03 
1548.000  2.3042331420e-01  6.4544453620e-03 
1549.000  2.3632917290e-01  6.6385145190e-03 
1550.000  2.3501695820e-01  6.6182265280e-03 
1551.000  2.3378670450e-01  6.5808920860e-03 
1552.000  2.3776053530e-01  6.6805572510e-03 
1553.000  2.3641923910e-01  6.6360034940e-03 
1554.000  2.2775684640e-01  6.3804531100e-03 
1555.000  2.3140966500e-01  6.4790992740e-03 
1556.000  2.2690430230e-01  6.3786664010e-03 
1557.000  2.3426965630e-01  6.6364607810e-03 
1558.000  2.3247519280e-01  6.6281414030e-03 
1559.000  2.3258639680e-01  6.6716237070e-03 
1560.000  2.2856986440e-01  6.6020178790e-03 
1561.000  2.3400793160e-01  6.7732863430e-03 
1562.000  2.3408311300e-01  6.7564134600e-03 
1563.000  2.3074297590e-01  6.6493682860e-03 
1564.000  2.2639981720e-01  6.5029573440e-03 
1565.000  2.3031354250e-01  6.5864739420e-03 
1566.000  2.2594949660e-01  6.4711780550e-03 
1567.000  2.2660204960e-01  6.4900646210e-03 
1568.000  2.2279236610e-01  6.3680391310e-03 
1569.000  2.2462077420e-01  6.4031744000e-03 
1570.000  2.1958301060e-01  6.2560591700e-03 
1571.000  2.2546678800e-01  6.4522991180e-03 
1572.000  2.2566939360e-01  6.4704461100e-03 
1573.000  2.2189274390e-01  6.3950524330e-03 
1574.000  2.2211444240e-01  6.4436326030e-03 
1575.000  2.0599372150e-01  6.0081758500e-03 
1576.000  2.2130550410e-01  6.4625830650e-03 
1577.000  1.9974304510e-01  5.8115997310e-03 
1578.000  2.1846099450e-01  6.3334307670e-03 
1579.000  2.1939493240e-01  6.3440613750e-03 
1580.000  2.2330103440e-01  6.4507455830e-03 
1581.000  2.2182033250e-01  6.3854088780e-03 
1582.000  2.1672246500e-01  6.2764983180e-03 
1583.000  2.1881161410e-01  6.3735928540e-03 
1584.000  2.1634920780e-01  6.3381114010e-03 
1585.000  2.2237331210e-01  6.5451312070e-03 
1586.000  2.1958030230e-01  6.4761304860e-03 
1587.000  2.1690481380e-01  6.4274539950e-03 
1588.000  2.1343502950e-01  6.3517799380e-03 
1589.000  1.9522073570e-01  5.8202791210e-03 
1590.000  2.1037409960e-01  6.2868423460e-03 
1591.000  2.0566073570e-01  6.1625080110e-03 
1592.000  2.1656894510e-01  6.5002336500e-03 
1593.000  2.2148680290e-01  6.6544651990e-03 
1594.000  2.1993233770e-01  6.6129956250e-03 
1595.000  2.2139709140e-01  6.6606087680e-03 
1596.000  2.0739044260e-01  6.2579131130e-03 
1597.000  2.1584888960e-01  6.5080351830e-03 
1598.000  2.1992194930e-01  6.6160345080e-03 
1599.000  2.1255970960e-01  6.3744468690e-03 
1600.000  2.1610197560e-01  6.4692802430e-03 
1601.000  2.0700483360e-01  6.2130584720e-03 
1602.000  2.1229831530e-01  6.4016079900e-03 
1603.000  2.1068798270e-01  6.4012784960e-03 
1604.000  2.1327536320e-01  6.5357432370e-03 
1605.000  2.1012207620e-01  6.4750046730e-03 
1606.000  2.0926654580e-01  6.4878730770e-03 
1607.000  2.1014619360e-01  6.4889593120e-03 
1608.000  2.1254054950e-01  6.5377874370e-03 
1609.000  2.1172348750e-01  6.4937243460e-03 
1610.000  1.9851208030e-01  6.0749320980e-03 
1611.000  2.0421904840e-01  6.2515740390e-03 
1612.000  2.0596536080e-01  6.3101434710e-03 
1613.000  2.1036148420e-01  6.4483985900e-03 
1614.000  2.0829689790e-01  6.3625621800e-03 
1615.000  2.1156135850e-01  6.4600076680e-03 
1616.000  1.9821945340e-01  6.0471296310e-03 
1617.000  2.0393254510e-01  6.2648959160e-03 
1618.000  2.1028657660e-01  6.4841470720e-03 
1619.000  2.0954229320e-01  6.5061163900e-03 
1620.000  2.0419173820e-01  6.3832545280e-03 
1621.000  2.0113076140e-01  6.3225088120e-03 
1622.000  2.0619331950e-01  6.4880456920e-03 
1623.000  2.1032180990e-01  6.6341161730e-03 
1624.000  2.1177532200e-01  6.6908354760e-03 
1625.000  2.0645696130e-01  6.5494194030e-03 
1626.000  2.0898849610e-01  6.6200313570e-03 
1627.000  2.0871887660e-01  6.6297502520e-03 
1628.000  2.1039612310e-01  6.6922411920e-03 
1629.000  2.1036555950e-01  6.6987113950e-03 
1630.000  2.0465424020e-01  6.5171976090e-03 
1631.000  2.0785508870e-01  6.6298575400e-03 
1632.000  2.0790759480e-01  6.5835523610e-03 
1633.000  2.0523188740e-01  6.4653749470e-03 
1634.000  2.0042936540e-01  6.2788610460e-03 
1635.000  2.0580304220e-01  6.4168839450e-03 
1636.000  2.0525839780e-01  6.3618307110e-03 
1637.000  1.9612001640e-01  6.0436277390e-03 
1638.000  1.9468691350e-01  5.9744744300e-03 
1639.000  1.9274700420e-01  5.8751621250e-03 
1640.000  1.9390321270e-01  5.8793139460e-03 
1641.000  1.9270328380e-01  5.8244323730e-03 
1642.000  1.9246289850e-01  5.8751268390e-03 
1643.000  1.9740950250e-01  6.0810308460e-03 
1644.000  1.9435463640e-01  6.0395579340e-03 
1645.000  1.9478768200e-01  6.1021733280e-03 
1646.000  1.9712867590e-01  6.2240386010e-03 
1647.000  1.9897950410e-01  6.2825627330e-03 
1648.000  1.9821113930e-01  6.2516369820e-03 
1649.000  1.9368280610e-01  6.1077952380e-03 
1650.000  1.9859081360e-01  6.2636160850e-03 
1651.000  1.9411618020e-01  6.1221771240e-03 
1652.000  1.9799059170e-01  6.2422919270e-03 
1653.000  1.9576720350e-01  6.1812357900e-03 
1654.000  1.9796361470e-01  6.2535953520e-03 
1655.000  1.9399599310e-01  6.1397681240e-03 
1656.000  1.9772267510e-01  6.2658572200e-03 
1657.000  1.9628902630e-01  6.2219285960e-03 
1658.000  1.9734935990e-01  6.2651925090e-03 
1659.000  1.9371431550e-01  6.1522259710e-03 
1660.000  1.9607849680e-01  6.2218756680e-03 
1661.000  1.9684716180e-01  6.2324576380e-03 
1662.000  1.9552498130e-01  6.1398057940e-03 
1663.000  1.9429437740e-01  6.0572695730e-03 
1664.000  1.9347151130e-01  5.9869499210e-03 
1665.000  1.9149671610e-01  5.8818783760e-03 
1666.000  1.9056428420e-01  5.8487119670e-03 
1667.000  1.9208708760e-01  5.9477081300e-03 
1668.000  1.8883264180e-01  5.8805232050e-03 
1669.000  1.8913485150e-01  5.9321250920e-03 
1670.000  1.9320709710e-01  6.1045494080e-03 
1671.000  1.9173175120e-01  6.0989575390e-03 
1672.000  1.8265044340e-01  5.8587584500e-03 
1673.000  1.8803170480e-01  6.0709242820e-03 
1674.000  1.8890522230e-01  6.1425127980e-03 
1675.000  1.8715416040e-01  6.1352229120e-03 
1676.000  1.8417334930e-01  6.0540037160e-03 
1677.000  1.8505906300e-01  6.0828938480e-03 
1678.000  1.8592706020e-01  6.1174812320e-03 
1679.000  1.8345511660e-01  6.0319695470e-03 
1680.000  1.7704591040e-01  5.8257827760e-03 
1681.000  1.7083948820e-01  5.6246933940e-03 
1682.000  1.7577334610e-01  5.7867703440e-03 
1683.000  1.8016654140e-01  5.9272041320e-03 
1684.000  1.8352784890e-01  6.0346188550e-03 
1685.000  1.8424671360e-01  6.0442624090e-03 
1686.000  1.8202416340e-01  5.9620256420e-03 
1687.000  1.8303991090e-01  5.9611725810e-03 
1688.000  1.8338193680e-01  5.9433550830e-03 
1689.000  1.8117201760e-01  5.8588075640e-03 
1690.000  1.8133533870e-01  5.8326945300e-03 
1691.000  1.8370848460e-01  5.9165859220e-03 
1692.000  1.8404257430e-01  5.9418764110e-03 
1693.000  1.8334244800e-01  5.9369850160e-03 
1694.000  1.8306505650e-01  5.9428033830e-03 
1695.000  1.8327467820e-01  5.9531178470e-03 
1696.000  1.8220281150e-01  5.8883986470e-03 
1697.000  1.8116185540e-01  5.8145780560e-03 
1698.000  1.8225509720e-01  5.8130240440e-03 
1699.000  1.8107767710e-01  5.7419819830e-03 
1700.000  1.7875660540e-01  5.6372890470e-03 
