 lambda   Irr_dw            Rad_up 
 550.000  1.5575608800e+00  7.8090072630e-02 
 551.000  1.5472485700e+00  7.7413299560e-02 
 552.000  1.6132717900e+00  8.0656471250e-02 
 553.000  1.5495187300e+00  7.7289184570e-02 
 554.000  1.5995823900e+00  7.9706367490e-02 
 555.000  1.6035515900e+00  7.9692031860e-02 
 556.000  1.5588770800e+00  7.7268257140e-02 
 557.000  1.5122323500e+00  7.4886978150e-02 
 558.000  1.5692916200e+00  7.7509582520e-02 
 559.000  1.4829892900e+00  7.3109169010e-02 
 560.000  1.4892404200e+00  7.3342826840e-02 
 561.000  1.6365184300e+00  8.0375610350e-02 
 562.000  1.5023597900e+00  7.3681358340e-02 
 563.000  1.5717084000e+00  7.6877807620e-02 
 564.000  1.5496503900e+00  7.5538848880e-02 
 565.000  1.5684156600e+00  7.6352355960e-02 
 566.000  1.4461302100e+00  7.0209350590e-02 
 567.000  1.5525348400e+00  7.5046730040e-02 
 568.000  1.5531024400e+00  7.4415802000e-02 
 569.000  1.5316682800e+00  7.2198196410e-02 
 570.000  1.5381943800e+00  7.2496025090e-02 
 571.000  1.4771182600e+00  7.0222221370e-02 
 572.000  1.5680870400e+00  7.3806007390e-02 
 573.000  1.5829462700e+00  7.4623138430e-02 
 574.000  1.5738564600e+00  7.4134155270e-02 
 575.000  1.5359649900e+00  7.2190940860e-02 
 576.000  1.5083008100e+00  7.0793563840e-02 
 577.000  1.5690326700e+00  7.3691268920e-02 
 578.000  1.5204925500e+00  7.1713310240e-02 
 579.000  1.5066408900e+00  7.1125732420e-02 
 580.000  1.5565482400e+00  7.3711433410e-02 
 581.000  1.5253676500e+00  7.2396171570e-02 
 582.000  1.5463438300e+00  7.3309226990e-02 
 583.000  1.5562482300e+00  7.3816398620e-02 
 584.000  1.5505703200e+00  7.3377326970e-02 
 585.000  1.5399330500e+00  7.2730140690e-02 
 586.000  1.4734313600e+00  6.9534957890e-02 
 587.000  1.5341196700e+00  7.1849845890e-02 
 588.000  1.5322455700e+00  7.0374694820e-02 
 589.000  1.3775485800e+00  6.1655483250e-02 
 590.000  1.4395384000e+00  6.4309249880e-02 
 591.000  1.5149482600e+00  6.8653152470e-02 
 592.000  1.4935258900e+00  6.6938911440e-02 
 593.000  1.4927655800e+00  6.8039131160e-02 
 594.000  1.5100695100e+00  6.8482315060e-02 
 595.000  1.4926900800e+00  6.6721786500e-02 
 596.000  1.5129338700e+00  6.8840255740e-02 
 597.000  1.5209892200e+00  6.8740089420e-02 
 598.000  1.4829932600e+00  6.7519554140e-02 
 599.000  1.4804972400e+00  6.7565399170e-02 
 600.000  1.4745771100e+00  6.7771636960e-02 
 601.000  1.4621233200e+00  6.7546226500e-02 
 602.000  1.4446174400e+00  6.6756607060e-02 
 603.000  1.4518549600e+00  6.7207611080e-02 
 604.000  1.4965645100e+00  6.9416748050e-02 
 605.000  1.4921204300e+00  6.9081604000e-02 
 606.000  1.4745970900e+00  6.8295036320e-02 
 607.000  1.4661116300e+00  6.7801155090e-02 
 608.000  1.4605969600e+00  6.7418205260e-02 
 609.000  1.4455094500e+00  6.6679222110e-02 
 610.000  1.4222554700e+00  6.5485519410e-02 
 611.000  1.4452528400e+00  6.6489105220e-02 
 612.000  1.4263812300e+00  6.5574104310e-02 
 613.000  1.4055007600e+00  6.4508224490e-02 
 614.000  1.3542571400e+00  6.2127773280e-02 
 615.000  1.4196528400e+00  6.4984565730e-02 
 616.000  1.3498273100e+00  6.1770542140e-02 
 617.000  1.3575107600e+00  6.2066761020e-02 
 618.000  1.4216619800e+00  6.4829475400e-02 
 619.000  1.4088127600e+00  6.4244667050e-02 
 620.000  1.4298348200e+00  6.5029212950e-02 
 621.000  1.4547220000e+00  6.6097793580e-02 
 622.000  1.3783092400e+00  6.2510936740e-02 
 623.000  1.3895340000e+00  6.2808643340e-02 
 624.000  1.3914704000e+00  6.2905994420e-02 
 625.000  1.3542076900e+00  6.1161174770e-02 
 626.000  1.3621321800e+00  6.1268394470e-02 
 627.000  1.3906179900e+00  6.1959613800e-02 
 628.000  1.3971282800e+00  6.0572921750e-02 
 629.000  1.4180672300e+00  6.2159423830e-02 
 630.000  1.3671623800e+00  6.0295001980e-02 
 631.000  1.4129983500e+00  6.2469108580e-02 
 632.000  1.3183493100e+00  5.8037807460e-02 
 633.000  1.4085640100e+00  6.2431159970e-02 
 634.000  1.3639348700e+00  6.0616115570e-02 
 635.000  1.3884479400e+00  6.1719097140e-02 
 636.000  1.3381693500e+00  5.9564857480e-02 
 637.000  1.3814998800e+00  6.1549705510e-02 
 638.000  1.4002438100e+00  6.2562992100e-02 
 639.000  1.3883879300e+00  6.1889400480e-02 
 640.000  1.3433915400e+00  6.0119312290e-02 
 641.000  1.3626393100e+00  6.0926090240e-02 
 642.000  1.3452702300e+00  6.0179298400e-02 
 643.000  1.3704701200e+00  6.1094268800e-02 
 644.000  1.3546695600e+00  6.0265239720e-02 
 645.000  1.3688990500e+00  6.0707225800e-02 
 646.000  1.3266560800e+00  5.7826606750e-02 
 647.000  1.3519345200e+00  5.8260639190e-02 
 648.000  1.3575026600e+00  5.7976116180e-02 
 649.000  1.3775171800e+00  5.9163627620e-02 
 650.000  1.2641295000e+00  5.5235279080e-02 
 651.000  1.3618147900e+00  5.9464153290e-02 
 652.000  1.3472357200e+00  5.7900577550e-02 
 653.000  1.3609036400e+00  5.9480724330e-02 
 654.000  1.3446507300e+00  5.8497653960e-02 
 655.000  1.3140086600e+00  5.6741828920e-02 
 656.000  1.1142543400e+00  4.8170581820e-02 
 657.000  1.1869997100e+00  5.1473922730e-02 
 658.000  1.3177692600e+00  5.7553283690e-02 
 659.000  1.3184182800e+00  5.7729084010e-02 
 660.000  1.3277069400e+00  5.8218627930e-02 
 661.000  1.3303082600e+00  5.8640064240e-02 
 662.000  1.3479902400e+00  5.9529964450e-02 
 663.000  1.3334105300e+00  5.8761177060e-02 
 664.000  1.3117112700e+00  5.7809646610e-02 
 665.000  1.3170509000e+00  5.8027805330e-02 
 666.000  1.3323381500e+00  5.8810951230e-02 
 667.000  1.3054865900e+00  5.7541416170e-02 
 668.000  1.3123454900e+00  5.7945491790e-02 
 669.000  1.3309672800e+00  5.8798564910e-02 
 670.000  1.3149248800e+00  5.7961067200e-02 
 671.000  1.3008263200e+00  5.7329730990e-02 
 672.000  1.2965144100e+00  5.7090602870e-02 
 673.000  1.3057324900e+00  5.7429954530e-02 
 674.000  1.3081962900e+00  5.7515098570e-02 
 675.000  1.2881423100e+00  5.6552059170e-02 
 676.000  1.3123970600e+00  5.7593898770e-02 
 677.000  1.2862295000e+00  5.6431247710e-02 
 678.000  1.3074323200e+00  5.7295162200e-02 
 679.000  1.2889997800e+00  5.6384857180e-02 
 680.000  1.2795481400e+00  5.5909965520e-02 
 681.000  1.2815238800e+00  5.5892879490e-02 
 682.000  1.2790787200e+00  5.5663471220e-02 
 683.000  1.2877699000e+00  5.5920455930e-02 
 684.000  1.2655383300e+00  5.4891815190e-02 
 685.000  1.2792230500e+00  5.5439971920e-02 
 686.000  1.2259705000e+00  5.2714481350e-02 
 687.000  1.2268657400e+00  4.8269638060e-02 
 688.000  1.2277890600e+00  4.9433887480e-02 
 689.000  1.2313243300e+00  4.9293388370e-02 
 690.000  1.2372836200e+00  5.0132377620e-02 
 691.000  1.2422686800e+00  5.1141090390e-02 
 692.000  1.2348069000e+00  5.1251407620e-02 
 693.000  1.2429839200e+00  5.0735794070e-02 
 694.000  1.2566446600e+00  5.0607128140e-02 
 695.000  1.2336383000e+00  5.0087436680e-02 
 696.000  1.2474498900e+00  5.0903709410e-02 
 697.000  1.2463721600e+00  5.2499435420e-02 
 698.000  1.2240776100e+00  5.1115077970e-02 
 699.000  1.2499413000e+00  5.0818561550e-02 
 700.000  1.2349839200e+00  5.0373233800e-02 
 701.000  1.2080417500e+00  4.8925773620e-02 
 702.000  1.2018278800e+00  4.8863147740e-02 
 703.000  1.2164147500e+00  5.0486217500e-02 
 704.000  1.2199475200e+00  5.0685920720e-02 
 705.000  1.2304399600e+00  5.0617324830e-02 
 706.000  1.2173092800e+00  5.0151046750e-02 
 707.000  1.1986444300e+00  4.9539276120e-02 
 708.000  1.2331885000e+00  5.1140880580e-02 
 709.000  1.1886161700e+00  4.9636928560e-02 
 710.000  1.2168961200e+00  5.0323059080e-02 
 711.000  1.2038767700e+00  5.0167396550e-02 
 712.000  1.1864372700e+00  4.9827316280e-02 
 713.000  1.1820289500e+00  4.9294227600e-02 
 714.000  1.2023585300e+00  4.9952461240e-02 
 715.000  1.1611973000e+00  4.7726001740e-02 
 716.000  1.1924035200e+00  4.8480445860e-02 
 717.000  1.1626558400e+00  4.4802429200e-02 
 718.000  1.1564960400e+00  4.3115188600e-02 
 719.000  1.1431786800e+00  4.2033226010e-02 
 720.000  1.1515121500e+00  4.1673656460e-02 
 721.000  1.1498467200e+00  4.4822570800e-02 
 722.000  1.1659196000e+00  4.6555572510e-02 
 723.000  1.1635696500e+00  4.5703739170e-02 
 724.000  1.1706254200e+00  4.4028835300e-02 
 725.000  1.1578430100e+00  4.3795005800e-02 
 726.000  1.1557185500e+00  4.3609889980e-02 
 727.000  1.1728120200e+00  4.4446269990e-02 
 728.000  1.1526617300e+00  4.3417778020e-02 
 729.000  1.1068510200e+00  4.2321960450e-02 
 730.000  1.1477430500e+00  4.3745609280e-02 
 731.000  1.1288166500e+00  4.2938419340e-02 
 732.000  1.1499184200e+00  4.4880870820e-02 
 733.000  1.1320722200e+00  4.5435771940e-02 
 734.000  1.1552893300e+00  4.6958942410e-02 
 735.000  1.1460720000e+00  4.6300560000e-02 
 736.000  1.1250315200e+00  4.5049015050e-02 
 737.000  1.1396304400e+00  4.5877769470e-02 
 738.000  1.1361646400e+00  4.6158588410e-02 
 739.000  1.0992706700e+00  4.4870014190e-02 
 740.000  1.1092490200e+00  4.5708080290e-02 
 741.000  1.1001577400e+00  4.5677310940e-02 
 742.000  1.0819842200e+00  4.5051342010e-02 
 743.000  1.1134545800e+00  4.6667369840e-02 
 744.000  1.1238922300e+00  4.7249923710e-02 
 745.000  1.0945414600e+00  4.6150520320e-02 
 746.000  1.1096751900e+00  4.6832794190e-02 
 747.000  1.1262900200e+00  4.7504501340e-02 
 748.000  1.1060497300e+00  4.6659767150e-02 
 749.000  1.1062399200e+00  4.6685291290e-02 
 750.000  1.0900823600e+00  4.5910388950e-02 
 751.000  1.0872723600e+00  4.5774539950e-02 
 752.000  1.1037366600e+00  4.6516181950e-02 
 753.000  1.0932870400e+00  4.6077678680e-02 
 754.000  1.1104024800e+00  4.6790012360e-02 
 755.000  1.1040304600e+00  4.6505634310e-02 
 756.000  1.0824107800e+00  4.5578285220e-02 
 757.000  1.0904051700e+00  4.5897579190e-02 
 758.000  1.0892715900e+00  4.5752296450e-02 
 759.000  1.0479916700e+00  4.1745620730e-02 
 760.000  8.2435523200e-01  2.2998983380e-02 
 761.000  7.9439809800e-01  2.1207822800e-02 
 762.000  9.2673910600e-01  3.0999498370e-02 
 763.000  9.1184270700e-01  2.8573682790e-02 
 764.000  9.3524675700e-01  3.0242219920e-02 
 765.000  9.8159157000e-01  3.4215633390e-02 
 766.000  9.7331065000e-01  3.6847137450e-02 
 767.000  1.0032252200e+00  3.9381488800e-02 
 768.000  1.0521963800e+00  4.2409191130e-02 
 769.000  1.0536688700e+00  4.3322650910e-02 
 770.000  1.0509947100e+00  4.3661998750e-02 
 771.000  1.0524632200e+00  4.3974521640e-02 
 772.000  1.0485671100e+00  4.3858371730e-02 
 773.000  1.0442412300e+00  4.3685047150e-02 
 774.000  1.0552586400e+00  4.4157348630e-02 
 775.000  1.0155089800e+00  4.2493881230e-02 
 776.000  1.0572563400e+00  4.4270614620e-02 
 777.000  1.0499314800e+00  4.3931175230e-02 
 778.000  1.0443783600e+00  4.3643856050e-02 
 779.000  1.0478542500e+00  4.3723693850e-02 
 780.000  1.0349674800e+00  4.3188007350e-02 
 781.000  1.0331046100e+00  4.3100765230e-02 
 782.000  1.0456455000e+00  4.3541160580e-02 
 783.000  1.0212866400e+00  4.2593147280e-02 
 784.000  1.0271978400e+00  4.2776821140e-02 
 785.000  1.0305746600e+00  4.2697574620e-02 
 786.000  1.0137001500e+00  4.1828662870e-02 
 787.000  1.0305966100e+00  4.2031497960e-02 
 788.000  1.0161134200e+00  4.1256004330e-02 
 789.000  1.0252563200e+00  4.0968391420e-02 
 790.000  1.0152023000e+00  4.0467075350e-02 
 791.000  1.0094604600e+00  4.0350627900e-02 
 792.000  9.9299286000e-01  3.9731594090e-02 
 793.000  9.9095085000e-01  3.9868091580e-02 
 794.000  9.7815560100e-01  3.9932270050e-02 
 795.000  9.7445016500e-01  3.9310039520e-02 
 796.000  9.9517521000e-01  3.9394203190e-02 
 797.000  1.0003142900e+00  3.9828441620e-02 
 798.000  9.9828373000e-01  4.0245300290e-02 
 799.000  9.9810855500e-01  4.0052330020e-02 
 800.000  9.7392611800e-01  3.8677932740e-02 
 801.000  9.9195371000e-01  3.9423774720e-02 
 802.000  9.9018359700e-01  3.9266429900e-02 
 803.000  9.7586026300e-01  3.8756206510e-02 
 804.000  9.8385626200e-01  3.9284610750e-02 
 805.000  9.5537849300e-01  3.8503929140e-02 
 806.000  9.8032115800e-01  3.9678207400e-02 
 807.000  9.7425360200e-01  3.9460948940e-02 
 808.000  9.6910175100e-01  3.9073402400e-02 
 809.000  9.5329795200e-01  3.8256000520e-02 
 810.000  9.4965081200e-01  3.7905124660e-02 
 811.000  9.6607848400e-01  3.8229026790e-02 
 812.000  9.6431900600e-01  3.7794513700e-02 
 813.000  9.6178799400e-01  3.7184253690e-02 
 814.000  9.6242162100e-01  3.6720916750e-02 
 815.000  9.5419852800e-01  3.5811996460e-02 
 816.000  9.4811219100e-01  3.4869068150e-02 
 817.000  9.5370372500e-01  3.5086517330e-02 
 818.000  9.4768977300e-01  3.4844841000e-02 
 819.000  9.2153337400e-01  3.4157142640e-02 
 820.000  9.0187933100e-01  3.4177902220e-02 
 821.000  9.2969475300e-01  3.6150775910e-02 
 822.000  9.0506546300e-01  3.4400039670e-02 
 823.000  9.2130108900e-01  3.3258068080e-02 
 824.000  9.3188533600e-01  3.5148338320e-02 
 825.000  9.2796191200e-01  3.6242313390e-02 
 826.000  9.3426878400e-01  3.6225456240e-02 
 827.000  9.3161246100e-01  3.5942687990e-02 
 828.000  9.3148685600e-01  3.5183746340e-02 
 829.000  9.3041309200e-01  3.5367206570e-02 
 830.000  9.1493204100e-01  3.5071529390e-02 
 831.000  8.9869741900e-01  3.4504016880e-02 
 832.000  9.1700208000e-01  3.5209327700e-02 
 833.000  8.8802944900e-01  3.4346424100e-02 
 834.000  9.0051734000e-01  3.5046699520e-02 
 835.000  9.0045705200e-01  3.5369319920e-02 
 836.000  9.1159451300e-01  3.5782981870e-02 
 837.000  9.0415136400e-01  3.5437072750e-02 
 838.000  9.0637717400e-01  3.5765388490e-02 
 839.000  8.7743090900e-01  3.4727981570e-02 
 840.000  9.0066537800e-01  3.5641670230e-02 
 841.000  9.0398095200e-01  3.5601360320e-02 
 842.000  8.9749337800e-01  3.5451801300e-02 
 843.000  8.8925418600e-01  3.5553581240e-02 
 844.000  8.7355438000e-01  3.5098922730e-02 
 845.000  8.8633370300e-01  3.5688880920e-02 
 846.000  8.9369041100e-01  3.6123752590e-02 
 847.000  8.6228667400e-01  3.5004314420e-02 
 848.000  8.8879592000e-01  3.5874889370e-02 
 849.000  8.9031076300e-01  3.6029491420e-02 
 850.000  7.7025999400e-01  3.1029579160e-02 
 851.000  8.8314983000e-01  3.5438423160e-02 
 852.000  8.4961546400e-01  3.4151966090e-02 
 853.000  8.5831647200e-01  3.4570598600e-02 
 854.000  6.9011880300e-01  2.7819686890e-02 
 855.000  7.5915914700e-01  3.0707847600e-02 
 856.000  8.6009929500e-01  3.4857528690e-02 
 857.000  8.7321447800e-01  3.5537826540e-02 
 858.000  8.5892071400e-01  3.4963325500e-02 
 859.000  8.5804715100e-01  3.4997535710e-02 
 860.000  8.4999725300e-01  3.4754684450e-02 
 861.000  8.4984448100e-01  3.4731590270e-02 
 862.000  8.4683336900e-01  3.4561759950e-02 
 863.000  8.6301465000e-01  3.5307731630e-02 
 864.000  8.6113813400e-01  3.5109241490e-02 
 865.000  8.4497957200e-01  3.4565254210e-02 
 866.000  7.0875307600e-01  2.9030214310e-02 
 867.000  7.5479275700e-01  3.0736972810e-02 
 868.000  8.1860918000e-01  3.3410026550e-02 
 869.000  8.0710131400e-01  3.2931053160e-02 
 870.000  8.4044839200e-01  3.4388748170e-02 
 871.000  8.3924515700e-01  3.4274906160e-02 
 872.000  8.3577889300e-01  3.3937068940e-02 
 873.000  8.3926419100e-01  3.4176822660e-02 
 874.000  8.2094689700e-01  3.3353385930e-02 
 875.000  8.1343449900e-01  3.3165573120e-02 
 876.000  8.2040010600e-01  3.3367710110e-02 
 877.000  8.3687038000e-01  3.3899677280e-02 
 878.000  8.2309786100e-01  3.3381263730e-02 
 879.000  8.2505366800e-01  3.3502307890e-02 
 880.000  8.2080138500e-01  3.3149291990e-02 
 881.000  7.7841062700e-01  3.1460317610e-02 
 882.000  8.2168883700e-01  3.3028762820e-02 
 883.000  8.0269902700e-01  3.2423419950e-02 
 884.000  8.0942901300e-01  3.2873401640e-02 
 885.000  8.1878130300e-01  3.2820987700e-02 
 886.000  7.9327228100e-01  3.1796104430e-02 
 887.000  7.8418575500e-01  3.1427497860e-02 
 888.000  8.0776077400e-01  3.2205600740e-02 
 889.000  8.1288007000e-01  3.2654705050e-02 
 890.000  8.1104586500e-01  3.2484420780e-02 
 891.000  8.0800726000e-01  3.2130741120e-02 
 892.000  8.0735677600e-01  3.1841865540e-02 
 893.000  7.8175827100e-01  2.9978538510e-02 
 894.000  8.1018825900e-01  3.0784986500e-02 
 895.000  7.7518261000e-01  2.8759378430e-02 
 896.000  8.0596102800e-01  2.9050479890e-02 
 897.000  7.8739497200e-01  2.7828016280e-02 
 898.000  7.8874766500e-01  2.7487836840e-02 
 899.000  7.8803576300e-01  2.6552505490e-02 
 900.000  7.6835588900e-01  2.5912410740e-02 
 901.000  7.5189524400e-01  2.5168254850e-02 
 902.000  7.3805329800e-01  2.4741664890e-02 
 903.000  7.7416421100e-01  2.7290880200e-02 
 904.000  7.8854390100e-01  2.8642938610e-02 
 905.000  7.8644695000e-01  2.8765499110e-02 
 906.000  7.6561677500e-01  2.7464429860e-02 
 907.000  7.7858830300e-01  2.6907627110e-02 
 908.000  7.5954285500e-01  2.5575977330e-02 
 909.000  7.4464018200e-01  2.5076826100e-02 
 910.000  7.5344843500e-01  2.5451547620e-02 
 911.000  7.5144945300e-01  2.5919118880e-02 
 912.000  7.5307513800e-01  2.5579929350e-02 
 913.000  7.7070075500e-01  2.5387908940e-02 
 914.000  7.6574050000e-01  2.5578357700e-02 
 915.000  7.5310017000e-01  2.5639261250e-02 
 916.000  7.6145832400e-01  2.5950141910e-02 
 917.000  7.4953844800e-01  2.5701360700e-02 
 918.000  7.4573338000e-01  2.5803058620e-02 
 919.000  7.5556759100e-01  2.7261537550e-02 
 920.000  7.4835954600e-01  2.7392557140e-02 
 921.000  7.3197798700e-01  2.6640609740e-02 
 922.000  7.2542354100e-01  2.6473749160e-02 
 923.000  6.9501802400e-01  2.4900407790e-02 
 924.000  7.2441895100e-01  2.5805263520e-02 
 925.000  7.3403504000e-01  2.6046560290e-02 
 926.000  7.0782876300e-01  2.4969060900e-02 
 927.000  7.3419446700e-01  2.5631818770e-02 
 928.000  7.3871246100e-01  2.4937362670e-02 
 929.000  7.2839298500e-01  2.3523334500e-02 
 930.000  7.2655896400e-01  2.2326389310e-02 
 931.000  7.2625634400e-01  2.1404432300e-02 
 932.000  7.1913799800e-01  2.0188125610e-02 
 933.000  7.2109288200e-01  1.9617692950e-02 
 934.000  7.1477424200e-01  1.8882986070e-02 
 935.000  7.0418166600e-01  1.8546844480e-02 
 936.000  6.9911442400e-01  1.8614755630e-02 
 937.000  7.1471724400e-01  1.8976423260e-02 
 938.000  7.0722201800e-01  1.9414157870e-02 
 939.000  7.1350396000e-01  2.1612543110e-02 
 940.000  7.0986099500e-01  2.1896209720e-02 
 941.000  6.9372226300e-01  2.1079122540e-02 
 942.000  6.6717121300e-01  1.9593795780e-02 
 943.000  7.0295568700e-01  1.9623556140e-02 
 944.000  6.8363309100e-01  1.9011375430e-02 
 945.000  6.9018375700e-01  1.9522226330e-02 
 946.000  6.9954191400e-01  1.9808536530e-02 
 947.000  6.9531433000e-01  2.0015380860e-02 
 948.000  6.9951665000e-01  2.0334754940e-02 
 949.000  7.0173211000e-01  2.0379041670e-02 
 950.000  6.9710596800e-01  2.0295957570e-02 
 951.000  6.9297062000e-01  2.0643789290e-02 
 952.000  6.9289187300e-01  2.0152912140e-02 
 953.000  6.9098139200e-01  2.0450281140e-02 
 954.000  6.8430785900e-01  2.0662515640e-02 
 955.000  6.3917814400e-01  1.9007101060e-02 
 956.000  6.8185337100e-01  2.0225950240e-02 
 957.000  6.8150321700e-01  2.1336666110e-02 
 958.000  6.8675657400e-01  2.1687078480e-02 
 959.000  6.8940910700e-01  2.1565427780e-02 
 960.000  6.8289440600e-01  2.1308486940e-02 
 961.000  6.7556868000e-01  2.0977170940e-02 
 962.000  6.7892991000e-01  2.1174140930e-02 
 963.000  6.7752801400e-01  2.1874938960e-02 
 964.000  6.6977621900e-01  2.1739814760e-02 
 965.000  6.7796207300e-01  2.1926486970e-02 
 966.000  6.5838977300e-01  2.1337806700e-02 
 967.000  6.7797058500e-01  2.2594585420e-02 
 968.000  6.7050003200e-01  2.3380825040e-02 
 969.000  6.7459538300e-01  2.3976835250e-02 
 970.000  6.7642905900e-01  2.4062013630e-02 
 971.000  6.7044096200e-01  2.3829217910e-02 
 972.000  6.7518669800e-01  2.3852647780e-02 
 973.000  6.6894539300e-01  2.3325151440e-02 
 974.000  6.5868965000e-01  2.2603496550e-02 
 975.000  6.6198278400e-01  2.2471017840e-02 
 976.000  6.6999626100e-01  2.3022047040e-02 
 977.000  6.5300945100e-01  2.2878705980e-02 
 978.000  6.6915924800e-01  2.3404947280e-02 
 979.000  6.4971361000e-01  2.2839500430e-02 
 980.000  6.5888355400e-01  2.3635770800e-02 
 981.000  6.6336790400e-01  2.3914373400e-02 
 982.000  6.6193131700e-01  2.3748121260e-02 
 983.000  6.6014298700e-01  2.3955427170e-02 
 984.000  6.5572092100e-01  2.4101522450e-02 
 985.000  6.5540875900e-01  2.4279813770e-02 
 986.000  6.5005993600e-01  2.4351747510e-02 
 987.000  6.5744954000e-01  2.4753393170e-02 
 988.000  6.4934375500e-01  2.4471855160e-02 
 989.000  6.4109797600e-01  2.4172508240e-02 
 990.000  6.4656173600e-01  2.4402654650e-02 
 991.000  6.5180193600e-01  2.4687446590e-02 
 992.000  6.4577072900e-01  2.4458833690e-02 
 993.000  6.4572741700e-01  2.4434133530e-02 
 994.000  6.4896012500e-01  2.4623523710e-02 
 995.000  6.4414156800e-01  2.4499048230e-02 
 996.000  6.4401720100e-01  2.4455762860e-02 
 997.000  6.4474756500e-01  2.4386083600e-02 
 998.000  6.4238409900e-01  2.4210952760e-02 
 999.000  6.4081238100e-01  2.4092741010e-02 
1000.000  6.3569675900e-01  2.3881763460e-02 
1001.000  6.3929689500e-01  2.3892265320e-02 
1002.000  6.3870441000e-01  2.3681438450e-02 
1003.000  6.3117501000e-01  2.3437500000e-02 
1004.000  6.2574268000e-01  2.3331203460e-02 
1005.000  5.8458803300e-01  2.1836128230e-02 
1006.000  6.1507793600e-01  2.2985303880e-02 
1007.000  6.2633658800e-01  2.3365108490e-02 
1008.000  6.2923153200e-01  2.3323896410e-02 
1009.000  6.2572407400e-01  2.3012929920e-02 
1010.000  6.2791839400e-01  2.3165157320e-02 
1011.000  6.2420098200e-01  2.3218393330e-02 
1012.000  6.2424337300e-01  2.3295701980e-02 
1013.000  6.1962282100e-01  2.3184059140e-02 
1014.000  6.2352504000e-01  2.3387842180e-02 
1015.000  6.1200574100e-01  2.2994472500e-02 
1016.000  6.1587011800e-01  2.3203424450e-02 
1017.000  6.0973699700e-01  2.3008451460e-02 
1018.000  6.1780200000e-01  2.3322301860e-02 
1019.000  6.0392595800e-01  2.2754646300e-02 
1020.000  6.0258090700e-01  2.2695810320e-02 
1021.000  6.0839863400e-01  2.2899314880e-02 
1022.000  5.9956401100e-01  2.2406822200e-02 
1023.000  6.1133227800e-01  2.2703893660e-02 
1024.000  6.0838732500e-01  2.2484376910e-02 
1025.000  6.0766794100e-01  2.2515962600e-02 
1026.000  6.0813154600e-01  2.2572843550e-02 
1027.000  6.0456845800e-01  2.2455751420e-02 
1028.000  6.0589828300e-01  2.2567199710e-02 
1029.000  5.9644252200e-01  2.2305973050e-02 
1030.000  6.0219189400e-01  2.2626926420e-02 
1031.000  6.0016720400e-01  2.2629083630e-02 
1032.000  5.9794855200e-01  2.2598085400e-02 
1033.000  5.8691008100e-01  2.2163515090e-02 
1034.000  5.9305752600e-01  2.2389698030e-02 
1035.000  5.8666337000e-01  2.2120641710e-02 
1036.000  5.9436122500e-01  2.2391750340e-02 
1037.000  5.8183369900e-01  2.1898311610e-02 
1038.000  5.8755270900e-01  2.2092103960e-02 
1039.000  5.9006437600e-01  2.2154283520e-02 
1040.000  5.8317127300e-01  2.1865858080e-02 
1041.000  5.8630380900e-01  2.1954698560e-02 
1042.000  5.8807247700e-01  2.1996253970e-02 
1043.000  5.7793423900e-01  2.1594594960e-02 
1044.000  5.8375305100e-01  2.1785469060e-02 
1045.000  5.8141956600e-01  2.1726728440e-02 
1046.000  5.6462031600e-01  2.1138023380e-02 
1047.000  5.7513530200e-01  2.1570171360e-02 
1048.000  5.8102663200e-01  2.1831087110e-02 
1049.000  5.7745978300e-01  2.1739307400e-02 
1050.000  5.7419534500e-01  2.1648782730e-02 
1051.000  5.7452363900e-01  2.1629117970e-02 
1052.000  5.7201993500e-01  2.1494632720e-02 
1053.000  5.7230149000e-01  2.1473842620e-02 
1054.000  5.6670290700e-01  2.1220277790e-02 
1055.000  5.7115039600e-01  2.1338165280e-02 
1056.000  5.6986843800e-01  2.1247676850e-02 
1057.000  5.6944677100e-01  2.1182575230e-02 
1058.000  5.6448750500e-01  2.0922920230e-02 
1059.000  5.4667960000e-01  2.0285467150e-02 
1060.000  5.6588043800e-01  2.1062633510e-02 
1061.000  5.4617163100e-01  2.0333200450e-02 
1062.000  5.6194095200e-01  2.0879465100e-02 
1063.000  5.5267290300e-01  2.0506227490e-02 
1064.000  5.6010057800e-01  2.0692098620e-02 
1065.000  5.6001161700e-01  2.0588710780e-02 
1066.000  5.4280388800e-01  1.9918258670e-02 
1067.000  5.5598865700e-01  2.0346580510e-02 
1068.000  5.5464713200e-01  2.0159782410e-02 
1069.000  5.1327745300e-01  1.8597921370e-02 
1070.000  5.4359843200e-01  1.9738010410e-02 
1071.000  5.4500726300e-01  1.9769725800e-02 
1072.000  5.4737005300e-01  1.9837076190e-02 
1073.000  5.2945832600e-01  1.9212183000e-02 
1074.000  5.4793816400e-01  1.9926788330e-02 
1075.000  5.3018780300e-01  1.9387228010e-02 
1076.000  5.4232503200e-01  1.9796834950e-02 
1077.000  5.4174001200e-01  1.9726108550e-02 
1078.000  5.4386597400e-01  1.9746267320e-02 
1079.000  5.2302982400e-01  1.8995689390e-02 
1080.000  5.4043747100e-01  1.9462722780e-02 
1081.000  5.2065319000e-01  1.8734794620e-02 
1082.000  5.2649022500e-01  1.8976213460e-02 
1083.000  5.1320869600e-01  1.8367557530e-02 
1084.000  5.3383583700e-01  1.8970016480e-02 
1085.000  5.2922682700e-01  1.8563467030e-02 
1086.000  5.3557555800e-01  1.8789688110e-02 
1087.000  5.0028443000e-01  1.7738555910e-02 
1088.000  5.3050353000e-01  1.8864906310e-02 
1089.000  5.1328093700e-01  1.8025215150e-02 
1090.000  5.2501612900e-01  1.8428991320e-02 
1091.000  5.2782047700e-01  1.8620466230e-02 
1092.000  5.1705820800e-01  1.8159133910e-02 
1093.000  5.1392569500e-01  1.7818235400e-02 
1094.000  4.6890700000e-01  1.6126930240e-02 
1095.000  5.0732252000e-01  1.7429109570e-02 
1096.000  5.0805631900e-01  1.7437959670e-02 
1097.000  4.9885061400e-01  1.7028846740e-02 
1098.000  4.9789905000e-01  1.6384561540e-02 
1099.000  5.0238863000e-01  1.5983912470e-02 
1100.000  5.1080171800e-01  1.6285837170e-02 
1101.000  5.0921996000e-01  1.6304359440e-02 
1102.000  4.8829835200e-01  1.5595158580e-02 
1103.000  5.0733904200e-01  1.6244081500e-02 
1104.000  5.0409378400e-01  1.6048326490e-02 
1105.000  5.0445361700e-01  1.5843644140e-02 
1106.000  5.0134332800e-01  1.5547204970e-02 
1107.000  5.0044423400e-01  1.5556233410e-02 
1108.000  4.9860466100e-01  1.5518856050e-02 
1109.000  4.9992062100e-01  1.5708329200e-02 
1110.000  5.0248597100e-01  1.5739171030e-02 
1111.000  4.9644885800e-01  1.5443791390e-02 
1112.000  4.9203438300e-01  1.4913081170e-02 
1113.000  4.9030838500e-01  1.4386322020e-02 
1114.000  4.9561720300e-01  1.4393696780e-02 
1115.000  4.9062463300e-01  1.3781187060e-02 
1116.000  4.8441585900e-01  1.3358034130e-02 
1117.000  4.9015969100e-01  1.3009198190e-02 
1118.000  4.8502392700e-01  1.2459346770e-02 
1119.000  4.7145634300e-01  1.1925638200e-02 
1120.000  4.7240699400e-01  1.1739281650e-02 
1121.000  4.7541162900e-01  1.1769950870e-02 
1122.000  4.7320517800e-01  1.1506963730e-02 
1123.000  4.7542880000e-01  1.1680699350e-02 
1124.000  4.7634602000e-01  1.1782948490e-02 
1125.000  4.6642079400e-01  1.1497830390e-02 
1126.000  4.5749841700e-01  1.1261739730e-02 
1127.000  4.7298628500e-01  1.1658566470e-02 
1128.000  4.6433932300e-01  1.1476009370e-02 
1129.000  4.6723867800e-01  1.1756557460e-02 
1130.000  4.6815843100e-01  1.2323485370e-02 
1131.000  4.7329052800e-01  1.2625609400e-02 
1132.000  4.7428917100e-01  1.2419107440e-02 
1133.000  4.6203497800e-01  1.1707897190e-02 
1134.000  4.5663152100e-01  1.0942342760e-02 
1135.000  4.6261396500e-01  1.1130276680e-02 
1136.000  4.6453702100e-01  1.1819346430e-02 
1137.000  4.7133911400e-01  1.2397808070e-02 
1138.000  4.5527638200e-01  1.2393956180e-02 
1139.000  4.6549436900e-01  1.2832834240e-02 
1140.000  4.6672065400e-01  1.2777060510e-02 
1141.000  4.5322765400e-01  1.2244198800e-02 
1142.000  4.6549443100e-01  1.2512378690e-02 
1143.000  4.5711329900e-01  1.2099262240e-02 
1144.000  4.5383656300e-01  1.1812224390e-02 
1145.000  4.5645461300e-01  1.1609315870e-02 
1146.000  4.6113087700e-01  1.1787621500e-02 
1147.000  4.6347126600e-01  1.2065970420e-02 
1148.000  4.5906393700e-01  1.2154571530e-02 
1149.000  4.6053831900e-01  1.2279100420e-02 
1150.000  4.5858360900e-01  1.2241338730e-02 
1151.000  4.5723754400e-01  1.2347332000e-02 
1152.000  4.5638381400e-01  1.2395485880e-02 
1153.000  4.5558741500e-01  1.2479444500e-02 
1154.000  4.5906503700e-01  1.2557027820e-02 
1155.000  4.6064572200e-01  1.2818973540e-02 
1156.000  4.5440242600e-01  1.2893488880e-02 
1157.000  4.5866343800e-01  1.3592949870e-02 
1158.000  4.5873627900e-01  1.3904913900e-02 
1159.000  4.5224968000e-01  1.4008238790e-02 
1160.000  4.4650433000e-01  1.3967909810e-02 
1161.000  4.3687503800e-01  1.3990066530e-02 
1162.000  4.5269063600e-01  1.4769575120e-02 
1163.000  4.5456981000e-01  1.5149393080e-02 
1164.000  4.4533727900e-01  1.4905899050e-02 
1165.000  4.5393251200e-01  1.5245920180e-02 
1166.000  4.4215733800e-01  1.4930833820e-02 
1167.000  4.4932940200e-01  1.5224130630e-02 
1168.000  4.5325641000e-01  1.5344066620e-02 
1169.000  4.3758278800e-01  1.4862663270e-02 
1170.000  4.4935068700e-01  1.5305628780e-02 
1171.000  4.5142972800e-01  1.5478179930e-02 
1172.000  4.5001598300e-01  1.5370106700e-02 
1173.000  4.4688165600e-01  1.5207295420e-02 
1174.000  4.4710769400e-01  1.5217805860e-02 
1175.000  4.4187408500e-01  1.5191322330e-02 
1176.000  4.3120680400e-01  1.4963570590e-02 
1177.000  4.4452015500e-01  1.5354047780e-02 
1178.000  4.3701085800e-01  1.4955978390e-02 
1179.000  4.3505192200e-01  1.4888208390e-02 
1180.000  4.4115867200e-01  1.5045041080e-02 
1181.000  4.3890423300e-01  1.4842129710e-02 
1182.000  4.3945958400e-01  1.4731531140e-02 
1183.000  4.1394390400e-01  1.3885003090e-02 
1184.000  4.3260062700e-01  1.4576045990e-02 
1185.000  4.3832493300e-01  1.4938838960e-02 
1186.000  4.3571423300e-01  1.4791990280e-02 
1187.000  4.3587056100e-01  1.4614351270e-02 
1188.000  4.3363271800e-01  1.4482614520e-02 
1189.000  4.0826441500e-01  1.3714823720e-02 
1190.000  4.2834060400e-01  1.4632241250e-02 
1191.000  4.3502060600e-01  1.4908726690e-02 
1192.000  4.3265176600e-01  1.4914433480e-02 
1193.000  4.3281885000e-01  1.4856199260e-02 
1194.000  4.3200360200e-01  1.4801905630e-02 
1195.000  4.2716098500e-01  1.4521391870e-02 
1196.000  4.2689098200e-01  1.4527853010e-02 
1197.000  4.2677891000e-01  1.4468312260e-02 
1198.000  4.1244383200e-01  1.3969788550e-02 
1199.000  3.9711698000e-01  1.3386508940e-02 
1200.000  4.2215041900e-01  1.4265694620e-02 
1201.000  4.2517832500e-01  1.4385441780e-02 
1202.000  4.2599396600e-01  1.4432756420e-02 
1203.000  4.0520314400e-01  1.3699775700e-02 
1204.000  4.1191742300e-01  1.3957474710e-02 
1205.000  4.2147272600e-01  1.4480092050e-02 
1206.000  4.1890859300e-01  1.4485542300e-02 
1207.000  4.2172177100e-01  1.4621980670e-02 
1208.000  4.1558225600e-01  1.4379412650e-02 
1209.000  3.8961789100e-01  1.3434032440e-02 
1210.000  4.1690130200e-01  1.4295088770e-02 
1211.000  4.0297479500e-01  1.3808674810e-02 
1212.000  4.1559138500e-01  1.4270415310e-02 
1213.000  4.1712800700e-01  1.4412242890e-02 
1214.000  4.1534233400e-01  1.4348115920e-02 
1215.000  4.1676937700e-01  1.4436876300e-02 
1216.000  4.1553642900e-01  1.4532882690e-02 
1217.000  4.1467249200e-01  1.4616989140e-02 
1218.000  4.1322088100e-01  1.4612479210e-02 
1219.000  4.0935382400e-01  1.4498688700e-02 
1220.000  4.1210515000e-01  1.4585535050e-02 
1221.000  4.1125204500e-01  1.4556725500e-02 
1222.000  4.0897369000e-01  1.4469079970e-02 
1223.000  4.0697176800e-01  1.4421670910e-02 
1224.000  4.0991348800e-01  1.4617235180e-02 
1225.000  4.0758903300e-01  1.4563120840e-02 
1226.000  4.0891772900e-01  1.4648330690e-02 
1227.000  3.9488589000e-01  1.4200373650e-02 
1228.000  4.0698656800e-01  1.4702924730e-02 
1229.000  4.0631140300e-01  1.4725481990e-02 
1230.000  4.0468157100e-01  1.4721981050e-02 
1231.000  4.0454849500e-01  1.4750625610e-02 
1232.000  3.9994843700e-01  1.4596826550e-02 
1233.000  4.0306887800e-01  1.4719822880e-02 
1234.000  4.0160174000e-01  1.4741109850e-02 
1235.000  3.9872776100e-01  1.4658930780e-02 
1236.000  4.0098758400e-01  1.4748947140e-02 
1237.000  4.0088178000e-01  1.4770347600e-02 
1238.000  4.0059719800e-01  1.4766876220e-02 
1239.000  3.9601286700e-01  1.4599960330e-02 
1240.000  3.9423509100e-01  1.4568804740e-02 
1241.000  3.9784349800e-01  1.4729645730e-02 
1242.000  3.9562424400e-01  1.4672020910e-02 
1243.000  3.9129312100e-01  1.4537035940e-02 
1244.000  3.8794377000e-01  1.4426497460e-02 
1245.000  3.9472421500e-01  1.4688737870e-02 
1246.000  3.9178984500e-01  1.4534270290e-02 
1247.000  3.9000210100e-01  1.4421658520e-02 
1248.000  3.9317009900e-01  1.4489980700e-02 
1249.000  3.9183893000e-01  1.4403486250e-02 
1250.000  3.9044410300e-01  1.4306623460e-02 
1251.000  3.8791208900e-01  1.4179510120e-02 
1252.000  3.8691470300e-01  1.4104033470e-02 
1253.000  3.8389026300e-01  1.3953042980e-02 
1254.000  3.8521664100e-01  1.3929762840e-02 
1255.000  3.8480497600e-01  1.3864395140e-02 
1256.000  3.8421034800e-01  1.3799982070e-02 
1257.000  3.8009499100e-01  1.3570024490e-02 
1258.000  3.8208683900e-01  1.3498400690e-02 
1259.000  3.7818965200e-01  1.3241951940e-02 
1260.000  3.7900520800e-01  1.3146290780e-02 
1261.000  3.7855775000e-01  1.3003547670e-02 
1262.000  3.7045602300e-01  1.2562736510e-02 
1263.000  3.7494881800e-01  1.2689025880e-02 
1264.000  3.6911087530e-01  1.2482570650e-02 
1265.000  3.6978322720e-01  1.2513171200e-02 
1266.000  3.7217088480e-01  1.2562078480e-02 
1267.000  3.6520058890e-01  1.2292067530e-02 
1268.000  3.6160336080e-01  1.2125214580e-02 
1269.000  3.6498792350e-01  1.2217595100e-02 
1270.000  3.6900049510e-01  1.2495956420e-02 
1271.000  3.7105000670e-01  1.2635259630e-02 
1272.000  3.6995261780e-01  1.2664001460e-02 
1273.000  3.6963463940e-01  1.2721733090e-02 
1274.000  3.6742743610e-01  1.2719617840e-02 
1275.000  3.6959018960e-01  1.2823920250e-02 
1276.000  3.7018408290e-01  1.2855788230e-02 
1277.000  3.6990743260e-01  1.2844596860e-02 
1278.000  3.6884738200e-01  1.2803467750e-02 
1279.000  3.6637851580e-01  1.2739353180e-02 
1280.000  3.6421461270e-01  1.2750111580e-02 
1281.000  3.5382696590e-01  1.2468892100e-02 
1282.000  3.1420554730e-01  1.1145038600e-02 
1283.000  3.4483521020e-01  1.2288656230e-02 
1284.000  3.5906424770e-01  1.2831557270e-02 
1285.000  3.6169859360e-01  1.2944635390e-02 
1286.000  3.6157920230e-01  1.2908754350e-02 
1287.000  3.6379007550e-01  1.2932861330e-02 
1288.000  3.6150945080e-01  1.2676218990e-02 
1289.000  3.6366468220e-01  1.2700120930e-02 
1290.000  3.5533181200e-01  1.2393281940e-02 
1291.000  3.6019619140e-01  1.2551285740e-02 
1292.000  3.6169899590e-01  1.2630000110e-02 
1293.000  3.6202214860e-01  1.2610524180e-02 
1294.000  3.5627626440e-01  1.2303756710e-02 
1295.000  3.6011165260e-01  1.2301735880e-02 
1296.000  3.6037651810e-01  1.2208509450e-02 
1297.000  3.5815466120e-01  1.2072214130e-02 
1298.000  3.5495389330e-01  1.1969521520e-02 
1299.000  3.5851773420e-01  1.2092785840e-02 
1300.000  3.5707855110e-01  1.2047580720e-02 
1301.000  3.5651067980e-01  1.2006590840e-02 
1302.000  3.5193532170e-01  1.1770485880e-02 
1303.000  3.5004428960e-01  1.1533367160e-02 
1304.000  3.5027406710e-01  1.1451578140e-02 
1305.000  3.5242937860e-01  1.1472569470e-02 
1306.000  3.5276675600e-01  1.1429808620e-02 
1307.000  3.5172444400e-01  1.1355919840e-02 
1308.000  3.5142412060e-01  1.1255925180e-02 
1309.000  3.5111155270e-01  1.1120713230e-02 
1310.000  3.4965258250e-01  1.1066897390e-02 
1311.000  3.4858240850e-01  1.1036602020e-02 
1312.000  3.4749658440e-01  1.0855147360e-02 
1313.000  3.3466195200e-01  1.0286077500e-02 
1314.000  3.4510815420e-01  1.0453949930e-02 
1315.000  3.3348786430e-01  1.0170021060e-02 
1316.000  3.4124577810e-01  1.0514000890e-02 
1317.000  3.4491678570e-01  1.0625319480e-02 
1318.000  3.4003618550e-01  1.0295999530e-02 
1319.000  3.4469360720e-01  1.0206099510e-02 
1320.000  3.4214889380e-01  9.8953180310e-03 
1321.000  3.4064561340e-01  9.7662057880e-03 
1322.000  3.3996539760e-01  9.8767938610e-03 
1323.000  3.4071798390e-01  1.0049407010e-02 
1324.000  3.4090053010e-01  1.0141747470e-02 
1325.000  3.3980996820e-01  1.0046744350e-02 
1326.000  3.3821942360e-01  9.8417558670e-03 
1327.000  3.3551899570e-01  9.4562101360e-03 
1328.000  3.3640195060e-01  9.1982669830e-03 
1329.000  3.2412533680e-01  8.4316654210e-03 
1330.000  3.2919560360e-01  8.4143161770e-03 
1331.000  3.3066292060e-01  8.3600215910e-03 
1332.000  3.2311679530e-01  8.1983318330e-03 
1333.000  3.3165727330e-01  8.4951667790e-03 
1334.000  3.3207304660e-01  8.6194114690e-03 
1335.000  3.3235728330e-01  8.7098760600e-03 
1336.000  3.2875981400e-01  8.6447715760e-03 
1337.000  3.2982405680e-01  8.6846828460e-03 
1338.000  3.2958099280e-01  8.7374916080e-03 
1339.000  3.2603952100e-01  8.6612710950e-03 
1340.000  3.2369925670e-01  8.6488962170e-03 
1341.000  3.2858564210e-01  8.7370424270e-03 
1342.000  3.2778092270e-01  8.7221851350e-03 
1343.000  3.2775205310e-01  8.5432853700e-03 
1344.000  3.2625345470e-01  8.3333654400e-03 
1345.000  3.2374979180e-01  7.9013123510e-03 
1346.000  3.1857747790e-01  7.5836939810e-03 
1347.000  3.1918143610e-01  7.4557986260e-03 
1348.000  3.1560331900e-01  7.2199358940e-03 
1349.000  3.1346010730e-01  7.0890212060e-03 
1350.000  3.0705940320e-01  6.7830085750e-03 
1351.000  3.0489073080e-01  6.6217827800e-03 
1352.000  3.0544680130e-01  6.4633383750e-03 
1353.000  2.9959306040e-01  6.1278867720e-03 
1354.000  2.9597273780e-01  5.9292716980e-03 
1355.000  2.9032946600e-01  5.6787748340e-03 
1356.000  2.8605570480e-01  5.4422097210e-03 
1357.000  2.7935359570e-01  5.1234083180e-03 
1358.000  2.7975007230e-01  4.9224362370e-03 
1359.000  2.7203029330e-01  4.4359312060e-03 
1360.000  2.6205920790e-01  4.0566239360e-03 
1361.000  2.6425592650e-01  3.9501316550e-03 
1362.000  2.6199204800e-01  3.8768951890e-03 
1363.000  2.6225595920e-01  4.0952892300e-03 
1364.000  2.6752792670e-01  4.2509441380e-03 
1365.000  2.6739148710e-01  4.2888526920e-03 
1366.000  2.6926909340e-01  4.4036498070e-03 
1367.000  2.6431860720e-01  4.2138204570e-03 
1368.000  2.6434167230e-01  4.1140360830e-03 
1369.000  2.5957933520e-01  4.0635671620e-03 
1370.000  2.6509240880e-01  4.4028630260e-03 
1371.000  2.7287503390e-01  4.8867774010e-03 
1372.000  2.8371784160e-01  5.4462609290e-03 
1373.000  2.8782189160e-01  5.7412338260e-03 
1374.000  2.9111058090e-01  5.9184489250e-03 
1375.000  2.8702222780e-01  5.8844389920e-03 
1376.000  2.8273160540e-01  5.7591676710e-03 
1377.000  2.8530948230e-01  5.7314801220e-03 
1378.000  2.8041039170e-01  5.4789843560e-03 
1379.000  2.7855441630e-01  5.2047119140e-03 
1380.000  2.6856241190e-01  4.6834092140e-03 
1381.000  2.6250652910e-01  4.2549304960e-03 
1382.000  2.5436012710e-01  3.9488749500e-03 
1383.000  2.5658481320e-01  3.9633679390e-03 
1384.000  2.6228321160e-01  4.3141422270e-03 
1385.000  2.6436854780e-01  4.5556206700e-03 
1386.000  2.7234886250e-01  4.9401478770e-03 
1387.000  2.7625549410e-01  5.3732471470e-03 
1388.000  2.8204588030e-01  5.6452660560e-03 
1389.000  2.8429157230e-01  5.7579417230e-03 
1390.000  2.7928113030e-01  5.6763505940e-03 
1391.000  2.8201524740e-01  5.6767792700e-03 
1392.000  2.7757325030e-01  5.4241480830e-03 
1393.000  2.7302754190e-01  5.1731958390e-03 
1394.000  2.6697573460e-01  4.9038629530e-03 
1395.000  2.6827607450e-01  4.9979043010e-03 
1396.000  2.7420705520e-01  5.2932085990e-03 
1397.000  2.7727573760e-01  5.4963955880e-03 
1398.000  2.7748715490e-01  5.5168437960e-03 
1399.000  2.7567416920e-01  5.4327955250e-03 
1400.000  2.6767006860e-01  5.2513341900e-03 
1401.000  2.6888142200e-01  5.2892813680e-03 
1402.000  2.7544647410e-01  5.5279712680e-03 
1403.000  2.7474779760e-01  5.5782074930e-03 
1404.000  2.7266381930e-01  5.4969091420e-03 
1405.000  2.7283209750e-01  5.5046710970e-03 
1406.000  2.7244600450e-01  5.4461030960e-03 
1407.000  2.7271672880e-01  5.4471874240e-03 
1408.000  2.7355953890e-01  5.5654816630e-03 
1409.000  2.7647576980e-01  5.6955456730e-03 
1410.000  2.7766732970e-01  5.8425064090e-03 
1411.000  2.7974058140e-01  5.9704656600e-03 
1412.000  2.6880843040e-01  5.7278823850e-03 
1413.000  2.7399911480e-01  5.8630652430e-03 
1414.000  2.7758336940e-01  5.9071550370e-03 
1415.000  2.7742195930e-01  5.9464330670e-03 
1416.000  2.7691378450e-01  5.9756121640e-03 
1417.000  2.7893460670e-01  6.0071153640e-03 
1418.000  2.7904423450e-01  6.0019683840e-03 
1419.000  2.7506934250e-01  5.9036507610e-03 
1420.000  2.7446590540e-01  5.8962078090e-03 
1421.000  2.7902149020e-01  6.0459303860e-03 
1422.000  2.7278756880e-01  5.9279971120e-03 
1423.000  2.7112574090e-01  5.8817152980e-03 
1424.000  2.7137117180e-01  5.8639035220e-03 
1425.000  2.7660761020e-01  5.9289379120e-03 
1426.000  2.6541448560e-01  5.6737661360e-03 
1427.000  2.6955631210e-01  5.7737994190e-03 
1428.000  2.7540624360e-01  5.9047961240e-03 
1429.000  2.6894742410e-01  5.7728881840e-03 
1430.000  2.6310497930e-01  5.6170578000e-03 
1431.000  2.6250117170e-01  5.5176920890e-03 
1432.000  2.6727263310e-01  5.5612707140e-03 
1433.000  2.6740831970e-01  5.5427947040e-03 
1434.000  2.6201868270e-01  5.3959021570e-03 
1435.000  2.6521565380e-01  5.4880256650e-03 
1436.000  2.6525140020e-01  5.4882535930e-03 
1437.000  2.6629906420e-01  5.4990787510e-03 
1438.000  2.6565124240e-01  5.5157446860e-03 
1439.000  2.6879193920e-01  5.5692548750e-03 
1440.000  2.5215361810e-01  5.2272105220e-03 
1441.000  2.6486020040e-01  5.4798464780e-03 
1442.000  2.5869341880e-01  5.3169498440e-03 
1443.000  2.6298891710e-01  5.3826966290e-03 
1444.000  2.6426764610e-01  5.4023137090e-03 
1445.000  2.6347003450e-01  5.3685870170e-03 
1446.000  2.6629835940e-01  5.4351997380e-03 
1447.000  2.6508109620e-01  5.4178590770e-03 
1448.000  2.6710749250e-01  5.4405369760e-03 
1449.000  2.6700081360e-01  5.3977408410e-03 
1450.000  2.6520438640e-01  5.3040442470e-03 
1451.000  2.6349395760e-01  5.2565493580e-03 
1452.000  2.6025043660e-01  5.2134442330e-03 
1453.000  2.6520413340e-01  5.3805608750e-03 
1454.000  2.6623432740e-01  5.4813427930e-03 
1455.000  2.6286715930e-01  5.4615445140e-03 
1456.000  2.6274742030e-01  5.5096549990e-03 
1457.000  2.6526636100e-01  5.5435042380e-03 
1458.000  2.6889326140e-01  5.6035461430e-03 
1459.000  2.6989207390e-01  5.5314073560e-03 
1460.000  2.6529989330e-01  5.3558068280e-03 
1461.000  2.6472053250e-01  5.2845630650e-03 
1462.000  2.6182961550e-01  5.1287903790e-03 
1463.000  2.6008201270e-01  5.0645980830e-03 
1464.000  2.5990998340e-01  5.0137014390e-03 
1465.000  2.6291684300e-01  4.9980044360e-03 
1466.000  2.5665395840e-01  4.7986245160e-03 
1467.000  2.6280594210e-01  4.8522348400e-03 
1468.000  2.5633752250e-01  4.6688427930e-03 
1469.000  2.5916340670e-01  4.6383800510e-03 
1470.000  2.5766860100e-01  4.5650086400e-03 
1471.000  2.5359465740e-01  4.5258154870e-03 
1472.000  2.5512714690e-01  4.6108207700e-03 
1473.000  2.5737232410e-01  4.7531313900e-03 
1474.000  2.5028616460e-01  4.7051224710e-03 
1475.000  2.5560795830e-01  4.7766847610e-03 
1476.000  2.5601191270e-01  4.7577524190e-03 
1477.000  2.5676303210e-01  4.7092142110e-03 
1478.000  2.5304879670e-01  4.5804677010e-03 
1479.000  2.5594757950e-01  4.5631361010e-03 
1480.000  2.5734970260e-01  4.5870366100e-03 
1481.000  2.5351329450e-01  4.5537838940e-03 
1482.000  2.5667015510e-01  4.6531147960e-03 
1483.000  2.5138301220e-01  4.5595512390e-03 
1484.000  2.5370695030e-01  4.5884270670e-03 
1485.000  2.5853550330e-01  4.6527724270e-03 
1486.000  2.5427597300e-01  4.6156582830e-03 
1487.000  2.5456661520e-01  4.7281098370e-03 
1488.000  2.2254254380e-01  4.1314454080e-03 
1489.000  2.5552585800e-01  4.9020428660e-03 
1490.000  2.5612114920e-01  5.0625538830e-03 
1491.000  2.5866643690e-01  5.2229170800e-03 
1492.000  2.5265569270e-01  5.1208987240e-03 
1493.000  2.5833396100e-01  5.3134946820e-03 
1494.000  2.5735178700e-01  5.2999825480e-03 
1495.000  2.5555128610e-01  5.3349542620e-03 
1496.000  2.4799426880e-01  5.3031902310e-03 
1497.000  2.5381891710e-01  5.4219412800e-03 
1498.000  2.5638920310e-01  5.5954213140e-03 
1499.000  2.5207710540e-01  5.6116294860e-03 
1500.000  2.5637561350e-01  5.7877206800e-03 
1501.000  2.5600970860e-01  5.7442951200e-03 
1502.000  2.5403279780e-01  5.6494054790e-03 
1503.000  2.2810587110e-01  5.0373754500e-03 
1504.000  2.3765126230e-01  5.2738819120e-03 
1505.000  2.3691299740e-01  5.3616871830e-03 
1506.000  2.4010662440e-01  5.4611039160e-03 
1507.000  2.5111960690e-01  5.8141074180e-03 
1508.000  2.4719803060e-01  5.7868542670e-03 
1509.000  2.4826603770e-01  5.8820624350e-03 
1510.000  2.5210273930e-01  6.0107579230e-03 
1511.000  2.5324943580e-01  6.0950460430e-03 
1512.000  2.4849518890e-01  6.0214681630e-03 
1513.000  2.4807884670e-01  6.0468716620e-03 
1514.000  2.4468282020e-01  5.9848294260e-03 
1515.000  2.4949124460e-01  6.1251430510e-03 
1516.000  2.4717619090e-01  6.0520615580e-03 
1517.000  2.4571235480e-01  6.0116920470e-03 
1518.000  2.5024102140e-01  6.1418051720e-03 
1519.000  2.4652737010e-01  6.0751333240e-03 
1520.000  2.4804396910e-01  6.1820755000e-03 
1521.000  2.4331923410e-01  6.1455788610e-03 
1522.000  2.4189517730e-01  6.1517782210e-03 
1523.000  2.4778262070e-01  6.3580279350e-03 
1524.000  2.4602407330e-01  6.3397607800e-03 
1525.000  2.4054140110e-01  6.2117762570e-03 
1526.000  2.4731695790e-01  6.3759765620e-03 
1527.000  2.4464423580e-01  6.3126492500e-03 
1528.000  2.4612781790e-01  6.3635239600e-03 
1529.000  2.4534901900e-01  6.3281350140e-03 
1530.000  2.2951636830e-01  5.9261050220e-03 
1531.000  2.4524192030e-01  6.3189883230e-03 
1532.000  2.4366874150e-01  6.2675218580e-03 
1533.000  2.4243765370e-01  6.2151432040e-03 
1534.000  2.3858510570e-01  6.0954556470e-03 
1535.000  2.3919926230e-01  6.0913796420e-03 
1536.000  2.4239796540e-01  6.2071046830e-03 
1537.000  2.4296067710e-01  6.2704076770e-03 
1538.000  2.3611564890e-01  6.1433811190e-03 
1539.000  2.4094375290e-01  6.3171038630e-03 
1540.000  2.3211505480e-01  6.1250958440e-03 
1541.000  2.3687753380e-01  6.2608585360e-03 
1542.000  2.3828628000e-01  6.2986984250e-03 
1543.000  2.3739979270e-01  6.2840099330e-03 
1544.000  2.4008488850e-01  6.3686275480e-03 
1545.000  2.4048670570e-01  6.4010019300e-03 
1546.000  2.4027984980e-01  6.4286737440e-03 
1547.000  2.3762763680e-01  6.3869709970e-03 
1548.000  2.3042218740e-01  6.2215957640e-03 
1549.000  2.3632796830e-01  6.4002637860e-03 
1550.000  2.3501582520e-01  6.3817234040e-03 
1551.000  2.3378552920e-01  6.3458423610e-03 
1552.000  2.3775943820e-01  6.4417214390e-03 
1553.000  2.3641809910e-01  6.3986773490e-03 
1554.000  2.2775573270e-01  6.1520500180e-03 
1555.000  2.3140848570e-01  6.2470788960e-03 
1556.000  2.2690309930e-01  6.1511979100e-03 
1557.000  2.3426843050e-01  6.4015846250e-03 
1558.000  2.3247410420e-01  6.3951983450e-03 
1559.000  2.3258517950e-01  6.4387497900e-03 
1560.000  2.2856876270e-01  6.3732428550e-03 
1561.000  2.3400683570e-01  6.5398836140e-03 
1562.000  2.3408196810e-01  6.5238828660e-03 
1563.000  2.3074205130e-01  6.4209208490e-03 
1564.000  2.2639884380e-01  6.2798023220e-03 
1565.000  2.3031254350e-01  6.3604888920e-03 
1566.000  2.2594841170e-01  6.2503705020e-03 
1567.000  2.2660103180e-01  6.2698917390e-03 
1568.000  2.2279139950e-01  6.1531281470e-03 
1569.000  2.2461980890e-01  6.1881327630e-03 
1570.000  2.1958209270e-01  6.0471596720e-03 
1571.000  2.2546583440e-01  6.2381935120e-03 
1572.000  2.2566841960e-01  6.2567591670e-03 
1573.000  2.2189184810e-01  6.1851248740e-03 
1574.000  2.2211349140e-01  6.2335548400e-03 
1575.000  2.0599283620e-01  5.8134903910e-03 
1576.000  2.2130456300e-01  6.2538533210e-03 
1577.000  1.9974223380e-01  5.6235489850e-03 
1578.000  2.1846010220e-01  6.1281390190e-03 
1579.000  2.1939399500e-01  6.1381278040e-03 
1580.000  2.2330009590e-01  6.2411842350e-03 
1581.000  2.2181940360e-01  6.1776733400e-03 
1582.000  2.1672152820e-01  6.0734467510e-03 
1583.000  2.1881071130e-01  6.1684737210e-03 
1584.000  2.1634821150e-01  6.1352634430e-03 
1585.000  2.2237244560e-01  6.3366208080e-03 
1586.000  2.1957936390e-01  6.2707448010e-03 
1587.000  2.1690375530e-01  6.2246680260e-03 
1588.000  2.1343420580e-01  6.1524710660e-03 
1589.000  1.9521990160e-01  5.6384143830e-03 
1590.000  2.1037317440e-01  6.0911908150e-03 
1591.000  2.0565973440e-01  5.9714341160e-03 
1592.000  2.1656793580e-01  6.2993268970e-03 
1593.000  2.2148583950e-01  6.4493584630e-03 
1594.000  2.1993141950e-01  6.4097285270e-03 
1595.000  2.2139620610e-01  6.4564948080e-03 
1596.000  2.0738956080e-01  6.0669226650e-03 
1597.000  2.1584798220e-01  6.3098940850e-03 
1598.000  2.1992110760e-01  6.4149990080e-03 
1599.000  2.1255885620e-01  6.1810421940e-03 
1600.000  2.1610115040e-01  6.2734270100e-03 
1601.000  2.0700406520e-01  6.0257129670e-03 
1602.000  2.1229754110e-01  6.2098050120e-03 
1603.000  2.1068721740e-01  6.2110085490e-03 
1604.000  2.1327457020e-01  6.3430662160e-03 
1605.000  2.1012129490e-01  6.2854280470e-03 
1606.000  2.0926577320e-01  6.2992143630e-03 
1607.000  2.1014539700e-01  6.2998590470e-03 
1608.000  2.1253976130e-01  6.3468599320e-03 
1609.000  2.1172271080e-01  6.3037300110e-03 
1610.000  1.9851135760e-01  5.8969874380e-03 
1611.000  2.0421828510e-01  6.0684247020e-03 
1612.000  2.0596458180e-01  6.1251416210e-03 
1613.000  2.1036066780e-01  6.2591891290e-03 
1614.000  2.0829612270e-01  6.1753840450e-03 
1615.000  2.1156055860e-01  6.2697486880e-03 
1616.000  1.9821869480e-01  5.8688044550e-03 
1617.000  2.0393174960e-01  6.0813045500e-03 
1618.000  2.1028584470e-01  6.2950067520e-03 
1619.000  2.0954154150e-01  6.3175344470e-03 
1620.000  2.0419098540e-01  6.1993875500e-03 
1621.000  2.0113001250e-01  6.1413598060e-03 
1622.000  2.0619253750e-01  6.3024711610e-03 
1623.000  2.1032101260e-01  6.4448270800e-03 
1624.000  2.1177447550e-01  6.5003304480e-03 
1625.000  2.0645612200e-01  6.3635697360e-03 
1626.000  2.0898776180e-01  6.4322509770e-03 
1627.000  2.0871807120e-01  6.4423437120e-03 
1628.000  2.1039531120e-01  6.5035500530e-03 
1629.000  2.1036474760e-01  6.5102896690e-03 
1630.000  2.0465350680e-01  6.3342213630e-03 
1631.000  2.0785428660e-01  6.4442524910e-03 
1632.000  2.0790683540e-01  6.3983774190e-03 
1633.000  2.0523110930e-01  6.2828464510e-03 
1634.000  2.0042864630e-01  6.1008777620e-03 
1635.000  2.0580231870e-01  6.2343544960e-03 
1636.000  2.0525765720e-01  6.1801800730e-03 
1637.000  1.9611930970e-01  5.8704538350e-03 
1638.000  1.9468633940e-01  5.8027849200e-03 
1639.000  1.9274633470e-01  5.7056207660e-03 
1640.000  1.9390250330e-01  5.7090921400e-03 
1641.000  1.9270257130e-01  5.6554408070e-03 
1642.000  1.9246221670e-01  5.7064414020e-03 
1643.000  1.9740878510e-01  5.9081802370e-03 
1644.000  1.9435390480e-01  5.8695030210e-03 
1645.000  1.9478698680e-01  5.9319162370e-03 
1646.000  1.9712797860e-01  6.0518579480e-03 
1647.000  1.9897875410e-01  6.1088585850e-03 
1648.000  1.9821045700e-01  6.0787549020e-03 
1649.000  1.9368214360e-01  5.9389567380e-03 
1650.000  1.9859018000e-01  6.0906043050e-03 
1651.000  1.9411550150e-01  5.9533014300e-03 
1652.000  1.9798986870e-01  6.0702867510e-03 
1653.000  1.9576660450e-01  6.0113258360e-03 
1654.000  1.9796297270e-01  6.0820341110e-03 
1655.000  1.9399532150e-01  5.9717702870e-03 
1656.000  1.9772206850e-01  6.0948324200e-03 
1657.000  1.9628836150e-01  6.0524020200e-03 
1658.000  1.9734855320e-01  6.0948987010e-03 
1659.000  1.9371360370e-01  5.9852981570e-03 
1660.000  1.9607782320e-01  6.0532197950e-03 
1661.000  1.9684648570e-01  6.0633912090e-03 
1662.000  1.9552431260e-01  5.9721636770e-03 
1663.000  1.9429374030e-01  5.8909306530e-03 
1664.000  1.9347086140e-01  5.8215737340e-03 
1665.000  1.9149605570e-01  5.7183790210e-03 
1666.000  1.9056369340e-01  5.6861777310e-03 
1667.000  1.9208643360e-01  5.7839279170e-03 
1668.000  1.8883196430e-01  5.7197790150e-03 
1669.000  1.8913430230e-01  5.7712693210e-03 
1670.000  1.9320662180e-01  5.9402880670e-03 
1671.000  1.9173101120e-01  5.9363951680e-03 
1672.000  1.8264994730e-01  5.7042422290e-03 
1673.000  1.8803102690e-01  5.9122972490e-03 
1674.000  1.8890461220e-01  5.9835596080e-03 
1675.000  1.8715365490e-01  5.9781265260e-03 
1676.000  1.8417276600e-01  5.8997745510e-03 
1677.000  1.8505840200e-01  5.9281897540e-03 
1678.000  1.8592647110e-01  5.9622907640e-03 
1679.000  1.8345436870e-01  5.8791346550e-03 
1680.000  1.7704530890e-01  5.6785206790e-03 
1681.000  1.7083900730e-01  5.4827141760e-03 
1682.000  1.7577270230e-01  5.6408505440e-03 
1683.000  1.8016605500e-01  5.7778353690e-03 
1684.000  1.8352722320e-01  5.8826055530e-03 
1685.000  1.8424626240e-01  5.8919172290e-03 
1686.000  1.8202349860e-01  5.8116760250e-03 
1687.000  1.8303929650e-01  5.8102946280e-03 
1688.000  1.8338138120e-01  5.7924470900e-03 
1689.000  1.8117138960e-01  5.7098336220e-03 
1690.000  1.8133476630e-01  5.6838526730e-03 
1691.000  1.8370788010e-01  5.7660899160e-03 
1692.000  1.8404195380e-01  5.7913880350e-03 
1693.000  1.8334196770e-01  5.7873630520e-03 
1694.000  1.8306454110e-01  5.7936472890e-03 
1695.000  1.8327417340e-01  5.8041462900e-03 
1696.000  1.8220226080e-01  5.7405133250e-03 
1697.000  1.8116132560e-01  5.6677989960e-03 
1698.000  1.8225470320e-01  5.6655783650e-03 
1699.000  1.8107718570e-01  5.5957250600e-03 
1700.000  1.7875602620e-01  5.4930720330e-03 
