 lambda   Irr_dw            Rad_up 
 550.000  1.5574089300e+00  7.6697303770e-02 
 551.000  1.5471006600e+00  7.6029319760e-02 
 552.000  1.6131164500e+00  7.9214332580e-02 
 553.000  1.5493681300e+00  7.5903160100e-02 
 554.000  1.5994298300e+00  7.8276306150e-02 
 555.000  1.6034014400e+00  7.8256134030e-02 
 556.000  1.5587314800e+00  7.5872810360e-02 
 557.000  1.5120932100e+00  7.3534919740e-02 
 558.000  1.5691464600e+00  7.6104515080e-02 
 559.000  1.4828523600e+00  7.1781883240e-02 
 560.000  1.4891040200e+00  7.2010261540e-02 
 561.000  1.6363707000e+00  7.8910362240e-02 
 562.000  1.5022216000e+00  7.2336059570e-02 
 563.000  1.5715682800e+00  7.5470146180e-02 
 564.000  1.5495111600e+00  7.4148994450e-02 
 565.000  1.5682794100e+00  7.4946563720e-02 
 566.000  1.4460028400e+00  6.8913177490e-02 
 567.000  1.5523977900e+00  7.3654029850e-02 
 568.000  1.5529686200e+00  7.3023803710e-02 
 569.000  1.5315357600e+00  7.0824195860e-02 
 570.000  1.5380624200e+00  7.1116096500e-02 
 571.000  1.4769917800e+00  6.8890739440e-02 
 572.000  1.5679530800e+00  7.2386032100e-02 
 573.000  1.5828129000e+00  7.3183387760e-02 
 574.000  1.5737215500e+00  7.2695098880e-02 
 575.000  1.5358347800e+00  7.0779464720e-02 
 576.000  1.5081719700e+00  6.9400627140e-02 
 577.000  1.5688996500e+00  7.2235832210e-02 
 578.000  1.5203632500e+00  7.0295295720e-02 
 579.000  1.5065133500e+00  6.9712295530e-02 
 580.000  1.5564173300e+00  7.2244903560e-02 
 581.000  1.5252371200e+00  7.0957862850e-02 
 582.000  1.5462140200e+00  7.1848815920e-02 
 583.000  1.5561195700e+00  7.2346687320e-02 
 584.000  1.5504406100e+00  7.1912612920e-02 
 585.000  1.5398025000e+00  7.1274612430e-02 
 586.000  1.4733088400e+00  6.8143798830e-02 
 587.000  1.5339946300e+00  7.0399520870e-02 
 588.000  1.5321200400e+00  6.8925422670e-02 
 589.000  1.3774346700e+00  6.0351188660e-02 
 590.000  1.4394214200e+00  6.2946922300e-02 
 591.000  1.5148233900e+00  6.7220489500e-02 
 592.000  1.4934061900e+00  6.5524612430e-02 
 593.000  1.4926452900e+00  6.6626777650e-02 
 594.000  1.5099480200e+00  6.7053398130e-02 
 595.000  1.4925696900e+00  6.5308914180e-02 
 596.000  1.5128140900e+00  6.7409133910e-02 
 597.000  1.5208699300e+00  6.7300621030e-02 
 598.000  1.4828786300e+00  6.6117065430e-02 
 599.000  1.4803823800e+00  6.6165214540e-02 
 600.000  1.4744651500e+00  6.6377914430e-02 
 601.000  1.4620117000e+00  6.6164657590e-02 
 602.000  1.4445119900e+00  6.5391998290e-02 
 603.000  1.4517461400e+00  6.5836708070e-02 
 604.000  1.4964542300e+00  6.8004249570e-02 
 605.000  1.4920113900e+00  6.7672546390e-02 
 606.000  1.4744860800e+00  6.6903656010e-02 
 607.000  1.4660039500e+00  6.6417968750e-02 
 608.000  1.4604939600e+00  6.6041419980e-02 
 609.000  1.4454067200e+00  6.5317062380e-02 
 610.000  1.4221510500e+00  6.4144966130e-02 
 611.000  1.4451498100e+00  6.5126312260e-02 
 612.000  1.4262822800e+00  6.4229476930e-02 
 613.000  1.4054029000e+00  6.3181655880e-02 
 614.000  1.3541626700e+00  6.0850307460e-02 
 615.000  1.4195547200e+00  6.3644485470e-02 
 616.000  1.3497321200e+00  6.0495571140e-02 
 617.000  1.3574168400e+00  6.0784564970e-02 
 618.000  1.4215629500e+00  6.3485420230e-02 
 619.000  1.4087159700e+00  6.2914226530e-02 
 620.000  1.4297386900e+00  6.3676418300e-02 
 621.000  1.4546245500e+00  6.4722373960e-02 
 622.000  1.3782174400e+00  6.1206958770e-02 
 623.000  1.3894422800e+00  6.1492416380e-02 
 624.000  1.3913778800e+00  6.1587810520e-02 
 625.000  1.3541153500e+00  5.9878692630e-02 
 626.000  1.3620439300e+00  5.9977649690e-02 
 627.000  1.3905270600e+00  6.0642673490e-02 
 628.000  1.3970398800e+00  5.9258308410e-02 
 629.000  1.4179749100e+00  6.0818180080e-02 
 630.000  1.3670736800e+00  5.9001708980e-02 
 631.000  1.4129067400e+00  6.1129619600e-02 
 632.000  1.3182647700e+00  5.6786437990e-02 
 633.000  1.4084731600e+00  6.1091892240e-02 
 634.000  1.3638472800e+00  5.9319164280e-02 
 635.000  1.3883612500e+00  6.0397293090e-02 
 636.000  1.3380838700e+00  5.8290382390e-02 
 637.000  1.3814138700e+00  6.0232849120e-02 
 638.000  1.4001561000e+00  6.1226196290e-02 
 639.000  1.3883001400e+00  6.0561634060e-02 
 640.000  1.3433092400e+00  5.8835136410e-02 
 641.000  1.3625564700e+00  5.9621791840e-02 
 642.000  1.3451862100e+00  5.8892314910e-02 
 643.000  1.3703867000e+00  5.9784549710e-02 
 644.000  1.3545866700e+00  5.8969974520e-02 
 645.000  1.3688173300e+00  5.9398956300e-02 
 646.000  1.3265771800e+00  5.6558895110e-02 
 647.000  1.3518518200e+00  5.6968276980e-02 
 648.000  1.3574215400e+00  5.6679504390e-02 
 649.000  1.3774308400e+00  5.7846599580e-02 
 650.000  1.2640545400e+00  5.4027492520e-02 
 651.000  1.3617320700e+00  5.8160823820e-02 
 652.000  1.3471550000e+00  5.6608428960e-02 
 653.000  1.3608192200e+00  5.8174354550e-02 
 654.000  1.3445726800e+00  5.7203235630e-02 
 655.000  1.3139325000e+00  5.5474662780e-02 
 656.000  1.1141895700e+00  4.7093868260e-02 
 657.000  1.1869286400e+00  5.0325038910e-02 
 658.000  1.3176930200e+00  5.6276130680e-02 
 659.000  1.3183419000e+00  5.6448368070e-02 
 660.000  1.3276309300e+00  5.6927589420e-02 
 661.000  1.3302320400e+00  5.7346954350e-02 
 662.000  1.3479204500e+00  5.8219928740e-02 
 663.000  1.3333345700e+00  5.7465587620e-02 
 664.000  1.3116371300e+00  5.6537654880e-02 
 665.000  1.3169787100e+00  5.6749435420e-02 
 666.000  1.3322636600e+00  5.7520736690e-02 
 667.000  1.3054166500e+00  5.6274982450e-02 
 668.000  1.3122763200e+00  5.6676521300e-02 
 669.000  1.3308988400e+00  5.7511486050e-02 
 670.000  1.3148470400e+00  5.6675422670e-02 
 671.000  1.3007548200e+00  5.6070251460e-02 
 672.000  1.2964458200e+00  5.5836536410e-02 
 673.000  1.3056583100e+00  5.6165981290e-02 
 674.000  1.3081213600e+00  5.6249885560e-02 
 675.000  1.2880731600e+00  5.5305797580e-02 
 676.000  1.3123304100e+00  5.6325469970e-02 
 677.000  1.2861587000e+00  5.5187690730e-02 
 678.000  1.3073663200e+00  5.6029331210e-02 
 679.000  1.2889305900e+00  5.5137683870e-02 
 680.000  1.2794776000e+00  5.4672527310e-02 
 681.000  1.2814583500e+00  5.4653770450e-02 
 682.000  1.2790073600e+00  5.4426902770e-02 
 683.000  1.2877055400e+00  5.4673477170e-02 
 684.000  1.2654689900e+00  5.3666648860e-02 
 685.000  1.2791566500e+00  5.4202560420e-02 
 686.000  1.2259077400e+00  5.1526554110e-02 
 687.000  1.2268107400e+00  4.7113964080e-02 
 688.000  1.2277330000e+00  4.8266883850e-02 
 689.000  1.2312690100e+00  4.8126678470e-02 
 690.000  1.2372261800e+00  4.8954917910e-02 
 691.000  1.2422102700e+00  4.9950916290e-02 
 692.000  1.2347492500e+00  5.0062732700e-02 
 693.000  1.2429257200e+00  4.9533359530e-02 
 694.000  1.2565854200e+00  4.9389793400e-02 
 695.000  1.2335753700e+00  4.8891494750e-02 
 696.000  1.2473888600e+00  4.9692218780e-02 
 697.000  1.2463231500e+00  5.1290306090e-02 
 698.000  1.2240204800e+00  4.9926204680e-02 
 699.000  1.2498818500e+00  4.9606880190e-02 
 700.000  1.2349218600e+00  4.9174453740e-02 
 701.000  1.2079854200e+00  4.7753749850e-02 
 702.000  1.2017638900e+00  4.7693195340e-02 
 703.000  1.2163813500e+00  4.9300411220e-02 
 704.000  1.2198909100e+00  4.9495491030e-02 
 705.000  1.2303749400e+00  4.9415328980e-02 
 706.000  1.2172303100e+00  4.8961208340e-02 
 707.000  1.1985808000e+00  4.8366127010e-02 
 708.000  1.2330655400e+00  4.9933124540e-02 
 709.000  1.1885750100e+00  4.8471042630e-02 
 710.000  1.2168371100e+00  4.9127708440e-02 
 711.000  1.2038294200e+00  4.8984790800e-02 
 712.000  1.1863847200e+00  4.8661464690e-02 
 713.000  1.1819836200e+00  4.8132442470e-02 
 714.000  1.2022967100e+00  4.8770092010e-02 
 715.000  1.1611681700e+00  4.6582790370e-02 
 716.000  1.1923088700e+00  4.7306053160e-02 
 717.000  1.1626037200e+00  4.3657154080e-02 
 718.000  1.1564442000e+00  4.1975662230e-02 
 719.000  1.1431273200e+00  4.0905395510e-02 
 720.000  1.1514627800e+00  4.0537879940e-02 
 721.000  1.1497959500e+00  4.3688148500e-02 
 722.000  1.1658129300e+00  4.5405200960e-02 
 723.000  1.1635182900e+00  4.4557106020e-02 
 724.000  1.1705781400e+00  4.2875957490e-02 
 725.000  1.1577951200e+00  4.2655025480e-02 
 726.000  1.1556694300e+00  4.2472332000e-02 
 727.000  1.1727660300e+00  4.3292568210e-02 
 728.000  1.1526137400e+00  4.2284873960e-02 
 729.000  1.1068001100e+00  4.1234100340e-02 
 730.000  1.1476911700e+00  4.2617931370e-02 
 731.000  1.1287704800e+00  4.1831169130e-02 
 732.000  1.1498825100e+00  4.3752716060e-02 
 733.000  1.1320228200e+00  4.4325778960e-02 
 734.000  1.1552406300e+00  4.5827816010e-02 
 735.000  1.1460271400e+00  4.5178871150e-02 
 736.000  1.1249809300e+00  4.3948699950e-02 
 737.000  1.1395788600e+00  4.4763706210e-02 
 738.000  1.1361195800e+00  4.5048904420e-02 
 739.000  1.0992252300e+00  4.3797065730e-02 
 740.000  1.1092047900e+00  4.4625850680e-02 
 741.000  1.1001364400e+00  4.4605022430e-02 
 742.000  1.0819364600e+00  4.3997722630e-02 
 743.000  1.1134097600e+00  4.5583461760e-02 
 744.000  1.1238421500e+00  4.6157630920e-02 
 745.000  1.0944866200e+00  4.5086723330e-02 
 746.000  1.1096259800e+00  4.5754932400e-02 
 747.000  1.1262502800e+00  4.6410575870e-02 
 748.000  1.1060015300e+00  4.5586898800e-02 
 749.000  1.1061960100e+00  4.5611824040e-02 
 750.000  1.0900394000e+00  4.4852745060e-02 
 751.000  1.0872313200e+00  4.4719875340e-02 
 752.000  1.1036955300e+00  4.5445961000e-02 
 753.000  1.0932462400e+00  4.5015811920e-02 
 754.000  1.1103601200e+00  4.5712833400e-02 
 755.000  1.1039865900e+00  4.5432312010e-02 
 756.000  1.0823692700e+00  4.4527935030e-02 
 757.000  1.0903654700e+00  4.4837879180e-02 
 758.000  1.0892223300e+00  4.4694213870e-02 
 759.000  1.0479554500e+00  4.0743659970e-02 
 760.000  8.2433630700e-01  2.2314128880e-02 
 761.000  7.9438149100e-01  2.0567213060e-02 
 762.000  9.2671191100e-01  3.0166362760e-02 
 763.000  9.1181760500e-01  2.7772588730e-02 
 764.000  9.3522021200e-01  2.9412302020e-02 
 765.000  9.8156250000e-01  3.3325321200e-02 
 766.000  9.7328032000e-01  3.5939533230e-02 
 767.000  1.0031932300e+00  3.8434513090e-02 
 768.000  1.0521591600e+00  4.1408798220e-02 
 769.000  1.0536353100e+00  4.2316059110e-02 
 770.000  1.0509578000e+00  4.2657470700e-02 
 771.000  1.0524189300e+00  4.2963005070e-02 
 772.000  1.0485255500e+00  4.2847911830e-02 
 773.000  1.0442038200e+00  4.2677127840e-02 
 774.000  1.0552218600e+00  4.3135681150e-02 
 775.000  1.0154735900e+00  4.1507854460e-02 
 776.000  1.0572188400e+00  4.3242553710e-02 
 777.000  1.0498949600e+00  4.2908535000e-02 
 778.000  1.0443430400e+00  4.2625038150e-02 
 779.000  1.0478181000e+00  4.2697212220e-02 
 780.000  1.0349320600e+00  4.2173187260e-02 
 781.000  1.0330683300e+00  4.2086925510e-02 
 782.000  1.0456105100e+00  4.2515438080e-02 
 783.000  1.0212521200e+00  4.1590541840e-02 
 784.000  1.0271631100e+00  4.1771121980e-02 
 785.000  1.0305404600e+00  4.1687316890e-02 
 786.000  1.0136656000e+00  4.0836704250e-02 
 787.000  1.0305617400e+00  4.1022338870e-02 
 788.000  1.0160814000e+00  4.0262081150e-02 
 789.000  1.0252216200e+00  3.9965255740e-02 
 790.000  1.0151681200e+00  3.9473850250e-02 
 791.000  1.0094254500e+00  3.9365455630e-02 
 792.000  9.9295788000e-01  3.8764003750e-02 
 793.000  9.9083877000e-01  3.8904510500e-02 
 794.000  9.7812393000e-01  3.8981422420e-02 
 795.000  9.7441375100e-01  3.8364151000e-02 
 796.000  9.9514427600e-01  3.8431362150e-02 
 797.000  1.0002832300e+00  3.8862632750e-02 
 798.000  9.9825370300e-01  3.9282516480e-02 
 799.000  9.9807073900e-01  3.9091087340e-02 
 800.000  9.7389518800e-01  3.7741737370e-02 
 801.000  9.9192324200e-01  3.8470119480e-02 
 802.000  9.9015174200e-01  3.8313030240e-02 
 803.000  9.7583257600e-01  3.7817127230e-02 
 804.000  9.8382424800e-01  3.8337642670e-02 
 805.000  9.5534736900e-01  3.7583839420e-02 
 806.000  9.8028988300e-01  3.8732509610e-02 
 807.000  9.7422511100e-01  3.8522125240e-02 
 808.000  9.6907331200e-01  3.8137821200e-02 
 809.000  9.5326981100e-01  3.7333835600e-02 
 810.000  9.4962359100e-01  3.6987712860e-02 
 811.000  9.6605010000e-01  3.7295856480e-02 
 812.000  9.6429059900e-01  3.6864532470e-02 
 813.000  9.6176017600e-01  3.6256515500e-02 
 814.000  9.6239248800e-01  3.5793621060e-02 
 815.000  9.5417106900e-01  3.4894073490e-02 
 816.000  9.4808369500e-01  3.3958099370e-02 
 817.000  9.5367772400e-01  3.4171157840e-02 
 818.000  9.4766321100e-01  3.3934509280e-02 
 819.000  9.2150554800e-01  3.3274097440e-02 
 820.000  9.0185440300e-01  3.3314075470e-02 
 821.000  9.2966788000e-01  3.5258617400e-02 
 822.000  9.0504000300e-01  3.3529354100e-02 
 823.000  9.2126642700e-01  3.2373271940e-02 
 824.000  9.3185748900e-01  3.4250461580e-02 
 825.000  9.2793616700e-01  3.5347843170e-02 
 826.000  9.3424229800e-01  3.5323280330e-02 
 827.000  9.3158746800e-01  3.5042171480e-02 
 828.000  9.3146097000e-01  3.4282062530e-02 
 829.000  9.3038684000e-01  3.4464714050e-02 
 830.000  9.1490687400e-01  3.4183063510e-02 
 831.000  8.9867223200e-01  3.3630195620e-02 
 832.000  9.1697509800e-01  3.4316349030e-02 
 833.000  8.8800534400e-01  3.3481922150e-02 
 834.000  9.0049264300e-01  3.4169525150e-02 
 835.000  9.0043395200e-01  3.4489479060e-02 
 836.000  9.1156877400e-01  3.4892749790e-02 
 837.000  9.0412568700e-01  3.4553050990e-02 
 838.000  9.0635167300e-01  3.4878017430e-02 
 839.000  8.7740703500e-01  3.3868045810e-02 
 840.000  9.0063948700e-01  3.4757457730e-02 
 841.000  9.0395588000e-01  3.4713382720e-02 
 842.000  8.9746980300e-01  3.4569179530e-02 
 843.000  8.8922911500e-01  3.4678520200e-02 
 844.000  8.7352930700e-01  3.4238437650e-02 
 845.000  8.8630977100e-01  3.4814693450e-02 
 846.000  8.9366559700e-01  3.5241947170e-02 
 847.000  8.6226351000e-01  3.4152954100e-02 
 848.000  8.8877156000e-01  3.4996929170e-02 
 849.000  8.9028772000e-01  3.5150138850e-02 
 850.000  7.7023924600e-01  3.0267805100e-02 
 851.000  8.8312466800e-01  3.4562023160e-02 
 852.000  8.4959310500e-01  3.3307838440e-02 
 853.000  8.5829383600e-01  3.3714256290e-02 
 854.000  6.9010006500e-01  2.7129844670e-02 
 855.000  7.5913913900e-01  2.9948072430e-02 
 856.000  8.6007984000e-01  3.3992633820e-02 
 857.000  8.7319201800e-01  3.4658592220e-02 
 858.000  8.5889732000e-01  3.4096347810e-02 
 859.000  8.5802390100e-01  3.4127708440e-02 
 860.000  8.4997428000e-01  3.3891960140e-02 
 861.000  8.4982151200e-01  3.3869842530e-02 
 862.000  8.4681135800e-01  3.3703430180e-02 
 863.000  8.6299132600e-01  3.4433788300e-02 
 864.000  8.6111575100e-01  3.4237415310e-02 
 865.000  8.4495749300e-01  3.3711280820e-02 
 866.000  7.0873499700e-01  2.8314661030e-02 
 867.000  7.5477189000e-01  2.9974288940e-02 
 868.000  8.1858863700e-01  3.2583946230e-02 
 869.000  8.0708055900e-01  3.2117614750e-02 
 870.000  8.4042666400e-01  3.3543136600e-02 
 871.000  8.3922398100e-01  3.3430263520e-02 
 872.000  8.3575740100e-01  3.3094177250e-02 
 873.000  8.3924289800e-01  3.3332935330e-02 
 874.000  8.2092765400e-01  3.2527420040e-02 
 875.000  8.1341414300e-01  3.2349864960e-02 
 876.000  8.2038014100e-01  3.2543460850e-02 
 877.000  8.3685070600e-01  3.3059047700e-02 
 878.000  8.2307635400e-01  3.2556037900e-02 
 879.000  8.2503415800e-01  3.2676094060e-02 
 880.000  8.2077869300e-01  3.2326297760e-02 
 881.000  7.7839200400e-01  3.0681232450e-02 
 882.000  8.2166957500e-01  3.2204669950e-02 
 883.000  8.0267877200e-01  3.1619712830e-02 
 884.000  8.0941054100e-01  3.2063617710e-02 
 885.000  8.1876239100e-01  3.1999599460e-02 
 886.000  7.9325410100e-01  3.1001399990e-02 
 887.000  7.8417461600e-01  3.0641418460e-02 
 888.000  8.0773855200e-01  3.1394374850e-02 
 889.000  8.1285882900e-01  3.1840530400e-02 
 890.000  8.1102682500e-01  3.1671005250e-02 
 891.000  8.0798727300e-01  3.1318529130e-02 
 892.000  8.0734180500e-01  3.1030141830e-02 
 893.000  7.8173982400e-01  2.9188964840e-02 
 894.000  8.1016869100e-01  2.9965671540e-02 
 895.000  7.7516653300e-01  2.7975154880e-02 
 896.000  8.0593869800e-01  2.8232414250e-02 
 897.000  7.8737709200e-01  2.7029296880e-02 
 898.000  7.8873027800e-01  2.6686269760e-02 
 899.000  7.8801904900e-01  2.5750465390e-02 
 900.000  7.6833968900e-01  2.5127773280e-02 
 901.000  7.5187827300e-01  2.4402566910e-02 
 902.000  7.3803854300e-01  2.3992576600e-02 
 903.000  7.7414592800e-01  2.6506000520e-02 
 904.000  7.8852356900e-01  2.7843503950e-02 
 905.000  7.8642762000e-01  2.7972625730e-02 
 906.000  7.6560481200e-01  2.6695297240e-02 
 907.000  7.7857090000e-01  2.6128395080e-02 
 908.000  7.5952592900e-01  2.4818336490e-02 
 909.000  7.4462394100e-01  2.4335884090e-02 
 910.000  7.5343172200e-01  2.4703887940e-02 
 911.000  7.5143314000e-01  2.5175037380e-02 
 912.000  7.5305907900e-01  2.4832553860e-02 
 913.000  7.7068446000e-01  2.4624870300e-02 
 914.000  7.6572479800e-01  2.4819410320e-02 
 915.000  7.5308450100e-01  2.4894767760e-02 
 916.000  7.6144259400e-01  2.5197244640e-02 
 917.000  7.4952311500e-01  2.4960193630e-02 
 918.000  7.4571854800e-01  2.5065816880e-02 
 919.000  7.5555263400e-01  2.6517135620e-02 
 920.000  7.4834105400e-01  2.6652631760e-02 
 921.000  7.3196342500e-01  2.5915727620e-02 
 922.000  7.2541764900e-01  2.5756204610e-02 
 923.000  6.9500648200e-01  2.4208980560e-02 
 924.000  7.2440461600e-01  2.5086763380e-02 
 925.000  7.3402027400e-01  2.5317178730e-02 
 926.000  7.0781482900e-01  2.4264049530e-02 
 927.000  7.3418028900e-01  2.4902818680e-02 
 928.000  7.3869806200e-01  2.4202653880e-02 
 929.000  7.2837881300e-01  2.2798027040e-02 
 930.000  7.2654481300e-01  2.1602306370e-02 
 931.000  7.2624237600e-01  2.0684705730e-02 
 932.000  7.1912439900e-01  1.9482086180e-02 
 933.000  7.2107965600e-01  1.8916692730e-02 
 934.000  7.1476156000e-01  1.8196796420e-02 
 935.000  7.0416920800e-01  1.7872049330e-02 
 936.000  6.9910186400e-01  1.7941749570e-02 
 937.000  7.1470460600e-01  1.8289999010e-02 
 938.000  7.0720925500e-01  1.8727293010e-02 
 939.000  7.1349018800e-01  2.0903820040e-02 
 940.000  7.0984763200e-01  2.1190475460e-02 
 941.000  6.9370871600e-01  2.0390975950e-02 
 942.000  6.6715878700e-01  1.8936075210e-02 
 943.000  7.0294304500e-01  1.8939529420e-02 
 944.000  6.8362085100e-01  1.8346992490e-02 
 945.000  6.9017128500e-01  1.8847993850e-02 
 946.000  6.9952942700e-01  1.9125246050e-02 
 947.000  6.9530174700e-01  1.9333711620e-02 
 948.000  6.9950413700e-01  1.9647907260e-02 
 949.000  7.0171941900e-01  1.9690561290e-02 
 950.000  6.9709362000e-01  1.9611995700e-02 
 951.000  6.9295806200e-01  1.9960731510e-02 
 952.000  6.9287967100e-01  1.9473253250e-02 
 953.000  6.9096905500e-01  1.9770305630e-02 
 954.000  6.8429579200e-01  1.9987009050e-02 
 955.000  6.3916688600e-01  1.8377683640e-02 
 956.000  6.8184120200e-01  1.9555221560e-02 
 957.000  6.8149074700e-01  2.0661499020e-02 
 958.000  6.8674441900e-01  2.1006246570e-02 
 959.000  6.8939656100e-01  2.0882680890e-02 
 960.000  6.8288240600e-01  2.0632387160e-02 
 961.000  6.7555657700e-01  2.0309112550e-02 
 962.000  6.7891791700e-01  2.0502918240e-02 
 963.000  6.7751597700e-01  2.1203849790e-02 
 964.000  6.6976422700e-01  2.1076610570e-02 
 965.000  6.7795022300e-01  2.1255844120e-02 
 966.000  6.5837842700e-01  2.0686841960e-02 
 967.000  6.7795881700e-01  2.1923910140e-02 
 968.000  6.7048708100e-01  2.2716007230e-02 
 969.000  6.7458103000e-01  2.3307394030e-02 
 970.000  6.7641485800e-01  2.3391176220e-02 
 971.000  6.7042657200e-01  2.3163658140e-02 
 972.000  6.7517298600e-01  2.3181257250e-02 
 973.000  6.6893341400e-01  2.2661113740e-02 
 974.000  6.5867808300e-01  2.1949983600e-02 
 975.000  6.6197108200e-01  2.1814470290e-02 
 976.000  6.6998292900e-01  2.2356464390e-02 
 977.000  6.5299726300e-01  2.2228199010e-02 
 978.000  6.6914757000e-01  2.2738348010e-02 
 979.000  6.4970282100e-01  2.2191614150e-02 
 980.000  6.5887360700e-01  2.2977594380e-02 
 981.000  6.6335564100e-01  2.3251543050e-02 
 982.000  6.6192308700e-01  2.3086202620e-02 
 983.000  6.6013076200e-01  2.3295948030e-02 
 984.000  6.5570979500e-01  2.3446533200e-02 
 985.000  6.5539638800e-01  2.3625116350e-02 
 986.000  6.5004946700e-01  2.3702392580e-02 
 987.000  6.5743879800e-01  2.4097030640e-02 
 988.000  6.4933256700e-01  2.3823570250e-02 
 989.000  6.4108705200e-01  2.3532136920e-02 
 990.000  6.4655030000e-01  2.3757059100e-02 
 991.000  6.5179262100e-01  2.4040546420e-02 
 992.000  6.4576131200e-01  2.3821603780e-02 
 993.000  6.4571528500e-01  2.3800796510e-02 
 994.000  6.4894872000e-01  2.3990468980e-02 
 995.000  6.4413087000e-01  2.3874265670e-02 
 996.000  6.4401147600e-01  2.3835819240e-02 
 997.000  6.4473610200e-01  2.3768903730e-02 
 998.000  6.4237410000e-01  2.3600149150e-02 
 999.000  6.4080277800e-01  2.3487482070e-02 
1000.000  6.3568495600e-01  2.3285026550e-02 
1001.000  6.3932795700e-01  2.3291408540e-02 
1002.000  6.3869410100e-01  2.3079919820e-02 
1003.000  6.3116467200e-01  2.2841836930e-02 
1004.000  6.2573385800e-01  2.2739341740e-02 
1005.000  5.8458459400e-01  2.1281776430e-02 
1006.000  6.1506609900e-01  2.2400993350e-02 
1007.000  6.2633462300e-01  2.2768821720e-02 
1008.000  6.2922233300e-01  2.2723976140e-02 
1009.000  6.2571514800e-01  2.2415426250e-02 
1010.000  6.2790896400e-01  2.2564250950e-02 
1011.000  6.2419095800e-01  2.2619472500e-02 
1012.000  6.2422823000e-01  2.2694883350e-02 
1013.000  6.1961303400e-01  2.2586286540e-02 
1014.000  6.2351689400e-01  2.2785104750e-02 
1015.000  6.1199574800e-01  2.2401538850e-02 
1016.000  6.1585924900e-01  2.2605937960e-02 
1017.000  6.0972666000e-01  2.2415824890e-02 
1018.000  6.1779202700e-01  2.2720645900e-02 
1019.000  6.0391594100e-01  2.2165727620e-02 
1020.000  6.0256931300e-01  2.2106452940e-02 
1021.000  6.0838788500e-01  2.2304298400e-02 
1022.000  5.9955411800e-01  2.1820371630e-02 
1023.000  6.1132342200e-01  2.2106222150e-02 
1024.000  6.0837828700e-01  2.1889377590e-02 
1025.000  6.0765748100e-01  2.1921546940e-02 
1026.000  6.0812200700e-01  2.1978441240e-02 
1027.000  6.0455950500e-01  2.1865379330e-02 
1028.000  6.0589237700e-01  2.1976778030e-02 
1029.000  5.9643228700e-01  2.1725408550e-02 
1030.000  6.0218235000e-01  2.2041683200e-02 
1031.000  6.0015823000e-01  2.2044212340e-02 
1032.000  5.9793792200e-01  2.2014179230e-02 
1033.000  5.8690069800e-01  2.1587602620e-02 
1034.000  5.9304706500e-01  2.1804771420e-02 
1035.000  5.8665779100e-01  2.1568534850e-02 
1036.000  5.9435049300e-01  2.1802751540e-02 
1037.000  5.8182387500e-01  2.1319801330e-02 
1038.000  5.8754185700e-01  2.1506105420e-02 
1039.000  5.9005628300e-01  2.1563705440e-02 
1040.000  5.8316174700e-01  2.1280019760e-02 
1041.000  5.8629584900e-01  2.1365829470e-02 
1042.000  5.8806283100e-01  2.1405639650e-02 
1043.000  5.7792718900e-01  2.1014261250e-02 
1044.000  5.8374633200e-01  2.1198667530e-02 
1045.000  5.8141199300e-01  2.1142919540e-02 
1046.000  5.6461307700e-01  2.0571956630e-02 
1047.000  5.7512697700e-01  2.0993955610e-02 
1048.000  5.8101850000e-01  2.1249528880e-02 
1049.000  5.7745169900e-01  2.1161790850e-02 
1050.000  5.7418734600e-01  2.1078374860e-02 
1051.000  5.7451587300e-01  2.1054658890e-02 
1052.000  5.7201255800e-01  2.0922498700e-02 
1053.000  5.7229383300e-01  2.0897090910e-02 
1054.000  5.6669532500e-01  2.0652248380e-02 
1055.000  5.7114283300e-01  2.0765113830e-02 
1056.000  5.6986053800e-01  2.0675594330e-02 
1057.000  5.6943907200e-01  2.0610692980e-02 
1058.000  5.6448006600e-01  2.0356103900e-02 
1059.000  5.4667232000e-01  1.9736263280e-02 
1060.000  5.6587274600e-01  2.0493576050e-02 
1061.000  5.4616435800e-01  1.9784132000e-02 
1062.000  5.6193346700e-01  2.0315219880e-02 
1063.000  5.5266565500e-01  1.9950895310e-02 
1064.000  5.6009330600e-01  2.0129310610e-02 
1065.000  5.6000434600e-01  2.0025697710e-02 
1066.000  5.4279680400e-01  1.9372253420e-02 
1067.000  5.5598135900e-01  1.9786792760e-02 
1068.000  5.5463982400e-01  1.9601255420e-02 
1069.000  5.1327074400e-01  1.8080650330e-02 
1070.000  5.4359110200e-01  1.9190547940e-02 
1071.000  5.4500033400e-01  1.9220237730e-02 
1072.000  5.4736291700e-01  1.9285060880e-02 
1073.000  5.2945148600e-01  1.8677703860e-02 
1074.000  5.4793104400e-01  1.9373220440e-02 
1075.000  5.3018099700e-01  1.8850908280e-02 
1076.000  5.4231828700e-01  1.9247644420e-02 
1077.000  5.4173316700e-01  1.9177015300e-02 
1078.000  5.4385906300e-01  1.9194549560e-02 
1079.000  5.2302313100e-01  1.8464338300e-02 
1080.000  5.4043044400e-01  1.8913322450e-02 
1081.000  5.2064659900e-01  1.8204971310e-02 
1082.000  5.2648352300e-01  1.8439622880e-02 
1083.000  5.1320200300e-01  1.7843687060e-02 
1084.000  5.3382903700e-01  1.8424112320e-02 
1085.000  5.2922009200e-01  1.8021924970e-02 
1086.000  5.3556908600e-01  1.8240550990e-02 
1087.000  5.0027811100e-01  1.7224737170e-02 
1088.000  5.3049720300e-01  1.8319942470e-02 
1089.000  5.1327457600e-01  1.7498285290e-02 
1090.000  5.2500939700e-01  1.7889953610e-02 
1091.000  5.2781365900e-01  1.8079528810e-02 
1092.000  5.1705190700e-01  1.7630266190e-02 
1093.000  5.1391993200e-01  1.7293928150e-02 
1094.000  4.6890134800e-01  1.5648762700e-02 
1095.000  5.0731612900e-01  1.6911792760e-02 
1096.000  5.0805015200e-01  1.6919839860e-02 
1097.000  4.9884473100e-01  1.6520404820e-02 
1098.000  4.9789317000e-01  1.5878836630e-02 
1099.000  5.0238265100e-01  1.5475217820e-02 
1100.000  5.1079600300e-01  1.5768887520e-02 
1101.000  5.0921426800e-01  1.5788395880e-02 
1102.000  4.8829289200e-01  1.5100094800e-02 
1103.000  5.0733351100e-01  1.5729169850e-02 
1104.000  5.0408798800e-01  1.5536437990e-02 
1105.000  5.0444803100e-01  1.5331468580e-02 
1106.000  5.0133761900e-01  1.5038431170e-02 
1107.000  5.0043874100e-01  1.5047858240e-02 
1108.000  4.9859897600e-01  1.5011576650e-02 
1109.000  4.9991485800e-01  1.5198688510e-02 
1110.000  5.0248011400e-01  1.5226524350e-02 
1111.000  4.9644321000e-01  1.4937133790e-02 
1112.000  4.9202876300e-01  1.4411905290e-02 
1113.000  4.9030299300e-01  1.3888320920e-02 
1114.000  4.9561185500e-01  1.3890207290e-02 
1115.000  4.9061934100e-01  1.3285313610e-02 
1116.000  4.8441068500e-01  1.2870481490e-02 
1117.000  4.9015455700e-01  1.2522210120e-02 
1118.000  4.8501898600e-01  1.1983938220e-02 
1119.000  4.7145175900e-01  1.1466944690e-02 
1120.000  4.7240233500e-01  1.1284956930e-02 
1121.000  4.7540708800e-01  1.1313702580e-02 
1122.000  4.7320076800e-01  1.1059706690e-02 
1123.000  4.7542431300e-01  1.1226531980e-02 
1124.000  4.7634142700e-01  1.1324671750e-02 
1125.000  4.6641625900e-01  1.1050117490e-02 
1126.000  4.5749407700e-01  1.0822952270e-02 
1127.000  4.7298186600e-01  1.1204118730e-02 
1128.000  4.6433493900e-01  1.1028697010e-02 
1129.000  4.6723407600e-01  1.1299867630e-02 
1130.000  4.6815369900e-01  1.1852690700e-02 
1131.000  4.7328570300e-01  1.2146908760e-02 
1132.000  4.7428432100e-01  1.1944204330e-02 
1133.000  4.6203052700e-01  1.1255002980e-02 
1134.000  4.5662733200e-01  1.0516344070e-02 
1135.000  4.6260982200e-01  1.0697289470e-02 
1136.000  4.6453250200e-01  1.1364389420e-02 
1137.000  4.7133436200e-01  1.1928009030e-02 
1138.000  4.5527173300e-01  1.1934196470e-02 
1139.000  4.6548945000e-01  1.2362336160e-02 
1140.000  4.6671586800e-01  1.2306941030e-02 
1141.000  4.5322309400e-01  1.1789926530e-02 
1142.000  4.6548970400e-01  1.2045972820e-02 
1143.000  4.5710878500e-01  1.1643645290e-02 
1144.000  4.5383215300e-01  1.1362908360e-02 
1145.000  4.5645024300e-01  1.1162470820e-02 
1146.000  4.6112660000e-01  1.1334314350e-02 
1147.000  4.6346688500e-01  1.1605529790e-02 
1148.000  4.5905953300e-01  1.1694533350e-02 
1149.000  4.6053380300e-01  1.1815926550e-02 
1150.000  4.5857907100e-01  1.1779949190e-02 
1151.000  4.5723306800e-01  1.1886307720e-02 
1152.000  4.5637925200e-01  1.1935282710e-02 
1153.000  4.5558285800e-01  1.2019487380e-02 
1154.000  4.5906059300e-01  1.2094762800e-02 
1155.000  4.6064115100e-01  1.2354007720e-02 
1156.000  4.5439784600e-01  1.2433308600e-02 
1157.000  4.5865875600e-01  1.3125363350e-02 
1158.000  4.5873155300e-01  1.3436957360e-02 
1159.000  4.5224509900e-01  1.3547175410e-02 
1160.000  4.4649982300e-01  1.3513167380e-02 
1161.000  4.3687058700e-01  1.3544975280e-02 
1162.000  4.5268596900e-01  1.4308485980e-02 
1163.000  4.5456504600e-01  1.4686235430e-02 
1164.000  4.4533302500e-01  1.4452324870e-02 
1165.000  4.5392783500e-01  1.4784080510e-02 
1166.000  4.4215287400e-01  1.4481361390e-02 
1167.000  4.4932466200e-01  1.4767815590e-02 
1168.000  4.5325167100e-01  1.4884207730e-02 
1169.000  4.3757852200e-01  1.4418923380e-02 
1170.000  4.4934583800e-01  1.4850461960e-02 
1171.000  4.5142483500e-01  1.5019519810e-02 
1172.000  4.5001138900e-01  1.4912003520e-02 
1173.000  4.4687727000e-01  1.4751476290e-02 
1174.000  4.4710332800e-01  1.4760602000e-02 
1175.000  4.4186928200e-01  1.4737957950e-02 
1176.000  4.3120215300e-01  1.4519583700e-02 
1177.000  4.4451542000e-01  1.4895545010e-02 
1178.000  4.3700633100e-01  1.4504808430e-02 
1179.000  4.3504746700e-01  1.4437626840e-02 
1180.000  4.4115412600e-01  1.4587291720e-02 
1181.000  4.3889990300e-01  1.4386604310e-02 
1182.000  4.3945549200e-01  1.4275287630e-02 
1183.000  4.1393982100e-01  1.3454722400e-02 
1184.000  4.3259624000e-01  1.4125417710e-02 
1185.000  4.3832054900e-01  1.4481094360e-02 
1186.000  4.3571038700e-01  1.4336486820e-02 
1187.000  4.3586605500e-01  1.4158769610e-02 
1188.000  4.3362836200e-01  1.4028800010e-02 
1189.000  4.0826040400e-01  1.3286427500e-02 
1190.000  4.2833622600e-01  1.4180962560e-02 
1191.000  4.3501622400e-01  1.4449655530e-02 
1192.000  4.3264741500e-01  1.4457095150e-02 
1193.000  4.3281426900e-01  1.4398274420e-02 
1194.000  4.3199917200e-01  1.4344785690e-02 
1195.000  4.2715670400e-01  1.4069581990e-02 
1196.000  4.2688679000e-01  1.4076141360e-02 
1197.000  4.2677450400e-01  1.4016819950e-02 
1198.000  4.1243964800e-01  1.3533429150e-02 
1199.000  3.9711294600e-01  1.2966589930e-02 
1200.000  4.2214618500e-01  1.3818962100e-02 
1201.000  4.2517454300e-01  1.3935132030e-02 
1202.000  4.2598987100e-01  1.3981521610e-02 
1203.000  4.0519909500e-01  1.3270588870e-02 
1204.000  4.1191355900e-01  1.3520903590e-02 
1205.000  4.2146872900e-01  1.4032237050e-02 
1206.000  4.1890441100e-01  1.4039557460e-02 
1207.000  4.2171741900e-01  1.4172471050e-02 
1208.000  4.1557848000e-01  1.3935997010e-02 
1209.000  3.8961398300e-01  1.3018008230e-02 
1210.000  4.1689723000e-01  1.3849579810e-02 
1211.000  4.0297079300e-01  1.3377786640e-02 
1212.000  4.1558727000e-01  1.3825698850e-02 
1213.000  4.1712361700e-01  1.3965433120e-02 
1214.000  4.1533841700e-01  1.3903038020e-02 
1215.000  4.1676482100e-01  1.3990029340e-02 
1216.000  4.1553247300e-01  1.4086949350e-02 
1217.000  4.1466830900e-01  1.4171652790e-02 
1218.000  4.1321700100e-01  1.4168345450e-02 
1219.000  4.0934974900e-01  1.4058517460e-02 
1220.000  4.1210110000e-01  1.4141962050e-02 
1221.000  4.1124785500e-01  1.4113681790e-02 
1222.000  4.0896980000e-01  1.4028168680e-02 
1223.000  4.0696775200e-01  1.3982894900e-02 
1224.000  4.0990957400e-01  1.4174913410e-02 
1225.000  4.0758523500e-01  1.4123257640e-02 
1226.000  4.0891391900e-01  1.4206892970e-02 
1227.000  3.9488228700e-01  1.3773874280e-02 
1228.000  4.0698276900e-01  1.4263159750e-02 
1229.000  4.0630732300e-01  1.4286251070e-02 
1230.000  4.0467763600e-01  1.4284138680e-02 
1231.000  4.0454458400e-01  1.4312414170e-02 
1232.000  3.9994452400e-01  1.4163299560e-02 
1233.000  4.0306501300e-01  1.4282621380e-02 
1234.000  4.0159792600e-01  1.4304696080e-02 
1235.000  3.9872392300e-01  1.4225139620e-02 
1236.000  4.0098374000e-01  1.4312411310e-02 
1237.000  4.0087785400e-01  1.4333252910e-02 
1238.000  4.0059333100e-01  1.4329637530e-02 
1239.000  3.9600896200e-01  1.4167231560e-02 
1240.000  3.9423125800e-01  1.4138028140e-02 
1241.000  3.9783962900e-01  1.4295349120e-02 
1242.000  3.9562036900e-01  1.4240684510e-02 
1243.000  3.9128942200e-01  1.4111011510e-02 
1244.000  3.8794010300e-01  1.4004708290e-02 
1245.000  3.9472048300e-01  1.4260078430e-02 
1246.000  3.9178616800e-01  1.4108872410e-02 
1247.000  3.8999835900e-01  1.3998238560e-02 
1248.000  3.9316646100e-01  1.4063143730e-02 
1249.000  3.9183524900e-01  1.3978281020e-02 
1250.000  3.9044048900e-01  1.3882965090e-02 
1251.000  3.8790855000e-01  1.3758481030e-02 
1252.000  3.8691119800e-01  1.3684329990e-02 
1253.000  3.8388670500e-01  1.3536821370e-02 
1254.000  3.8521312200e-01  1.3512351040e-02 
1255.000  3.8480145900e-01  1.3447770120e-02 
1256.000  3.8420694100e-01  1.3384163860e-02 
1257.000  3.8009154300e-01  1.3158596040e-02 
1258.000  3.8208345800e-01  1.3085265160e-02 
1259.000  3.7818636200e-01  1.2833174710e-02 
1260.000  3.7900193400e-01  1.2737021450e-02 
1261.000  3.7855449400e-01  1.2594634060e-02 
1262.000  3.7045296100e-01  1.2163274770e-02 
1263.000  3.7494574500e-01  1.2285160060e-02 
1264.000  3.6910781940e-01  1.2085152630e-02 
1265.000  3.6978019540e-01  1.2114973070e-02 
1266.000  3.7216786570e-01  1.2161577220e-02 
1267.000  3.6519766040e-01  1.1899517060e-02 
1268.000  3.6160047500e-01  1.1736986160e-02 
1269.000  3.6498505480e-01  1.1825743680e-02 
1270.000  3.6899750570e-01  1.2097240450e-02 
1271.000  3.7104696560e-01  1.2233752250e-02 
1272.000  3.6994958790e-01  1.2263555530e-02 
1273.000  3.6963161240e-01  1.2321626660e-02 
1274.000  3.6742439490e-01  1.2321730610e-02 
1275.000  3.6958710230e-01  1.2423730850e-02 
1276.000  3.7018098180e-01  1.2455032350e-02 
1277.000  3.6990431270e-01  1.2444206240e-02 
1278.000  3.6884427510e-01  1.2404251100e-02 
1279.000  3.6637542650e-01  1.2343166350e-02 
1280.000  3.6421151680e-01  1.2356805800e-02 
1281.000  3.5382396270e-01  1.2086814880e-02 
1282.000  3.1420289020e-01  1.0805901530e-02 
1283.000  3.4483226260e-01  1.1916528700e-02 
1284.000  3.5906120560e-01  1.2444310190e-02 
1285.000  3.6169544040e-01  1.2554575920e-02 
1286.000  3.6157608670e-01  1.2518838880e-02 
1287.000  3.6378702470e-01  1.2540490150e-02 
1288.000  3.6150642300e-01  1.2286710740e-02 
1289.000  3.6366161760e-01  1.2308387760e-02 
1290.000  3.5532881220e-01  1.2010417940e-02 
1291.000  3.6019314250e-01  1.2163051610e-02 
1292.000  3.6169594570e-01  1.2239863400e-02 
1293.000  3.6201910490e-01  1.2219963070e-02 
1294.000  3.5627335710e-01  1.1919455530e-02 
1295.000  3.6010868870e-01  1.1913435940e-02 
1296.000  3.6037352000e-01  1.1820375440e-02 
1297.000  3.5815170890e-01  1.1687061310e-02 
1298.000  3.5495104590e-01  1.1588166240e-02 
1299.000  3.5851486080e-01  1.1707964900e-02 
1300.000  3.5707562400e-01  1.1664848330e-02 
1301.000  3.5650775930e-01  1.1624589920e-02 
1302.000  3.5193255940e-01  1.1393351550e-02 
1303.000  3.5004160750e-01  1.1158698080e-02 
1304.000  3.5027120020e-01  1.1076617240e-02 
1305.000  3.5242667820e-01  1.1095303540e-02 
1306.000  3.5276398500e-01  1.1052056310e-02 
1307.000  3.5172172100e-01  1.0979450230e-02 
1308.000  3.5142140420e-01  1.0880465510e-02 
1309.000  3.5110882020e-01  1.0746219640e-02 
1310.000  3.4964991250e-01  1.0694241520e-02 
1311.000  3.4857972180e-01  1.0665475850e-02 
1312.000  3.4749387740e-01  1.0486207010e-02 
1313.000  3.3465942000e-01  9.9314069750e-03 
1314.000  3.4510554780e-01  1.0089388850e-02 
1315.000  3.3348535340e-01  9.8179349900e-03 
1316.000  3.4124323400e-01  1.0153584480e-02 
1317.000  3.4491416640e-01  1.0261472700e-02 
1318.000  3.4003361310e-01  9.9381227490e-03 
1319.000  3.4469105550e-01  9.8444080350e-03 
1320.000  3.4214639360e-01  9.5377635960e-03 
1321.000  3.4064312120e-01  9.4105253220e-03 
1322.000  3.3996296030e-01  9.5209875110e-03 
1323.000  3.4071554280e-01  9.6916961670e-03 
1324.000  3.4089795640e-01  9.7834262850e-03 
1325.000  3.3980744490e-01  9.6895799640e-03 
1326.000  3.3821701200e-01  9.4867877960e-03 
1327.000  3.3551659520e-01  9.1056623460e-03 
1328.000  3.3639969210e-01  8.8489942550e-03 
1329.000  3.2412310380e-01  8.1000556950e-03 
1330.000  3.2919361240e-01  8.0792961120e-03 
1331.000  3.3066084690e-01  8.0252113340e-03 
1332.000  3.2311472570e-01  7.8707232480e-03 
1333.000  3.3165507690e-01  8.1579895020e-03 
1334.000  3.3207079020e-01  8.2802076340e-03 
1335.000  3.3235508550e-01  8.3693771360e-03 
1336.000  3.2875760370e-01  8.3077716830e-03 
1337.000  3.2982185660e-01  8.3461980820e-03 
1338.000  3.2957876380e-01  8.3988027570e-03 
1339.000  3.2603735870e-01  8.3254499440e-03 
1340.000  3.2369708650e-01  8.3149976730e-03 
1341.000  3.2858340240e-01  8.3972921370e-03 
1342.000  3.2777874900e-01  8.3832130430e-03 
1343.000  3.2774987780e-01  8.2048931120e-03 
1344.000  3.2625134350e-01  7.9987711910e-03 
1345.000  3.2374785240e-01  7.5781097410e-03 
1346.000  3.1857559760e-01  7.2717108730e-03 
1347.000  3.1917968350e-01  7.1495237350e-03 
1348.000  3.1560158710e-01  6.9240937230e-03 
1349.000  3.1345842070e-01  6.7992644310e-03 
1350.000  3.0705785210e-01  6.5072507860e-03 
1351.000  3.0488921460e-01  6.3535509110e-03 
1352.000  3.0544536240e-01  6.2030544280e-03 
1353.000  2.9959168420e-01  5.8830165860e-03 
1354.000  2.9597149620e-01  5.6935887340e-03 
1355.000  2.9032840450e-01  5.4545798300e-03 
1356.000  2.8605464610e-01  5.2293834690e-03 
1357.000  2.7935269720e-01  4.9260387420e-03 
1358.000  2.7974924350e-01  4.7366056440e-03 
1359.000  2.7202962660e-01  4.2752442360e-03 
1360.000  2.6205867570e-01  3.9136843680e-03 
1361.000  2.6425543930e-01  3.8132863040e-03 
1362.000  2.6199155310e-01  3.7431230550e-03 
1363.000  2.6225543640e-01  3.9499721530e-03 
1364.000  2.6752733130e-01  4.0985274310e-03 
1365.000  2.6739088660e-01  4.1341476440e-03 
1366.000  2.6926850540e-01  4.2429242130e-03 
1367.000  2.6431803190e-01  4.0620865820e-03 
1368.000  2.6434113670e-01  3.9676969050e-03 
1369.000  2.5957879060e-01  3.9184460640e-03 
1370.000  2.6509180260e-01  4.2402772900e-03 
1371.000  2.7287427750e-01  4.6987719540e-03 
1372.000  2.8371682280e-01  5.2303481100e-03 
1373.000  2.8782082350e-01  5.5109367370e-03 
1374.000  2.9110944720e-01  5.6798143390e-03 
1375.000  2.8702097700e-01  5.6466803550e-03 
1376.000  2.8273044470e-01  5.5268411640e-03 
1377.000  2.8530838780e-01  5.5010356900e-03 
1378.000  2.8040935090e-01  5.2603473660e-03 
1379.000  2.7855348220e-01  5.0002784730e-03 
1380.000  2.6856169770e-01  4.5054388050e-03 
1381.000  2.6250591150e-01  4.0997066500e-03 
1382.000  2.5435960900e-01  3.8081762790e-03 
1383.000  2.5658431900e-01  3.8225939270e-03 
1384.000  2.6228262990e-01  4.1556305890e-03 
1385.000  2.6436785750e-01  4.3838667870e-03 
1386.000  2.7234806310e-01  4.7490210530e-03 
1387.000  2.7625447780e-01  5.1597180370e-03 
1388.000  2.8204484570e-01  5.4192199710e-03 
1389.000  2.8429050360e-01  5.5267701150e-03 
1390.000  2.7927996700e-01  5.4483532910e-03 
1391.000  2.8201418060e-01  5.4490046500e-03 
1392.000  2.7757224910e-01  5.2079353330e-03 
1393.000  2.7302666390e-01  4.9687938690e-03 
1394.000  2.6697487180e-01  4.7122616770e-03 
1395.000  2.6827523280e-01  4.8011889460e-03 
1396.000  2.7420611790e-01  5.0818810460e-03 
1397.000  2.7727472820e-01  5.2749304770e-03 
1398.000  2.7748614840e-01  5.2940931320e-03 
1399.000  2.7567314390e-01  5.2136220930e-03 
1400.000  2.6766906670e-01  5.0394711490e-03 
1401.000  2.6888043570e-01  5.0740599630e-03 
1402.000  2.7544544890e-01  5.3001456260e-03 
1403.000  2.7474671410e-01  5.3458747860e-03 
1404.000  2.7266280380e-01  5.2666463850e-03 
1405.000  2.7283092460e-01  5.2722864150e-03 
1406.000  2.7244492790e-01  5.2150206570e-03 
1407.000  2.7271563380e-01  5.2143540380e-03 
1408.000  2.7355837350e-01  5.3248138430e-03 
1409.000  2.7647452720e-01  5.4467220310e-03 
1410.000  2.7766607420e-01  5.5841875080e-03 
1411.000  2.7973917730e-01  5.7019028660e-03 
1412.000  2.6880714200e-01  5.4668035510e-03 
1413.000  2.7399778830e-01  5.5919361110e-03 
1414.000  2.7758196280e-01  5.6306681630e-03 
1415.000  2.7742053860e-01  5.6639447210e-03 
1416.000  2.7691230600e-01  5.6876006130e-03 
1417.000  2.7893313120e-01  5.7140221600e-03 
1418.000  2.7904266370e-01  5.7053861620e-03 
1419.000  2.7506781920e-01  5.6084475520e-03 
1420.000  2.7446434860e-01  5.5976829530e-03 
1421.000  2.7901985520e-01  5.7339138980e-03 
1422.000  2.7278588870e-01  5.6165699960e-03 
1423.000  2.7112412540e-01  5.5675101280e-03 
1424.000  2.7136949170e-01  5.5455718040e-03 
1425.000  2.7660585740e-01  5.6020560260e-03 
1426.000  2.6541281130e-01  5.3559551240e-03 
1427.000  2.6955453220e-01  5.4451441760e-03 
1428.000  2.7540443870e-01  5.5633058550e-03 
1429.000  2.6894561730e-01  5.4339122770e-03 
1430.000  2.6310320800e-01  5.2823886870e-03 
1431.000  2.6249943360e-01  5.1843390460e-03 
1432.000  2.6727085370e-01  5.2206592560e-03 
1433.000  2.6740652450e-01  5.1983594890e-03 
1434.000  2.6201690750e-01  5.0558934210e-03 
1435.000  2.6521380250e-01  5.1370248790e-03 
1436.000  2.6524951560e-01  5.1322908400e-03 
1437.000  2.6629717050e-01  5.1374874110e-03 
1438.000  2.6564928610e-01  5.1479702000e-03 
1439.000  2.6878993640e-01  5.1928887370e-03 
1440.000  2.5215171630e-01  4.8692102430e-03 
1441.000  2.6485816290e-01  5.0991921420e-03 
1442.000  2.5869141420e-01  4.9424409870e-03 
1443.000  2.6298686030e-01  4.9983029370e-03 
1444.000  2.6426557000e-01  5.0112571720e-03 
1445.000  2.6346791670e-01  4.9747686390e-03 
1446.000  2.6629617860e-01  5.0312795640e-03 
1447.000  2.6507889590e-01  5.0100736620e-03 
1448.000  2.6710526840e-01  5.0257973670e-03 
1449.000  2.6699858470e-01  4.9808130260e-03 
1450.000  2.6520213420e-01  4.8890848160e-03 
1451.000  2.6349172610e-01  4.8384623530e-03 
1452.000  2.6024809950e-01  4.7923898700e-03 
1453.000  2.6520168770e-01  4.9402904510e-03 
1454.000  2.6623186310e-01  5.0286159520e-03 
1455.000  2.6286464660e-01  5.0056948660e-03 
1456.000  2.6274483020e-01  5.0456266400e-03 
1457.000  2.6526372330e-01  5.0697917940e-03 
1458.000  2.6889056780e-01  5.1182723050e-03 
1459.000  2.6988935290e-01  5.0428752900e-03 
1460.000  2.6529721820e-01  4.8739018440e-03 
1461.000  2.6471781170e-01  4.8016772270e-03 
1462.000  2.6182686390e-01  4.6515212060e-03 
1463.000  2.6007946500e-01  4.5870990750e-03 
1464.000  2.5990748700e-01  4.5341849330e-03 
1465.000  2.6291413370e-01  4.5124449730e-03 
1466.000  2.5665138240e-01  4.3252739910e-03 
1467.000  2.6280325210e-01  4.3667969700e-03 
1468.000  2.5633498150e-01  4.1953620910e-03 
1469.000  2.5916089570e-01  4.1616072650e-03 
1470.000  2.5766607410e-01  4.0899014470e-03 
1471.000  2.5359204220e-01  4.0502667430e-03 
1472.000  2.5512447490e-01  4.1227631570e-03 
1473.000  2.5736954070e-01  4.2487320900e-03 
1474.000  2.5028343440e-01  4.2049832340e-03 
1475.000  2.5560511920e-01  4.2638988490e-03 
1476.000  2.5600905270e-01  4.2417755130e-03 
1477.000  2.5676014830e-01  4.1919889450e-03 
1478.000  2.5304601200e-01  4.0710959430e-03 
1479.000  2.5594475870e-01  4.0487766270e-03 
1480.000  2.5734685890e-01  4.0662965770e-03 
1481.000  2.5351045770e-01  4.0366001130e-03 
1482.000  2.5666718650e-01  4.1253538130e-03 
1483.000  2.5138019910e-01  4.0408110620e-03 
1484.000  2.5370401980e-01  4.0644979480e-03 
1485.000  2.5853265060e-01  4.1186032300e-03 
1486.000  2.5427303880e-01  4.0866966250e-03 
1487.000  2.5456370250e-01  4.1904668810e-03 
1488.000  2.2253991300e-01  3.6604413990e-03 
1489.000  2.5552277710e-01  4.3508453370e-03 
1490.000  2.5611793480e-01  4.5005269050e-03 
1491.000  2.5866323620e-01  4.6503973010e-03 
1492.000  2.5265258820e-01  4.5608739850e-03 
1493.000  2.5833067650e-01  4.7376942630e-03 
1494.000  2.5734872280e-01  4.7261114120e-03 
1495.000  2.5554815900e-01  4.7617282870e-03 
1496.000  2.4799117280e-01  4.7408638000e-03 
1497.000  2.5381571190e-01  4.8464040760e-03 
1498.000  2.5638600990e-01  5.0083518030e-03 
1499.000  2.5207389650e-01  5.0288581850e-03 
1500.000  2.5637235170e-01  5.1909017560e-03 
1501.000  2.5600646260e-01  5.1502528190e-03 
1502.000  2.5402949440e-01  5.0626897810e-03 
1503.000  2.2810303910e-01  4.5124645230e-03 
1504.000  2.3764823940e-01  4.7260456090e-03 
1505.000  2.3690993480e-01  4.8113346100e-03 
1506.000  2.4010367260e-01  4.9030737880e-03 
1507.000  2.5111630630e-01  5.2265148160e-03 
1508.000  2.4719486250e-01  5.2064089780e-03 
1509.000  2.4826281650e-01  5.2968215940e-03 
1510.000  2.5209943740e-01  5.4157404900e-03 
1511.000  2.5324599740e-01  5.4960231780e-03 
1512.000  2.4849184890e-01  5.4331235890e-03 
1513.000  2.4807559350e-01  5.4592261310e-03 
1514.000  2.4467970830e-01  5.4056396480e-03 
1515.000  2.4948801890e-01  5.5342674260e-03 
1516.000  2.4717299890e-01  5.4676795010e-03 
1517.000  2.4570917150e-01  5.4311752320e-03 
1518.000  2.5023781520e-01  5.5499267580e-03 
1519.000  2.4652425130e-01  5.4912023540e-03 
1520.000  2.4804080060e-01  5.5922393800e-03 
1521.000  2.4331607310e-01  5.5652408600e-03 
1522.000  2.4189213290e-01  5.5748434070e-03 
1523.000  2.4777962020e-01  5.7664284710e-03 
1524.000  2.4602096800e-01  5.7531423570e-03 
1525.000  2.4053834290e-01  5.6392388340e-03 
1526.000  2.4731384910e-01  5.7884879110e-03 
1527.000  2.4464121460e-01  5.7319297790e-03 
1528.000  2.4612462490e-01  5.7794771190e-03 
1529.000  2.4534595110e-01  5.7471547130e-03 
1530.000  2.2951354560e-01  5.3830862050e-03 
1531.000  2.4523897640e-01  5.7398524280e-03 
1532.000  2.4366582960e-01  5.6930646900e-03 
1533.000  2.4243489500e-01  5.6449875830e-03 
1534.000  2.3858206730e-01  5.5356082920e-03 
1535.000  2.3919633810e-01  5.5312428470e-03 
1536.000  2.4239507430e-01  5.6398782730e-03 
1537.000  2.4295773900e-01  5.7015624050e-03 
1538.000  2.3611281430e-01  5.5902047160e-03 
1539.000  2.4094082730e-01  5.7524418830e-03 
1540.000  2.3211233100e-01  5.5812778470e-03 
1541.000  2.3687473180e-01  5.7070593830e-03 
1542.000  2.3828336340e-01  5.7431459430e-03 
1543.000  2.3739706460e-01  5.7315917020e-03 
1544.000  2.4008221250e-01  5.8108677860e-03 
1545.000  2.4048369090e-01  5.8427867890e-03 
1546.000  2.4027700780e-01  5.8712892530e-03 
1547.000  2.3762486990e-01  5.8366436960e-03 
1548.000  2.3041942570e-01  5.6885676380e-03 
1549.000  2.3632516850e-01  5.8548021320e-03 
1550.000  2.3501310600e-01  5.8406066890e-03 
1551.000  2.3378288880e-01  5.8085360530e-03 
1552.000  2.3775673640e-01  5.8964080810e-03 
1553.000  2.3641536290e-01  5.8572983740e-03 
1554.000  2.2775314450e-01  5.6316165920e-03 
1555.000  2.3140587220e-01  5.7189617160e-03 
1556.000  2.2690053710e-01  5.6335763930e-03 
1557.000  2.3426586590e-01  5.8670024870e-03 
1558.000  2.3247147880e-01  5.8649816510e-03 
1559.000  2.3258261690e-01  5.9086613660e-03 
1560.000  2.2856621280e-01  5.8523736000e-03 
1561.000  2.3400420890e-01  6.0085844990e-03 
1562.000  2.3407937200e-01  5.9951381680e-03 
1563.000  2.3073948850e-01  5.9018201830e-03 
1564.000  2.2639642270e-01  5.7732701300e-03 
1565.000  2.3030996820e-01  5.8486614230e-03 
1566.000  2.2594610670e-01  5.7498154640e-03 
1567.000  2.2659866800e-01  5.7711110120e-03 
1568.000  2.2278914730e-01  5.6665048600e-03 
1569.000  2.2461757600e-01  5.7015233040e-03 
1570.000  2.1957992880e-01  5.5746674540e-03 
1571.000  2.2546361160e-01  5.7540416720e-03 
1572.000  2.2566626550e-01  5.7738552090e-03 
1573.000  2.2188967520e-01  5.7108893390e-03 
1574.000  2.2211132880e-01  5.7589712140e-03 
1575.000  2.0599085540e-01  5.3738460540e-03 
1576.000  2.2130244320e-01  5.7828936580e-03 
1577.000  1.9974027930e-01  5.1999692920e-03 
1578.000  2.1845798100e-01  5.6664085390e-03 
1579.000  2.1939191030e-01  5.6756877900e-03 
1580.000  2.2329794510e-01  5.7712621690e-03 
1581.000  2.2181729350e-01  5.7126035690e-03 
1582.000  2.1671944510e-01  5.6189394000e-03 
1583.000  2.1880861540e-01  5.7096123700e-03 
1584.000  2.1634624490e-01  5.6816301350e-03 
1585.000  2.2237023640e-01  5.8708181380e-03 
1586.000  2.1957723850e-01  5.8119521140e-03 
1587.000  2.1690164270e-01  5.7719826700e-03 
1588.000  2.1343198760e-01  5.7076926230e-03 
1589.000  1.9521801820e-01  5.2329597470e-03 
1590.000  2.1037129370e-01  5.6552710530e-03 
1591.000  2.0565785090e-01  5.5457859040e-03 
1592.000  2.1656584840e-01  5.8519482610e-03 
1593.000  2.2148374680e-01  5.9928822520e-03 
1594.000  2.1992928230e-01  5.9576091770e-03 
1595.000  2.2139415950e-01  6.0026664730e-03 
1596.000  2.0738773240e-01  5.6423120500e-03 
1597.000  2.1584601280e-01  5.8696603780e-03 
1598.000  2.1991911090e-01  5.9686717990e-03 
1599.000  2.1255695570e-01  5.7520556450e-03 
1600.000  2.1609927660e-01  5.8392367360e-03 
1601.000  2.0700225180e-01  5.6104536060e-03 
1602.000  2.1229573220e-01  5.7848191260e-03 
1603.000  2.1068539800e-01  5.7892594340e-03 
1604.000  2.1327273330e-01  5.9158539770e-03 
1605.000  2.1011952130e-01  5.8650445940e-03 
1606.000  2.0926397090e-01  5.8808012010e-03 
1607.000  2.1014365230e-01  5.8810606000e-03 
1608.000  2.1253796530e-01  5.9246082310e-03 
1609.000  2.1172096260e-01  5.8842272760e-03 
1610.000  1.9850972820e-01  5.5045175550e-03 
1611.000  2.0421658650e-01  5.6645622250e-03 
1612.000  2.0596285380e-01  5.7176585200e-03 
1613.000  2.1035888860e-01  5.8428177830e-03 
1614.000  2.0829435580e-01  5.7640028000e-03 
1615.000  2.1155879180e-01  5.8519563670e-03 
1616.000  1.9821696750e-01  5.4775815010e-03 
1617.000  2.0393003850e-01  5.6784076690e-03 
1618.000  2.1028399190e-01  5.8800010680e-03 
1619.000  2.0953984030e-01  5.9036321640e-03 
1620.000  2.0418921660e-01  5.7957181930e-03 
1621.000  2.0112826510e-01  5.7435197830e-03 
1622.000  2.0619076040e-01  5.8950376510e-03 
1623.000  2.1031921510e-01  6.0292615890e-03 
1624.000  2.1177268060e-01  6.0821456910e-03 
1625.000  2.0645438660e-01  5.9555611610e-03 
1626.000  2.0898594730e-01  6.0202631950e-03 
1627.000  2.0871631660e-01  6.0311527250e-03 
1628.000  2.1039352780e-01  6.0896210670e-03 
1629.000  2.1036303700e-01  6.0970711710e-03 
1630.000  2.0465175800e-01  5.9330606460e-03 
1631.000  2.0785259630e-01  6.0374784470e-03 
1632.000  2.0790508730e-01  5.9931144710e-03 
1633.000  2.0522939760e-01  5.8839669230e-03 
1634.000  2.0042703520e-01  5.7123980520e-03 
1635.000  2.0580075100e-01  5.8364686970e-03 
1636.000  2.0525604480e-01  5.7847881320e-03 
1637.000  1.9611773460e-01  5.4939899440e-03 
1638.000  1.9468474840e-01  5.4299769400e-03 
1639.000  1.9274476930e-01  5.3380122180e-03 
1640.000  1.9390096970e-01  5.3404693600e-03 
1641.000  1.9270107980e-01  5.2897286420e-03 
1642.000  1.9246068060e-01  5.3409223560e-03 
1643.000  1.9740726260e-01  5.5331683160e-03 
1644.000  1.9435242150e-01  5.5001525880e-03 
1645.000  1.9478546580e-01  5.5617327690e-03 
1646.000  1.9712645780e-01  5.6770830150e-03 
1647.000  1.9897739470e-01  5.7308502200e-03 
1648.000  1.9820891280e-01  5.7026972770e-03 
1649.000  1.9368070930e-01  5.5718002320e-03 
1650.000  1.9858862970e-01  5.7144460680e-03 
1651.000  1.9411407600e-01  5.5863747600e-03 
1652.000  1.9798833710e-01  5.6969127660e-03 
1653.000  1.9576510410e-01  5.6427035330e-03 
1654.000  1.9796159180e-01  5.7100982670e-03 
1655.000  1.9399381780e-01  5.6078152660e-03 
1656.000  1.9772041950e-01  5.7244753840e-03 
1657.000  1.9628686760e-01  5.6855740550e-03 
1658.000  1.9734717880e-01  5.7266564370e-03 
1659.000  1.9371225880e-01  5.6246075630e-03 
1660.000  1.9607625360e-01  5.6891694070e-03 
1661.000  1.9684513280e-01  5.6988124850e-03 
1662.000  1.9552294670e-01  5.6114187240e-03 
1663.000  1.9429238310e-01  5.5336441990e-03 
1664.000  1.9346950240e-01  5.4670300480e-03 
1665.000  1.9149464460e-01  5.3685512540e-03 
1666.000  1.9056227780e-01  5.3387122150e-03 
1667.000  1.9208507140e-01  5.4336500170e-03 
1668.000  1.8883066500e-01  5.3759741780e-03 
1669.000  1.8913283810e-01  5.4271397590e-03 
1670.000  1.9320514260e-01  5.5887956620e-03 
1671.000  1.9172971820e-01  5.5882945060e-03 
1672.000  1.8264852470e-01  5.3730831150e-03 
1673.000  1.8802970730e-01  5.5721516610e-03 
1674.000  1.8890325070e-01  5.6425094600e-03 
1675.000  1.8715240840e-01  5.6407270430e-03 
1676.000  1.8417153770e-01  5.5685148240e-03 
1677.000  1.8505708130e-01  5.5960946080e-03 
1678.000  1.8592520910e-01  5.6292700770e-03 
1679.000  1.8345302480e-01  5.5513648990e-03 
1680.000  1.7704400530e-01  5.3627982140e-03 
1681.000  1.7083785560e-01  5.1784653660e-03 
1682.000  1.7577152080e-01  5.3283567430e-03 
1683.000  1.8016474630e-01  5.4581894870e-03 
1684.000  1.8352599330e-01  5.5576186180e-03 
1685.000  1.8424506190e-01  5.5665645600e-03 
1686.000  1.8202226740e-01  5.4908475880e-03 
1687.000  1.8303813880e-01  5.4887847900e-03 
1688.000  1.8338020280e-01  5.4713020320e-03 
1689.000  1.8117019770e-01  5.3932113650e-03 
1690.000  1.8133354800e-01  5.3679685590e-03 
1691.000  1.8370663610e-01  5.4468016620e-03 
1692.000  1.8404081510e-01  5.4721994400e-03 
1693.000  1.8334071610e-01  5.4699883460e-03 
1694.000  1.8306340820e-01  5.4774565700e-03 
1695.000  1.8327299020e-01  5.4884753230e-03 
1696.000  1.8220119590e-01  5.4275980000e-03 
1697.000  1.8116014140e-01  5.3576774600e-03 
1698.000  1.8225346550e-01  5.3545355800e-03 
1699.000  1.8107607130e-01  5.2875723840e-03 
1700.000  1.7875497610e-01  5.1897535320e-03 
