 lambda   Irr_dw            Rad_up 
 550.000  1.5574489500e+00  7.7029479980e-02 
 551.000  1.5471355600e+00  7.6360046390e-02 
 552.000  1.6131549400e+00  7.9559761050e-02 
 553.000  1.5494051100e+00  7.6234977720e-02 
 554.000  1.5994643600e+00  7.8618453980e-02 
 555.000  1.6034392900e+00  7.8600921630e-02 
 556.000  1.5587655000e+00  7.6207153320e-02 
 557.000  1.5121268800e+00  7.3859474180e-02 
 558.000  1.5691840200e+00  7.6442733760e-02 
 559.000  1.4828856300e+00  7.2100799560e-02 
 560.000  1.4891393800e+00  7.2331138610e-02 
 561.000  1.6364075700e+00  7.9263175960e-02 
 562.000  1.5022559000e+00  7.2661033630e-02 
 563.000  1.5716031700e+00  7.5808952330e-02 
 564.000  1.5495447900e+00  7.4484115600e-02 
 565.000  1.5683117800e+00  7.5285095210e-02 
 566.000  1.4460327000e+00  6.9225685120e-02 
 567.000  1.5524329000e+00  7.3990058900e-02 
 568.000  1.5530003900e+00  7.3359489440e-02 
 569.000  1.5315689800e+00  7.1155418400e-02 
 570.000  1.5380942600e+00  7.1448280330e-02 
 571.000  1.4770234300e+00  6.9216072080e-02 
 572.000  1.5679864200e+00  7.2737617490e-02 
 573.000  1.5828449800e+00  7.3544425960e-02 
 574.000  1.5737559000e+00  7.3059959410e-02 
 575.000  1.5358686200e+00  7.1142288210e-02 
 576.000  1.5082054500e+00  6.9762878420e-02 
 577.000  1.5689352400e+00  7.2618774410e-02 
 578.000  1.5203989300e+00  7.0673179630e-02 
 579.000  1.5065471700e+00  7.0093704220e-02 
 580.000  1.5564556300e+00  7.2644439700e-02 
 581.000  1.5252721000e+00  7.1349411010e-02 
 582.000  1.5462492500e+00  7.2246536250e-02 
 583.000  1.5561552200e+00  7.2745994570e-02 
 584.000  1.5504778000e+00  7.2311523440e-02 
 585.000  1.5398422000e+00  7.1670135500e-02 
 586.000  1.4733433000e+00  6.8520805360e-02 
 587.000  1.5340286800e+00  7.0793205260e-02 
 588.000  1.5321555700e+00  6.9317901610e-02 
 589.000  1.3774659700e+00  6.0703247070e-02 
 590.000  1.4394531400e+00  6.3314033510e-02 
 591.000  1.5148595800e+00  6.7607185360e-02 
 592.000  1.4934402300e+00  6.5906227110e-02 
 593.000  1.4926796700e+00  6.7007911680e-02 
 594.000  1.5099835500e+00  6.7438827510e-02 
 595.000  1.4926044400e+00  6.5689483640e-02 
 596.000  1.5128473000e+00  6.7795341490e-02 
 597.000  1.5209032400e+00  6.7688766480e-02 
 598.000  1.4829114400e+00  6.6495071410e-02 
 599.000  1.4804155400e+00  6.6542564390e-02 
 600.000  1.4744949600e+00  6.6753585820e-02 
 601.000  1.4620440000e+00  6.6536430360e-02 
 602.000  1.4445399500e+00  6.5759414670e-02 
 603.000  1.4517777100e+00  6.6205558780e-02 
 604.000  1.4964848100e+00  6.8383697510e-02 
 605.000  1.4920416500e+00  6.8049690250e-02 
 606.000  1.4745172500e+00  6.7275680540e-02 
 607.000  1.4660350300e+00  6.6788002010e-02 
 608.000  1.4605203700e+00  6.6408447270e-02 
 609.000  1.4454346200e+00  6.5679870610e-02 
 610.000  1.4221806500e+00  6.4501640320e-02 
 611.000  1.4451800800e+00  6.5489501950e-02 
 612.000  1.4263101900e+00  6.4587287900e-02 
 613.000  1.4054300800e+00  6.3535346980e-02 
 614.000  1.3541886600e+00  6.1191516880e-02 
 615.000  1.4195841900e+00  6.4002944950e-02 
 616.000  1.3497588600e+00  6.0836715700e-02 
 617.000  1.3574431300e+00  6.1127769470e-02 
 618.000  1.4215902700e+00  6.3845626830e-02 
 619.000  1.4087398900e+00  6.3270977020e-02 
 620.000  1.4297649100e+00  6.4040206910e-02 
 621.000  1.4546525800e+00  6.5092094420e-02 
 622.000  1.3782441800e+00  6.1558639530e-02 
 623.000  1.3894686300e+00  6.1847942350e-02 
 624.000  1.3914047600e+00  6.1944374080e-02 
 625.000  1.3541427600e+00  6.0227027890e-02 
 626.000  1.3620676800e+00  6.0328884120e-02 
 627.000  1.3905518600e+00  6.1000961300e-02 
 628.000  1.3970633100e+00  5.9614448550e-02 
 629.000  1.4179997100e+00  6.1183792110e-02 
 630.000  1.3670983600e+00  5.9354988100e-02 
 631.000  1.4129309000e+00  6.1496665950e-02 
 632.000  1.3182867300e+00  5.7129905700e-02 
 633.000  1.4084982500e+00  6.1460418700e-02 
 634.000  1.3638717600e+00  5.9676841740e-02 
 635.000  1.3883838600e+00  6.0762413020e-02 
 636.000  1.3381082200e+00  5.8642574310e-02 
 637.000  1.3814383000e+00  6.0597919460e-02 
 638.000  1.4001821400e+00  6.1597747800e-02 
 639.000  1.3883244600e+00  6.0932258610e-02 
 640.000  1.3433316100e+00  5.9193641660e-02 
 641.000  1.3625790400e+00  5.9985298160e-02 
 642.000  1.3452105900e+00  5.9250953670e-02 
 643.000  1.3704106500e+00  6.0149253850e-02 
 644.000  1.3546091700e+00  5.9329662320e-02 
 645.000  1.3688404700e+00  5.9761703490e-02 
 646.000  1.3265982300e+00  5.6909397130e-02 
 647.000  1.3518775300e+00  5.7324840550e-02 
 648.000  1.3574471700e+00  5.7036373140e-02 
 649.000  1.3774554000e+00  5.8208755490e-02 
 650.000  1.2640759500e+00  5.4360519410e-02 
 651.000  1.3617556500e+00  5.8521751400e-02 
 652.000  1.3471815700e+00  5.6967666630e-02 
 653.000  1.3608471500e+00  5.8540225980e-02 
 654.000  1.3445936400e+00  5.7567760470e-02 
 655.000  1.3139533800e+00  5.5832569120e-02 
 656.000  1.1142105300e+00  4.7399528500e-02 
 657.000  1.1869493100e+00  5.0653408050e-02 
 658.000  1.3177166500e+00  5.6643257140e-02 
 659.000  1.3183659700e+00  5.6818531040e-02 
 660.000  1.3276548600e+00  5.7302257540e-02 
 661.000  1.3302567900e+00  5.7722438810e-02 
 662.000  1.3479349800e+00  5.8599647520e-02 
 663.000  1.3333577600e+00  5.7840702060e-02 
 664.000  1.3116577200e+00  5.6904544830e-02 
 665.000  1.3170003900e+00  5.7117633820e-02 
 666.000  1.3322856800e+00  5.7891090390e-02 
 667.000  1.3054377600e+00  5.6637310030e-02 
 668.000  1.3122992900e+00  5.7040016170e-02 
 669.000  1.3309154800e+00  5.7879669190e-02 
 670.000  1.3148746500e+00  5.7040157320e-02 
 671.000  1.3007717100e+00  5.6428119660e-02 
 672.000  1.2964623800e+00  5.6193733220e-02 
 673.000  1.3056798300e+00  5.6527465820e-02 
 674.000  1.3081446500e+00  5.6611145020e-02 
 675.000  1.2880951900e+00  5.5661052700e-02 
 676.000  1.3123476000e+00  5.6687061310e-02 
 677.000  1.2861737400e+00  5.5542304990e-02 
 678.000  1.3073843500e+00  5.6390647890e-02 
 679.000  1.2889545800e+00  5.5494350430e-02 
 680.000  1.2794917400e+00  5.5025783540e-02 
 681.000  1.2814770900e+00  5.5008628850e-02 
 682.000  1.2790264900e+00  5.4780437470e-02 
 683.000  1.2877266900e+00  5.5031585690e-02 
 684.000  1.2654937600e+00  5.4018398280e-02 
 685.000  1.2791736300e+00  5.4559913640e-02 
 686.000  1.2259283200e+00  5.1867374420e-02 
 687.000  1.2268262000e+00  4.7438442230e-02 
 688.000  1.2277482300e+00  4.8597610470e-02 
 689.000  1.2312845800e+00  4.8456729890e-02 
 690.000  1.2372425900e+00  4.9289722440e-02 
 691.000  1.2422283900e+00  5.0290771480e-02 
 692.000  1.2347659700e+00  5.0403553010e-02 
 693.000  1.2429446400e+00  4.9878082280e-02 
 694.000  1.2566061300e+00  4.9738445280e-02 
 695.000  1.2335949100e+00  4.9234443660e-02 
 696.000  1.2474052100e+00  5.0041721340e-02 
 697.000  1.2463424000e+00  5.1638980870e-02 
 698.000  1.2240369200e+00  5.0268230440e-02 
 699.000  1.2499016100e+00  4.9951885220e-02 
 700.000  1.2349439600e+00  4.9517696380e-02 
 701.000  1.2080047100e+00  4.8095153810e-02 
 702.000  1.2017871300e+00  4.8031158450e-02 
 703.000  1.2163896600e+00  4.9645183560e-02 
 704.000  1.2198647500e+00  4.9842823030e-02 
 705.000  1.2304016700e+00  4.9767379760e-02 
 706.000  1.2172610800e+00  4.9310581210e-02 
 707.000  1.1985849200e+00  4.8712471010e-02 
 708.000  1.2330309600e+00  5.0290988920e-02 
 709.000  1.1885750200e+00  4.8817722320e-02 
 710.000  1.2168432500e+00  4.9483928680e-02 
 711.000  1.2038323800e+00  4.9337402340e-02 
 712.000  1.1864044900e+00  4.9009326930e-02 
 713.000  1.1819980800e+00  4.8479030610e-02 
 714.000  1.2023066900e+00  4.9122352600e-02 
 715.000  1.1611672300e+00  4.6922328950e-02 
 716.000  1.1923336400e+00  4.7655487060e-02 
 717.000  1.1626211700e+00  4.3995887760e-02 
 718.000  1.1564596500e+00  4.2311691280e-02 
 719.000  1.1431425400e+00  4.1237586980e-02 
 720.000  1.1514774700e+00  4.0871650700e-02 
 721.000  1.1498107200e+00  4.4024822240e-02 
 722.000  1.1658496200e+00  4.5747486110e-02 
 723.000  1.1635308800e+00  4.4896469120e-02 
 724.000  1.1705884700e+00  4.3216392520e-02 
 725.000  1.1578093200e+00  4.2991531370e-02 
 726.000  1.1556856200e+00  4.2808624270e-02 
 727.000  1.1727773600e+00  4.3633174900e-02 
 728.000  1.1526281800e+00  4.2619163510e-02 
 729.000  1.1068157000e+00  4.1555641170e-02 
 730.000  1.1477071400e+00  4.2950954440e-02 
 731.000  1.1287833300e+00  4.2157596590e-02 
 732.000  1.1498768300e+00  4.4086410520e-02 
 733.000  1.1320446500e+00  4.4654544830e-02 
 734.000  1.1552564400e+00  4.6162670140e-02 
 735.000  1.1460403700e+00  4.5510444640e-02 
 736.000  1.1250037700e+00  4.4273525240e-02 
 737.000  1.1395947600e+00  4.5092529300e-02 
 738.000  1.1361316900e+00  4.5376594540e-02 
 739.000  1.0992385300e+00  4.4113304140e-02 
 740.000  1.1092204700e+00  4.4944526670e-02 
 741.000  1.1001577100e+00  4.4920658110e-02 
 742.000  1.0819514500e+00  4.4306999210e-02 
 743.000  1.1134235900e+00  4.5901863100e-02 
 744.000  1.1238491600e+00  4.6476535800e-02 
 745.000  1.0945050500e+00  4.5397975920e-02 
 746.000  1.1096452000e+00  4.6069526670e-02 
 747.000  1.1262602000e+00  4.6728343960e-02 
 748.000  1.1060168500e+00  4.5897502900e-02 
 749.000  1.1062101100e+00  4.5922428130e-02 
 750.000  1.0900535200e+00  4.5157817840e-02 
 751.000  1.0872407400e+00  4.5025012970e-02 
 752.000  1.1037108200e+00  4.5755878450e-02 
 753.000  1.0932588100e+00  4.5323551180e-02 
 754.000  1.1103743400e+00  4.6025547030e-02 
 755.000  1.1040003400e+00  4.5744506840e-02 
 756.000  1.0823803600e+00  4.4832572940e-02 
 757.000  1.0903770200e+00  4.5145484920e-02 
 758.000  1.0892396000e+00  4.5002166750e-02 
 759.000  1.0479653800e+00  4.1031772610e-02 
 760.000  8.2433987400e-01  2.2485485080e-02 
 761.000  7.9438432500e-01  2.0721794130e-02 
 762.000  9.2671892300e-01  3.0390815730e-02 
 763.000  9.1182369400e-01  2.7982845310e-02 
 764.000  9.3522692900e-01  2.9631792070e-02 
 765.000  9.8157017000e-01  3.3565700530e-02 
 766.000  9.7328889000e-01  3.6190780640e-02 
 767.000  1.0032020400e+00  3.8699195860e-02 
 768.000  1.0521691600e+00  4.1689834590e-02 
 769.000  1.0536448000e+00  4.2598777770e-02 
 770.000  1.0509679000e+00  4.2939002990e-02 
 771.000  1.0524277300e+00  4.3249492650e-02 
 772.000  1.0485377900e+00  4.3135677340e-02 
 773.000  1.0442173000e+00  4.2965553280e-02 
 774.000  1.0552313300e+00  4.3431720730e-02 
 775.000  1.0154846600e+00  4.1795452120e-02 
 776.000  1.0572309500e+00  4.3544719700e-02 
 777.000  1.0499067000e+00  4.3211193080e-02 
 778.000  1.0443542100e+00  4.2928039550e-02 
 779.000  1.0478297400e+00  4.3003433230e-02 
 780.000  1.0349437000e+00  4.2479011540e-02 
 781.000  1.0330790200e+00  4.2393032070e-02 
 782.000  1.0456215400e+00  4.2823841090e-02 
 783.000  1.0212640200e+00  4.1892444610e-02 
 784.000  1.0271728200e+00  4.2072757720e-02 
 785.000  1.0305521900e+00  4.1990402220e-02 
 786.000  1.0136760100e+00  4.1134162900e-02 
 787.000  1.0305740900e+00  4.1324695590e-02 
 788.000  1.0160920000e+00  4.0559593200e-02 
 789.000  1.0252336300e+00  4.0264663700e-02 
 790.000  1.0151784000e+00  3.9769870760e-02 
 791.000  1.0094364500e+00  3.9657997130e-02 
 792.000  9.9297072000e-01  3.9050857540e-02 
 793.000  9.9100639000e-01  3.9188560490e-02 
 794.000  9.7813317600e-01  3.9261592860e-02 
 795.000  9.7442340100e-01  3.8641071320e-02 
 796.000  9.9515282500e-01  3.8711105350e-02 
 797.000  1.0002913500e+00  3.9142311100e-02 
 798.000  9.9826628000e-01  3.9560329440e-02 
 799.000  9.9808942500e-01  3.9366973880e-02 
 800.000  9.7390486400e-01  3.8008979800e-02 
 801.000  9.9193092100e-01  3.8742721560e-02 
 802.000  9.9016276200e-01  3.8586761470e-02 
 803.000  9.7583971400e-01  3.8086845400e-02 
 804.000  9.8383287500e-01  3.8610927580e-02 
 805.000  9.5535987700e-01  3.7850112920e-02 
 806.000  9.8029933600e-01  3.9006877900e-02 
 807.000  9.7423298300e-01  3.8794403080e-02 
 808.000  9.6908192500e-01  3.8410488130e-02 
 809.000  9.5328128700e-01  3.7602073670e-02 
 810.000  9.4963597800e-01  3.7255725860e-02 
 811.000  9.6605788000e-01  3.7567726140e-02 
 812.000  9.6429924900e-01  3.7135089870e-02 
 813.000  9.6176764600e-01  3.6524902340e-02 
 814.000  9.6240093000e-01  3.6060905460e-02 
 815.000  9.5417886300e-01  3.5157371520e-02 
 816.000  9.4808511500e-01  3.4218902590e-02 
 817.000  9.5368661500e-01  3.4434398650e-02 
 818.000  9.4767389900e-01  3.4193496700e-02 
 819.000  9.2151785000e-01  3.3525051120e-02 
 820.000  9.0186146300e-01  3.3559879300e-02 
 821.000  9.2967605100e-01  3.5514266970e-02 
 822.000  9.0504696500e-01  3.3778537750e-02 
 823.000  9.2127344100e-01  3.2625049590e-02 
 824.000  9.3186612500e-01  3.4508346560e-02 
 825.000  9.2794293400e-01  3.5606582640e-02 
 826.000  9.3424994200e-01  3.5584655760e-02 
 827.000  9.3159423100e-01  3.5303245540e-02 
 828.000  9.3147084500e-01  3.4543167110e-02 
 829.000  9.3039441900e-01  3.4727088930e-02 
 830.000  9.1491389000e-01  3.4442440030e-02 
 831.000  8.9867901600e-01  3.3886028290e-02 
 832.000  9.1698356700e-01  3.4578285220e-02 
 833.000  8.8801320600e-01  3.3736827850e-02 
 834.000  9.0049994500e-01  3.4428695680e-02 
 835.000  9.0044038700e-01  3.4751091000e-02 
 836.000  9.1157694600e-01  3.5157852170e-02 
 837.000  9.0413313100e-01  3.4816658020e-02 
 838.000  9.0636009000e-01  3.5143787380e-02 
 839.000  8.7741490800e-01  3.4126380920e-02 
 840.000  9.0064481400e-01  3.5024211880e-02 
 841.000  9.0396250500e-01  3.4981281280e-02 
 842.000  8.9747742900e-01  3.4836074830e-02 
 843.000  8.8923762100e-01  3.4944072720e-02 
 844.000  8.7353724500e-01  3.4500152590e-02 
 845.000  8.8631748700e-01  3.5081348420e-02 
 846.000  8.9367362300e-01  3.5511310580e-02 
 847.000  8.6227131400e-01  3.4412849430e-02 
 848.000  8.8877971600e-01  3.5265785220e-02 
 849.000  8.9029479200e-01  3.5420074460e-02 
 850.000  7.7024569400e-01  3.0501495360e-02 
 851.000  8.8313221500e-01  3.4832595830e-02 
 852.000  8.4960011000e-01  3.3570278170e-02 
 853.000  8.5830135700e-01  3.3982231140e-02 
 854.000  6.9010631500e-01  2.7347047810e-02 
 855.000  7.5914519100e-01  3.0188476560e-02 
 856.000  8.6008470400e-01  3.4268344880e-02 
 857.000  8.7320008700e-01  3.4940738680e-02 
 858.000  8.5890584800e-01  3.4375892640e-02 
 859.000  8.5803052700e-01  3.4410285950e-02 
 860.000  8.4998166400e-01  3.4173789980e-02 
 861.000  8.4983006700e-01  3.4150608060e-02 
 862.000  8.4681865600e-01  3.3982147220e-02 
 863.000  8.6299929900e-01  3.4716918950e-02 
 864.000  8.6112382600e-01  3.4518203740e-02 
 865.000  8.4496588200e-01  3.3986694340e-02 
 866.000  7.0874037200e-01  2.8545160290e-02 
 867.000  7.5477896700e-01  3.0219118120e-02 
 868.000  8.1859495800e-01  3.2848434450e-02 
 869.000  8.0708751500e-01  3.2377712250e-02 
 870.000  8.4043437000e-01  3.3812641140e-02 
 871.000  8.3923092500e-01  3.3699577330e-02 
 872.000  8.3576523700e-01  3.3362487790e-02 
 873.000  8.3925007300e-01  3.3601428990e-02 
 874.000  8.2093382300e-01  3.2790004730e-02 
 875.000  8.1342003100e-01  3.2608650210e-02 
 876.000  8.2038591000e-01  3.2804653170e-02 
 877.000  8.3685589800e-01  3.3325347900e-02 
 878.000  8.2308259600e-01  3.2817840580e-02 
 879.000  8.2504172300e-01  3.2937343600e-02 
 880.000  8.2078746400e-01  3.2586303710e-02 
 881.000  7.7839731800e-01  3.0927587510e-02 
 882.000  8.2167382400e-01  3.2465263370e-02 
 883.000  8.0268624300e-01  3.1873868940e-02 
 884.000  8.0941567500e-01  3.2320686340e-02 
 885.000  8.1877091600e-01  3.2259681700e-02 
 886.000  7.9325985900e-01  3.1253183360e-02 
 887.000  7.8417921200e-01  3.0890878680e-02 
 888.000  8.0773816200e-01  3.1653722760e-02 
 889.000  8.1286628300e-01  3.2098758700e-02 
 890.000  8.1103366700e-01  3.1929603580e-02 
 891.000  8.0799486600e-01  3.1578020100e-02 
 892.000  8.0734696800e-01  3.1290531160e-02 
 893.000  7.8174559000e-01  2.9443122860e-02 
 894.000  8.1017570800e-01  3.0230693820e-02 
 895.000  7.7517241000e-01  2.8229108810e-02 
 896.000  8.0594052700e-01  2.8498342510e-02 
 897.000  7.8738328300e-01  2.7289154050e-02 
 898.000  7.8873627200e-01  2.6948093410e-02 
 899.000  7.8802367800e-01  2.6012716290e-02 
 900.000  7.6834419200e-01  2.5385887150e-02 
 901.000  7.5188435700e-01  2.4652194980e-02 
 902.000  7.3804432600e-01  2.4235498430e-02 
 903.000  7.7415229500e-01  2.6760488510e-02 
 904.000  7.8852787600e-01  2.8102388380e-02 
 905.000  7.8643268500e-01  2.8226690290e-02 
 906.000  7.6560592400e-01  2.6940004350e-02 
 907.000  7.7857691500e-01  2.6373249050e-02 
 908.000  7.5953097500e-01  2.5053943630e-02 
 909.000  7.4462944100e-01  2.4564861300e-02 
 910.000  7.5343659900e-01  2.4933265690e-02 
 911.000  7.5143888100e-01  2.5403430940e-02 
 912.000  7.5306352300e-01  2.5061695100e-02 
 913.000  7.7068945300e-01  2.4857559200e-02 
 914.000  7.6572969800e-01  2.5051607130e-02 
 915.000  7.5308879600e-01  2.5122068410e-02 
 916.000  7.6144758200e-01  2.5427024840e-02 
 917.000  7.4952760100e-01  2.5186416630e-02 
 918.000  7.4572194400e-01  2.5290908810e-02 
 919.000  7.5555544900e-01  2.6745178220e-02 
 920.000  7.4835152200e-01  2.6880165100e-02 
 921.000  7.3196368000e-01  2.6139043810e-02 
 922.000  7.2542211300e-01  2.5977594380e-02 
 923.000  6.9500606600e-01  2.4422962190e-02 
 924.000  7.2440630600e-01  2.5309394840e-02 
 925.000  7.3402492100e-01  2.5543813710e-02 
 926.000  7.0781930200e-01  2.4483762740e-02 
 927.000  7.3418406600e-01  2.5130075450e-02 
 928.000  7.3870292600e-01  2.4431673050e-02 
 929.000  7.2838270500e-01  2.3023481370e-02 
 930.000  7.2654911900e-01  2.1826505660e-02 
 931.000  7.2624634600e-01  2.0905303960e-02 
 932.000  7.1912828200e-01  1.9695686340e-02 
 933.000  7.2108335900e-01  1.9126291280e-02 
 934.000  7.1476510700e-01  1.8399238590e-02 
 935.000  7.0417273800e-01  1.8070503230e-02 
 936.000  6.9910541500e-01  1.8140237810e-02 
 937.000  7.1470820500e-01  1.8491813660e-02 
 938.000  7.0721287200e-01  1.8931388850e-02 
 939.000  7.1349441000e-01  2.1119853970e-02 
 940.000  7.0985184200e-01  2.1406072620e-02 
 941.000  6.9371294900e-01  2.0600250240e-02 
 942.000  6.6716239200e-01  1.9134305950e-02 
 943.000  7.0294671200e-01  1.9142354970e-02 
 944.000  6.8362430100e-01  1.8543552400e-02 
 945.000  6.9017492500e-01  1.9048379900e-02 
 946.000  6.9953307700e-01  1.9328231810e-02 
 947.000  6.9530550600e-01  1.9536903380e-02 
 948.000  6.9950782900e-01  1.9852878570e-02 
 949.000  7.0172318400e-01  1.9895898820e-02 
 950.000  6.9709719700e-01  1.9815851210e-02 
 951.000  6.9296190100e-01  2.0165800090e-02 
 952.000  6.9288327300e-01  1.9676345830e-02 
 953.000  6.9097266500e-01  1.9974721910e-02 
 954.000  6.8429933100e-01  2.0191129680e-02 
 955.000  6.3917030400e-01  1.8567445760e-02 
 956.000  6.8184470200e-01  1.9757547380e-02 
 957.000  6.8149477600e-01  2.0867744450e-02 
 958.000  6.8674776300e-01  2.1214881900e-02 
 959.000  6.8940049700e-01  2.1091747280e-02 
 960.000  6.8288586500e-01  2.0839710240e-02 
 961.000  6.7556007500e-01  2.0513425830e-02 
 962.000  6.7892101300e-01  2.0708271030e-02 
 963.000  6.7752019500e-01  2.1410211560e-02 
 964.000  6.6976809900e-01  2.1280416490e-02 
 965.000  6.7795347500e-01  2.1461555480e-02 
 966.000  6.5838201200e-01  2.0886714940e-02 
 967.000  6.7796247100e-01  2.2130212780e-02 
 968.000  6.7049286500e-01  2.2921943660e-02 
 969.000  6.7458949700e-01  2.3515142440e-02 
 970.000  6.7642056400e-01  2.3599208830e-02 
 971.000  6.7043135700e-01  2.3370250700e-02 
 972.000  6.7517757300e-01  2.3390773770e-02 
 973.000  6.6893775900e-01  2.2867612840e-02 
 974.000  6.5868118900e-01  2.2153430940e-02 
 975.000  6.6197545900e-01  2.2018583300e-02 
 976.000  6.6998769200e-01  2.2564205170e-02 
 977.000  6.5300078800e-01  2.2432548520e-02 
 978.000  6.6915032100e-01  2.2948081970e-02 
 979.000  6.4970712500e-01  2.2395996090e-02 
 980.000  6.5886852800e-01  2.3186660770e-02 
 981.000  6.6335792900e-01  2.3461788180e-02 
 982.000  6.6192653200e-01  2.3295997620e-02 
 983.000  6.6013438800e-01  2.3505266190e-02 
 984.000  6.5571345000e-01  2.3654729840e-02 
 985.000  6.5540057100e-01  2.3833368300e-02 
 986.000  6.5005199600e-01  2.3908922200e-02 
 987.000  6.5744233400e-01  2.4306285860e-02 
 988.000  6.4933596200e-01  2.4029975890e-02 
 989.000  6.4109064900e-01  2.3736198430e-02 
 990.000  6.4655354600e-01  2.3962472920e-02 
 991.000  6.5179684500e-01  2.4244503020e-02 
 992.000  6.4576414000e-01  2.4020305630e-02 
 993.000  6.4572040800e-01  2.3996145250e-02 
 994.000  6.4895350600e-01  2.4183576580e-02 
 995.000  6.4413899300e-01  2.4062637330e-02 
 996.000  6.4401263000e-01  2.4020730970e-02 
 997.000  6.4473850100e-01  2.3950462340e-02 
 998.000  6.4237752300e-01  2.3777532580e-02 
 999.000  6.4080499700e-01  2.3660940170e-02 
1000.000  6.3568983800e-01  2.3453880310e-02 
1001.000  6.3928922200e-01  2.3462354660e-02 
1002.000  6.3869773400e-01  2.3251514430e-02 
1003.000  6.3116713700e-01  2.3012340550e-02 
1004.000  6.2573692200e-01  2.2909746170e-02 
1005.000  5.8458345100e-01  2.1442407610e-02 
1006.000  6.1506753500e-01  2.2571050640e-02 
1007.000  6.2633408800e-01  2.2943147660e-02 
1008.000  6.2922419200e-01  2.2899932860e-02 
1009.000  6.2571777700e-01  2.2591268540e-02 
1010.000  6.2791156200e-01  2.2741994860e-02 
1011.000  6.2419366800e-01  2.2797943120e-02 
1012.000  6.2423471000e-01  2.2874954220e-02 
1013.000  6.1961549200e-01  2.2766599660e-02 
1014.000  6.2351937700e-01  2.2968257900e-02 
1015.000  6.1199969800e-01  2.2582572940e-02 
1016.000  6.1586344900e-01  2.2789281850e-02 
1017.000  6.0973098800e-01  2.2598567960e-02 
1018.000  6.1779500700e-01  2.2907510760e-02 
1019.000  6.0391952000e-01  2.2349460600e-02 
1020.000  6.0257120800e-01  2.2291343690e-02 
1021.000  6.0839174200e-01  2.2490306850e-02 
1022.000  5.9955654900e-01  2.2003116610e-02 
1023.000  6.1132777700e-01  2.2291837690e-02 
1024.000  6.0838102600e-01  2.2073554990e-02 
1025.000  6.0766233500e-01  2.2105184560e-02 
1026.000  6.0812575600e-01  2.2161684040e-02 
1027.000  6.0456196600e-01  2.2046854020e-02 
1028.000  6.0589386300e-01  2.2157680510e-02 
1029.000  5.9643569900e-01  2.1902799610e-02 
1030.000  6.0218679000e-01  2.2220104220e-02 
1031.000  6.0015839500e-01  2.2224126820e-02 
1032.000  5.9794311300e-01  2.2195182800e-02 
1033.000  5.8690644100e-01  2.1766908650e-02 
1034.000  5.9305062000e-01  2.1970916750e-02 
1035.000  5.8665952900e-01  2.1713500980e-02 
1036.000  5.9435331900e-01  2.1990518570e-02 
1037.000  5.8182776400e-01  2.1505641940e-02 
1038.000  5.8754671600e-01  2.1695528030e-02 
1039.000  5.9005884500e-01  2.1755895610e-02 
1040.000  5.8316504300e-01  2.1472091670e-02 
1041.000  5.8629843500e-01  2.1558794020e-02 
1042.000  5.8806587100e-01  2.1599033360e-02 
1043.000  5.7792989700e-01  2.1203779220e-02 
1044.000  5.8374854500e-01  2.1390090940e-02 
1045.000  5.8141427700e-01  2.1333551410e-02 
1046.000  5.6461490600e-01  2.0756242750e-02 
1047.000  5.7513038600e-01  2.1181566240e-02 
1048.000  5.8102126400e-01  2.1438919070e-02 
1049.000  5.7745476500e-01  2.1349405290e-02 
1050.000  5.7418984100e-01  2.1263687130e-02 
1051.000  5.7451876500e-01  2.1241203310e-02 
1052.000  5.7201516200e-01  2.1108373640e-02 
1053.000  5.7229592500e-01  2.1090442660e-02 
1054.000  5.6669825700e-01  2.0837604520e-02 
1055.000  5.7114594500e-01  2.0952159880e-02 
1056.000  5.6986325000e-01  2.0862474440e-02 
1057.000  5.6944174300e-01  2.0797555920e-02 
1058.000  5.6448263700e-01  2.0541570660e-02 
1059.000  5.4667496000e-01  1.9916151050e-02 
1060.000  5.6587547900e-01  2.0680278780e-02 
1061.000  5.4616703400e-01  1.9964202880e-02 
1062.000  5.6193610400e-01  2.0500364300e-02 
1063.000  5.5266821100e-01  2.0132703780e-02 
1064.000  5.6009582000e-01  2.0313718800e-02 
1065.000  5.6000693800e-01  2.0209814070e-02 
1066.000  5.4279931600e-01  1.9550798420e-02 
1067.000  5.5598390200e-01  1.9969728470e-02 
1068.000  5.5464243300e-01  1.9783611300e-02 
1069.000  5.1327311100e-01  1.8249378200e-02 
1070.000  5.4359369000e-01  1.9369161610e-02 
1071.000  5.4500278400e-01  1.9400049210e-02 
1072.000  5.4736562700e-01  1.9466156010e-02 
1073.000  5.2945397800e-01  1.8853319170e-02 
1074.000  5.4793364400e-01  1.9555799480e-02 
1075.000  5.3018327100e-01  1.9028247830e-02 
1076.000  5.4232069600e-01  1.9429756160e-02 
1077.000  5.4173559200e-01  1.9359458920e-02 
1078.000  5.4386157800e-01  1.9378358840e-02 
1079.000  5.2302543500e-01  1.8641626360e-02 
1080.000  5.4043318700e-01  1.9096971510e-02 
1081.000  5.2064912500e-01  1.8382349010e-02 
1082.000  5.2648606900e-01  1.8619911190e-02 
1083.000  5.1320449000e-01  1.8019748690e-02 
1084.000  5.3383148700e-01  1.8608024600e-02 
1085.000  5.2922245200e-01  1.8204465870e-02 
1086.000  5.3557083900e-01  1.8426151280e-02 
1087.000  5.0028027000e-01  1.7398956300e-02 
1088.000  5.3049938000e-01  1.8505273820e-02 
1089.000  5.1327708100e-01  1.7677516940e-02 
1090.000  5.2501186900e-01  1.8073581700e-02 
1091.000  5.2781579200e-01  1.8263402940e-02 
1092.000  5.1705442900e-01  1.7809619900e-02 
1093.000  5.1392182700e-01  1.7470911030e-02 
1094.000  4.6890295100e-01  1.5809697150e-02 
1095.000  5.0731845400e-01  1.7085779190e-02 
1096.000  5.0805198600e-01  1.7093782420e-02 
1097.000  4.9884670700e-01  1.6690629960e-02 
1098.000  4.9789534300e-01  1.6047014240e-02 
1099.000  5.0238477900e-01  1.5643072130e-02 
1100.000  5.1079799100e-01  1.5939240460e-02 
1101.000  5.0921614300e-01  1.5958951000e-02 
1102.000  4.8829477400e-01  1.5263953210e-02 
1103.000  5.0733519400e-01  1.5900019650e-02 
1104.000  5.0408991600e-01  1.5706450460e-02 
1105.000  5.0444983300e-01  1.5501606940e-02 
1106.000  5.0133945600e-01  1.5207412720e-02 
1107.000  5.0044051400e-01  1.5217280390e-02 
1108.000  4.9860083200e-01  1.5180841450e-02 
1109.000  4.9991690700e-01  1.5369503970e-02 
1110.000  5.0248211500e-01  1.5398621560e-02 
1111.000  4.9644514800e-01  1.5107040410e-02 
1112.000  4.9203052100e-01  1.4579319950e-02 
1113.000  4.9030476800e-01  1.4053859710e-02 
1114.000  4.9561356200e-01  1.4057359700e-02 
1115.000  4.9062104800e-01  1.3448836330e-02 
1116.000  4.8441235900e-01  1.3030559540e-02 
1117.000  4.9015619900e-01  1.2680191040e-02 
1118.000  4.8502049900e-01  1.2136393550e-02 
1119.000  4.7145313200e-01  1.1613175390e-02 
1120.000  4.7240376200e-01  1.1428582190e-02 
1121.000  4.7540846700e-01  1.1457957270e-02 
1122.000  4.7320206100e-01  1.1199773790e-02 
1123.000  4.7542563900e-01  1.1370149610e-02 
1124.000  4.7634280500e-01  1.1470535280e-02 
1125.000  4.6641762100e-01  1.1192672730e-02 
1126.000  4.5749539400e-01  1.0962877270e-02 
1127.000  4.7298325900e-01  1.1349411960e-02 
1128.000  4.6433625900e-01  1.1172215460e-02 
1129.000  4.6723552700e-01  1.1448286060e-02 
1130.000  4.6815519800e-01  1.2009228710e-02 
1131.000  4.7328719500e-01  1.2306484220e-02 
1132.000  4.7428586900e-01  1.2101035120e-02 
1133.000  4.6203193600e-01  1.1402041440e-02 
1134.000  4.5662859400e-01  1.0649577140e-02 
1135.000  4.6261107800e-01  1.0832769390e-02 
1136.000  4.6453392800e-01  1.1511246680e-02 
1137.000  4.7133590200e-01  1.2081540110e-02 
1138.000  4.5527324400e-01  1.2085947990e-02 
1139.000  4.6549107400e-01  1.2517673490e-02 
1140.000  4.6671741400e-01  1.2461467740e-02 
1141.000  4.5322459100e-01  1.1938927650e-02 
1142.000  4.6549126000e-01  1.2199158670e-02 
1143.000  4.5711024100e-01  1.1792906760e-02 
1144.000  4.5383357100e-01  1.1509595870e-02 
1145.000  4.5645160400e-01  1.1307334900e-02 
1146.000  4.6112794600e-01  1.1482039450e-02 
1147.000  4.6346829600e-01  1.1757173540e-02 
1148.000  4.5906094000e-01  1.1847410200e-02 
1149.000  4.6053524500e-01  1.1970601080e-02 
1150.000  4.5858057700e-01  1.1934453010e-02 
1151.000  4.5723454100e-01  1.2040840150e-02 
1152.000  4.5638073300e-01  1.2089348790e-02 
1153.000  4.5558436400e-01  1.2173540120e-02 
1154.000  4.5906203400e-01  1.2249122620e-02 
1155.000  4.6064268700e-01  1.2509572030e-02 
1156.000  4.5439939200e-01  1.2587741850e-02 
1157.000  4.5866039100e-01  1.3283366200e-02 
1158.000  4.5873316200e-01  1.3595479010e-02 
1159.000  4.5224676100e-01  1.3703574180e-02 
1160.000  4.4650144600e-01  1.3667339320e-02 
1161.000  4.3687228700e-01  1.3696151730e-02 
1162.000  4.5268786200e-01  1.4465329170e-02 
1163.000  4.5456681900e-01  1.4844002720e-02 
1164.000  4.4533457100e-01  1.4606720920e-02 
1165.000  4.5392948400e-01  1.4941061020e-02 
1166.000  4.4215436100e-01  1.4634109500e-02 
1167.000  4.4932649800e-01  1.4922651290e-02 
1168.000  4.5325365900e-01  1.5039987560e-02 
1169.000  4.3757995200e-01  1.4569140430e-02 
1170.000  4.4934759000e-01  1.5004353520e-02 
1171.000  4.5142699000e-01  1.5175610540e-02 
1172.000  4.5001336400e-01  1.5068802830e-02 
1173.000  4.4687896600e-01  1.4908261300e-02 
1174.000  4.4710487800e-01  1.4918853760e-02 
1175.000  4.4187111600e-01  1.4896130560e-02 
1176.000  4.3120401500e-01  1.4675603870e-02 
1177.000  4.4451731500e-01  1.5057435990e-02 
1178.000  4.3700815400e-01  1.4664448740e-02 
1179.000  4.3504900900e-01  1.4597880360e-02 
1180.000  4.4115578300e-01  1.4751280780e-02 
1181.000  4.3890157900e-01  1.4550004960e-02 
1182.000  4.3945724200e-01  1.4439185140e-02 
1183.000  4.1394123800e-01  1.3609744070e-02 
1184.000  4.3259764700e-01  1.4288383480e-02 
1185.000  4.3832229000e-01  1.4647542950e-02 
1186.000  4.3571196900e-01  1.4502504350e-02 
1187.000  4.3586771500e-01  1.4324859620e-02 
1188.000  4.3363018700e-01  1.4194636340e-02 
1189.000  4.0826192800e-01  1.3443632130e-02 
1190.000  4.2833800600e-01  1.4347630500e-02 
1191.000  4.3501794900e-01  1.4619639400e-02 
1192.000  4.3264890100e-01  1.4626842500e-02 
1193.000  4.3281611100e-01  1.4568344120e-02 
1194.000  4.3200088000e-01  1.4514804840e-02 
1195.000  4.2715836600e-01  1.4237610820e-02 
1196.000  4.2688831400e-01  1.4244359970e-02 
1197.000  4.2677598300e-01  1.4184999470e-02 
1198.000  4.1244140900e-01  1.3696114540e-02 
1199.000  3.9711446000e-01  1.3123152730e-02 
1200.000  4.2214760500e-01  1.3985927580e-02 
1201.000  4.2517601000e-01  1.4103899960e-02 
1202.000  4.2599152500e-01  1.4151059150e-02 
1203.000  4.0520063500e-01  1.3432110790e-02 
1204.000  4.1191520400e-01  1.3685656550e-02 
1205.000  4.2147023600e-01  1.4202145580e-02 
1206.000  4.1890612100e-01  1.4209424020e-02 
1207.000  4.2171944900e-01  1.4344227790e-02 
1208.000  4.1557985500e-01  1.4105735780e-02 
1209.000  3.8961543500e-01  1.3177460670e-02 
1210.000  4.1689904900e-01  1.4020619390e-02 
1211.000  4.0297259300e-01  1.3543611530e-02 
1212.000  4.1558918200e-01  1.3997288700e-02 
1213.000  4.1712531800e-01  1.4138374330e-02 
1214.000  4.1534013300e-01  1.4075612070e-02 
1215.000  4.1676682100e-01  1.4163790700e-02 
1216.000  4.1553397400e-01  1.4261075020e-02 
1217.000  4.1466988800e-01  1.4346158980e-02 
1218.000  4.1321856600e-01  1.4342851640e-02 
1219.000  4.0935122800e-01  1.4231876370e-02 
1220.000  4.1210300400e-01  1.4316981320e-02 
1221.000  4.1124960900e-01  1.4288744930e-02 
1222.000  4.0897149400e-01  1.4202604290e-02 
1223.000  4.0696953200e-01  1.4156768800e-02 
1224.000  4.0991119900e-01  1.4350695610e-02 
1225.000  4.0758665600e-01  1.4298259740e-02 
1226.000  4.0891546600e-01  1.4382880210e-02 
1227.000  3.9488372000e-01  1.3944188120e-02 
1228.000  4.0698436700e-01  1.4439139370e-02 
1229.000  4.0630905600e-01  1.4462343220e-02 
1230.000  4.0467929100e-01  1.4460079190e-02 
1231.000  4.0454626600e-01  1.4488864900e-02 
1232.000  3.9994626800e-01  1.4338188170e-02 
1233.000  4.0306672000e-01  1.4459287640e-02 
1234.000  4.0159957800e-01  1.4481638910e-02 
1235.000  3.9872564900e-01  1.4401371000e-02 
1236.000  4.0098542700e-01  1.4490053180e-02 
1237.000  4.0087965100e-01  1.4511555670e-02 
1238.000  4.0059501600e-01  1.4508279800e-02 
1239.000  3.9601073700e-01  1.4344392780e-02 
1240.000  3.9423302500e-01  1.4314641950e-02 
1241.000  3.9784141200e-01  1.4473499300e-02 
1242.000  3.9562211600e-01  1.4417596820e-02 
1243.000  3.9129104200e-01  1.4285780910e-02 
1244.000  3.8794170900e-01  1.4177641870e-02 
1245.000  3.9472219900e-01  1.4435769080e-02 
1246.000  3.9178781700e-01  1.4283164020e-02 
1247.000  3.8999997400e-01  1.4171603200e-02 
1248.000  3.9316811700e-01  1.4237692830e-02 
1249.000  3.9183687300e-01  1.4152132030e-02 
1250.000  3.9044218800e-01  1.4055964470e-02 
1251.000  3.8791010500e-01  1.3930407520e-02 
1252.000  3.8691275000e-01  1.3855667110e-02 
1253.000  3.8388824500e-01  1.3706747060e-02 
1254.000  3.8521464100e-01  1.3682683940e-02 
1255.000  3.8480300400e-01  1.3617774010e-02 
1256.000  3.8420848500e-01  1.3553847310e-02 
1257.000  3.8009304800e-01  1.3326419830e-02 
1258.000  3.8208496000e-01  1.3253472330e-02 
1259.000  3.7818781700e-01  1.2999647140e-02 
1260.000  3.7900335900e-01  1.2903194430e-02 
1261.000  3.7855589400e-01  1.2760685920e-02 
1262.000  3.7045426100e-01  1.2325306890e-02 
1263.000  3.7494708500e-01  1.2449202540e-02 
1264.000  3.6910914460e-01  1.2246852870e-02 
1265.000  3.6978148980e-01  1.2277327540e-02 
1266.000  3.7216914720e-01  1.2325076100e-02 
1267.000  3.6519887540e-01  1.2059956550e-02 
1268.000  3.6160166660e-01  1.1895790100e-02 
1269.000  3.6498625940e-01  1.1986229900e-02 
1270.000  3.6899877840e-01  1.2261487010e-02 
1271.000  3.7104827500e-01  1.2399065020e-02 
1272.000  3.6995088840e-01  1.2428393360e-02 
1273.000  3.6963289610e-01  1.2486256600e-02 
1274.000  3.6742569330e-01  1.2485381130e-02 
1275.000  3.6958843320e-01  1.2588182450e-02 
1276.000  3.7018231210e-01  1.2619422910e-02 
1277.000  3.6990564440e-01  1.2608160970e-02 
1278.000  3.6884560900e-01  1.2567480090e-02 
1279.000  3.6637679400e-01  1.2504932400e-02 
1280.000  3.6421290710e-01  1.2517296790e-02 
1281.000  3.5382528050e-01  1.2242954250e-02 
1282.000  3.1420406090e-01  1.0944673540e-02 
1283.000  3.4483359510e-01  1.2068931580e-02 
1284.000  3.5906251630e-01  1.2602962490e-02 
1285.000  3.6169685050e-01  1.2714435580e-02 
1286.000  3.6157745490e-01  1.2678561210e-02 
1287.000  3.6378834530e-01  1.2701064110e-02 
1288.000  3.6150775990e-01  1.2445623400e-02 
1289.000  3.6366297140e-01  1.2468044280e-02 
1290.000  3.5533015010e-01  1.2166444780e-02 
1291.000  3.6019453210e-01  1.2321104050e-02 
1292.000  3.6169728300e-01  1.2398649220e-02 
1293.000  3.6202044490e-01  1.2378716470e-02 
1294.000  3.5627461230e-01  1.2075230600e-02 
1295.000  3.6010995940e-01  1.2070292470e-02 
1296.000  3.6037475460e-01  1.1976749420e-02 
1297.000  3.5815297260e-01  1.1841907500e-02 
1298.000  3.5495229040e-01  1.1741338730e-02 
1299.000  3.5851607230e-01  1.1862371440e-02 
1300.000  3.5707684180e-01  1.1818220140e-02 
1301.000  3.5650903130e-01  1.1777576450e-02 
1302.000  3.5193374290e-01  1.1544178960e-02 
1303.000  3.5004280100e-01  1.1307994840e-02 
1304.000  3.5027245670e-01  1.1225786210e-02 
1305.000  3.5242780020e-01  1.1245247840e-02 
1306.000  3.5276513900e-01  1.1202091220e-02 
1307.000  3.5172283600e-01  1.1128811840e-02 
1308.000  3.5142257680e-01  1.1029145240e-02 
1309.000  3.5111001090e-01  1.0894096370e-02 
1310.000  3.4965102960e-01  1.0841307640e-02 
1311.000  3.4858089400e-01  1.0811777110e-02 
1312.000  3.4749499400e-01  1.0631112100e-02 
1313.000  3.3466043800e-01  1.0070047380e-02 
1314.000  3.4510663070e-01  1.0231257440e-02 
1315.000  3.3348639060e-01  9.9550065990e-03 
1316.000  3.4124425840e-01  1.0294072150e-02 
1317.000  3.4491523170e-01  1.0403085710e-02 
1318.000  3.4003461440e-01  1.0076681140e-02 
1319.000  3.4469212900e-01  9.9836654660e-03 
1320.000  3.4214743010e-01  9.6745281220e-03 
1321.000  3.4064415120e-01  9.5464324950e-03 
1322.000  3.3996396370e-01  9.6574773790e-03 
1323.000  3.4071652150e-01  9.8296298980e-03 
1324.000  3.4089898200e-01  9.9220056530e-03 
1325.000  3.3980846770e-01  9.8276786800e-03 
1326.000  3.3821800790e-01  9.6237335210e-03 
1327.000  3.3551752840e-01  9.2400245670e-03 
1328.000  3.3640055940e-01  8.9820413590e-03 
1329.000  3.2412397510e-01  8.2246751790e-03 
1330.000  3.2919434290e-01  8.2047243120e-03 
1331.000  3.3066162790e-01  8.1499223710e-03 
1332.000  3.2311548590e-01  7.9927802090e-03 
1333.000  3.3165591140e-01  8.2837886810e-03 
1334.000  3.3207164950e-01  8.4071464540e-03 
1335.000  3.3235593040e-01  8.4970531460e-03 
1336.000  3.2875846570e-01  8.4340524670e-03 
1337.000  3.2982269200e-01  8.4729986190e-03 
1338.000  3.2957958140e-01  8.5257081990e-03 
1339.000  3.2603820450e-01  8.4514026640e-03 
1340.000  3.2369792790e-01  8.4401731490e-03 
1341.000  3.2858426870e-01  8.5247278210e-03 
1342.000  3.2777959200e-01  8.5104618070e-03 
1343.000  3.2775069880e-01  8.3314800260e-03 
1344.000  3.2625214120e-01  8.1231164930e-03 
1345.000  3.2374854880e-01  7.6960186960e-03 
1346.000  3.1857626780e-01  7.3842053410e-03 
1347.000  3.1918029960e-01  7.2586536410e-03 
1348.000  3.1560218140e-01  7.0280766490e-03 
1349.000  3.1345898620e-01  6.9002962110e-03 
1350.000  3.0705835010e-01  6.6018018720e-03 
1351.000  3.0488968890e-01  6.4444956780e-03 
1352.000  3.0544578430e-01  6.2896947860e-03 
1353.000  2.9959204120e-01  5.9626297950e-03 
1354.000  2.9597179610e-01  5.7690401080e-03 
1355.000  2.9032862000e-01  5.5248990060e-03 
1356.000  2.8605481950e-01  5.2942976950e-03 
1357.000  2.7935279060e-01  4.9834928510e-03 
1358.000  2.7974928680e-01  4.7872533800e-03 
1359.000  2.7202958360e-01  4.3125753400e-03 
1360.000  2.6205859130e-01  3.9428634640e-03 
1361.000  2.6425533050e-01  3.8387825490e-03 
1362.000  2.6199146260e-01  3.7674798970e-03 
1363.000  2.6225535230e-01  3.9807069300e-03 
1364.000  2.6752726850e-01  4.1323733330e-03 
1365.000  2.6739083170e-01  4.1694512370e-03 
1366.000  2.6926844290e-01  4.2814931870e-03 
1367.000  2.6431796760e-01  4.0964493750e-03 
1368.000  2.6434106180e-01  3.9990265370e-03 
1369.000  2.5957873460e-01  3.9501044750e-03 
1370.000  2.6509176840e-01  4.2811770440e-03 
1371.000  2.7287433240e-01  4.7533602710e-03 
1372.000  2.8371701670e-01  5.2988805770e-03 
1373.000  2.8782107570e-01  5.5864877700e-03 
1374.000  2.9110974510e-01  5.7592659000e-03 
1375.000  2.8702131950e-01  5.7263188360e-03 
1376.000  2.8273074660e-01  5.6043510440e-03 
1377.000  2.8530865230e-01  5.5771856310e-03 
1378.000  2.8040958290e-01  5.3310775760e-03 
1379.000  2.7855363430e-01  5.0635218620e-03 
1380.000  2.6856171020e-01  4.5551319120e-03 
1381.000  2.6250586980e-01  4.1369776730e-03 
1382.000  2.5435953680e-01  3.8386266230e-03 
1383.000  2.5658425350e-01  3.8526434900e-03 
1384.000  2.6228258630e-01  4.1948771480e-03 
1385.000  2.6436787940e-01  4.4306488040e-03 
1386.000  2.7234815190e-01  4.8056898120e-03 
1387.000  2.7625469490e-01  5.2282052040e-03 
1388.000  2.8204509930e-01  5.4933409690e-03 
1389.000  2.8429078450e-01  5.6031837460e-03 
1390.000  2.7928028160e-01  5.5238585470e-03 
1391.000  2.8201444630e-01  5.5241589550e-03 
1392.000  2.7757248550e-01  5.2779269220e-03 
1393.000  2.7302681270e-01  5.0333323480e-03 
1394.000  2.6697501100e-01  4.7708368300e-03 
1395.000  2.6827536540e-01  4.8626189230e-03 
1396.000  2.7420631480e-01  5.1505475040e-03 
1397.000  2.7727498300e-01  5.3486647610e-03 
1398.000  2.7748641030e-01  5.3687038420e-03 
1399.000  2.7567340730e-01  5.2868332860e-03 
1400.000  2.6766931600e-01  5.1102261540e-03 
1401.000  2.6888068770e-01  5.1474170680e-03 
1402.000  2.7544573880e-01  5.3802404400e-03 
1403.000  2.7474703480e-01  5.4295682910e-03 
1404.000  2.7266310250e-01  5.3505229950e-03 
1405.000  2.7283130080e-01  5.3581490520e-03 
1406.000  2.7244526880e-01  5.3013834950e-03 
1407.000  2.7271599180e-01  5.3026642800e-03 
1408.000  2.7355879510e-01  5.4183492660e-03 
1409.000  2.7647500580e-01  5.5454378130e-03 
1410.000  2.7766656730e-01  5.6891818050e-03 
1411.000  2.7973977130e-01  5.8146362300e-03 
1412.000  2.6880769480e-01  5.5788421630e-03 
1413.000  2.7399837350e-01  5.7111468320e-03 
1414.000  2.7758260530e-01  5.7544837000e-03 
1415.000  2.7742120220e-01  5.7934651370e-03 
1416.000  2.7691302040e-01  5.8225946430e-03 
1417.000  2.7893385510e-01  5.8538398740e-03 
1418.000  2.7904344860e-01  5.8493256570e-03 
1419.000  2.7506859530e-01  5.7540440560e-03 
1420.000  2.7446515790e-01  5.7473516460e-03 
1421.000  2.7902074080e-01  5.8943934440e-03 
1422.000  2.7278682040e-01  5.7803425790e-03 
1423.000  2.7112502860e-01  5.7359409330e-03 
1424.000  2.7137045870e-01  5.7193350790e-03 
1425.000  2.7660686980e-01  5.7832903860e-03 
1426.000  2.6541381270e-01  5.5350980760e-03 
1427.000  2.6955560520e-01  5.6336498260e-03 
1428.000  2.7540553840e-01  5.7622771260e-03 
1429.000  2.6894673550e-01  5.6345753670e-03 
1430.000  2.6310432810e-01  5.4830541610e-03 
1431.000  2.6250054300e-01  5.3863172530e-03 
1432.000  2.6727199910e-01  5.4293498990e-03 
1433.000  2.6740769850e-01  5.4119601250e-03 
1434.000  2.6201807140e-01  5.2690701480e-03 
1435.000  2.6521503110e-01  5.3600320820e-03 
1436.000  2.6525078490e-01  5.3610939980e-03 
1437.000  2.6629845170e-01  5.3723926540e-03 
1438.000  2.6565064230e-01  5.3898277280e-03 
1439.000  2.6879133350e-01  5.4428305630e-03 
1440.000  2.5215306360e-01  5.1094160080e-03 
1441.000  2.6485960750e-01  5.3571529390e-03 
1442.000  2.5869285290e-01  5.1984543800e-03 
1443.000  2.6298834680e-01  5.2634773250e-03 
1444.000  2.6426709200e-01  5.2835173610e-03 
1445.000  2.6346948090e-01  5.2512741090e-03 
1446.000  2.6629778920e-01  5.3175005910e-03 
1447.000  2.6508053890e-01  5.3015980720e-03 
1448.000  2.6710694050e-01  5.3245639800e-03 
1449.000  2.6700027950e-01  5.2831711770e-03 
1450.000  2.6520385330e-01  5.1918182370e-03 
1451.000  2.6349343740e-01  5.1464376450e-03 
1452.000  2.6024990380e-01  5.1058692930e-03 
1453.000  2.6520359230e-01  5.2719545360e-03 
1454.000  2.6623382200e-01  5.3736696240e-03 
1455.000  2.6286663660e-01  5.3567671780e-03 
1456.000  2.6274691680e-01  5.4066705700e-03 
1457.000  2.6526586500e-01  5.4411683080e-03 
1458.000  2.6889276990e-01  5.5015244480e-03 
1459.000  2.6989158360e-01  5.4305033680e-03 
1460.000  2.6529941710e-01  5.2580947880e-03 
1461.000  2.6472006460e-01  5.1885399820e-03 
1462.000  2.6182915920e-01  5.0351681710e-03 
1463.000  2.6008158970e-01  4.9730277060e-03 
1464.000  2.5990957040e-01  4.9235811230e-03 
1465.000  2.6291639660e-01  4.9082303050e-03 
1466.000  2.5665353780e-01  4.7124238010e-03 
1467.000  2.6280552330e-01  4.7654013630e-03 
1468.000  2.5633712950e-01  4.5855836870e-03 
1469.000  2.5916303850e-01  4.5557570460e-03 
1470.000  2.5766823430e-01  4.4842681880e-03 
1471.000  2.5359428590e-01  4.4472503660e-03 
1472.000  2.5512677390e-01  4.5327882770e-03 
1473.000  2.5737196490e-01  4.6757731440e-03 
1474.000  2.5028581590e-01  4.6314845090e-03 
1475.000  2.5560761390e-01  4.7027220730e-03 
1476.000  2.5601156780e-01  4.6848535540e-03 
1477.000  2.5676266450e-01  4.6371655460e-03 
1478.000  2.5304847270e-01  4.5104851720e-03 
1479.000  2.5594723640e-01  4.4932928090e-03 
1480.000  2.5734936620e-01  4.5181503300e-03 
1481.000  2.5351297470e-01  4.4867672920e-03 
1482.000  2.5666982540e-01  4.5862841610e-03 
1483.000  2.5138270380e-01  4.4947838780e-03 
1484.000  2.5370663460e-01  4.5237240790e-03 
1485.000  2.5853520610e-01  4.5873565670e-03 
1486.000  2.5427563530e-01  4.5524072650e-03 
1487.000  2.5456632950e-01  4.6663851740e-03 
1488.000  2.2254227750e-01  4.0781474110e-03 
1489.000  2.5552555050e-01  4.8431386950e-03 
1490.000  2.5612086810e-01  5.0058479310e-03 
1491.000  2.5866614790e-01  5.1670713420e-03 
1492.000  2.5265539450e-01  5.0666375160e-03 
1493.000  2.5833368710e-01  5.2590990070e-03 
1494.000  2.5735153390e-01  5.2459173200e-03 
1495.000  2.5555101520e-01  5.2822308540e-03 
1496.000  2.4799402200e-01  5.2535963060e-03 
1497.000  2.5381867240e-01  5.3711199760e-03 
1498.000  2.5638895250e-01  5.5456080440e-03 
1499.000  2.5207686580e-01  5.5640287400e-03 
1500.000  2.5637534640e-01  5.7403564450e-03 
1501.000  2.5600949030e-01  5.6961317060e-03 
1502.000  2.5403253220e-01  5.6005816460e-03 
1503.000  2.2810562760e-01  4.9927225110e-03 
1504.000  2.3765100470e-01  5.2273058890e-03 
1505.000  2.3691273750e-01  5.3162155150e-03 
1506.000  2.4010640800e-01  5.4150791170e-03 
1507.000  2.5111935340e-01  5.7669038770e-03 
1508.000  2.4719779840e-01  5.7408571240e-03 
1509.000  2.4826582650e-01  5.8364286420e-03 
1510.000  2.5210249310e-01  5.9645590780e-03 
1511.000  2.5324915670e-01  6.0490298270e-03 
1512.000  2.4849495490e-01  5.9765033720e-03 
1513.000  2.4807861050e-01  6.0020694730e-03 
1514.000  2.4468261790e-01  5.9407238960e-03 
1515.000  2.4949104820e-01  6.0799570080e-03 
1516.000  2.4717596520e-01  6.0066418650e-03 
1517.000  2.4571220220e-01  5.9660029410e-03 
1518.000  2.5024074400e-01  6.0950508120e-03 
1519.000  2.4652718720e-01  6.0289006230e-03 
1520.000  2.4804375300e-01  6.1360211370e-03 
1521.000  2.4331899740e-01  6.1010875700e-03 
1522.000  2.4189497570e-01  6.1077175140e-03 
1523.000  2.4778250800e-01  6.3132338520e-03 
1524.000  2.4602384090e-01  6.2952785490e-03 
1525.000  2.4054120780e-01  6.1680970190e-03 
1526.000  2.4731681250e-01  6.3304052350e-03 
1527.000  2.4464399880e-01  6.2671613690e-03 
1528.000  2.4612760300e-01  6.3174223900e-03 
1529.000  2.4534883820e-01  6.2813959120e-03 
1530.000  2.2951619700e-01  5.8820953370e-03 
1531.000  2.4524170780e-01  6.2711033820e-03 
1532.000  2.4366850410e-01  6.2191658020e-03 
1533.000  2.4243750640e-01  6.1661682130e-03 
1534.000  2.3858476980e-01  6.0463461880e-03 
1535.000  2.3919894410e-01  6.0412321090e-03 
1536.000  2.4239763220e-01  6.1562089920e-03 
1537.000  2.4296043610e-01  6.2194533350e-03 
1538.000  2.3611544200e-01  6.0939817430e-03 
1539.000  2.4094337650e-01  6.2667527200e-03 
1540.000  2.3211495080e-01  6.0765857700e-03 
1541.000  2.3687735830e-01  6.2108640670e-03 
1542.000  2.3828597840e-01  6.2478079800e-03 
1543.000  2.3739950100e-01  6.2327184680e-03 
1544.000  2.4008483590e-01  6.3162961010e-03 
1545.000  2.4048655140e-01  6.3481802940e-03 
1546.000  2.4027958020e-01  6.3756680490e-03 
1547.000  2.3762744030e-01  6.3343110080e-03 
1548.000  2.3042193340e-01  6.1702542300e-03 
1549.000  2.3632765910e-01  6.3472695350e-03 
1550.000  2.3501561480e-01  6.3286414150e-03 
1551.000  2.3378533600e-01  6.2924442290e-03 
1552.000  2.3775919260e-01  6.3866653440e-03 
1553.000  2.3641788730e-01  6.3432583810e-03 
1554.000  2.2775546600e-01  6.0979466440e-03 
1555.000  2.3140826260e-01  6.1914467810e-03 
1556.000  2.2690294310e-01  6.0964531900e-03 
1557.000  2.3426830150e-01  6.3451976780e-03 
1558.000  2.3247388010e-01  6.3392791750e-03 
1559.000  2.3258506740e-01  6.3828287120e-03 
1560.000  2.2856852660e-01  6.3182926180e-03 
1561.000  2.3400657790e-01  6.4831666950e-03 
1562.000  2.3408174230e-01  6.4662051200e-03 
1563.000  2.3074172290e-01  6.3632540700e-03 
1564.000  2.2639842370e-01  6.2223429680e-03 
1565.000  2.3031235880e-01  6.3014550210e-03 
1566.000  2.2594829070e-01  6.1914606090e-03 
1567.000  2.2660083190e-01  6.2104659080e-03 
1568.000  2.2279117730e-01  6.0941939350e-03 
1569.000  2.2461959420e-01  6.1281943320e-03 
1570.000  2.1958188390e-01  5.9881358150e-03 
1571.000  2.2546559780e-01  6.1773166660e-03 
1572.000  2.2566819640e-01  6.1954331400e-03 
1573.000  2.2189159590e-01  6.1245818140e-03 
1574.000  2.2211328050e-01  6.1727237700e-03 
1575.000  2.0599266360e-01  5.7568249700e-03 
1576.000  2.2130435130e-01  6.1924538610e-03 
1577.000  1.9974203280e-01  5.5673179630e-03 
1578.000  2.1845987000e-01  6.0655922890e-03 
1579.000  2.1939377830e-01  6.0744600300e-03 
1580.000  2.2329985930e-01  6.1753993030e-03 
1581.000  2.2181916320e-01  6.1115460400e-03 
1582.000  2.1672127080e-01  6.0085105900e-03 
1583.000  2.1881046540e-01  6.1026806830e-03 
1584.000  2.1634798050e-01  6.0699400900e-03 
1585.000  2.2237217670e-01  6.2692437170e-03 
1586.000  2.1957910860e-01  6.2037601470e-03 
1587.000  2.1690363110e-01  6.1582150460e-03 
1588.000  2.1343377910e-01  6.0868201260e-03 
1589.000  1.9521969980e-01  5.5780000690e-03 
1590.000  2.1037308890e-01  6.0257024770e-03 
1591.000  2.0565949590e-01  5.9072222710e-03 
1592.000  2.1656777800e-01  6.2314505580e-03 
1593.000  2.2148565840e-01  6.3796868320e-03 
1594.000  2.1993117020e-01  6.3402647970e-03 
1595.000  2.2139591580e-01  6.3863158230e-03 
1596.000  2.0738931800e-01  6.0009961130e-03 
1597.000  2.1584776910e-01  6.2410058980e-03 
1598.000  2.1992084660e-01  6.3445343970e-03 
1599.000  2.1255860990e-01  6.1126313210e-03 
1600.000  2.1610091420e-01  6.2035636900e-03 
1601.000  2.0700381610e-01  5.9586191180e-03 
1602.000  2.1229730100e-01  6.1410927770e-03 
1603.000  2.1068698710e-01  6.1429810520e-03 
1604.000  2.1327431380e-01  6.2743573190e-03 
1605.000  2.1012104040e-01  6.2178049090e-03 
1606.000  2.0926552260e-01  6.2319121360e-03 
1607.000  2.1014518830e-01  6.2316484450e-03 
1608.000  2.1253950660e-01  6.2772517200e-03 
1609.000  2.1172247280e-01  6.2338318820e-03 
1610.000  1.9851117840e-01  5.8309259410e-03 
1611.000  2.0421802850e-01  6.0000672340e-03 
1612.000  2.0596435210e-01  6.0558047290e-03 
1613.000  2.1036045990e-01  6.1879363060e-03 
1614.000  2.0829586860e-01  6.1043057440e-03 
1615.000  2.1156029670e-01  6.1971206670e-03 
1616.000  1.9821835420e-01  5.8003163340e-03 
1617.000  2.0393147330e-01  6.0109357830e-03 
1618.000  2.1028558760e-01  6.2224731450e-03 
1619.000  2.0954130300e-01  6.2453589440e-03 
1620.000  2.0419057480e-01  6.1291451450e-03 
1621.000  2.0112977680e-01  6.0723195080e-03 
1622.000  2.0619229590e-01  6.2315831180e-03 
1623.000  2.1032072270e-01  6.3724594120e-03 
1624.000  2.1177421290e-01  6.4273786540e-03 
1625.000  2.0645592290e-01  6.2924628260e-03 
1626.000  2.0898745940e-01  6.3600783350e-03 
1627.000  2.0871782670e-01  6.3702602390e-03 
1628.000  2.1039503570e-01  6.4308018680e-03 
1629.000  2.1036455920e-01  6.4375205040e-03 
1630.000  2.0465319660e-01  6.2632904050e-03 
1631.000  2.0785405740e-01  6.3721575740e-03 
1632.000  2.0790653450e-01  6.3256340030e-03 
1633.000  2.0523086880e-01  6.2105355260e-03 
1634.000  2.0042843820e-01  6.0297136310e-03 
1635.000  2.0580206030e-01  6.1608061790e-03 
1636.000  2.0525742130e-01  6.1062874790e-03 
1637.000  1.9611910700e-01  5.7993860240e-03 
1638.000  1.9468603570e-01  5.7318091390e-03 
1639.000  1.9274607000e-01  5.6348586080e-03 
1640.000  1.9390229830e-01  5.6374554630e-03 
1641.000  1.9270235150e-01  5.5838837620e-03 
1642.000  1.9246198790e-01  5.6354265210e-03 
1643.000  1.9740855320e-01  5.8357429500e-03 
1644.000  1.9435374440e-01  5.7985692020e-03 
1645.000  1.9478673020e-01  5.8611860280e-03 
1646.000  1.9712772160e-01  5.9805955890e-03 
1647.000  1.9897856150e-01  6.0367193220e-03 
1648.000  1.9821016920e-01  6.0066494940e-03 
1649.000  1.9368191110e-01  5.8682951930e-03 
1650.000  1.9858991510e-01  6.0179882050e-03 
1651.000  1.9411535270e-01  5.8820424080e-03 
1652.000  1.9798964420e-01  5.9973559380e-03 
1653.000  1.9576633770e-01  5.9390292170e-03 
1654.000  1.9796275460e-01  6.0087308880e-03 
1655.000  1.9399510550e-01  5.8997764590e-03 
1656.000  1.9772179100e-01  6.0212492940e-03 
1657.000  1.9628816310e-01  5.9791507720e-03 
1658.000  1.9734838180e-01  6.0210628510e-03 
1659.000  1.9371341540e-01  5.9126224520e-03 
1660.000  1.9607747050e-01  5.9794125560e-03 
1661.000  1.9684626850e-01  5.9889149670e-03 
1662.000  1.9552413910e-01  5.8975048070e-03 
1663.000  1.9429348230e-01  5.8160572050e-03 
1664.000  1.9347065380e-01  5.7463736530e-03 
1665.000  1.9149577870e-01  5.6432919500e-03 
1666.000  1.9056340210e-01  5.6111469270e-03 
1667.000  1.9208619100e-01  5.7085490230e-03 
1668.000  1.8883170820e-01  5.6457862850e-03 
1669.000  1.8913403320e-01  5.6973452570e-03 
1670.000  1.9320628810e-01  5.8649120330e-03 
1671.000  1.9173083250e-01  5.8617830280e-03 
1672.000  1.8264954350e-01  5.6334185600e-03 
1673.000  1.8803080190e-01  5.8396220210e-03 
1674.000  1.8890425020e-01  5.9107923510e-03 
1675.000  1.8715334380e-01  5.9062881470e-03 
1676.000  1.8417263840e-01  5.8290386200e-03 
1677.000  1.8505826390e-01  5.8568644520e-03 
1678.000  1.8592618140e-01  5.8904109000e-03 
1679.000  1.8345420030e-01  5.8079218860e-03 
1680.000  1.7704508630e-01  5.6095733640e-03 
1681.000  1.7083875380e-01  5.4160261150e-03 
1682.000  1.7577252100e-01  5.5720257760e-03 
1683.000  1.8016577260e-01  5.7070856090e-03 
1684.000  1.8352708290e-01  5.8103222850e-03 
1685.000  1.8424603560e-01  5.8190860750e-03 
1686.000  1.8202332110e-01  5.7394299510e-03 
1687.000  1.8303913770e-01  5.7372016910e-03 
1688.000  1.8338116380e-01  5.7187848090e-03 
1689.000  1.8117118390e-01  5.6367611890e-03 
1690.000  1.8133451440e-01  5.6102962490e-03 
1691.000  1.8370766010e-01  5.6915168760e-03 
1692.000  1.8404180150e-01  5.7166919710e-03 
1693.000  1.8334165820e-01  5.7129788400e-03 
1694.000  1.8306431780e-01  5.7194232940e-03 
1695.000  1.8327389700e-01  5.7297639850e-03 
1696.000  1.8220201540e-01  5.6661653520e-03 
1697.000  1.8116106110e-01  5.5933556560e-03 
1698.000  1.8225439250e-01  5.5901813510e-03 
1699.000  1.8107690610e-01  5.5203471180e-03 
1700.000  1.7875583620e-01  5.4182519910e-03 
