 lambda   Irr_dw            Rad_up 
 550.000  1.5550439600e+00  5.7231819150e-02 
 551.000  1.5447627600e+00  5.6695575710e-02 
 552.000  1.6106989000e+00  5.9070873260e-02 
 553.000  1.5470630700e+00  5.6554706570e-02 
 554.000  1.5970630800e+00  5.8315090180e-02 
 555.000  1.6010464900e+00  5.8241313930e-02 
 556.000  1.5564526900e+00  5.6410926820e-02 
 557.000  1.5098999500e+00  5.4668403630e-02 
 558.000  1.5668861000e+00  5.6523921970e-02 
 559.000  1.4807306700e+00  5.3282093050e-02 
 560.000  1.4869894400e+00  5.3445140840e-02 
 561.000  1.6340593500e+00  5.8501247410e-02 
 562.000  1.5001146600e+00  5.3611572270e-02 
 563.000  1.5693761200e+00  5.5874805450e-02 
 564.000  1.5473644400e+00  5.4818016050e-02 
 565.000  1.5661173600e+00  5.5396080020e-02 
 566.000  1.4440225100e+00  5.0882415770e-02 
 567.000  1.5502845100e+00  5.4298526760e-02 
 568.000  1.5508607600e+00  5.3689590450e-02 
 569.000  1.5294595800e+00  5.1750942230e-02 
 570.000  1.5359929100e+00  5.1962146760e-02 
 571.000  1.4750213300e+00  5.0480644230e-02 
 572.000  1.5658686500e+00  5.2834827420e-02 
 573.000  1.5807222200e+00  5.3431339260e-02 
 574.000  1.5716566500e+00  5.3034202580e-02 
 575.000  1.5338287100e+00  5.1572109220e-02 
 576.000  1.5062123700e+00  5.0520687100e-02 
 577.000  1.5668722800e+00  5.2572963710e-02 
 578.000  1.5184126300e+00  5.1218486790e-02 
 579.000  1.5045897300e+00  5.0766716000e-02 
 580.000  1.5544435500e+00  5.2658046720e-02 
 581.000  1.5233126400e+00  5.1743160250e-02 
 582.000  1.5442689600e+00  5.2340847020e-02 
 583.000  1.5541716200e+00  5.2719631200e-02 
 584.000  1.5485124600e+00  5.2338500980e-02 
 585.000  1.5378962100e+00  5.1824443820e-02 
 586.000  1.4714938600e+00  4.9533908840e-02 
 587.000  1.5321062000e+00  5.1010925290e-02 
 588.000  1.5302336400e+00  4.9564758300e-02 
 589.000  1.3757380000e+00  4.2923522950e-02 
 590.000  1.4376577900e+00  4.4739299770e-02 
 591.000  1.5129842800e+00  4.8067478180e-02 
 592.000  1.4915968200e+00  4.6621788020e-02 
 593.000  1.4908581200e+00  4.7739147190e-02 
 594.000  1.5081475600e+00  4.7948478700e-02 
 595.000  1.4907945500e+00  4.6410491940e-02 
 596.000  1.5110330500e+00  4.8268222810e-02 
 597.000  1.5190876400e+00  4.8040737150e-02 
 598.000  1.4811570000e+00  4.7342678070e-02 
 599.000  1.4786770800e+00  4.7420616150e-02 
 600.000  1.4727836700e+00  4.7702224730e-02 
 601.000  1.4603575100e+00  4.7652469640e-02 
 602.000  1.4428871400e+00  4.7087337490e-02 
 603.000  1.4501268200e+00  4.7440258030e-02 
 604.000  1.4947949400e+00  4.9048801420e-02 
 605.000  1.4903665000e+00  4.8756591800e-02 
 606.000  1.4728716800e+00  4.8222591400e-02 
 607.000  1.4644040700e+00  4.7841178890e-02 
 608.000  1.4589052000e+00  4.7528350830e-02 
 609.000  1.4438421200e+00  4.7000587460e-02 
 610.000  1.4206198100e+00  4.6118362430e-02 
 611.000  1.4436025000e+00  4.6810085300e-02 
 612.000  1.4247614800e+00  4.6154285430e-02 
 613.000  1.4039119500e+00  4.5366794590e-02 
 614.000  1.3527315100e+00  4.3691314700e-02 
 615.000  1.4180646100e+00  4.5645915990e-02 
 616.000  1.3483210000e+00  4.3389434810e-02 
 617.000  1.3560055500e+00  4.3583873750e-02 
 618.000  1.4200921900e+00  4.5461112980e-02 
 619.000  1.4072653800e+00  4.5064857480e-02 
 620.000  1.4282719600e+00  4.5551380160e-02 
 621.000  1.4531394600e+00  4.6293346410e-02 
 622.000  1.3768182200e+00  4.3751430510e-02 
 623.000  1.3880373600e+00  4.3888805390e-02 
 624.000  1.3899795100e+00  4.3983936310e-02 
 625.000  1.3527616100e+00  4.2759777070e-02 
 626.000  1.3606865100e+00  4.2759532930e-02 
 627.000  1.3891451500e+00  4.3092903140e-02 
 628.000  1.3957007900e+00  4.1747222900e-02 
 629.000  1.4165948100e+00  4.2971981050e-02 
 630.000  1.3657535300e+00  4.1813632970e-02 
 631.000  1.4115424500e+00  4.3330154420e-02 
 632.000  1.3169887300e+00  4.0178905490e-02 
 633.000  1.4071167000e+00  4.3318954470e-02 
 634.000  1.3625381800e+00  4.2107982640e-02 
 635.000  1.3870324600e+00  4.2879783630e-02 
 636.000  1.3368085100e+00  4.1401107790e-02 
 637.000  1.3801037000e+00  4.2795589450e-02 
 638.000  1.3988366700e+00  4.3530742650e-02 
 639.000  1.3869958400e+00  4.2999347690e-02 
 640.000  1.3420520400e+00  4.1851707460e-02 
 641.000  1.3612877300e+00  4.2391090390e-02 
 642.000  1.3439397100e+00  4.1870811460e-02 
 643.000  1.3691212400e+00  4.2454303740e-02 
 644.000  1.3533381800e+00  4.1826190950e-02 
 645.000  1.3675618500e+00  4.2085872650e-02 
 646.000  1.3253585700e+00  3.9774368290e-02 
 647.000  1.3506128000e+00  3.9848674770e-02 
 648.000  1.3561804100e+00  3.9493705750e-02 
 649.000  1.3761808800e+00  4.0393142700e-02 
 650.000  1.2629170200e+00  3.8013492580e-02 
 651.000  1.3605107500e+00  4.0913555150e-02 
 652.000  1.3459502600e+00  3.9550544740e-02 
 653.000  1.3596146000e+00  4.0943653110e-02 
 654.000  1.3433840700e+00  4.0168323520e-02 
 655.000  1.3127728100e+00  3.8832138060e-02 
 656.000  1.1132133400e+00  3.2981521610e-02 
 657.000  1.1858942800e+00  3.5294937130e-02 
 658.000  1.3165524100e+00  3.9600498200e-02 
 659.000  1.3172079800e+00  3.9758338930e-02 
 660.000  1.3264963700e+00  4.0123195650e-02 
 661.000  1.3290986800e+00  4.0509410860e-02 
 662.000  1.3467760400e+00  4.1148235320e-02 
 663.000  1.3322082100e+00  4.0574874880e-02 
 664.000  1.3105355400e+00  3.9915966030e-02 
 665.000  1.3158794600e+00  4.0055347440e-02 
 666.000  1.3311551900e+00  4.0638973240e-02 
 667.000  1.3043385800e+00  3.9719787600e-02 
 668.000  1.3111999500e+00  4.0041526790e-02 
 669.000  1.3298080900e+00  4.0647602080e-02 
 670.000  1.3137754200e+00  3.9992721560e-02 
 671.000  1.2997036000e+00  3.9578887940e-02 
 672.000  1.2953983100e+00  3.9402656560e-02 
 673.000  1.3046014800e+00  3.9620327000e-02 
 674.000  1.3070777100e+00  3.9680397030e-02 
 675.000  1.2870485400e+00  3.8989933010e-02 
 676.000  1.3112940400e+00  3.9711566930e-02 
 677.000  1.2851411600e+00  3.8915073390e-02 
 678.000  1.3063350800e+00  3.9490169530e-02 
 679.000  1.2879292900e+00  3.8831581120e-02 
 680.000  1.2784766100e+00  3.8498565670e-02 
 681.000  1.2804619100e+00  3.8456798550e-02 
 682.000  1.2780223800e+00  3.8250759120e-02 
 683.000  1.2867125700e+00  3.8383548740e-02 
 684.000  1.2645021100e+00  3.7674091340e-02 
 685.000  1.2781743400e+00  3.8022071840e-02 
 686.000  1.2249784600e+00  3.6018798830e-02 
 687.000  1.2259790400e+00  3.1958923340e-02 
 688.000  1.2268831800e+00  3.2994644170e-02 
 689.000  1.2304277500e+00  3.2853710170e-02 
 690.000  1.2363723200e+00  3.3554611210e-02 
 691.000  1.2413353500e+00  3.4408039090e-02 
 692.000  1.2338630000e+00  3.4552009580e-02 
 693.000  1.2420182600e+00  3.3850669860e-02 
 694.000  1.2556609600e+00  3.3507411960e-02 
 695.000  1.2326693400e+00  3.3284114840e-02 
 696.000  1.2464707700e+00  3.3903942110e-02 
 697.000  1.2454090300e+00  3.5528465270e-02 
 698.000  1.2231210100e+00  3.4437042240e-02 
 699.000  1.2489715100e+00  3.3780822750e-02 
 700.000  1.2340363200e+00  3.3536182400e-02 
 701.000  1.2071134800e+00  3.2452827450e-02 
 702.000  1.2009116400e+00  3.2477035520e-02 
 703.000  1.2155089900e+00  3.3905090330e-02 
 704.000  1.2190639100e+00  3.4063419340e-02 
 705.000  1.2295128500e+00  3.3850261690e-02 
 706.000  1.2163910300e+00  3.3567245480e-02 
 707.000  1.1977769000e+00  3.3213619230e-02 
 708.000  1.2321812500e+00  3.4350505830e-02 
 709.000  1.1877299500e+00  3.3452285770e-02 
 710.000  1.2160053700e+00  3.3748497010e-02 
 711.000  1.2029892900e+00  3.3765167240e-02 
 712.000  1.1855773400e+00  3.3661930080e-02 
 713.000  1.1811725200e+00  3.3186660770e-02 
 714.000  1.2014788300e+00  3.3557064060e-02 
 715.000  1.1603603400e+00  3.1883090970e-02 
 716.000  1.1915217000e+00  3.2202346800e-02 
 717.000  1.1618182400e+00  2.8909076690e-02 
 718.000  1.1556647100e+00  2.7297245030e-02 
 719.000  1.1423586900e+00  2.6377847670e-02 
 720.000  1.1506934500e+00  2.5901386260e-02 
 721.000  1.1490314400e+00  2.9103738780e-02 
 722.000  1.1651226700e+00  3.0622636800e-02 
 723.000  1.1627577100e+00  2.9802028660e-02 
 724.000  1.1698091400e+00  2.8032270430e-02 
 725.000  1.1570380600e+00  2.7984498980e-02 
 726.000  1.1549206200e+00  2.7838844300e-02 
 727.000  1.1720032700e+00  2.8443973540e-02 
 728.000  1.1518711500e+00  2.7705886840e-02 
 729.000  1.1060879200e+00  2.7239543910e-02 
 730.000  1.1469629500e+00  2.8114410400e-02 
 731.000  1.1280540800e+00  2.7579061510e-02 
 732.000  1.1491693700e+00  2.9231800080e-02 
 733.000  1.1313130500e+00  3.0051826480e-02 
 734.000  1.1545210500e+00  3.1260837550e-02 
 735.000  1.1453137500e+00  3.0725315090e-02 
 736.000  1.1242868100e+00  2.9761692050e-02 
 737.000  1.1388747800e+00  3.0391878130e-02 
 738.000  1.1354218100e+00  3.0725223540e-02 
 739.000  1.0985535500e+00  2.9946800230e-02 
 740.000  1.1085278000e+00  3.0647193910e-02 
 741.000  1.0994604300e+00  3.0745811460e-02 
 742.000  1.0812938900e+00  3.0365875240e-02 
 743.000  1.1127476500e+00  3.1548597340e-02 
 744.000  1.1231764700e+00  3.1994688030e-02 
 745.000  1.0938413500e+00  3.1290512080e-02 
 746.000  1.1089778200e+00  3.1756950380e-02 
 747.000  1.1255870000e+00  3.2198200230e-02 
 748.000  1.1053586100e+00  3.1615634920e-02 
 749.000  1.1055523600e+00  3.1636953350e-02 
 750.000  1.0894052400e+00  3.1078519820e-02 
 751.000  1.0866013400e+00  3.0982143400e-02 
 752.000  1.1030624200e+00  3.1499135970e-02 
 753.000  1.0926229800e+00  3.1202457430e-02 
 754.000  1.1097301000e+00  3.1683250430e-02 
 755.000  1.1033609300e+00  3.1486465450e-02 
 756.000  1.0817589900e+00  3.0855840680e-02 
 757.000  1.0897511500e+00  3.1066322330e-02 
 758.000  1.0886289800e+00  3.0947429660e-02 
 759.000  1.0474108200e+00  2.7708826070e-02 
 760.000  8.2402732300e-01  1.3097124100e-02 
 761.000  7.9410675500e-01  1.1866348270e-02 
 762.000  9.2629157800e-01  1.9154861450e-02 
 763.000  9.1142349700e-01  1.7110498430e-02 
 764.000  9.3480780400e-01  1.8384540560e-02 
 765.000  9.8111394900e-01  2.1551404950e-02 
 766.000  9.7281441900e-01  2.3992925640e-02 
 767.000  1.0026953900e+00  2.5992250440e-02 
 768.000  1.0516262100e+00  2.8271566390e-02 
 769.000  1.0530817500e+00  2.9090028760e-02 
 770.000  1.0504024400e+00  2.9421245570e-02 
 771.000  1.0518586100e+00  2.9688394550e-02 
 772.000  1.0479657800e+00  2.9619546890e-02 
 773.000  1.0436536600e+00  2.9504377370e-02 
 774.000  1.0546632300e+00  2.9825263980e-02 
 775.000  1.0149417500e+00  2.8701763150e-02 
 776.000  1.0566664300e+00  2.9917926790e-02 
 777.000  1.0493487200e+00  2.9679294590e-02 
 778.000  1.0438012100e+00  2.9466310500e-02 
 779.000  1.0472767800e+00  2.9494916920e-02 
 780.000  1.0343996800e+00  2.9142160420e-02 
 781.000  1.0325391400e+00  2.9077516560e-02 
 782.000  1.0450751800e+00  2.9340793610e-02 
 783.000  1.0207320900e+00  2.8736970900e-02 
 784.000  1.0266424100e+00  2.8842168810e-02 
 785.000  1.0300192200e+00  2.8718935010e-02 
 786.000  1.0131531800e+00  2.8092706680e-02 
 787.000  1.0300425800e+00  2.8067771910e-02 
 788.000  1.0155704600e+00  2.7495952610e-02 
 789.000  1.0247083680e+00  2.7083562850e-02 
 790.000  1.0146598050e+00  2.6714715960e-02 
 791.000  1.0089262870e+00  2.6685041430e-02 
 792.000  9.9246773300e-01  2.6287321090e-02 
 793.000  9.9046235800e-01  2.6457681660e-02 
 794.000  9.7764429100e-01  2.6695436480e-02 
 795.000  9.7393714400e-01  2.6118474960e-02 
 796.000  9.9465853200e-01  2.5937412260e-02 
 797.000  9.9979751900e-01  2.6312856670e-02 
 798.000  9.9777002400e-01  2.6759899140e-02 
 799.000  9.9757596700e-01  2.6568183900e-02 
 800.000  9.7342761900e-01  2.5521572110e-02 
 801.000  9.9144813500e-01  2.6027549740e-02 
 802.000  9.8968151200e-01  2.5891895290e-02 
 803.000  9.7536878700e-01  2.5581460950e-02 
 804.000  9.8335841400e-01  2.6013603210e-02 
 805.000  9.5489830200e-01  2.5623806000e-02 
 806.000  9.7983073400e-01  2.6455812450e-02 
 807.000  9.7376916500e-01  2.6329338070e-02 
 808.000  9.6862270600e-01  2.6010698320e-02 
 809.000  9.5282363500e-01  2.5406661990e-02 
 810.000  9.4918629600e-01  2.5105585100e-02 
 811.000  9.6560814100e-01  2.5207551960e-02 
 812.000  9.6384907300e-01  2.4801078800e-02 
 813.000  9.6131988900e-01  2.4211555480e-02 
 814.000  9.6195621900e-01  2.3743051530e-02 
 815.000  9.5373802100e-01  2.2946212770e-02 
 816.000  9.4766008500e-01  2.2088531490e-02 
 817.000  9.5325019000e-01  2.2233657840e-02 
 818.000  9.4724187300e-01  2.2062198640e-02 
 819.000  9.2109703000e-01  2.1737663270e-02 
 820.000  9.0145487600e-01  2.2028062820e-02 
 821.000  9.2925644600e-01  2.3623264310e-02 
 822.000  9.0463925700e-01  2.2182016370e-02 
 823.000  9.2086663700e-01  2.0826974870e-02 
 824.000  9.3144828500e-01  2.2560575490e-02 
 825.000  9.2753182800e-01  2.3732130050e-02 
 826.000  9.3383432600e-01  2.3612960820e-02 
 827.000  9.3118246600e-01  2.3354299550e-02 
 828.000  9.3105829000e-01  2.2579896930e-02 
 829.000  9.2998585000e-01  2.2770858760e-02 
 830.000  9.1451506500e-01  2.2684076310e-02 
 831.000  8.9828712400e-01  2.2335103990e-02 
 832.000  9.1658378100e-01  2.2787292480e-02 
 833.000  8.8762748700e-01  2.2331464770e-02 
 834.000  9.0011008700e-01  2.2865583420e-02 
 835.000  9.0005289600e-01  2.3173337940e-02 
 836.000  9.1118390900e-01  2.3454687120e-02 
 837.000  9.0374750500e-01  2.3203971860e-02 
 838.000  9.0597423500e-01  2.3505264280e-02 
 839.000  8.7704384500e-01  2.2854488370e-02 
 840.000  9.0026437300e-01  2.3445808410e-02 
 841.000  9.0358130100e-01  2.3357374190e-02 
 842.000  8.9709881700e-01  2.3289104460e-02 
 843.000  8.8886731800e-01  2.3508754730e-02 
 844.000  8.7317535900e-01  2.3261821750e-02 
 845.000  8.8595049000e-01  2.3674316410e-02 
 846.000  8.9330487300e-01  2.4011667250e-02 
 847.000  8.6191600500e-01  2.3319862370e-02 
 848.000  8.8841596000e-01  2.3831478120e-02 
 849.000  8.8993324200e-01  2.3974187850e-02 
 850.000  7.6993218400e-01  2.0590015410e-02 
 851.000  8.8277701600e-01  2.3462965010e-02 
 852.000  8.4925783500e-01  2.2638561250e-02 
 853.000  8.5795675100e-01  2.2922817230e-02 
 854.000  6.8983078200e-01  1.8458589550e-02 
 855.000  7.5884234700e-01  2.0413047790e-02 
 856.000  8.5974383300e-01  2.3177900310e-02 
 857.000  8.7285476100e-01  2.3684341430e-02 
 858.000  8.5856713500e-01  2.3296298980e-02 
 859.000  8.5769419100e-01  2.3331600190e-02 
 860.000  8.4964919800e-01  2.3200578690e-02 
 861.000  8.4949819000e-01  2.3176357270e-02 
 862.000  8.4649058800e-01  2.3036756520e-02 
 863.000  8.6266550100e-01  2.3573747630e-02 
 864.000  8.6079111500e-01  2.3380722050e-02 
 865.000  8.4464174900e-01  2.3070987700e-02 
 866.000  7.0846961800e-01  1.9394107820e-02 
 867.000  7.5449099300e-01  2.0450559620e-02 
 868.000  8.1828535100e-01  2.2264987950e-02 
 869.000  8.0678226100e-01  2.1941080090e-02 
 870.000  8.4011783700e-01  2.2959665300e-02 
 871.000  8.3891577400e-01  2.2856134410e-02 
 872.000  8.3545219300e-01  2.2539592740e-02 
 873.000  8.3893728800e-01  2.2753002170e-02 
 874.000  8.2062922300e-01  2.2172853470e-02 
 875.000  8.1312035200e-01  2.2109582900e-02 
 876.000  8.2008332300e-01  2.2211849210e-02 
 877.000  8.3654815900e-01  2.2507436750e-02 
 878.000  8.2278206600e-01  2.2198591230e-02 
 879.000  8.2473957000e-01  2.2303419110e-02 
 880.000  8.2048753800e-01  2.1997169490e-02 
 881.000  7.7811582900e-01  2.0897636410e-02 
 882.000  8.2137724700e-01  2.1861734390e-02 
 883.000  8.0239708100e-01  2.1535863880e-02 
 884.000  8.0912487400e-01  2.1921916960e-02 
 885.000  8.1847238600e-01  2.1705047610e-02 
 886.000  7.9297696300e-01  2.1045289990e-02 
 887.000  7.8390437200e-01  2.0794446950e-02 
 888.000  8.0745807400e-01  2.1235044480e-02 
 889.000  8.1257299400e-01  2.1646892550e-02 
 890.000  8.1074828700e-01  2.1497495650e-02 
 891.000  8.0771077400e-01  2.1179422380e-02 
 892.000  8.0705786000e-01  2.0911392210e-02 
 893.000  7.8147168800e-01  1.9374834060e-02 
 894.000  8.0989338700e-01  1.9801225660e-02 
 895.000  7.7490348100e-01  1.8258558270e-02 
 896.000  8.0566071300e-01  1.8106437680e-02 
 897.000  7.8711208800e-01  1.7160608290e-02 
 898.000  7.8846700400e-01  1.6795101170e-02 
 899.000  7.8775668200e-01  1.5862864490e-02 
 900.000  7.6808477500e-01  1.5476971630e-02 
 901.000  7.5163024100e-01  1.4960342410e-02 
 902.000  7.3779643900e-01  1.4723903660e-02 
 903.000  7.7388966500e-01  1.6786233900e-02 
 904.000  7.8826357600e-01  1.7928785320e-02 
 905.000  7.8616762500e-01  1.8116086960e-02 
 906.000  7.6535098300e-01  1.7097848890e-02 
 907.000  7.7832005200e-01  1.6362216950e-02 
 908.000  7.5928153700e-01  1.5280255320e-02 
 909.000  7.4438574300e-01  1.4984020230e-02 
 910.000  7.5319085200e-01  1.5240682600e-02 
 911.000  7.5119363700e-01  1.5760699270e-02 
 912.000  7.5282063800e-01  1.5368339540e-02 
 913.000  7.7044040100e-01  1.4945134160e-02 
 914.000  7.6548284900e-01  1.5198629380e-02 
 915.000  7.5284732200e-01  1.5458347320e-02 
 916.000  7.6120362600e-01  1.5649706840e-02 
 917.000  7.4929009700e-01  1.5559880260e-02 
 918.000  7.4548583000e-01  1.5714337350e-02 
 919.000  7.5532085800e-01  1.7089227680e-02 
 920.000  7.4810966600e-01  1.7285737990e-02 
 921.000  7.3173138100e-01  1.6751287460e-02 
 922.000  7.2519691100e-01  1.6687658310e-02 
 923.000  6.9479234600e-01  1.5477088930e-02 
 924.000  7.2418256800e-01  1.6023962020e-02 
 925.000  7.3379713600e-01  1.6129184720e-02 
 926.000  7.0759745600e-01  1.5391478540e-02 
 927.000  7.3395818700e-01  1.5737392430e-02 
 928.000  7.3847577400e-01  1.4965598110e-02 
 929.000  7.2815974600e-01  1.3668217660e-02 
 930.000  7.2633058700e-01  1.2473177910e-02 
 931.000  7.2603210300e-01  1.1575008390e-02 
 932.000  7.1891854800e-01  1.0497311590e-02 
 933.000  7.2087884800e-01  9.9554328920e-03 
 934.000  7.1456640700e-01  9.3805742260e-03 
 935.000  7.0397742600e-01  9.1919384000e-03 
 936.000  6.9891016700e-01  9.2914237980e-03 
 937.000  7.1450986900e-01  9.4562816620e-03 
 938.000  7.0701435500e-01  9.9193410870e-03 
 939.000  7.1328383300e-01  1.1903468130e-02 
 940.000  7.0964346700e-01  1.2233222960e-02 
 941.000  6.9350991200e-01  1.1642584800e-02 
 942.000  6.6697047100e-01  1.0543709750e-02 
 943.000  7.0275053700e-01  1.0163680080e-02 
 944.000  6.8343314400e-01  9.8160877230e-03 
 945.000  6.8998176400e-01  1.0205924990e-02 
 946.000  6.9933894200e-01  1.0366391180e-02 
 947.000  6.9511008100e-01  1.0609730720e-02 
 948.000  6.9931290800e-01  1.0861125950e-02 
 949.000  7.0152813100e-01  1.0879889490e-02 
 950.000  6.9690361700e-01  1.0857535360e-02 
 951.000  6.9276768900e-01  1.1240285870e-02 
 952.000  6.9269299300e-01  1.0779751780e-02 
 953.000  6.9078144900e-01  1.1087997440e-02 
 954.000  6.8410918600e-01  1.1379581450e-02 
 955.000  6.3899519400e-01  1.0350442890e-02 
 956.000  6.8165774300e-01  1.1000831600e-02 
 957.000  6.8130616200e-01  1.2092390060e-02 
 958.000  6.8655843600e-01  1.2373891830e-02 
 959.000  6.8921149800e-01  1.2220350270e-02 
 960.000  6.8269922700e-01  1.2054695130e-02 
 961.000  6.7537648000e-01  1.1828049660e-02 
 962.000  6.7873779200e-01  1.1982498170e-02 
 963.000  6.7733610300e-01  1.2703741070e-02 
 964.000  6.6958582200e-01  1.2677495960e-02 
 965.000  6.7777049900e-01  1.2756920810e-02 
 966.000  6.5820592200e-01  1.2436879160e-02 
 967.000  6.7778053200e-01  1.3434189800e-02 
 968.000  6.7031084900e-01  1.4315797810e-02 
 969.000  6.7440158200e-01  1.4855599400e-02 
 970.000  6.7623509000e-01  1.4918930050e-02 
 971.000  6.7025064100e-01  1.4767593380e-02 
 972.000  6.7499929500e-01  1.4729347230e-02 
 973.000  6.6875994600e-01  1.4289848330e-02 
 974.000  6.5850863300e-01  1.3713962550e-02 
 975.000  6.6180187200e-01  1.3539758680e-02 
 976.000  6.6981100500e-01  1.3980368610e-02 
 977.000  6.5283015500e-01  1.4060706140e-02 
 978.000  6.6897754300e-01  1.4370764730e-02 
 979.000  6.4953866200e-01  1.4067837720e-02 
 980.000  6.5870109900e-01  1.4740983960e-02 
 981.000  6.6318586100e-01  1.4958944320e-02 
 982.000  6.6175502000e-01  1.4811462400e-02 
 983.000  6.5996482700e-01  1.5045456890e-02 
 984.000  6.5554414900e-01  1.5254527090e-02 
 985.000  6.5523131100e-01  1.5438309670e-02 
 986.000  6.4988460100e-01  1.5582196240e-02 
 987.000  6.5727458900e-01  1.5884163860e-02 
 988.000  6.4917111800e-01  1.5711758610e-02 
 989.000  6.4092963300e-01  1.5523797040e-02 
 990.000  6.4639183500e-01  1.5680006980e-02 
 991.000  6.5163284400e-01  1.5906216620e-02 
 992.000  6.4560222400e-01  1.5771927830e-02 
 993.000  6.4555696700e-01  1.5761549950e-02 
 994.000  6.4879196500e-01  1.5921255110e-02 
 995.000  6.4397427000e-01  1.5870421410e-02 
 996.000  6.4386955400e-01  1.5843132020e-02 
 997.000  6.4458094900e-01  1.5781058310e-02 
 998.000  6.4221906900e-01  1.5651177410e-02 
 999.000  6.4065040100e-01  1.5568643570e-02 
1000.000  6.3553611700e-01  1.5439066890e-02 
1001.000  6.3925788500e-01  1.5401263240e-02 
1002.000  6.3854451600e-01  1.5199830060e-02 
1003.000  6.3101723700e-01  1.5051820760e-02 
1004.000  6.2558461700e-01  1.5012809750e-02 
1005.000  5.8445559700e-01  1.4060811040e-02 
1006.000  6.1492933900e-01  1.4801135060e-02 
1007.000  6.2618767400e-01  1.5028999330e-02 
1008.000  6.2907579500e-01  1.4949052810e-02 
1009.000  6.2557032100e-01  1.4683753010e-02 
1010.000  6.2776355300e-01  1.4802999500e-02 
1011.000  6.2404897600e-01  1.4899477960e-02 
1012.000  6.2408870900e-01  1.4970390320e-02 
1013.000  6.1947528400e-01  1.4915277480e-02 
1014.000  6.2337285700e-01  1.5067379000e-02 
1015.000  6.1185745800e-01  1.4829176900e-02 
1016.000  6.1572267300e-01  1.4987802510e-02 
1017.000  6.0959118900e-01  1.4878676410e-02 
1018.000  6.1765384000e-01  1.5085286140e-02 
1019.000  6.0378213500e-01  1.4706731800e-02 
1020.000  6.0243375200e-01  1.4657561300e-02 
1021.000  6.0825955600e-01  1.4771862980e-02 
1022.000  5.9942126200e-01  1.4390884400e-02 
1023.000  6.1118829000e-01  1.4522992130e-02 
1024.000  6.0824540900e-01  1.4333927150e-02 
1025.000  6.0752592500e-01  1.4362494470e-02 
1026.000  6.0798714400e-01  1.4409215930e-02 
1027.000  6.0442679500e-01  1.4346904750e-02 
1028.000  6.0575648900e-01  1.4446417810e-02 
1029.000  5.9630309800e-01  1.4318084720e-02 
1030.000  6.0205449700e-01  1.4565169330e-02 
1031.000  6.0002775400e-01  1.4596070290e-02 
1032.000  5.9781068800e-01  1.4594668390e-02 
1033.000  5.8677495900e-01  1.4300990100e-02 
1034.000  5.9292393500e-01  1.4425248150e-02 
1035.000  5.8653334700e-01  1.4263857840e-02 
1036.000  5.9422683300e-01  1.4410077100e-02 
1037.000  5.8170626300e-01  1.4078536030e-02 
1038.000  5.8742244300e-01  1.4189325330e-02 
1039.000  5.8993514000e-01  1.4212493900e-02 
1040.000  5.8304053000e-01  1.4011608120e-02 
1041.000  5.8617397400e-01  1.4054460530e-02 
1042.000  5.8794168700e-01  1.4067991260e-02 
1043.000  5.7780789500e-01  1.3798448560e-02 
1044.000  5.8362652500e-01  1.3906566620e-02 
1045.000  5.8129333300e-01  1.3885941510e-02 
1046.000  5.6449757000e-01  1.3530101780e-02 
1047.000  5.7501062100e-01  1.3827192310e-02 
1048.000  5.8090121200e-01  1.4015998840e-02 
1049.000  5.7733650300e-01  1.3979295730e-02 
1050.000  5.7407303200e-01  1.3943448070e-02 
1051.000  5.7440133600e-01  1.3914138790e-02 
1052.000  5.7189989500e-01  1.3810249330e-02 
1053.000  5.7218107200e-01  1.3789299960e-02 
1054.000  5.6658386000e-01  1.3598579410e-02 
1055.000  5.7103096200e-01  1.3653003690e-02 
1056.000  5.6974910600e-01  1.3576267240e-02 
1057.000  5.6932778700e-01  1.3518514630e-02 
1058.000  5.6437008400e-01  1.3331445690e-02 
1059.000  5.4656651600e-01  1.2933792110e-02 
1060.000  5.6576361600e-01  1.3451360700e-02 
1061.000  5.4605939800e-01  1.2988600730e-02 
1062.000  5.6182576600e-01  1.3327645300e-02 
1063.000  5.5256013900e-01  1.3077040670e-02 
1064.000  5.5998661300e-01  1.3159381870e-02 
1065.000  5.5989787800e-01  1.3052067760e-02 
1066.000  5.4269376300e-01  1.2606007580e-02 
1067.000  5.5587618300e-01  1.2847823140e-02 
1068.000  5.5453417800e-01  1.2674190520e-02 
1069.000  5.1317361100e-01  1.1667220120e-02 
1070.000  5.4348753800e-01  1.2400728230e-02 
1071.000  5.4489868100e-01  1.2415556910e-02 
1072.000  5.4726101200e-01  1.2453207020e-02 
1073.000  5.2935283300e-01  1.2071319580e-02 
1074.000  5.4782778500e-01  1.2538064960e-02 
1075.000  5.3008082000e-01  1.2237673760e-02 
1076.000  5.4222145100e-01  1.2482683180e-02 
1077.000  5.4163494400e-01  1.2418839450e-02 
1078.000  5.4375946600e-01  1.2409160610e-02 
1079.000  5.2292773400e-01  1.1938092230e-02 
1080.000  5.4033182100e-01  1.2168214800e-02 
1081.000  5.2054911900e-01  1.1707884790e-02 
1082.000  5.2638582800e-01  1.1866077420e-02 
1083.000  5.1310823000e-01  1.1431942940e-02 
1084.000  5.3372992800e-01  1.1750323300e-02 
1085.000  5.2912365300e-01  1.1400965690e-02 
1086.000  5.3547159300e-01  1.1536856650e-02 
1087.000  5.0018915100e-01  1.0961909290e-02 
1088.000  5.3040228500e-01  1.1687892910e-02 
1089.000  5.1318448300e-01  1.1088693620e-02 
1090.000  5.2491642600e-01  1.1341959000e-02 
1091.000  5.2771874500e-01  1.1503252030e-02 
1092.000  5.1695993300e-01  1.1193426130e-02 
1093.000  5.1383238800e-01  1.0900110240e-02 
1094.000  4.6881932300e-01  9.8110761640e-03 
1095.000  5.0722648500e-01  1.0590532300e-02 
1096.000  5.0796175800e-01  1.0582818030e-02 
1097.000  4.9875677500e-01  1.0294255260e-02 
1098.000  4.9780575300e-01  9.6689805980e-03 
1099.000  5.0229586300e-01  9.2079792020e-03 
1100.000  5.1070991200e-01  9.3964948650e-03 
1101.000  5.0912804100e-01  9.4361295700e-03 
1102.000  4.8821271600e-01  9.0092535020e-03 
1103.000  5.0724955500e-01  9.4014129640e-03 
1104.000  5.0400350100e-01  9.2498626710e-03 
1105.000  5.0436427600e-01  9.0410289760e-03 
1106.000  5.0125338500e-01  8.7885131840e-03 
1107.000  5.0035555900e-01  8.8087625500e-03 
1108.000  4.9851520200e-01  8.7949295040e-03 
1109.000  4.9983070200e-01  8.9644470210e-03 
1110.000  5.0239499000e-01  8.9584970470e-03 
1111.000  4.9635989300e-01  8.7430210110e-03 
1112.000  4.9194627900e-01  8.2725162510e-03 
1113.000  4.9022264000e-01  7.7736597060e-03 
1114.000  4.9553066300e-01  7.7051200870e-03 
1115.000  4.9053988900e-01  7.1761393550e-03 
1116.000  4.8433326900e-01  6.8520007130e-03 
1117.000  4.9007752000e-01  6.4808702470e-03 
1118.000  4.8494401300e-01  6.0585794450e-03 
1119.000  4.7138268300e-01  5.7365517620e-03 
1120.000  4.7233227900e-01  5.5916323660e-03 
1121.000  4.7533856600e-01  5.5959453580e-03 
1122.000  4.7313354400e-01  5.4362607000e-03 
1123.000  4.7535622900e-01  5.5341706280e-03 
1124.000  4.7627145600e-01  5.5949592590e-03 
1125.000  4.6634769600e-01  5.4526968000e-03 
1126.000  4.5742834800e-01  5.3385891910e-03 
1127.000  4.7291461300e-01  5.5305895810e-03 
1128.000  4.6426881100e-01  5.4515466690e-03 
1129.000  4.6716511500e-01  5.6314749720e-03 
1130.000  4.6808284000e-01  6.0631589890e-03 
1131.000  4.7321308800e-01  6.2675685880e-03 
1132.000  4.7421242900e-01  6.0884485240e-03 
1133.000  4.6196372100e-01  5.6306548120e-03 
1134.000  4.5656443600e-01  5.1541919710e-03 
1135.000  4.6254679200e-01  5.2480368610e-03 
1136.000  4.6446489500e-01  5.7030820850e-03 
1137.000  4.7126343100e-01  6.1116142270e-03 
1138.000  4.5520259300e-01  6.2657551770e-03 
1139.000  4.6541719500e-01  6.5625543590e-03 
1140.000  4.6664434000e-01  6.5015544890e-03 
1141.000  4.5315465600e-01  6.1754798890e-03 
1142.000  4.6542015600e-01  6.2864871030e-03 
1143.000  4.5704208400e-01  6.0102782250e-03 
1144.000  4.5376662600e-01  5.7989988330e-03 
1145.000  4.5638477900e-01  5.6129779820e-03 
1146.000  4.6106236200e-01  5.7173166280e-03 
1147.000  4.6340077700e-01  5.9244656560e-03 
1148.000  4.5899386200e-01  6.0405120850e-03 
1149.000  4.6046716400e-01  6.1364932060e-03 
1150.000  4.5851203000e-01  6.1282954220e-03 
1151.000  4.5716685600e-01  6.2428088190e-03 
1152.000  4.5631258000e-01  6.2991552350e-03 
1153.000  4.5551537400e-01  6.3875451090e-03 
1154.000  4.5899428600e-01  6.4274978640e-03 
1155.000  4.6057373800e-01  6.6588373180e-03 
1156.000  4.5433087000e-01  6.8034176830e-03 
1157.000  4.5859031300e-01  7.4264607430e-03 
1158.000  4.5866220500e-01  7.7403917310e-03 
1159.000  4.5217804900e-01  7.9368939400e-03 
1160.000  4.4643356300e-01  7.9780578610e-03 
1161.000  4.3680530600e-01  8.1326961520e-03 
1162.000  4.5261820600e-01  8.7034215930e-03 
1163.000  4.5449783600e-01  9.0581912990e-03 
1164.000  4.4526576800e-01  8.9389019010e-03 
1165.000  4.5386011000e-01  9.1662931440e-03 
1166.000  4.4208750400e-01  9.0104122160e-03 
1167.000  4.4925799300e-01  9.2090864180e-03 
1168.000  4.5318459200e-01  9.2781686780e-03 
1169.000  4.3751389800e-01  9.0075607300e-03 
1170.000  4.4927924000e-01  9.2942924500e-03 
1171.000  4.5135842000e-01  9.4393491740e-03 
1172.000  4.4994600100e-01  9.3524427410e-03 
1173.000  4.4681184200e-01  9.2336692810e-03 
1174.000  4.4703824800e-01  9.2424793240e-03 
1175.000  4.4180498200e-01  9.2857294080e-03 
1176.000  4.3113919500e-01  9.2013788220e-03 
1177.000  4.4445154600e-01  9.4155998230e-03 
1178.000  4.3694399500e-01  9.1202316280e-03 
1179.000  4.3498427500e-01  9.0800724030e-03 
1180.000  4.4109041900e-01  9.1571474080e-03 
1181.000  4.3883728000e-01  8.9866628650e-03 
1182.000  4.3939251200e-01  8.8710279460e-03 
1183.000  4.1388087600e-01  8.3642807010e-03 
1184.000  4.3253426200e-01  8.8051900860e-03 
1185.000  4.3825761000e-01  9.0890207290e-03 
1186.000  4.3564935900e-01  8.9773035050e-03 
1187.000  4.3580387000e-01  8.7999229430e-03 
1188.000  4.3356776100e-01  8.6965360640e-03 
1189.000  4.0820256300e-01  8.2619657520e-03 
1190.000  4.2827633200e-01  8.9033365250e-03 
1191.000  4.3495424300e-01  9.0872430800e-03 
1192.000  4.3258609400e-01  9.1213827130e-03 
1193.000  4.3275249800e-01  9.0579748150e-03 
1194.000  4.3193889900e-01  9.0161447530e-03 
1195.000  4.2709731400e-01  8.8040628430e-03 
1196.000  4.2682763400e-01  8.8168649670e-03 
1197.000  4.2671462300e-01  8.7623205180e-03 
1198.000  4.1238280900e-01  8.4582977290e-03 
1199.000  3.9705811600e-01  8.0833597180e-03 
1200.000  4.2208827800e-01  8.6302433010e-03 
1201.000  4.2511666700e-01  8.7117223740e-03 
1202.000  4.2593261000e-01  8.7542457580e-03 
1203.000  4.0514459600e-01  8.3036241530e-03 
1204.000  4.1185868000e-01  8.4754753110e-03 
1205.000  4.2141240400e-01  8.8705215450e-03 
1206.000  4.1884852200e-01  8.9101781850e-03 
1207.000  4.2166179800e-01  9.0096540450e-03 
1208.000  4.1552306400e-01  8.8488836290e-03 
1209.000  3.8956209900e-01  8.2493715290e-03 
1210.000  4.1684173600e-01  8.7466259000e-03 
1211.000  4.0291733200e-01  8.4479179380e-03 
1212.000  4.1553261300e-01  8.7453870770e-03 
1213.000  4.1706844000e-01  8.8703289030e-03 
1214.000  4.1528330800e-01  8.8339939120e-03 
1215.000  4.1671003000e-01  8.9083127980e-03 
1216.000  4.1547795600e-01  9.0278005600e-03 
1217.000  4.1461388800e-01  9.1287364960e-03 
1218.000  4.1316328100e-01  9.1471872330e-03 
1219.000  4.0929703900e-01  9.0876789090e-03 
1220.000  4.1204811700e-01  9.1385688780e-03 
1221.000  4.1119516000e-01  9.1205787660e-03 
1222.000  4.0891733900e-01  9.0622882840e-03 
1223.000  4.0691557300e-01  9.0454006200e-03 
1224.000  4.0985685900e-01  9.2058916090e-03 
1225.000  4.0753316400e-01  9.1861686710e-03 
1226.000  4.0886127900e-01  9.2576818470e-03 
1227.000  3.9483170200e-01  8.9985084530e-03 
1228.000  4.0693108700e-01  9.3452749250e-03 
1229.000  4.0625523400e-01  9.3788833620e-03 
1230.000  4.0462633600e-01  9.3988428120e-03 
1231.000  4.0449369300e-01  9.4303207400e-03 
1232.000  3.9989459500e-01  9.3384437560e-03 
1233.000  4.0301425400e-01  9.4218664170e-03 
1234.000  4.0154727000e-01  9.4621591570e-03 
1235.000  3.9867481800e-01  9.4174022670e-03 
1236.000  4.0093369300e-01  9.4793987270e-03 
1237.000  4.0082798800e-01  9.5008611680e-03 
1238.000  4.0054363700e-01  9.5007381440e-03 
1239.000  3.9596013500e-01  9.3938837050e-03 
1240.000  3.9418267500e-01  9.3918275830e-03 
1241.000  3.9779092600e-01  9.5135307310e-03 
1242.000  3.9557204100e-01  9.4931316380e-03 
1243.000  3.9124172200e-01  9.4228610990e-03 
1244.000  3.8789294100e-01  9.3645925520e-03 
1245.000  3.9467276100e-01  9.5447435380e-03 
1246.000  3.9173892600e-01  9.4273071290e-03 
1247.000  3.8995154900e-01  9.3363838200e-03 
1248.000  3.9311924600e-01  9.3630313870e-03 
1249.000  3.9178853500e-01  9.2925262450e-03 
1250.000  3.9039401000e-01  9.2128496170e-03 
1251.000  3.8786248800e-01  9.1184844970e-03 
1252.000  3.8686542700e-01  9.0571317670e-03 
1253.000  3.8384141000e-01  8.9466876980e-03 
1254.000  3.8516793400e-01  8.9088039400e-03 
1255.000  3.8475661500e-01  8.8508186340e-03 
1256.000  3.8416235100e-01  8.7961263660e-03 
1257.000  3.8004753500e-01  8.6154994960e-03 
1258.000  3.8203973600e-01  8.5178785320e-03 
1259.000  3.7814362350e-01  8.3109216690e-03 
1260.000  3.7895982910e-01  8.2030334470e-03 
1261.000  3.7851243270e-01  8.0656013490e-03 
1262.000  3.7041306200e-01  7.7368335720e-03 
1263.000  3.7490555090e-01  7.8140029910e-03 
1264.000  3.6906839010e-01  7.6915922160e-03 
1265.000  3.6974079000e-01  7.7190942760e-03 
1266.000  3.7212854840e-01  7.7452735900e-03 
1267.000  3.6515919300e-01  7.5746603010e-03 
1268.000  3.6156297950e-01  7.4634957310e-03 
1269.000  3.6494742570e-01  7.5168118480e-03 
1270.000  3.6895859540e-01  7.7274651530e-03 
1271.000  3.7100732100e-01  7.8332161900e-03 
1272.000  3.6991021030e-01  7.8720932010e-03 
1273.000  3.6959202160e-01  7.9322457310e-03 
1274.000  3.6738480310e-01  7.9545955660e-03 
1275.000  3.6954695410e-01  8.0271301270e-03 
1276.000  3.7014041330e-01  8.0476703640e-03 
1277.000  3.6986400340e-01  8.0357942580e-03 
1278.000  3.6880375740e-01  8.0033712390e-03 
1279.000  3.6633503760e-01  7.9711799620e-03 
1280.000  3.6417149350e-01  8.0150871280e-03 
1281.000  3.5378511440e-01  7.8730640410e-03 
1282.000  3.1416820120e-01  7.0681633950e-03 
1283.000  3.4479393050e-01  7.8178157810e-03 
1284.000  3.5902168590e-01  8.1809883120e-03 
1285.000  3.6165476620e-01  8.2602176670e-03 
1286.000  3.6153619490e-01  8.2245273590e-03 
1287.000  3.6374723490e-01  8.2185029980e-03 
1288.000  3.6146691820e-01  7.9864974020e-03 
1289.000  3.6362169480e-01  7.9804172520e-03 
1290.000  3.5528995940e-01  7.7798271180e-03 
1291.000  3.6015349030e-01  7.8676548000e-03 
1292.000  3.6165634730e-01  7.9202799800e-03 
1293.000  3.6197962920e-01  7.8888573650e-03 
1294.000  3.5623440260e-01  7.6478710170e-03 
1295.000  3.6006957850e-01  7.5861797330e-03 
1296.000  3.6033450520e-01  7.4855351450e-03 
1297.000  3.5811296140e-01  7.3779125210e-03 
1298.000  3.5491320340e-01  7.3174724580e-03 
1299.000  3.5847661790e-01  7.3943634030e-03 
1300.000  3.5703727130e-01  7.3687715530e-03 
1301.000  3.5646876480e-01  7.3371768000e-03 
1302.000  3.5189540280e-01  7.1573262210e-03 
1303.000  3.5000560680e-01  6.9418840410e-03 
1304.000  3.5023388320e-01  6.8541407590e-03 
1305.000  3.5239064280e-01  6.8443508150e-03 
1306.000  3.5272643240e-01  6.7941069600e-03 
1307.000  3.5168491240e-01  6.7348985670e-03 
1308.000  3.5138536660e-01  6.6428065300e-03 
1309.000  3.5107220410e-01  6.5150852200e-03 
1310.000  3.4961436490e-01  6.4836454390e-03 
1311.000  3.4854339540e-01  6.4694299700e-03 
1312.000  3.4745779410e-01  6.3049521450e-03 
1313.000  3.3462483200e-01  5.9008340840e-03 
1314.000  3.4507011110e-01  5.9354605670e-03 
1315.000  3.3345123960e-01  5.8056259160e-03 
1316.000  3.4120815910e-01  6.0498518940e-03 
1317.000  3.4487895310e-01  6.1146960260e-03 
1318.000  3.3999889220e-01  5.8475098610e-03 
1319.000  3.4465635550e-01  5.6957941060e-03 
1320.000  3.4211209900e-01  5.4192829130e-03 
1321.000  3.4060928400e-01  5.3116955760e-03 
1322.000  3.3992905200e-01  5.4292221070e-03 
1323.000  3.4068142150e-01  5.5908775330e-03 
1324.000  3.4086261490e-01  5.6822881700e-03 
1325.000  3.3977302320e-01  5.6007170680e-03 
1326.000  3.3818362950e-01  5.4175062180e-03 
1327.000  3.3548331240e-01  5.0710830690e-03 
1328.000  3.3636815240e-01  4.8138518330e-03 
1329.000  3.2409205690e-01  4.2405877110e-03 
1330.000  3.2916509530e-01  4.1714758870e-03 
1331.000  3.3063143350e-01  4.1099267010e-03 
1332.000  3.2308544830e-01  4.0398058890e-03 
1333.000  3.3162433140e-01  4.2178812030e-03 
1334.000  3.3203928280e-01  4.3225274090e-03 
1335.000  3.3232431330e-01  4.4002976420e-03 
1336.000  3.2872673010e-01  4.3777194020e-03 
1337.000  3.2979104620e-01  4.3979396820e-03 
1338.000  3.2954761110e-01  4.4489784240e-03 
1339.000  3.2600666640e-01  4.4079804420e-03 
1340.000  3.2366661670e-01  4.4220409390e-03 
1341.000  3.2855206740e-01  4.4338555340e-03 
1342.000  3.2774800180e-01  4.4295573230e-03 
1343.000  3.2771923020e-01  4.2474699020e-03 
1344.000  3.2622123510e-01  4.0729804040e-03 
1345.000  3.2372037410e-01  3.7497839930e-03 
1346.000  3.1854863660e-01  3.5543577670e-03 
1347.000  3.1915386010e-01  3.4817843440e-03 
1348.000  3.1557623640e-01  3.3605172630e-03 
1349.000  3.1343379060e-01  3.2977488040e-03 
1350.000  3.0703477080e-01  3.1520066260e-03 
1351.000  3.0486651160e-01  3.0757677560e-03 
1352.000  3.0542353290e-01  3.0005831720e-03 
1353.000  2.9957048500e-01  2.8441884520e-03 
1354.000  2.9595196660e-01  2.7521603110e-03 
1355.000  2.9031087310e-01  2.6366732120e-03 
1356.000  2.8603686080e-01  2.5284833910e-03 
1357.000  2.7933686970e-01  2.3833944800e-03 
1358.000  2.7973406200e-01  2.2940366270e-03 
1359.000  2.7201638560e-01  2.0742111210e-03 
1360.000  2.6204738480e-01  1.9004303220e-03 
1361.000  2.6424472800e-01  1.8527493480e-03 
1362.000  2.6198102490e-01  1.8189798590e-03 
1363.000  2.6224430720e-01  1.9181355240e-03 
1364.000  2.6751512170e-01  1.9897317890e-03 
1365.000  2.6737857910e-01  2.0067849160e-03 
1366.000  2.6925639920e-01  2.0588421820e-03 
1367.000  2.6430623460e-01  1.9722634550e-03 
1368.000  2.6432989840e-01  1.9273216720e-03 
1369.000  2.5956748980e-01  1.9033715720e-03 
1370.000  2.6507959660e-01  2.0573623180e-03 
1371.000  2.7286044250e-01  2.2754993440e-03 
1372.000  2.8370011100e-01  2.5291180610e-03 
1373.000  2.8780363770e-01  2.6641135220e-03 
1374.000  2.9109164780e-01  2.7460172180e-03 
1375.000  2.8700178900e-01  2.7302017210e-03 
1376.000  2.8271237120e-01  2.6722650530e-03 
1377.000  2.8529108150e-01  2.6596655850e-03 
1378.000  2.8039244560e-01  2.5435037610e-03 
1379.000  2.7853768530e-01  2.4194984440e-03 
1380.000  2.6854823710e-01  2.1839520930e-03 
1381.000  2.6249360000e-01  1.9906978610e-03 
1382.000  2.5434878520e-01  1.8505841490e-03 
1383.000  2.5657384390e-01  1.8577492240e-03 
1384.000  2.6227081530e-01  2.0172038080e-03 
1385.000  2.6435471310e-01  2.1255424020e-03 
1386.000  2.7233384320e-01  2.2994601730e-03 
1387.000  2.7623788350e-01  2.4951348300e-03 
1388.000  2.8202837640e-01  2.6205112930e-03 
1389.000  2.8427366570e-01  2.6726641650e-03 
1390.000  2.7926201210e-01  2.6347799300e-03 
1391.000  2.8199745630e-01  2.6351022720e-03 
1392.000  2.7755619260e-01  2.5186281200e-03 
1393.000  2.7301193200e-01  2.4039342400e-03 
1394.000  2.6696023040e-01  2.2813348770e-03 
1395.000  2.6826093130e-01  2.3237683770e-03 
1396.000  2.7419080800e-01  2.4583349230e-03 
1397.000  2.7725876270e-01  2.5514914990e-03 
1398.000  2.7747020450e-01  2.5609080790e-03 
1399.000  2.7565695580e-01  2.5220890050e-03 
1400.000  2.6765326940e-01  2.4379694460e-03 
1401.000  2.6886520940e-01  2.4556036000e-03 
1402.000  2.7542980720e-01  2.5659925940e-03 
1403.000  2.7473056220e-01  2.5893194680e-03 
1404.000  2.7264760810e-01  2.5517218110e-03 
1405.000  2.7281399180e-01  2.5554158690e-03 
1406.000  2.7242926470e-01  2.5284659860e-03 
1407.000  2.7269976900e-01  2.5290615560e-03 
1408.000  2.7354203210e-01  2.5840330120e-03 
1409.000  2.7645756280e-01  2.6447916030e-03 
1410.000  2.7764907390e-01  2.7137143610e-03 
1411.000  2.7972102610e-01  2.7740023140e-03 
1412.000  2.6879043090e-01  2.6613245010e-03 
1413.000  2.7398102340e-01  2.7248342040e-03 
1414.000  2.7756437160e-01  2.7451100350e-03 
1415.000  2.7740330720e-01  2.7645342350e-03 
1416.000  2.7689466400e-01  2.7790055270e-03 
1417.000  2.7891575260e-01  2.7944581510e-03 
1418.000  2.7902479990e-01  2.7920773030e-03 
1419.000  2.7505070060e-01  2.7470676900e-03 
1420.000  2.7444712500e-01  2.7440166470e-03 
1421.000  2.7900217720e-01  2.8175809380e-03 
1422.000  2.7276826630e-01  2.7647905350e-03 
1423.000  2.7110733550e-01  2.7450468540e-03 
1424.000  2.7135249360e-01  2.7368016240e-03 
1425.000  2.7658854370e-01  2.7663958070e-03 
1426.000  2.6539655870e-01  2.6477832790e-03 
1427.000  2.6953773610e-01  2.6974196430e-03 
1428.000  2.7538773410e-01  2.7612118720e-03 
1429.000  2.6892921400e-01  2.7034268380e-03 
1430.000  2.6308748780e-01  2.6308312420e-03 
1431.000  2.6248421290e-01  2.5799396040e-03 
1432.000  2.6725559820e-01  2.5984265800e-03 
1433.000  2.6739136770e-01  2.5900762080e-03 
1434.000  2.6200221750e-01  2.5203907490e-03 
1435.000  2.6519887000e-01  2.5672292710e-03 
1436.000  2.6523463970e-01  2.5694868560e-03 
1437.000  2.6628234200e-01  2.5759487150e-03 
1438.000  2.6563445160e-01  2.5897648330e-03 
1439.000  2.6877498470e-01  2.6160848140e-03 
1440.000  2.5213772110e-01  2.4580452440e-03 
1441.000  2.6484344650e-01  2.5786852840e-03 
1442.000  2.5867714920e-01  2.5001850130e-03 
1443.000  2.6297254980e-01  2.5318889620e-03 
1444.000  2.6425128940e-01  2.5437288280e-03 
1445.000  2.6345372510e-01  2.5289878850e-03 
1446.000  2.6628183740e-01  2.5660791400e-03 
1447.000  2.6506454020e-01  2.5640141960e-03 
1448.000  2.6709100070e-01  2.5764770510e-03 
1449.000  2.6698459360e-01  2.5528807640e-03 
1450.000  2.6518825040e-01  2.5038120750e-03 
1451.000  2.6347819840e-01  2.4844806190e-03 
1452.000  2.6023440440e-01  2.4765644070e-03 
1453.000  2.6518759390e-01  2.5824494360e-03 
1454.000  2.6621805780e-01  2.6712150570e-03 
1455.000  2.6285098060e-01  2.6929481030e-03 
1456.000  2.6273097920e-01  2.7531125550e-03 
1457.000  2.6525005000e-01  2.7761862280e-03 
1458.000  2.6887689280e-01  2.8164203170e-03 
1459.000  2.6987577200e-01  2.7555518150e-03 
1460.000  2.6528412370e-01  2.6484539510e-03 
1461.000  2.6470457740e-01  2.6030900480e-03 
1462.000  2.6181371780e-01  2.5002057550e-03 
1463.000  2.6006739740e-01  2.4699380400e-03 
1464.000  2.5989596300e-01  2.4385852810e-03 
1465.000  2.6290174960e-01  2.4155595300e-03 
1466.000  2.5663987800e-01  2.3036358360e-03 
1467.000  2.6279128950e-01  2.3198585510e-03 
1468.000  2.5632378320e-01  2.2236475940e-03 
1469.000  2.5915006300e-01  2.1978623870e-03 
1470.000  2.5765530750e-01  2.1600821020e-03 
1471.000  2.5358110790e-01  2.1546523570e-03 
1472.000  2.5511352070e-01  2.2191853520e-03 
1473.000  2.5735838020e-01  2.3356037140e-03 
1474.000  2.5027267530e-01  2.3588645460e-03 
1475.000  2.5559404630e-01  2.3971219060e-03 
1476.000  2.5599816570e-01  2.3887534140e-03 
1477.000  2.5674936390e-01  2.3513970380e-03 
1478.000  2.5303558210e-01  2.2749600410e-03 
1479.000  2.5593436700e-01  2.2487647530e-03 
1480.000  2.5733663190e-01  2.2746803760e-03 
1481.000  2.5350031880e-01  2.2806625370e-03 
1482.000  2.5665661280e-01  2.3602466580e-03 
1483.000  2.5137023030e-01  2.3212921620e-03 
1484.000  2.5369378340e-01  2.3402607440e-03 
1485.000  2.5852279260e-01  2.3698613640e-03 
1486.000  2.5426297220e-01  2.3814904690e-03 
1487.000  2.5455381170e-01  2.5010414120e-03 
1488.000  2.2253113400e-01  2.1938247680e-03 
1489.000  2.5551282980e-01  2.6940867900e-03 
1490.000  2.5610775690e-01  2.8689730170e-03 
1491.000  2.5865325700e-01  3.0213723180e-03 
1492.000  2.5264304540e-01  2.9733412270e-03 
1493.000  2.5832064410e-01  3.1291728020e-03 
1494.000  2.5733918320e-01  3.1252353190e-03 
1495.000  2.5553867010e-01  3.1838264470e-03 
1496.000  2.4798187420e-01  3.2291004660e-03 
1497.000  2.5380616290e-01  3.2973198890e-03 
1498.000  2.5637670180e-01  3.4620733260e-03 
1499.000  2.5206464670e-01  3.5245392320e-03 
1500.000  2.5636317540e-01  3.6728236680e-03 
1501.000  2.5599713090e-01  3.6213722230e-03 
1502.000  2.5401997570e-01  3.5310127740e-03 
1503.000  2.2809495550e-01  3.1250450610e-03 
1504.000  2.3763941930e-01  3.2781462670e-03 
1505.000  2.3690118280e-01  3.3794701100e-03 
1506.000  2.4009502160e-01  3.4527907370e-03 
1507.000  2.5110691940e-01  3.7213213440e-03 
1508.000  2.4718596660e-01  3.7305526730e-03 
1509.000  2.4825378530e-01  3.8217611310e-03 
1510.000  2.5209008440e-01  3.9199078080e-03 
1511.000  2.5323653280e-01  3.9990320210e-03 
1512.000  2.4848267850e-01  3.9673676490e-03 
1513.000  2.4806667070e-01  3.9984009270e-03 
1514.000  2.4467100340e-01  3.9648258690e-03 
1515.000  2.4947907050e-01  4.0626268390e-03 
1516.000  2.4716404630e-01  3.9988844390e-03 
1517.000  2.4570031080e-01  3.9620432850e-03 
1518.000  2.5022874040e-01  4.0483446120e-03 
1519.000  2.4651538030e-01  4.0074110030e-03 
1520.000  2.4803182420e-01  4.1046032910e-03 
1521.000  2.4330747540e-01  4.1165332790e-03 
1522.000  2.4188350160e-01  4.1387276650e-03 
1523.000  2.4777109460e-01  4.3019280430e-03 
1524.000  2.4601246360e-01  4.3008737560e-03 
1525.000  2.4052997390e-01  4.2174878120e-03 
1526.000  2.4730525460e-01  4.3169960980e-03 
1527.000  2.4463252640e-01  4.2693514820e-03 
1528.000  2.4611584160e-01  4.3021898270e-03 
1529.000  2.4533708060e-01  4.2637600900e-03 
1530.000  2.2950548510e-01  3.9890427590e-03 
1531.000  2.4523025350e-01  4.2370495800e-03 
1532.000  2.4365719330e-01  4.1870646480e-03 
1533.000  2.4242627250e-01  4.1319170000e-03 
1534.000  2.3857372330e-01  4.0316214560e-03 
1535.000  2.3918790660e-01  4.0081143380e-03 
1536.000  2.4238643010e-01  4.0962710380e-03 
1537.000  2.4294918990e-01  4.1558055880e-03 
1538.000  2.3610446560e-01  4.0897998810e-03 
1539.000  2.4093241470e-01  4.2229747770e-03 
1540.000  2.3210409270e-01  4.1084618570e-03 
1541.000  2.3686643990e-01  4.1970849040e-03 
1542.000  2.3827498110e-01  4.2157096860e-03 
1543.000  2.3738854660e-01  4.2019138340e-03 
1544.000  2.4007369150e-01  4.2562050820e-03 
1545.000  2.4047509030e-01  4.2787756920e-03 
1546.000  2.4026828370e-01  4.3049573900e-03 
1547.000  2.3761627450e-01  4.2848258020e-03 
1548.000  2.3041110910e-01  4.1805191040e-03 
1549.000  2.3631655730e-01  4.3039112090e-03 
1550.000  2.3500451130e-01  4.2937836650e-03 
1551.000  2.3377429130e-01  4.2608551980e-03 
1552.000  2.3774797630e-01  4.3109140400e-03 
1553.000  2.3640661700e-01  4.2698450090e-03 
1554.000  2.2774475250e-01  4.0912609100e-03 
1555.000  2.3139729870e-01  4.1434197430e-03 
1556.000  2.2689208480e-01  4.0856561660e-03 
1557.000  2.3425726900e-01  4.2714924810e-03 
1558.000  2.3246285010e-01  4.2835664750e-03 
1559.000  2.3257406400e-01  4.3281350140e-03 
1560.000  2.2855780770e-01  4.3011913300e-03 
1561.000  2.3399560340e-01  4.4149551390e-03 
1562.000  2.3407066460e-01  4.3885493280e-03 
1563.000  2.3073129350e-01  4.3062739370e-03 
1564.000  2.2638787710e-01  4.1960554120e-03 
1565.000  2.3030150800e-01  4.2326159480e-03 
1566.000  2.2593760400e-01  4.1570186610e-03 
1567.000  2.2659029760e-01  4.1710848810e-03 
1568.000  2.2278111640e-01  4.0904793740e-03 
1569.000  2.2460959880e-01  4.1095461850e-03 
1570.000  2.1957218130e-01  4.0157265660e-03 
1571.000  2.2545560740e-01  4.1509170530e-03 
1572.000  2.2565835710e-01  4.1652007100e-03 
1573.000  2.2188185820e-01  4.1256399150e-03 
1574.000  2.2210343760e-01  4.1686940190e-03 
1575.000  2.0598348490e-01  3.8955414300e-03 
1576.000  2.2129451410e-01  4.1874709130e-03 
1577.000  1.9973313780e-01  3.7462220190e-03 
1578.000  2.1844999290e-01  4.0612921710e-03 
1579.000  2.1938389490e-01  4.0485968590e-03 
1580.000  2.2328972530e-01  4.0999021530e-03 
1581.000  2.2180904750e-01  4.0399432180e-03 
1582.000  2.1671131340e-01  3.9799623490e-03 
1583.000  2.1880031020e-01  4.0499577520e-03 
1584.000  2.1633788130e-01  4.0360355380e-03 
1585.000  2.2236180150e-01  4.1745309830e-03 
1586.000  2.1956876970e-01  4.1321797370e-03 
1587.000  2.1689309110e-01  4.1086177830e-03 
1588.000  2.1342390330e-01  4.0670928960e-03 
1589.000  1.9521043100e-01  3.7284238340e-03 
1590.000  2.1036326640e-01  4.0289444920e-03 
1591.000  2.0564994100e-01  3.9520726200e-03 
1592.000  2.1655722190e-01  4.1693434720e-03 
1593.000  2.2147513800e-01  4.2674312590e-03 
1594.000  2.1992068930e-01  4.2399549480e-03 
1595.000  2.2138571940e-01  4.2697858810e-03 
1596.000  2.0737966260e-01  4.0154814720e-03 
1597.000  2.1583773580e-01  4.1730241780e-03 
1598.000  2.1991082790e-01  4.2366948130e-03 
1599.000  2.1254896200e-01  4.0748100280e-03 
1600.000  2.1609127010e-01  4.1305599210e-03 
1601.000  2.0699462880e-01  3.9722838400e-03 
1602.000  2.1228791010e-01  4.1077947620e-03 
1603.000  2.1067766580e-01  4.1280446050e-03 
1604.000  2.1326484830e-01  4.2372393610e-03 
1605.000  2.1011178130e-01  4.2136855130e-03 
1606.000  2.0925630170e-01  4.2379808430e-03 
1607.000  2.1013588810e-01  4.2220411300e-03 
1608.000  2.1253013240e-01  4.2372903820e-03 
1609.000  2.1171309550e-01  4.1945395470e-03 
1610.000  1.9850236390e-01  3.9117667680e-03 
1611.000  2.0420893470e-01  4.0189208980e-03 
1612.000  2.0595508250e-01  4.0499901770e-03 
1613.000  2.1035087580e-01  4.1314487460e-03 
1614.000  2.0828643180e-01  4.0612831120e-03 
1615.000  2.1155064520e-01  4.1142549510e-03 
1616.000  1.9820922440e-01  3.8419353960e-03 
1617.000  2.0392206900e-01  3.9971911910e-03 
1618.000  2.1027586870e-01  4.1475563050e-03 
1619.000  2.0953190290e-01  4.1789770130e-03 
1620.000  2.0418126600e-01  4.1167325970e-03 
1621.000  2.0112044350e-01  4.0920553210e-03 
1622.000  2.0618278450e-01  4.2008090020e-03 
1623.000  2.1031103930e-01  4.2999429700e-03 
1624.000  2.1176445000e-01  4.3396854400e-03 
1625.000  2.0644640630e-01  4.2565517430e-03 
1626.000  2.0897785440e-01  4.2985367770e-03 
1627.000  2.0870824830e-01  4.3123369220e-03 
1628.000  2.1038539420e-01  4.3572397230e-03 
1629.000  2.1035487530e-01  4.3650660510e-03 
1630.000  2.0464387430e-01  4.2478084560e-03 
1631.000  2.0784457500e-01  4.3259348870e-03 
1632.000  2.0789703480e-01  4.2722797390e-03 
1633.000  2.0522146140e-01  4.1774511340e-03 
1634.000  2.0041923460e-01  4.0375838280e-03 
1635.000  2.0579271300e-01  4.1089267730e-03 
1636.000  2.0524831750e-01  4.0542135240e-03 
1637.000  1.9611036810e-01  3.8339900970e-03 
1638.000  1.9467728810e-01  3.7754244800e-03 
1639.000  1.9273736570e-01  3.6932322980e-03 
1640.000  1.9389336620e-01  3.6794714930e-03 
1641.000  1.9269356070e-01  3.6332812310e-03 
1642.000  1.9245332450e-01  3.6944341660e-03 
1643.000  1.9739967400e-01  3.8519532680e-03 
1644.000  1.9434492750e-01  3.8522026540e-03 
1645.000  1.9477807440e-01  3.9170629980e-03 
1646.000  1.9711901790e-01  4.0185232160e-03 
1647.000  1.9896983290e-01  4.0532569890e-03 
1648.000  1.9820139460e-01  4.0276203160e-03 
1649.000  1.9367339550e-01  3.9314351080e-03 
1650.000  1.9858109850e-01  4.0291190150e-03 
1651.000  1.9410678410e-01  3.9359269140e-03 
1652.000  1.9798081100e-01  4.0104165080e-03 
1653.000  1.9575770570e-01  3.9728543760e-03 
1654.000  1.9795414010e-01  4.0192933080e-03 
1655.000  1.9398652310e-01  3.9488229750e-03 
1656.000  1.9771258740e-01  4.0313181880e-03 
1657.000  1.9627927380e-01  4.0021805760e-03 
1658.000  1.9733973420e-01  4.0319156650e-03 
1659.000  1.9370492030e-01  3.9585216050e-03 
1660.000  1.9606872390e-01  3.9998457430e-03 
1661.000  1.9683811210e-01  3.9974079130e-03 
1662.000  1.9551564500e-01  3.9101736550e-03 
1663.000  1.9428502990e-01  3.8326122760e-03 
1664.000  1.9346251070e-01  3.7626924510e-03 
1665.000  1.9148719490e-01  3.6705615520e-03 
1666.000  1.9055500570e-01  3.6444222930e-03 
1667.000  1.9207767390e-01  3.7298231120e-03 
1668.000  1.8882333770e-01  3.7046613690e-03 
1669.000  1.8912573530e-01  3.7565557960e-03 
1670.000  1.9319803360e-01  3.8846302030e-03 
1671.000  1.9172276870e-01  3.9032783510e-03 
1672.000  1.8264176610e-01  3.7743976120e-03 
1673.000  1.8802244500e-01  3.9324402810e-03 
1674.000  1.8889607300e-01  4.0014243130e-03 
1675.000  1.8714571320e-01  4.0213541980e-03 
1676.000  1.8416469500e-01  3.9757781030e-03 
1677.000  1.8504990020e-01  3.9924840930e-03 
1678.000  1.8591835860e-01  4.0154218670e-03 
1679.000  1.8344606870e-01  3.9553697110e-03 
1680.000  1.7703700760e-01  3.8197815420e-03 
1681.000  1.7083145680e-01  3.6869914530e-03 
1682.000  1.7576479100e-01  3.7911536690e-03 
1683.000  1.8015796480e-01  3.8796994690e-03 
1684.000  1.8351912720e-01  3.9467055800e-03 
1685.000  1.8423805160e-01  3.9456646440e-03 
1686.000  1.8201523970e-01  3.8851304050e-03 
1687.000  1.8303129860e-01  3.8677093980e-03 
1688.000  1.8337324600e-01  3.8410248760e-03 
1689.000  1.8116321050e-01  3.7776184080e-03 
1690.000  1.8132653010e-01  3.7447083000e-03 
1691.000  1.8369952240e-01  3.8026022910e-03 
1692.000  1.8403370380e-01  3.8264586930e-03 
1693.000  1.8333399930e-01  3.8321812150e-03 
1694.000  1.8305660050e-01  3.8435196880e-03 
1695.000  1.8326594680e-01  3.8532288070e-03 
1696.000  1.8219417860e-01  3.7951569560e-03 
1697.000  1.8115338200e-01  3.7266366480e-03 
1698.000  1.8224669110e-01  3.7058238980e-03 
1699.000  1.8106901910e-01  3.6421506400e-03 
1700.000  1.7874795330e-01  3.5583791730e-03 
