 lambda   Irr_dw            Rad_up 
 550.000  1.5549838700e+00  5.6793952940e-02 
 551.000  1.5447016100e+00  5.6259262080e-02 
 552.000  1.6106349800e+00  5.8616485600e-02 
 553.000  1.5470017600e+00  5.6116569520e-02 
 554.000  1.5970027400e+00  5.7862487790e-02 
 555.000  1.6009828600e+00  5.7786972050e-02 
 556.000  1.5563939400e+00  5.5968879700e-02 
 557.000  1.5098424900e+00  5.4238208770e-02 
 558.000  1.5668285800e+00  5.6077003480e-02 
 559.000  1.4806752200e+00  5.2858749390e-02 
 560.000  1.4869342600e+00  5.3020225520e-02 
 561.000  1.6339984400e+00  5.8034046170e-02 
 562.000  1.5000608800e+00  5.3182899480e-02 
 563.000  1.5693200600e+00  5.5427471160e-02 
 564.000  1.5473067800e+00  5.4376678470e-02 
 565.000  1.5660638300e+00  5.4950515750e-02 
 566.000  1.4439720900e+00  5.0471324920e-02 
 567.000  1.5502290000e+00  5.3857257840e-02 
 568.000  1.5508072100e+00  5.3251052860e-02 
 569.000  1.5294072400e+00  5.1318992610e-02 
 570.000  1.5359384300e+00  5.1528678890e-02 
 571.000  1.4749712900e+00  5.0060863490e-02 
 572.000  1.5658124200e+00  5.2387168880e-02 
 573.000  1.5806671800e+00  5.2976299290e-02 
 574.000  1.5716026900e+00  5.2578784940e-02 
 575.000  1.5337748300e+00  5.1124927520e-02 
 576.000  1.5061594300e+00  5.0078914640e-02 
 577.000  1.5668183900e+00  5.2109706880e-02 
 578.000  1.5183613000e+00  5.0766822810e-02 
 579.000  1.5045360600e+00  5.0315334320e-02 
 580.000  1.5543861000e+00  5.2188663480e-02 
 581.000  1.5232600000e+00  5.1282115940e-02 
 582.000  1.5442160700e+00  5.1872215270e-02 
 583.000  1.5541195500e+00  5.2248191830e-02 
 584.000  1.5484587000e+00  5.1867675780e-02 
 585.000  1.5378448400e+00  5.1356491090e-02 
 586.000  1.4714444000e+00  4.9086128230e-02 
 587.000  1.5320547100e+00  5.0544162750e-02 
 588.000  1.5301818700e+00  4.9099502560e-02 
 589.000  1.3756892500e+00  4.2505378720e-02 
 590.000  1.4376083800e+00  4.4302196500e-02 
 591.000  1.5129358900e+00  4.7607616420e-02 
 592.000  1.4915473200e+00  4.6168724060e-02 
 593.000  1.4908076100e+00  4.7285594940e-02 
 594.000  1.5080969000e+00  4.7490428920e-02 
 595.000  1.4907455100e+00  4.5958374020e-02 
 596.000  1.5109844200e+00  4.7809745790e-02 
 597.000  1.5190383100e+00  4.7579975130e-02 
 598.000  1.4811105000e+00  4.6893573760e-02 
 599.000  1.4786309600e+00  4.6972747800e-02 
 600.000  1.4727346500e+00  4.7255500790e-02 
 601.000  1.4603126000e+00  4.7209808350e-02 
 602.000  1.4428424300e+00  4.6649536130e-02 
 603.000  1.4500816700e+00  4.7000255580e-02 
 604.000  1.4947489700e+00  4.8595363620e-02 
 605.000  1.4903178800e+00  4.8304092410e-02 
 606.000  1.4728246100e+00  4.7776126860e-02 
 607.000  1.4643588800e+00  4.7397193910e-02 
 608.000  1.4588603000e+00  4.7085353850e-02 
 609.000  1.4437995900e+00  4.6563255310e-02 
 610.000  1.4205773600e+00  4.5688125610e-02 
 611.000  1.4435624200e+00  4.6371868130e-02 
 612.000  1.4247176200e+00  4.5721725460e-02 
 613.000  1.4038703800e+00  4.4939662930e-02 
 614.000  1.3526926200e+00  4.3279426570e-02 
 615.000  1.4180237900e+00  4.5213764190e-02 
 616.000  1.3482807500e+00  4.2978351590e-02 
 617.000  1.3559671400e+00  4.3170265200e-02 
 618.000  1.4200499300e+00  4.5027050020e-02 
 619.000  1.4072253500e+00  4.4634716030e-02 
 620.000  1.4282301200e+00  4.5114410400e-02 
 621.000  1.4531003600e+00  4.5849170680e-02 
 622.000  1.3767798900e+00  4.3330909730e-02 
 623.000  1.3879978400e+00  4.3465316770e-02 
 624.000  1.3899386500e+00  4.3560657500e-02 
 625.000  1.3527248700e+00  4.2348663330e-02 
 626.000  1.3606495700e+00  4.2345943450e-02 
 627.000  1.3891076400e+00  4.2672389980e-02 
 628.000  1.3956645200e+00  4.1329769130e-02 
 629.000  1.4165571300e+00  4.2545467380e-02 
 630.000  1.3657183900e+00  4.1403007510e-02 
 631.000  1.4115051700e+00  4.2903575900e-02 
 632.000  1.3169541100e+00  3.9780578610e-02 
 633.000  1.4070786100e+00  4.2891670230e-02 
 634.000  1.3625016100e+00  4.1692649840e-02 
 635.000  1.3869972500e+00  4.2456687930e-02 
 636.000  1.3367734500e+00  4.0992801670e-02 
 637.000  1.3800697000e+00  4.2373031620e-02 
 638.000  1.3987992500e+00  4.3100292210e-02 
 639.000  1.3869593600e+00  4.2571964260e-02 
 640.000  1.3420170600e+00  4.1437484740e-02 
 641.000  1.3612509100e+00  4.1971679690e-02 
 642.000  1.3439045300e+00  4.1456066130e-02 
 643.000  1.3690856200e+00  4.2031776430e-02 
 644.000  1.3533038500e+00  4.1409103390e-02 
 645.000  1.3675273300e+00  4.1665111540e-02 
 646.000  1.3253241900e+00  3.9367435460e-02 
 647.000  1.3505809500e+00  3.9433929440e-02 
 648.000  1.3561466100e+00  3.9078029630e-02 
 649.000  1.3761457500e+00  3.9971332550e-02 
 650.000  1.2628852200e+00  3.7626205440e-02 
 651.000  1.3604769900e+00  4.0495811460e-02 
 652.000  1.3459158900e+00  3.9136966710e-02 
 653.000  1.3595779500e+00  4.0524471280e-02 
 654.000  1.3433482100e+00  3.9753402710e-02 
 655.000  1.3127406500e+00  3.8425884250e-02 
 656.000  1.1131829700e+00  3.2636631010e-02 
 657.000  1.1858652900e+00  3.4926940920e-02 
 658.000  1.3165164800e+00  3.9191284180e-02 
 659.000  1.3171759200e+00  3.9347713470e-02 
 660.000  1.3264622700e+00  3.9709342960e-02 
 661.000  1.3290682100e+00  4.0094341280e-02 
 662.000  1.3467430800e+00  4.0728431700e-02 
 663.000  1.3321791900e+00  4.0159729000e-02 
 664.000  1.3105054500e+00  3.9507812500e-02 
 665.000  1.3158454500e+00  3.9646293640e-02 
 666.000  1.3311285800e+00  4.0225681300e-02 
 667.000  1.3043070100e+00  3.9314369200e-02 
 668.000  1.3111650900e+00  3.9634960170e-02 
 669.000  1.3297712500e+00  4.0237670900e-02 
 670.000  1.3137522400e+00  3.9587474820e-02 
 671.000  1.2996720100e+00  3.9176231380e-02 
 672.000  1.2953690200e+00  3.9000167850e-02 
 673.000  1.3045799600e+00  3.9215721130e-02 
 674.000  1.3070469000e+00  3.9275829320e-02 
 675.000  1.2870175700e+00  3.8592842100e-02 
 676.000  1.3112520300e+00  3.9307868960e-02 
 677.000  1.2851163000e+00  3.8519042970e-02 
 678.000  1.3063068000e+00  3.9088760380e-02 
 679.000  1.2878926600e+00  3.8434986110e-02 
 680.000  1.2784492100e+00  3.8106048580e-02 
 681.000  1.2804331400e+00  3.8062839510e-02 
 682.000  1.2779940300e+00  3.7857772830e-02 
 683.000  1.2866803400e+00  3.7986343380e-02 
 684.000  1.2644729200e+00  3.7283412930e-02 
 685.000  1.2781424300e+00  3.7625911710e-02 
 686.000  1.2249510200e+00  3.5639671330e-02 
 687.000  1.2259564900e+00  3.1593811040e-02 
 688.000  1.2268593500e+00  3.2624137880e-02 
 689.000  1.2304041900e+00  3.2483112340e-02 
 690.000  1.2363496300e+00  3.3179462430e-02 
 691.000  1.2413119900e+00  3.4027873990e-02 
 692.000  1.2338382000e+00  3.4171562190e-02 
 693.000  1.2419951200e+00  3.3465805050e-02 
 694.000  1.2556326900e+00  3.3117767330e-02 
 695.000  1.2326424400e+00  3.2900585170e-02 
 696.000  1.2464441500e+00  3.3519199370e-02 
 697.000  1.2453757400e+00  3.5138729100e-02 
 698.000  1.2230909500e+00  3.4053726200e-02 
 699.000  1.2489438300e+00  3.3388442990e-02 
 700.000  1.2340041200e+00  3.3149906160e-02 
 701.000  1.2070909500e+00  3.2074684140e-02 
 702.000  1.2008878100e+00  3.2100391390e-02 
 703.000  1.2154621600e+00  3.3522975920e-02 
 704.000  1.2190112000e+00  3.3679992680e-02 
 705.000  1.2294998800e+00  3.3463680270e-02 
 706.000  1.2163447900e+00  3.3185153960e-02 
 707.000  1.1977587700e+00  3.2837120060e-02 
 708.000  1.2321620000e+00  3.3962913510e-02 
 709.000  1.1877131300e+00  3.3078536990e-02 
 710.000  1.2159899200e+00  3.3366096500e-02 
 711.000  1.2029644400e+00  3.3385486600e-02 
 712.000  1.1855499400e+00  3.3286312100e-02 
 713.000  1.1811454200e+00  3.2811927800e-02 
 714.000  1.2014643300e+00  3.3174823760e-02 
 715.000  1.1603418700e+00  3.1513660430e-02 
 716.000  1.1915720200e+00  3.1821372990e-02 
 717.000  1.1617958600e+00  2.8537885670e-02 
 718.000  1.1556445100e+00  2.6928218840e-02 
 719.000  1.1423380900e+00  2.6012239460e-02 
 720.000  1.1506716500e+00  2.5532375340e-02 
 721.000  1.1490062800e+00  2.8734458920e-02 
 722.000  1.1651300100e+00  3.0248790740e-02 
 723.000  1.1627315000e+00  2.9430784230e-02 
 724.000  1.1697861000e+00  2.7660591130e-02 
 725.000  1.1570151100e+00  2.7618358610e-02 
 726.000  1.1548977500e+00  2.7474643710e-02 
 727.000  1.1719822300e+00  2.8075420380e-02 
 728.000  1.1518491600e+00  2.7345308300e-02 
 729.000  1.1060637700e+00  2.6893983840e-02 
 730.000  1.1469390700e+00  2.7757093430e-02 
 731.000  1.1280334800e+00  2.7228263850e-02 
 732.000  1.1491449400e+00  2.8874359130e-02 
 733.000  1.1312932600e+00  2.9699298860e-02 
 734.000  1.1544974000e+00  3.0901147840e-02 
 735.000  1.1452896300e+00  3.0367780690e-02 
 736.000  1.1242662000e+00  2.9411954880e-02 
 737.000  1.1388623700e+00  3.0037986760e-02 
 738.000  1.1354024400e+00  3.0371749880e-02 
 739.000  1.0985329100e+00  2.9605407710e-02 
 740.000  1.1085104500e+00  3.0303035740e-02 
 741.000  1.0994405100e+00  3.0404075620e-02 
 742.000  1.0812684400e+00  3.0030437470e-02 
 743.000  1.1127270800e+00  3.1203870770e-02 
 744.000  1.1231467200e+00  3.1646215440e-02 
 745.000  1.0938290600e+00  3.0951938630e-02 
 746.000  1.1089631400e+00  3.1413673400e-02 
 747.000  1.1255674000e+00  3.1849578860e-02 
 748.000  1.1053396800e+00  3.1273933410e-02 
 749.000  1.1055384100e+00  3.1295103070e-02 
 750.000  1.0893902200e+00  3.0741847990e-02 
 751.000  1.0865823600e+00  3.0646167760e-02 
 752.000  1.1030438400e+00  3.1157131200e-02 
 753.000  1.0926021600e+00  3.0862642290e-02 
 754.000  1.1097127300e+00  3.1339815140e-02 
 755.000  1.1033430400e+00  3.1144001010e-02 
 756.000  1.0817389100e+00  3.0518932340e-02 
 757.000  1.0897327300e+00  3.0726610180e-02 
 758.000  1.0885968500e+00  3.0609218600e-02 
 759.000  1.0473952900e+00  2.7390357970e-02 
 760.000  8.2402005100e-01  1.2888855930e-02 
 761.000  7.9410050000e-01  1.1672688480e-02 
 762.000  9.2628021600e-01  1.8895236970e-02 
 763.000  9.1141321600e-01  1.6862163540e-02 
 764.000  9.3479680000e-01  1.8126171110e-02 
 765.000  9.8110180700e-01  2.1271610260e-02 
 766.000  9.7280178500e-01  2.3703895570e-02 
 767.000  1.0026810100e+00  2.5688951490e-02 
 768.000  1.0516085100e+00  2.7949935910e-02 
 769.000  1.0530653200e+00  2.8764648440e-02 
 770.000  1.0503848900e+00  2.9095132830e-02 
 771.000  1.0518421700e+00  2.9361076350e-02 
 772.000  1.0479518800e+00  2.9292633060e-02 
 773.000  1.0436362800e+00  2.9178503040e-02 
 774.000  1.0546477900e+00  2.9495492940e-02 
 775.000  1.0149260500e+00  2.8383571620e-02 
 776.000  1.0566498700e+00  2.9585271840e-02 
 777.000  1.0493324200e+00  2.9348936080e-02 
 778.000  1.0437863000e+00  2.9136793140e-02 
 779.000  1.0472608100e+00  2.9164932250e-02 
 780.000  1.0343837600e+00  2.8815439220e-02 
 781.000  1.0325233100e+00  2.8750589370e-02 
 782.000  1.0450596000e+00  2.9009805680e-02 
 783.000  1.0207174300e+00  2.8412879940e-02 
 784.000  1.0266276700e+00  2.8516796110e-02 
 785.000  1.0300056400e+00  2.8392005920e-02 
 786.000  1.0131375000e+00  2.7770431520e-02 
 787.000  1.0300264300e+00  2.7740264890e-02 
 788.000  1.0155570380e+00  2.7173227310e-02 
 789.000  1.0246928770e+00  2.6758201600e-02 
 790.000  1.0146450530e+00  2.6392147060e-02 
 791.000  1.0089128430e+00  2.6365106580e-02 
 792.000  9.9245152400e-01  2.5974222180e-02 
 793.000  9.9053807400e-01  2.6146554950e-02 
 794.000  9.7763094900e-01  2.6388534550e-02 
 795.000  9.7392556600e-01  2.5814268110e-02 
 796.000  9.9464398800e-01  2.5629405980e-02 
 797.000  9.9978501200e-01  2.6004383090e-02 
 798.000  9.9775878000e-01  2.6453058240e-02 
 799.000  9.9757528100e-01  2.6262804030e-02 
 800.000  9.7341432600e-01  2.5224962230e-02 
 801.000  9.9143591000e-01  2.5725484850e-02 
 802.000  9.8966660800e-01  2.5589334490e-02 
 803.000  9.7535551200e-01  2.5283565520e-02 
 804.000  9.8334411100e-01  2.5712942120e-02 
 805.000  9.5488580800e-01  2.5331188200e-02 
 806.000  9.7981692900e-01  2.6154680250e-02 
 807.000  9.7375429800e-01  2.6029558180e-02 
 808.000  9.6860994400e-01  2.5712280270e-02 
 809.000  9.5281388500e-01  2.5112577440e-02 
 810.000  9.4917262000e-01  2.4812915800e-02 
 811.000  9.6559408600e-01  2.4909996030e-02 
 812.000  9.6383578900e-01  2.4504657750e-02 
 813.000  9.6130685400e-01  2.3915620800e-02 
 814.000  9.6194273700e-01  2.3447416310e-02 
 815.000  9.5372615600e-01  2.2653955460e-02 
 816.000  9.4764361600e-01  2.1799644470e-02 
 817.000  9.5323664300e-01  2.1942291260e-02 
 818.000  9.4722823100e-01  2.1772272110e-02 
 819.000  9.2108601200e-01  2.1455757140e-02 
 820.000  9.0144269400e-01  2.1752029420e-02 
 821.000  9.2924439600e-01  2.3338527680e-02 
 822.000  9.0462929700e-01  2.1905197140e-02 
 823.000  9.2085860000e-01  2.0546863560e-02 
 824.000  9.3143491900e-01  2.2275857930e-02 
 825.000  9.2751926400e-01  2.3449258800e-02 
 826.000  9.3382184000e-01  2.3327997210e-02 
 827.000  9.3117112100e-01  2.3070571900e-02 
 828.000  9.3104822400e-01  2.2296190260e-02 
 829.000  9.2997418200e-01  2.2488042830e-02 
 830.000  9.1450263200e-01  2.2405820850e-02 
 831.000  8.9827558000e-01  2.2061218260e-02 
 832.000  9.1657162500e-01  2.2506605150e-02 
 833.000  8.8761719200e-01  2.2059488300e-02 
 834.000  9.0009899900e-01  2.2589246750e-02 
 835.000  9.0004413100e-01  2.2895656590e-02 
 836.000  9.1117384500e-01  2.3172866820e-02 
 837.000  9.0373688900e-01  2.2924201970e-02 
 838.000  9.0596205000e-01  2.3224290850e-02 
 839.000  8.7703618700e-01  2.2581304550e-02 
 840.000  9.0025433600e-01  2.3164937970e-02 
 841.000  9.0357073100e-01  2.3074869160e-02 
 842.000  8.9709067200e-01  2.3008169170e-02 
 843.000  8.8885711700e-01  2.3229799270e-02 
 844.000  8.7316481600e-01  2.2987724300e-02 
 845.000  8.8594004200e-01  2.3395330430e-02 
 846.000  8.9329443600e-01  2.3731075290e-02 
 847.000  8.6190587400e-01  2.3048604970e-02 
 848.000  8.8840434800e-01  2.3551330570e-02 
 849.000  8.8992237300e-01  2.3693645480e-02 
 850.000  7.6992336700e-01  2.0346969600e-02 
 851.000  8.8276426800e-01  2.3183177950e-02 
 852.000  8.4924835400e-01  2.2368238450e-02 
 853.000  8.5794670800e-01  2.2648206710e-02 
 854.000  6.8982247600e-01  1.8236846920e-02 
 855.000  7.5883310700e-01  2.0167951580e-02 
 856.000  8.5973369000e-01  2.2898408890e-02 
 857.000  8.7284289900e-01  2.3399925230e-02 
 858.000  8.5855671100e-01  2.3014984130e-02 
 859.000  8.5768354100e-01  2.3048927310e-02 
 860.000  8.4963952800e-01  2.2919694900e-02 
 861.000  8.4948858000e-01  2.2895771030e-02 
 862.000  8.4647978700e-01  2.2756952290e-02 
 863.000  8.6265562400e-01  2.3289293290e-02 
 864.000  8.6078173500e-01  2.3095981600e-02 
 865.000  8.4463178700e-01  2.2792175290e-02 
 866.000  7.0846140900e-01  1.9160818100e-02 
 867.000  7.5448303100e-01  2.0200920100e-02 
 868.000  8.1827575700e-01  2.1994735720e-02 
 869.000  8.0677374800e-01  2.1674421310e-02 
 870.000  8.4010827600e-01  2.2682477950e-02 
 871.000  8.3890663300e-01  2.2579734800e-02 
 872.000  8.3544182200e-01  2.2263717650e-02 
 873.000  8.3892803100e-01  2.2475673680e-02 
 874.000  8.2061954500e-01  2.1902193070e-02 
 875.000  8.1311132300e-01  2.1841308590e-02 
 876.000  8.2007455600e-01  2.1941486360e-02 
 877.000  8.3653973500e-01  2.2230707170e-02 
 878.000  8.2277293000e-01  2.1927200320e-02 
 879.000  8.2472972900e-01  2.2031951900e-02 
 880.000  8.2047905000e-01  2.1725740430e-02 
 881.000  7.7810788600e-01  2.0640554430e-02 
 882.000  8.2136608700e-01  2.1590431210e-02 
 883.000  8.0238745100e-01  2.1271480560e-02 
 884.000  8.0911544300e-01  2.1656623840e-02 
 885.000  8.1846595100e-01  2.1436199190e-02 
 886.000  7.9296878100e-01  2.0785242080e-02 
 887.000  7.8389788400e-01  2.0537551880e-02 
 888.000  8.0744838300e-01  2.0970041280e-02 
 889.000  8.1256817400e-01  2.1381511690e-02 
 890.000  8.1073956600e-01  2.1232957840e-02 
 891.000  8.0770248100e-01  2.0915504460e-02 
 892.000  8.0705292600e-01  2.0647371290e-02 
 893.000  7.8146310900e-01  1.9119621280e-02 
 894.000  8.0988429300e-01  1.9537174220e-02 
 895.000  7.7489524400e-01  1.8006540300e-02 
 896.000  8.0565140200e-01  1.7844459530e-02 
 897.000  7.8710518500e-01  1.6905353550e-02 
 898.000  7.8845933700e-01  1.6539491650e-02 
 899.000  7.8774909200e-01  1.5608336450e-02 
 900.000  7.6807726700e-01  1.5227772710e-02 
 901.000  7.5162311300e-01  1.4718025210e-02 
 902.000  7.3778815000e-01  1.4486009600e-02 
 903.000  7.7388313500e-01  1.6536336900e-02 
 904.000  7.8825353500e-01  1.7673889160e-02 
 905.000  7.8615993200e-01  1.7864055630e-02 
 906.000  7.6534546700e-01  1.6853216170e-02 
 907.000  7.7831259800e-01  1.6114578250e-02 
 908.000  7.5927514700e-01  1.5039696690e-02 
 909.000  7.4438014000e-01  1.4749066350e-02 
 910.000  7.5318429400e-01  1.5003451350e-02 
 911.000  7.5118669700e-01  1.5524765970e-02 
 912.000  7.5281293600e-01  1.5131307600e-02 
 913.000  7.7043332600e-01  1.4703781130e-02 
 914.000  7.6547532900e-01  1.4959265710e-02 
 915.000  7.5283934100e-01  1.5222899440e-02 
 916.000  7.6119644300e-01  1.5411587720e-02 
 917.000  7.4928234700e-01  1.5325697900e-02 
 918.000  7.4547962000e-01  1.5481035230e-02 
 919.000  7.5530853200e-01  1.6853729250e-02 
 920.000  7.4810464600e-01  1.7051467900e-02 
 921.000  7.3172374700e-01  1.6521739960e-02 
 922.000  7.2519457400e-01  1.6460273740e-02 
 923.000  6.9478036500e-01  1.5257701870e-02 
 924.000  7.2417546700e-01  1.5796424870e-02 
 925.000  7.3379028200e-01  1.5898118970e-02 
 926.000  7.0758990900e-01  1.5168100360e-02 
 927.000  7.3395040400e-01  1.5506700520e-02 
 928.000  7.3846947700e-01  1.4733248710e-02 
 929.000  7.2815331400e-01  1.3439290050e-02 
 930.000  7.2632388000e-01  1.2244389530e-02 
 931.000  7.2602573700e-01  1.1347654340e-02 
 932.000  7.1891251500e-01  1.0274316790e-02 
 933.000  7.2087303300e-01  9.7341394420e-03 
 934.000  7.1456085800e-01  9.1640272140e-03 
 935.000  7.0397201900e-01  8.9788169860e-03 
 936.000  6.9890471300e-01  9.0784549710e-03 
 937.000  7.1450431300e-01  9.2389373780e-03 
 938.000  7.0700869900e-01  9.7012052540e-03 
 939.000  7.1327813700e-01  1.1677464490e-02 
 940.000  7.0963729900e-01  1.2007864950e-02 
 941.000  6.9350407900e-01  1.1422471050e-02 
 942.000  6.6696505800e-01  1.0333256720e-02 
 943.000  7.0274496900e-01  9.9450778960e-03 
 944.000  6.8342779500e-01  9.6034402850e-03 
 945.000  6.8997624400e-01  9.9895753860e-03 
 946.000  6.9933339000e-01  1.0146903040e-02 
 947.000  6.9510447400e-01  1.0390405650e-02 
 948.000  6.9930738900e-01  1.0639641760e-02 
 949.000  7.0152247600e-01  1.0657616620e-02 
 950.000  6.9689805300e-01  1.0636433600e-02 
 951.000  6.9276196000e-01  1.1019608500e-02 
 952.000  6.9268757900e-01  1.0560777660e-02 
 953.000  6.9077588200e-01  1.0869081500e-02 
 954.000  6.8410365200e-01  1.1162403110e-02 
 955.000  6.3899004800e-01  1.0148540500e-02 
 956.000  6.8165254900e-01  1.0785990720e-02 
 957.000  6.8130090600e-01  1.1876277920e-02 
 958.000  6.8655296900e-01  1.2156374930e-02 
 959.000  6.8920574200e-01  1.2002489090e-02 
 960.000  6.8269387300e-01  1.1839318280e-02 
 961.000  6.7537087800e-01  1.1615099910e-02 
 962.000  6.7873217200e-01  1.1768591880e-02 
 963.000  6.7733057900e-01  1.2489696500e-02 
 964.000  6.6958060400e-01  1.2465808870e-02 
 965.000  6.7776503800e-01  1.2543009760e-02 
 966.000  6.5820047500e-01  1.2229056360e-02 
 967.000  6.7777507800e-01  1.3219592090e-02 
 968.000  6.7030545100e-01  1.4102439880e-02 
 969.000  6.7440359700e-01  1.4640398030e-02 
 970.000  6.7622456600e-01  1.4703269000e-02 
 971.000  6.7024308200e-01  1.4553884510e-02 
 972.000  6.7499311800e-01  1.4513611790e-02 
 973.000  6.6875539500e-01  1.4076482770e-02 
 974.000  6.5850350900e-01  1.3503163340e-02 
 975.000  6.6179620600e-01  1.3329428670e-02 
 976.000  6.6980606900e-01  1.3766660690e-02 
 977.000  6.5282633600e-01  1.3851822850e-02 
 978.000  6.6897341600e-01  1.4156659130e-02 
 979.000  6.4953258700e-01  1.3859536170e-02 
 980.000  6.5869375300e-01  1.4529750820e-02 
 981.000  6.6318258000e-01  1.4745320320e-02 
 982.000  6.6174731600e-01  1.4598084450e-02 
 983.000  6.5995749200e-01  1.4832102780e-02 
 984.000  6.5553886900e-01  1.5041725160e-02 
 985.000  6.5522700200e-01  1.5225265500e-02 
 986.000  6.4987922200e-01  1.5370150570e-02 
 987.000  6.5726984700e-01  1.5669500350e-02 
 988.000  6.4916596800e-01  1.5499056820e-02 
 989.000  6.4092287500e-01  1.5313276290e-02 
 990.000  6.4638537800e-01  1.5467385290e-02 
 991.000  6.5162819200e-01  1.5693597790e-02 
 992.000  6.4559826300e-01  1.5563013080e-02 
 993.000  6.4555585000e-01  1.5554641720e-02 
 994.000  6.4878802900e-01  1.5715085980e-02 
 995.000  6.4396703500e-01  1.5667139050e-02 
 996.000  6.4385171300e-01  1.5641891480e-02 
 997.000  6.4457583900e-01  1.5581644060e-02 
 998.000  6.4221522700e-01  1.5454546930e-02 
 999.000  6.4064536600e-01  1.5374491690e-02 
1000.000  6.3553053500e-01  1.5248234750e-02 
1001.000  6.3927746300e-01  1.5209072110e-02 
1002.000  6.3853967600e-01  1.5007446290e-02 
1003.000  6.3101290500e-01  1.4861315730e-02 
1004.000  6.2558059800e-01  1.4823136330e-02 
1005.000  5.8444044100e-01  1.3883123400e-02 
1006.000  6.1492269800e-01  1.4613636970e-02 
1007.000  6.2617758400e-01  1.4837589260e-02 
1008.000  6.2907137100e-01  1.4756545070e-02 
1009.000  6.2556682400e-01  1.4491930010e-02 
1010.000  6.2775940400e-01  1.4609958650e-02 
1011.000  6.2404499700e-01  1.4706639290e-02 
1012.000  6.2408074000e-01  1.4776840210e-02 
1013.000  6.1946712300e-01  1.4722210880e-02 
1014.000  6.2336831000e-01  1.4872653010e-02 
1015.000  6.1185425000e-01  1.4637616160e-02 
1016.000  6.1571776700e-01  1.4794167520e-02 
1017.000  6.0958745000e-01  1.4686960220e-02 
1018.000  6.1765190800e-01  1.4890144350e-02 
1019.000  6.0377942100e-01  1.4515765190e-02 
1020.000  6.0243152500e-01  1.4466192250e-02 
1021.000  6.0825508400e-01  1.4578559880e-02 
1022.000  5.9941747800e-01  1.4200620650e-02 
1023.000  6.1118404900e-01  1.4329404830e-02 
1024.000  6.0824183400e-01  1.4141546250e-02 
1025.000  6.0752105100e-01  1.4170255660e-02 
1026.000  6.0798377700e-01  1.4216924670e-02 
1027.000  6.0442322000e-01  1.4156488420e-02 
1028.000  6.0575315400e-01  1.4255973820e-02 
1029.000  5.9630055000e-01  1.4131166460e-02 
1030.000  6.0205059600e-01  1.4376762390e-02 
1031.000  6.0002357700e-01  1.4407830240e-02 
1032.000  5.9780833900e-01  1.4406517980e-02 
1033.000  5.8677188500e-01  1.4115544320e-02 
1034.000  5.9291355500e-01  1.4247769360e-02 
1035.000  5.8651964200e-01  1.4070137980e-02 
1036.000  5.9422376100e-01  1.4220370290e-02 
1037.000  5.8170289400e-01  1.3892384530e-02 
1038.000  5.8741815100e-01  1.4000877380e-02 
1039.000  5.8992965000e-01  1.4022590640e-02 
1040.000  5.8303827900e-01  1.3823185920e-02 
1041.000  5.8616900400e-01  1.3864659310e-02 
1042.000  5.8793840400e-01  1.3877314570e-02 
1043.000  5.7780494800e-01  1.3611074450e-02 
1044.000  5.8362230100e-01  1.3716908450e-02 
1045.000  5.8128836400e-01  1.3696594240e-02 
1046.000  5.6449476800e-01  1.3346541400e-02 
1047.000  5.7500776700e-01  1.3640166280e-02 
1048.000  5.8089780700e-01  1.3826983450e-02 
1049.000  5.7733248100e-01  1.3791318890e-02 
1050.000  5.7406883500e-01  1.3762712480e-02 
1051.000  5.7439777000e-01  1.3726928710e-02 
1052.000  5.7189606900e-01  1.3623172760e-02 
1053.000  5.7217708500e-01  1.3592995640e-02 
1054.000  5.6658018600e-01  1.3412747380e-02 
1055.000  5.7102690500e-01  1.3465482710e-02 
1056.000  5.6974537100e-01  1.3388603210e-02 
1057.000  5.6932425200e-01  1.3330749510e-02 
1058.000  5.6436661800e-01  1.3145501140e-02 
1059.000  5.4656323400e-01  1.2753553390e-02 
1060.000  5.6576018000e-01  1.3264162060e-02 
1061.000  5.4605608100e-01  1.2808108330e-02 
1062.000  5.6182231500e-01  1.3141919140e-02 
1063.000  5.5255678200e-01  1.2894313810e-02 
1064.000  5.5998309200e-01  1.2974059100e-02 
1065.000  5.5989443600e-01  1.2866663930e-02 
1066.000  5.4269050200e-01  1.2425987240e-02 
1067.000  5.5587279900e-01  1.2662957190e-02 
1068.000  5.5453077300e-01  1.2489802360e-02 
1069.000  5.1317058200e-01  1.1496455190e-02 
1070.000  5.4348423900e-01  1.2219988820e-02 
1071.000  5.4489544400e-01  1.2234081270e-02 
1072.000  5.4725781500e-01  1.2270831110e-02 
1073.000  5.2934959700e-01  1.1894721030e-02 
1074.000  5.4782466300e-01  1.2355028150e-02 
1075.000  5.3007768500e-01  1.2060287480e-02 
1076.000  5.4221815200e-01  1.2300901410e-02 
1077.000  5.4163156800e-01  1.2236963270e-02 
1078.000  5.4375616200e-01  1.2226384160e-02 
1079.000  5.2292471900e-01  1.1761999130e-02 
1080.000  5.4032861300e-01  1.1986258510e-02 
1081.000  5.2054628100e-01  1.1532795910e-02 
1082.000  5.2638291800e-01  1.1689044950e-02 
1083.000  5.1310556200e-01  1.1259508130e-02 
1084.000  5.3372659300e-01  1.1571237560e-02 
1085.000  5.2912024800e-01  1.1223448750e-02 
1086.000  5.3546803800e-01  1.1357406620e-02 
1087.000  5.0018631400e-01  1.0794425010e-02 
1088.000  5.3039906300e-01  1.1510505680e-02 
1089.000  5.1318162400e-01  1.0917220120e-02 
1090.000  5.2491304100e-01  1.1167410850e-02 
1091.000  5.2771562500e-01  1.1328341480e-02 
1092.000  5.1695739800e-01  1.1022651670e-02 
1093.000  5.1382957300e-01  1.0730995180e-02 
1094.000  4.6881679900e-01  9.6570816040e-03 
1095.000  5.0722373900e-01  1.0423952100e-02 
1096.000  5.0795893400e-01  1.0416130070e-02 
1097.000  4.9875424400e-01  1.0130767820e-02 
1098.000  4.9780313000e-01  9.5069046020e-03 
1099.000  5.0229312500e-01  9.0452299120e-03 
1100.000  5.1070711800e-01  9.2312765120e-03 
1101.000  5.0912534200e-01  9.2707748410e-03 
1102.000  4.8821025700e-01  8.8502168660e-03 
1103.000  5.0724674400e-01  9.2356605530e-03 
1104.000  5.0400097700e-01  9.0847158430e-03 
1105.000  5.0436146100e-01  8.8756399150e-03 
1106.000  5.0125076700e-01  8.6238651280e-03 
1107.000  5.0035308200e-01  8.6437978740e-03 
1108.000  4.9851259900e-01  8.6300592420e-03 
1109.000  4.9982802800e-01  8.7985267640e-03 
1110.000  5.0239224100e-01  8.7912139890e-03 
1111.000  4.9635730200e-01  8.5779266360e-03 
1112.000  4.9194368400e-01  8.1094665530e-03 
1113.000  4.9022013200e-01  7.6118674280e-03 
1114.000  4.9552820700e-01  7.5417757030e-03 
1115.000  4.9053738100e-01  7.0155749320e-03 
1116.000  4.8433087700e-01  6.6943712230e-03 
1117.000  4.9007516200e-01  6.3237895970e-03 
1118.000  4.8494174900e-01  5.9056062700e-03 
1119.000  4.7138063600e-01  5.5892190930e-03 
1120.000  4.7233022500e-01  5.4461021420e-03 
1121.000  4.7533652800e-01  5.4495983120e-03 
1122.000  4.7313157300e-01  5.2929859160e-03 
1123.000  4.7535419900e-01  5.3881578450e-03 
1124.000  4.7626937800e-01  5.4472608570e-03 
1125.000  4.6634568600e-01  5.3082518580e-03 
1126.000  4.5742637200e-01  5.1968111990e-03 
1127.000  4.7291265400e-01  5.3834786420e-03 
1128.000  4.6426681600e-01  5.3065156940e-03 
1129.000  4.6716303800e-01  5.4828581810e-03 
1130.000  4.6808064400e-01  5.9091701510e-03 
1131.000  4.7321086400e-01  6.1109862330e-03 
1132.000  4.7421023300e-01  5.9334440230e-03 
1133.000  4.6196167600e-01  5.4833521840e-03 
1134.000  4.5656262600e-01  5.0167894360e-03 
1135.000  4.6254495400e-01  5.1084146500e-03 
1136.000  4.6446288400e-01  5.5555233960e-03 
1137.000  4.7126123000e-01  5.9589757920e-03 
1138.000  4.5520040600e-01  6.1162734030e-03 
1139.000  4.6541503500e-01  6.4097261430e-03 
1140.000  4.6664209000e-01  6.3490519520e-03 
1141.000  4.5315251300e-01  6.0282092090e-03 
1142.000  4.6541806500e-01  6.1353659630e-03 
1143.000  4.5703999200e-01  5.8626561160e-03 
1144.000  4.5376465100e-01  5.6535344120e-03 
1145.000  4.5638280400e-01  5.4684662820e-03 
1146.000  4.6106034800e-01  5.5706839560e-03 
1147.000  4.6339872900e-01  5.7753195760e-03 
1148.000  4.5899180100e-01  5.8913478850e-03 
1149.000  4.6046505600e-01  5.9862895010e-03 
1150.000  4.5850992100e-01  5.9786448480e-03 
1151.000  4.5716472000e-01  6.0931577680e-03 
1152.000  4.5631044700e-01  6.1496748920e-03 
1153.000  4.5551327900e-01  6.2380847930e-03 
1154.000  4.5899218600e-01  6.2773060800e-03 
1155.000  4.6057159000e-01  6.5075597760e-03 
1156.000  4.5432875600e-01  6.6535220150e-03 
1157.000  4.5858810400e-01  7.2740106580e-03 
1158.000  4.5865999300e-01  7.5877513890e-03 
1159.000  4.5217589300e-01  7.7862873080e-03 
1160.000  4.4643151000e-01  7.8293681140e-03 
1161.000  4.3680313500e-01  7.9869618420e-03 
1162.000  4.5261588600e-01  8.5521984100e-03 
1163.000  4.5449550500e-01  8.9059610370e-03 
1164.000  4.4526338300e-01  8.7896337510e-03 
1165.000  4.5385804900e-01  9.0141725540e-03 
1166.000  4.4208570200e-01  8.8621215820e-03 
1167.000  4.4925605300e-01  9.0585594180e-03 
1168.000  4.5318216600e-01  9.1262912750e-03 
1169.000  4.3751151600e-01  8.8608818050e-03 
1170.000  4.4927723400e-01  9.1436614990e-03 
1171.000  4.5135623700e-01  9.2874011990e-03 
1172.000  4.4994391600e-01  9.2005834580e-03 
1173.000  4.4680962800e-01  9.0825510030e-03 
1174.000  4.4703621400e-01  9.0908718110e-03 
1175.000  4.4180290800e-01  9.1351737980e-03 
1176.000  4.3113690700e-01  9.0538167950e-03 
1177.000  4.4444947300e-01  9.2630987170e-03 
1178.000  4.3694186600e-01  8.9697027210e-03 
1179.000  4.3498234000e-01  8.9295825960e-03 
1180.000  4.4108840500e-01  9.0049123760e-03 
1181.000  4.3883497000e-01  8.8349561690e-03 
1182.000  4.3939039000e-01  8.7188186650e-03 
1183.000  4.1387897500e-01  8.2204618450e-03 
1184.000  4.3253225300e-01  8.6541395190e-03 
1185.000  4.3825550100e-01  8.9351806640e-03 
1186.000  4.3564726800e-01  8.8239059450e-03 
1187.000  4.3580177900e-01  8.6463336940e-03 
1188.000  4.3356573200e-01  8.5433282850e-03 
1189.000  4.0820057700e-01  8.1169223790e-03 
1190.000  4.2827429500e-01  8.7499942780e-03 
1191.000  4.3495211900e-01  8.9313192370e-03 
1192.000  4.3258392400e-01  8.9661397930e-03 
1193.000  4.3275016800e-01  8.9027662280e-03 
1194.000  4.3193692400e-01  8.8613996510e-03 
1195.000  4.2709528000e-01  8.6514425280e-03 
1196.000  4.2682567100e-01  8.6644086840e-03 
1197.000  4.2671249700e-01  8.6101589200e-03 
1198.000  4.1238110300e-01  8.3115081790e-03 
1199.000  3.9705599900e-01  7.9423885350e-03 
1200.000  4.2208648300e-01  8.4803552630e-03 
1201.000  4.2511472600e-01  8.5601711270e-03 
1202.000  4.2593034100e-01  8.6018924710e-03 
1203.000  4.0514255200e-01  8.1583747860e-03 
1204.000  4.1185664900e-01  8.3274316790e-03 
1205.000  4.2141008000e-01  8.7178049090e-03 
1206.000  4.1884678300e-01  8.7575855260e-03 
1207.000  4.2165926300e-01  8.8554420470e-03 
1208.000  4.1552142800e-01  8.6963272090e-03 
1209.000  3.8956040600e-01  8.1058368680e-03 
1210.000  4.1683965200e-01  8.5925579070e-03 
1211.000  4.0291539200e-01  8.2991333010e-03 
1212.000  4.1553063200e-01  8.5920953750e-03 
1213.000  4.1706640300e-01  8.7164649960e-03 
1214.000  4.1528145900e-01  8.6809482570e-03 
1215.000  4.1670802900e-01  8.7549285890e-03 
1216.000  4.1547583400e-01  8.8749113080e-03 
1217.000  4.1461202100e-01  8.9761343000e-03 
1218.000  4.1316138800e-01  8.9952020650e-03 
1219.000  4.0929489700e-01  8.9373445510e-03 
1220.000  4.1204613100e-01  8.9872560500e-03 
1221.000  4.1119301600e-01  8.9693365100e-03 
1222.000  4.0891519300e-01  8.9118919370e-03 
1223.000  4.0691361000e-01  8.8952789310e-03 
1224.000  4.0985482000e-01  9.0543527600e-03 
1225.000  4.0753104400e-01  9.0352983470e-03 
1226.000  4.0885938500e-01  9.1062250140e-03 
1227.000  3.9482997100e-01  8.8519668580e-03 
1228.000  4.0692912000e-01  9.1939277650e-03 
1229.000  4.0625319900e-01  9.2275962830e-03 
1230.000  4.0462429600e-01  9.2477788930e-03 
1231.000  4.0449186600e-01  9.2791757580e-03 
1232.000  3.9989255800e-01  9.1888399120e-03 
1233.000  4.0301225000e-01  9.2709560390e-03 
1234.000  4.0154542600e-01  9.3114814760e-03 
1235.000  3.9867296000e-01  9.2675333020e-03 
1236.000  4.0093181300e-01  9.3285169600e-03 
1237.000  4.0082602600e-01  9.3498821260e-03 
1238.000  4.0054164900e-01  9.3495121000e-03 
1239.000  3.9595811400e-01  9.2443094250e-03 
1240.000  3.9418082600e-01  9.2429800030e-03 
1241.000  3.9778895100e-01  9.3633089070e-03 
1242.000  3.9557015800e-01  9.3439388280e-03 
1243.000  3.9123985900e-01  9.2754774090e-03 
1244.000  3.8789112100e-01  9.2185897830e-03 
1245.000  3.9467101700e-01  9.3963794710e-03 
1246.000  3.9173703300e-01  9.2800054550e-03 
1247.000  3.8994963700e-01  9.1897821430e-03 
1248.000  3.9311745400e-01  9.2152051930e-03 
1249.000  3.9178661300e-01  9.1451692580e-03 
1250.000  3.9039217500e-01  9.0660057070e-03 
1251.000  3.8786074500e-01  8.9727611540e-03 
1252.000  3.8686366100e-01  8.9120168690e-03 
1253.000  3.8383971000e-01  8.8029689790e-03 
1254.000  3.8516614800e-01  8.7649126050e-03 
1255.000  3.8475483000e-01  8.7073669430e-03 
1256.000  3.8416064800e-01  8.6530914310e-03 
1257.000  3.8004586000e-01  8.4741334920e-03 
1258.000  3.8203807600e-01  8.3761434560e-03 
1259.000  3.7814194970e-01  8.1712093350e-03 
1260.000  3.7895821530e-01  8.0630836490e-03 
1261.000  3.7851080950e-01  7.9254727360e-03 
1262.000  3.7041151750e-01  7.5997834210e-03 
1263.000  3.7490402500e-01  7.6751551630e-03 
1264.000  3.6906685400e-01  7.5546302800e-03 
1265.000  3.6973929180e-01  7.5815553670e-03 
1266.000  3.7212706890e-01  7.6066513060e-03 
1267.000  3.6515774720e-01  7.4384980200e-03 
1268.000  3.6156157510e-01  7.3285942080e-03 
1269.000  3.6494598630e-01  7.3802938460e-03 
1270.000  3.6895711920e-01  7.5880718230e-03 
1271.000  3.7100580320e-01  7.6929159160e-03 
1272.000  3.6990869050e-01  7.7322297100e-03 
1273.000  3.6959047040e-01  7.7925820350e-03 
1274.000  3.6738326660e-01  7.8157544140e-03 
1275.000  3.6954544090e-01  7.8875589370e-03 
1276.000  3.7013889790e-01  7.9080295560e-03 
1277.000  3.6986241170e-01  7.8965206150e-03 
1278.000  3.6880221510e-01  7.8645949360e-03 
1279.000  3.6633347480e-01  7.8335900310e-03 
1280.000  3.6416994380e-01  7.8784861560e-03 
1281.000  3.5378360020e-01  7.7405028340e-03 
1282.000  3.1416685620e-01  6.9506955150e-03 
1283.000  3.4479244820e-01  7.6891527180e-03 
1284.000  3.5902018170e-01  8.0472688670e-03 
1285.000  3.6165319440e-01  8.1256074910e-03 
1286.000  3.6153462840e-01  8.0903205870e-03 
1287.000  3.6374570160e-01  8.0840158460e-03 
1288.000  3.6146535500e-01  7.8530049320e-03 
1289.000  3.6362012620e-01  7.8463635440e-03 
1290.000  3.5528849390e-01  7.6490521430e-03 
1291.000  3.6015190930e-01  7.7346911430e-03 
1292.000  3.6165483340e-01  7.7863163950e-03 
1293.000  3.6197810740e-01  7.7543888090e-03 
1294.000  3.5623287650e-01  7.5153141020e-03 
1295.000  3.6006805810e-01  7.4519538880e-03 
1296.000  3.6033298630e-01  7.3512525560e-03 
1297.000  3.5811143550e-01  7.2443990710e-03 
1298.000  3.5491179560e-01  7.1849493980e-03 
1299.000  3.5847518240e-01  7.2604174610e-03 
1300.000  3.5703585870e-01  7.2352433200e-03 
1301.000  3.5646730520e-01  7.2040548320e-03 
1302.000  3.5189405940e-01  7.0260844230e-03 
1303.000  3.5000428260e-01  6.8116655350e-03 
1304.000  3.5023247590e-01  6.7241182330e-03 
1305.000  3.5238925860e-01  6.7136735920e-03 
1306.000  3.5272503770e-01  6.6633524890e-03 
1307.000  3.5168351900e-01  6.6047434810e-03 
1308.000  3.5138397570e-01  6.5132298470e-03 
1309.000  3.5107084930e-01  6.3861398700e-03 
1310.000  3.4961302020e-01  6.3554420470e-03 
1311.000  3.4854200160e-01  6.3418040280e-03 
1312.000  3.4745645010e-01  6.1782903670e-03 
1313.000  3.3462352000e-01  5.7790517810e-03 
1314.000  3.4506882510e-01  5.8105416300e-03 
1315.000  3.3344998200e-01  5.6849508290e-03 
1316.000  3.4120691300e-01  5.9263134000e-03 
1317.000  3.4487764650e-01  5.9899616240e-03 
1318.000  3.3999754670e-01  5.7249565120e-03 
1319.000  3.4465506410e-01  5.5721044540e-03 
1320.000  3.4211082690e-01  5.2971215250e-03 
1321.000  3.4060804330e-01  5.1901526450e-03 
1322.000  3.3992781730e-01  5.3075079920e-03 
1323.000  3.4068013930e-01  5.4684171680e-03 
1324.000  3.4086133080e-01  5.5595421790e-03 
1325.000  3.3977168940e-01  5.4782996180e-03 
1326.000  3.3818246310e-01  5.2958641050e-03 
1327.000  3.3548211630e-01  4.9510307310e-03 
1328.000  3.3636703120e-01  4.6943335530e-03 
1329.000  3.2409095210e-01  4.1273021700e-03 
1330.000  3.2916412350e-01  4.0570712090e-03 
1331.000  3.3063042290e-01  3.9956219200e-03 
1332.000  3.2308443630e-01  3.9279327390e-03 
1333.000  3.3162326000e-01  4.1026616100e-03 
1334.000  3.3203814660e-01  4.2065210340e-03 
1335.000  3.3232322360e-01  4.2837443350e-03 
1336.000  3.2872564800e-01  4.2622671130e-03 
1337.000  3.2978995300e-01  4.2819681170e-03 
1338.000  3.2954649390e-01  4.3328795430e-03 
1339.000  3.2600555790e-01  4.2927842140e-03 
1340.000  3.2366552530e-01  4.3074855800e-03 
1341.000  3.2855092420e-01  4.3171358110e-03 
1342.000  3.2774691140e-01  4.3130412100e-03 
1343.000  3.2771814300e-01  4.1310839650e-03 
1344.000  3.2622017390e-01  3.9578857420e-03 
1345.000  3.2371942100e-01  3.6388447280e-03 
1346.000  3.1854773290e-01  3.4474327560e-03 
1347.000  3.1915300040e-01  3.3770897390e-03 
1348.000  3.1557541690e-01  3.2596807480e-03 
1349.000  3.1343297750e-01  3.1991384030e-03 
1350.000  3.0703404930e-01  3.0584924220e-03 
1351.000  3.0486581250e-01  2.9851865770e-03 
1352.000  3.0542288600e-01  2.9131984710e-03 
1353.000  2.9956989140e-01  2.7626161580e-03 
1354.000  2.9595142730e-01  2.6740694050e-03 
1355.000  2.9031042070e-01  2.5628743170e-03 
1356.000  2.8603642360e-01  2.4589655400e-03 
1357.000  2.7933652980e-01  2.3196804520e-03 
1358.000  2.7973377570e-01  2.2349483970e-03 
1359.000  2.7201617600e-01  2.0246727470e-03 
1360.000  2.6204723630e-01  1.8575283290e-03 
1361.000  2.6424460450e-01  1.8122615810e-03 
1362.000  2.6198089410e-01  1.7795097830e-03 
1363.000  2.6224414940e-01  1.8741291760e-03 
1364.000  2.6751493390e-01  1.9431426530e-03 
1365.000  2.6737839220e-01  1.9591965680e-03 
1366.000  2.6925621230e-01  2.0088949200e-03 
1367.000  2.6430605920e-01  1.9255306720e-03 
1368.000  2.6432974890e-01  1.8827431200e-03 
1369.000  2.5956732610e-01  1.8589271310e-03 
1370.000  2.6507939360e-01  2.0061991210e-03 
1371.000  2.7286016220e-01  2.2144796850e-03 
1372.000  2.8369969890e-01  2.4575083260e-03 
1373.000  2.8780317450e-01  2.5869596000e-03 
1374.000  2.9109115480e-01  2.6656117440e-03 
1375.000  2.8700122150e-01  2.6498155590e-03 
1376.000  2.8271186620e-01  2.5936701300e-03 
1377.000  2.8529059670e-01  2.5817713740e-03 
1378.000  2.8039200710e-01  2.4698863030e-03 
1379.000  2.7853732410e-01  2.3512446880e-03 
1380.000  2.6854798120e-01  2.1256728170e-03 
1381.000  2.6249340470e-01  1.9413928990e-03 
1382.000  2.5434863160e-01  1.8068076370e-03 
1383.000  2.5657369090e-01  1.8141152860e-03 
1384.000  2.6227062370e-01  1.9668487310e-03 
1385.000  2.6435447000e-01  2.0700807570e-03 
1386.000  2.7233354060e-01  2.2367603780e-03 
1387.000  2.7623745880e-01  2.4239275460e-03 
1388.000  2.8202791700e-01  2.5448312760e-03 
1389.000  2.8427319210e-01  2.5952095990e-03 
1390.000  2.7926150460e-01  2.5584886070e-03 
1391.000  2.8199698010e-01  2.5588986870e-03 
1392.000  2.7755576510e-01  2.4466087820e-03 
1393.000  2.7301157050e-01  2.3362195490e-03 
1394.000  2.6695988990e-01  2.2182724480e-03 
1395.000  2.6826058400e-01  2.2586562630e-03 
1396.000  2.7419040030e-01  2.3876528740e-03 
1397.000  2.7725830690e-01  2.4768872260e-03 
1398.000  2.7746975310e-01  2.4857077600e-03 
1399.000  2.7565651270e-01  2.4481019970e-03 
1400.000  2.6765283620e-01  2.3664031030e-03 
1401.000  2.6886476980e-01  2.3824779990e-03 
1402.000  2.7542935610e-01  2.4878909590e-03 
1403.000  2.7473005570e-01  2.5091025830e-03 
1404.000  2.7264712580e-01  2.4719541070e-03 
1405.000  2.7281345240e-01  2.4744989870e-03 
1406.000  2.7242876640e-01  2.4477586750e-03 
1407.000  2.7269924710e-01  2.4473598000e-03 
1408.000  2.7354146800e-01  2.4989545350e-03 
1409.000  2.7645696290e-01  2.5562546250e-03 
1410.000  2.7764843970e-01  2.6210947040e-03 
1411.000  2.7972030500e-01  2.6768503190e-03 
1412.000  2.6878978670e-01  2.5662875180e-03 
1413.000  2.7398033020e-01  2.6254544260e-03 
1414.000  2.7756364490e-01  2.6432323460e-03 
1415.000  2.7740257420e-01  2.6597347260e-03 
1416.000  2.7689389140e-01  2.6714336870e-03 
1417.000  2.7891497430e-01  2.6843554970e-03 
1418.000  2.7902399110e-01  2.6801815030e-03 
1419.000  2.7504989190e-01  2.6349935530e-03 
1420.000  2.7444631220e-01  2.6301903720e-03 
1421.000  2.7900130940e-01  2.6978442670e-03 
1422.000  2.7276735670e-01  2.6446001530e-03 
1423.000  2.7110645420e-01  2.6231789590e-03 
1424.000  2.7135157990e-01  2.6127347950e-03 
1425.000  2.7658757850e-01  2.6384637360e-03 
1426.000  2.6539563070e-01  2.5228116510e-03 
1427.000  2.6953675110e-01  2.5675764080e-03 
1428.000  2.7538673850e-01  2.6256654260e-03 
1429.000  2.6892819950e-01  2.5682442190e-03 
1430.000  2.6308648900e-01  2.4968528750e-03 
1431.000  2.6248322630e-01  2.4459888940e-03 
1432.000  2.6725460910e-01  2.4609041210e-03 
1433.000  2.6739034680e-01  2.4503726960e-03 
1434.000  2.6200121900e-01  2.3818762300e-03 
1435.000  2.6519781980e-01  2.4234778880e-03 
1436.000  2.6523357710e-01  2.4229729180e-03 
1437.000  2.6628125050e-01  2.4264724250e-03 
1438.000  2.6563332420e-01  2.4370045660e-03 
1439.000  2.6877383630e-01  2.4590668680e-03 
1440.000  2.5213661260e-01  2.3080496790e-03 
1441.000  2.6484225350e-01  2.4186036590e-03 
1442.000  2.5867597380e-01  2.3421337600e-03 
1443.000  2.6297134530e-01  2.3691198830e-03 
1444.000  2.6425008370e-01  2.3775358200e-03 
1445.000  2.6345248970e-01  2.3610270020e-03 
1446.000  2.6628056300e-01  2.3931901450e-03 
1447.000  2.6506325860e-01  2.3888456820e-03 
1448.000  2.6708966310e-01  2.3977372650e-03 
1449.000  2.6698326580e-01  2.3726713660e-03 
1450.000  2.6518689920e-01  2.3239936830e-03 
1451.000  2.6347685860e-01  2.3027231690e-03 
1452.000  2.6023302460e-01  2.2928898330e-03 
1453.000  2.6518612810e-01  2.3896417620e-03 
1454.000  2.6621657720e-01  2.4720370770e-03 
1455.000  2.6284945440e-01  2.4915876390e-03 
1456.000  2.6272940920e-01  2.5472710130e-03 
1457.000  2.6524843940e-01  2.5654454230e-03 
1458.000  2.6887524690e-01  2.5998792650e-03 
1459.000  2.6987411530e-01  2.5372109410e-03 
1460.000  2.6528248990e-01  2.4327452180e-03 
1461.000  2.6470290470e-01  2.3866281510e-03 
1462.000  2.6181204680e-01  2.2861227990e-03 
1463.000  2.6006582750e-01  2.2553346160e-03 
1464.000  2.5989442540e-01  2.2227497100e-03 
1465.000  2.6290007680e-01  2.1967682840e-03 
1466.000  2.5663833050e-01  2.0900983810e-03 
1467.000  2.6278964560e-01  2.1005959510e-03 
1468.000  2.5632221500e-01  2.0094673630e-03 
1469.000  2.5914854080e-01  1.9819356200e-03 
1470.000  2.5765374840e-01  1.9445573090e-03 
1471.000  2.5357951490e-01  1.9385141130e-03 
1472.000  2.5511188620e-01  1.9968203310e-03 
1473.000  2.5735665800e-01  2.1050145630e-03 
1474.000  2.5027096270e-01  2.1294062140e-03 
1475.000  2.5559228170e-01  2.1614875790e-03 
1476.000  2.5599639020e-01  2.1514365670e-03 
1477.000  2.5674756770e-01  2.1133320330e-03 
1478.000  2.5303383470e-01  2.0404291150e-03 
1479.000  2.5593261470e-01  2.0118510720e-03 
1480.000  2.5733488620e-01  2.0343801980e-03 
1481.000  2.5349855160e-01  2.0415916440e-03 
1482.000  2.5665473990e-01  2.1157457830e-03 
1483.000  2.5136847420e-01  2.0806803700e-03 
1484.000  2.5369194120e-01  2.0970733170e-03 
1485.000  2.5852100940e-01  2.1217908860e-03 
1486.000  2.5426113930e-01  2.1352834700e-03 
1487.000  2.5455194570e-01  2.2497894760e-03 
1488.000  2.2252947790e-01  1.9734754560e-03 
1489.000  2.5551091170e-01  2.4346637730e-03 
1490.000  2.5610569770e-01  2.6029615400e-03 
1491.000  2.5865124040e-01  2.7493376730e-03 
1492.000  2.5264104670e-01  2.7071003910e-03 
1493.000  2.5831853460e-01  2.8546628950e-03 
1494.000  2.5733723100e-01  2.8515741830e-03 
1495.000  2.5553665470e-01  2.9097588060e-03 
1496.000  2.4797988810e-01  2.9591133590e-03 
1497.000  2.5380410800e-01  3.0209534170e-03 
1498.000  2.5637463320e-01  3.1789875030e-03 
1499.000  2.5206256690e-01  3.2424588200e-03 
1500.000  2.5636102510e-01  3.3830749990e-03 
1501.000  2.5599504640e-01  3.3334035870e-03 
1502.000  2.5401783960e-01  3.2471251490e-03 
1503.000  2.2809313990e-01  2.8714640140e-03 
1504.000  2.3763747150e-01  3.0132169720e-03 
1505.000  2.3689921010e-01  3.1124489310e-03 
1506.000  2.4009306530e-01  3.1818161010e-03 
1507.000  2.5110476120e-01  3.4350743290e-03 
1508.000  2.4718387590e-01  3.4472668170e-03 
1509.000  2.4825169460e-01  3.5355331900e-03 
1510.000  2.5208791920e-01  3.6286048890e-03 
1511.000  2.5323430110e-01  3.7054147720e-03 
1512.000  2.4848054360e-01  3.6788105960e-03 
1513.000  2.4806457620e-01  3.7099795340e-03 
1514.000  2.4466896040e-01  3.6805741790e-03 
1515.000  2.4947698100e-01  3.7726502420e-03 
1516.000  2.4716196440e-01  3.7124259470e-03 
1517.000  2.4569816880e-01  3.6777198310e-03 
1518.000  2.5022668090e-01  3.7584543230e-03 
1519.000  2.4651328010e-01  3.7213652130e-03 
1520.000  2.4802968350e-01  3.8152077200e-03 
1521.000  2.4330548040e-01  3.8313217160e-03 
1522.000  2.4188158210e-01  3.8550469880e-03 
1523.000  2.4776900740e-01  4.0108194350e-03 
1524.000  2.4601027250e-01  4.0122413640e-03 
1525.000  2.4052798510e-01  3.9358937740e-03 
1526.000  2.4730325570e-01  4.0284137730e-03 
1527.000  2.4463047370e-01  3.9842917920e-03 
1528.000  2.4611385440e-01  4.0156335830e-03 
1529.000  2.4533511940e-01  3.9791371820e-03 
1530.000  2.2950348920e-01  3.7231299880e-03 
1531.000  2.4522829470e-01  3.9537255760e-03 
1532.000  2.4365528140e-01  3.9061822890e-03 
1533.000  2.4242432390e-01  3.8535208700e-03 
1534.000  2.3857180350e-01  3.7585844990e-03 
1535.000  2.3918606270e-01  3.7352631090e-03 
1536.000  2.4238451210e-01  3.8198430540e-03 
1537.000  2.4294737430e-01  3.8783197400e-03 
1538.000  2.3610265580e-01  3.8196756840e-03 
1539.000  2.4093048180e-01  3.9469788070e-03 
1540.000  2.3210227590e-01  3.8424763680e-03 
1541.000  2.3686466470e-01  3.9263582230e-03 
1542.000  2.3827307620e-01  3.9443736080e-03 
1543.000  2.3738675050e-01  3.9322831630e-03 
1544.000  2.4007169280e-01  3.9840834140e-03 
1545.000  2.4047304120e-01  4.0064401630e-03 
1546.000  2.4026645400e-01  4.0329613690e-03 
1547.000  2.3761440810e-01  4.0163450240e-03 
1548.000  2.3040934730e-01  3.9204449650e-03 
1549.000  2.3631470160e-01  4.0378513340e-03 
1550.000  2.3500273090e-01  4.0299248700e-03 
1551.000  2.3377248810e-01  3.9991896150e-03 
1552.000  2.3774614230e-01  4.0457201000e-03 
1553.000  2.3640485810e-01  4.0069007870e-03 
1554.000  2.2774299570e-01  3.8388633730e-03 
1555.000  2.3139552980e-01  3.8875811100e-03 
1556.000  2.2689049120e-01  3.8350048070e-03 
1557.000  2.3425552700e-01  4.0125293730e-03 
1558.000  2.3246115320e-01  4.0265960690e-03 
1559.000  2.3257231820e-01  4.0712418560e-03 
1560.000  2.2855607630e-01  4.0487608910e-03 
1561.000  2.3399384680e-01  4.1576142310e-03 
1562.000  2.3406898760e-01  4.1328372960e-03 
1563.000  2.3072962060e-01  4.0555119510e-03 
1564.000  2.2638627680e-01  3.9517586230e-03 
1565.000  2.3029994690e-01  3.9858512880e-03 
1566.000  2.2593590430e-01  3.9160943030e-03 
1567.000  2.2658874670e-01  3.9313535690e-03 
1568.000  2.2277963800e-01  3.8568890090e-03 
1569.000  2.2460813270e-01  3.8762731550e-03 
1570.000  2.1957076120e-01  3.7894234660e-03 
1571.000  2.2545415770e-01  3.9190006260e-03 
1572.000  2.2565688850e-01  3.9341547490e-03 
1573.000  2.2188044360e-01  3.8987791540e-03 
1574.000  2.2210203560e-01  3.9417397980e-03 
1575.000  2.0598217170e-01  3.6853201390e-03 
1576.000  2.2129315770e-01  3.9625132080e-03 
1577.000  1.9973182070e-01  3.5443189140e-03 
1578.000  2.1844867740e-01  3.8416650300e-03 
1579.000  2.1938255280e-01  3.8290090560e-03 
1580.000  2.2328835560e-01  3.8771135810e-03 
1581.000  2.2180767240e-01  3.8198151590e-03 
1582.000  2.1670993100e-01  3.7648956780e-03 
1583.000  2.1879893170e-01  3.8328239920e-03 
1584.000  2.1633655220e-01  3.8214466570e-03 
1585.000  2.2236042240e-01  3.9541835780e-03 
1586.000  2.1956736350e-01  3.9153566360e-03 
1587.000  2.1689175730e-01  3.8947336670e-03 
1588.000  2.1342251200e-01  3.8570027350e-03 
1589.000  1.9520922030e-01  3.5371491910e-03 
1590.000  2.1036205340e-01  3.8234157560e-03 
1591.000  2.0564879530e-01  3.7513508800e-03 
1592.000  2.1655607740e-01  3.9583737850e-03 
1593.000  2.2147374320e-01  4.0521574020e-03 
1594.000  2.1991951810e-01  4.0267806050e-03 
1595.000  2.2138443570e-01  4.0558099750e-03 
1596.000  2.0737846930e-01  3.8152313230e-03 
1597.000  2.1583644410e-01  3.9654734130e-03 
1598.000  2.1990954410e-01  4.0263605120e-03 
1599.000  2.1254774660e-01  3.8727581500e-03 
1600.000  2.1609005700e-01  3.9261715410e-03 
1601.000  2.0699348210e-01  3.7769112590e-03 
1602.000  2.1228674920e-01  3.9078500270e-03 
1603.000  2.1067651950e-01  3.9295527940e-03 
1604.000  2.1326366570e-01  4.0360679630e-03 
1605.000  2.1011060320e-01  4.0157165530e-03 
1606.000  2.0925515560e-01  4.0409264560e-03 
1607.000  2.1013474900e-01  4.0251736640e-03 
1608.000  2.1252898040e-01  4.0391530990e-03 
1609.000  2.1171196350e-01  3.9979832170e-03 
1610.000  1.9850133000e-01  3.7281539440e-03 
1611.000  2.0420783020e-01  3.8301088810e-03 
1612.000  2.0595397930e-01  3.8596272470e-03 
1613.000  2.1034971970e-01  3.9370625020e-03 
1614.000  2.0828533270e-01  3.8694949150e-03 
1615.000  2.1154948800e-01  3.9196414950e-03 
1616.000  1.9820823020e-01  3.6598720550e-03 
1617.000  2.0392096820e-01  3.8095963000e-03 
1618.000  2.1027463020e-01  3.9543480870e-03 
1619.000  2.0953064240e-01  3.9861462120e-03 
1620.000  2.0418017750e-01  3.9285483360e-03 
1621.000  2.0111936170e-01  3.9064970020e-03 
1622.000  2.0618163290e-01  4.0108170510e-03 
1623.000  2.1030987960e-01  4.1061410900e-03 
1624.000  2.1176328260e-01  4.1446561810e-03 
1625.000  2.0644529670e-01  4.0661730770e-03 
1626.000  2.0897673120e-01  4.1064734460e-03 
1627.000  2.0870712650e-01  4.1206288340e-03 
1628.000  2.1038424880e-01  4.1643352510e-03 
1629.000  2.1035375910e-01  4.1725578310e-03 
1630.000  2.0464278840e-01  4.0610613820e-03 
1631.000  2.0784344340e-01  4.1366329190e-03 
1632.000  2.0789593150e-01  4.0841255190e-03 
1633.000  2.0522041450e-01  3.9925582410e-03 
1634.000  2.0041820820e-01  3.8577921390e-03 
1635.000  2.0579181050e-01  3.9250664710e-03 
1636.000  2.0524730770e-01  3.8717968460e-03 
1637.000  1.9610940690e-01  3.6606252190e-03 
1638.000  1.9467633390e-01  3.6039969920e-03 
1639.000  1.9273636900e-01  3.5245323180e-03 
1640.000  1.9389255690e-01  3.5105834010e-03 
1641.000  1.9269259520e-01  3.4658083920e-03 
1642.000  1.9245237870e-01  3.5267391200e-03 
1643.000  1.9739874410e-01  3.6795902250e-03 
1644.000  1.9434396130e-01  3.6821832660e-03 
1645.000  1.9477707140e-01  3.7464118000e-03 
1646.000  1.9711809850e-01  3.8454887870e-03 
1647.000  1.9896890550e-01  3.8787200450e-03 
1648.000  1.9820038360e-01  3.8539993760e-03 
1649.000  1.9367245560e-01  3.7619080540e-03 
1650.000  1.9858012920e-01  3.8554167750e-03 
1651.000  1.9410591310e-01  3.7666580680e-03 
1652.000  1.9797985750e-01  3.8383276460e-03 
1653.000  1.9575680030e-01  3.8030586240e-03 
1654.000  1.9795314600e-01  3.8481121060e-03 
1655.000  1.9398554950e-01  3.7813878060e-03 
1656.000  1.9771161350e-01  3.8610608580e-03 
1657.000  1.9627839500e-01  3.8336725230e-03 
1658.000  1.9733879760e-01  3.8628652100e-03 
1659.000  1.9370390450e-01  3.7930707930e-03 
1660.000  1.9606775320e-01  3.8330380920e-03 
1661.000  1.9683728760e-01  3.8305819030e-03 
1662.000  1.9551475200e-01  3.7455136780e-03 
1663.000  1.9428411900e-01  3.6698760990e-03 
1664.000  1.9346165800e-01  3.6015548710e-03 
1665.000  1.9148636880e-01  3.5119326110e-03 
1666.000  1.9055418180e-01  3.4870140550e-03 
1667.000  1.9207680140e-01  3.5710325240e-03 
1668.000  1.8882245780e-01  3.5488202570e-03 
1669.000  1.8912483030e-01  3.6005246640e-03 
1670.000  1.9319712750e-01  3.7252039910e-03 
1671.000  1.9172191950e-01  3.7452702520e-03 
1672.000  1.8264090050e-01  3.6239273550e-03 
1673.000  1.8802153270e-01  3.7777974610e-03 
1674.000  1.8889526770e-01  3.8462362290e-03 
1675.000  1.8714477400e-01  3.8676714900e-03 
1676.000  1.8416393510e-01  3.8248889450e-03 
1677.000  1.8504918950e-01  3.8412771220e-03 
1678.000  1.8591766990e-01  3.8637866970e-03 
1679.000  1.8344524630e-01  3.8062195780e-03 
1680.000  1.7703627450e-01  3.6761403080e-03 
1681.000  1.7083069410e-01  3.5486578940e-03 
1682.000  1.7576403890e-01  3.6491818430e-03 
1683.000  1.8015725500e-01  3.7346062660e-03 
1684.000  1.8351833400e-01  3.7993180750e-03 
1685.000  1.8423723680e-01  3.7983126640e-03 
1686.000  1.8201446160e-01  3.7399668690e-03 
1687.000  1.8303062590e-01  3.7225461010e-03 
1688.000  1.8337243370e-01  3.6963109970e-03 
1689.000  1.8116252340e-01  3.6350669860e-03 
1690.000  1.8132575450e-01  3.6027619840e-03 
1691.000  1.8369866630e-01  3.6591565610e-03 
1692.000  1.8403295610e-01  3.6830286980e-03 
1693.000  1.8333322350e-01  3.6895272730e-03 
1694.000  1.8305589440e-01  3.7013814450e-03 
1695.000  1.8326521010e-01  3.7113904950e-03 
1696.000  1.8219347660e-01  3.6547207830e-03 
1697.000  1.8115276200e-01  3.5876696110e-03 
1698.000  1.8224596670e-01  3.5666358470e-03 
1699.000  1.8106840600e-01  3.5044486520e-03 
1700.000  1.7874721100e-01  3.4229760170e-03 
