 lambda   Irr_dw            Rad_up 
 550.000  1.5575196300e+00  7.7699234010e-02 
 551.000  1.5472081300e+00  7.7025497440e-02 
 552.000  1.6132297200e+00  8.0252922060e-02 
 553.000  1.5494759700e+00  7.6899314880e-02 
 554.000  1.5995392600e+00  7.9303604130e-02 
 555.000  1.6035107400e+00  7.9287124630e-02 
 556.000  1.5588351100e+00  7.6874404910e-02 
 557.000  1.5121930300e+00  7.4505004880e-02 
 558.000  1.5692501100e+00  7.7111587520e-02 
 559.000  1.4829519600e+00  7.2733123780e-02 
 560.000  1.4892023900e+00  7.2964347840e-02 
 561.000  1.6364762500e+00  7.9959358220e-02 
 562.000  1.5023193200e+00  7.3299110410e-02 
 563.000  1.5716685300e+00  7.6477340700e-02 
 564.000  1.5496111700e+00  7.5143318180e-02 
 565.000  1.5683789900e+00  7.5953071590e-02 
 566.000  1.4460948100e+00  6.9840950010e-02 
 567.000  1.5524962600e+00  7.4650939940e-02 
 568.000  1.5530656200e+00  7.4020362850e-02 
 569.000  1.5316326600e+00  7.1808097840e-02 
 570.000  1.5381576900e+00  7.2104316710e-02 
 571.000  1.4770833000e+00  6.9838081360e-02 
 572.000  1.5680484100e+00  7.3391700740e-02 
 573.000  1.5829064800e+00  7.4197074890e-02 
 574.000  1.5738161700e+00  7.3702026370e-02 
 575.000  1.5359253700e+00  7.1761627200e-02 
 576.000  1.5082612000e+00  7.0364662170e-02 
 577.000  1.5689893600e+00  7.3237976070e-02 
 578.000  1.5204504800e+00  7.1265533450e-02 
 579.000  1.5066000900e+00  7.0674140930e-02 
 580.000  1.5565097100e+00  7.3237030030e-02 
 581.000  1.5253256200e+00  7.1930557250e-02 
 582.000  1.5463004500e+00  7.2835441590e-02 
 583.000  1.5562061700e+00  7.3339439390e-02 
 584.000  1.5505289900e+00  7.2902420040e-02 
 585.000  1.5398911300e+00  7.2257690430e-02 
 586.000  1.4733896700e+00  6.9082824710e-02 
 587.000  1.5340780900e+00  7.1378868100e-02 
 588.000  1.5322050200e+00  6.9904541020e-02 
 589.000  1.3775108400e+00  6.1233837130e-02 
 590.000  1.4395008300e+00  6.3868049620e-02 
 591.000  1.5149077900e+00  6.8189048770e-02 
 592.000  1.4934873400e+00  6.6481506350e-02 
 593.000  1.4927260900e+00  6.7581901550e-02 
 594.000  1.5100285000e+00  6.8020606990e-02 
 595.000  1.4926511000e+00  6.6266174320e-02 
 596.000  1.5128928800e+00  6.8378814700e-02 
 597.000  1.5209498600e+00  6.8276557920e-02 
 598.000  1.4829563100e+00  6.7067558290e-02 
 599.000  1.4804590900e+00  6.7114662170e-02 
 600.000  1.4745404600e+00  6.7323295590e-02 
 601.000  1.4620877400e+00  6.7101959230e-02 
 602.000  1.4445828800e+00  6.6318084720e-02 
 603.000  1.4518205500e+00  6.6767387390e-02 
 604.000  1.4965260200e+00  6.8964187620e-02 
 605.000  1.4920856300e+00  6.8629943850e-02 
 606.000  1.4745586700e+00  6.7849594120e-02 
 607.000  1.4660772600e+00  6.7358947750e-02 
 608.000  1.4605622100e+00  6.6978439330e-02 
 609.000  1.4454766300e+00  6.6244415280e-02 
 610.000  1.4222203200e+00  6.5058120730e-02 
 611.000  1.4452186000e+00  6.6054046630e-02 
 612.000  1.4263492100e+00  6.5143890380e-02 
 613.000  1.4054670900e+00  6.4082786560e-02 
 614.000  1.3542267600e+00  6.1719017030e-02 
 615.000  1.4196218400e+00  6.4554595950e-02 
 616.000  1.3497951300e+00  6.1361000060e-02 
 617.000  1.3574814400e+00  6.1654418950e-02 
 618.000  1.4216271000e+00  6.4397384640e-02 
 619.000  1.4087809300e+00  6.3816318510e-02 
 620.000  1.4298039800e+00  6.4592971800e-02 
 621.000  1.4546930400e+00  6.5653785710e-02 
 622.000  1.3782777500e+00  6.2089885710e-02 
 623.000  1.3895049600e+00  6.2383308410e-02 
 624.000  1.3914410200e+00  6.2479080200e-02 
 625.000  1.3541778500e+00  6.0745727540e-02 
 626.000  1.3621027600e+00  6.0850559230e-02 
 627.000  1.3905880500e+00  6.1532711030e-02 
 628.000  1.3971000700e+00  6.0148792270e-02 
 629.000  1.4180378200e+00  6.1724735260e-02 
 630.000  1.3671338300e+00  5.9875026700e-02 
 631.000  1.4129676300e+00  6.2033119200e-02 
 632.000  1.3183219800e+00  5.7629570010e-02 
 633.000  1.4085342000e+00  6.1993274690e-02 
 634.000  1.3639052200e+00  6.0191471100e-02 
 635.000  1.3884194700e+00  6.1284645080e-02 
 636.000  1.3381398400e+00  5.9145614620e-02 
 637.000  1.3814740700e+00  6.1114944460e-02 
 638.000  1.4002154700e+00  6.2120529170e-02 
 639.000  1.3883580700e+00  6.1449989320e-02 
 640.000  1.3433649700e+00  5.9693000790e-02 
 641.000  1.3626116000e+00  6.0493083950e-02 
 642.000  1.3452445200e+00  5.9752742770e-02 
 643.000  1.3704442300e+00  6.0659915920e-02 
 644.000  1.3546421600e+00  5.9835540770e-02 
 645.000  1.3688701200e+00  6.0273471830e-02 
 646.000  1.3266290000e+00  5.7406845090e-02 
 647.000  1.3519074000e+00  5.7833374020e-02 
 648.000  1.3574771000e+00  5.7548217770e-02 
 649.000  1.3774890100e+00  5.8728076930e-02 
 650.000  1.2641056000e+00  5.4836082460e-02 
 651.000  1.3617880900e+00  5.9031047820e-02 
 652.000  1.3472093600e+00  5.7469287870e-02 
 653.000  1.3608755400e+00  5.9043190000e-02 
 654.000  1.3446235500e+00  5.8061599730e-02 
 655.000  1.3139818400e+00  5.6313949580e-02 
 656.000  1.1142335100e+00  4.7805252080e-02 
 657.000  1.1869750400e+00  5.1082221980e-02 
 658.000  1.3177439300e+00  5.7116119380e-02 
 659.000  1.3183944300e+00  5.7288925170e-02 
 660.000  1.3276840900e+00  5.7772583010e-02 
 661.000  1.3302788300e+00  5.8194561000e-02 
 662.000  1.3479663200e+00  5.9078350070e-02 
 663.000  1.3333859300e+00  5.8315723420e-02 
 664.000  1.3116864300e+00  5.7373249050e-02 
 665.000  1.3170294900e+00  5.7589572910e-02 
 666.000  1.3323127600e+00  5.8369327550e-02 
 667.000  1.3054638300e+00  5.7107574460e-02 
 668.000  1.3123254800e+00  5.7512458800e-02 
 669.000  1.3309390400e+00  5.8361549380e-02 
 670.000  1.3149029900e+00  5.7520961760e-02 
 671.000  1.3008035800e+00  5.6898731230e-02 
 672.000  1.2964949400e+00  5.6663124080e-02 
 673.000  1.3057061200e+00  5.7000534060e-02 
 674.000  1.3081786800e+00  5.7084800720e-02 
 675.000  1.2881217300e+00  5.6126964570e-02 
 676.000  1.3123730700e+00  5.7164012910e-02 
 677.000  1.2861950900e+00  5.6008243560e-02 
 678.000  1.3074065100e+00  5.6864185330e-02 
 679.000  1.2889811100e+00  5.5961723330e-02 
 680.000  1.2795275500e+00  5.5489685060e-02 
 681.000  1.2815007500e+00  5.5471542360e-02 
 682.000  1.2790548400e+00  5.5242721560e-02 
 683.000  1.2877519000e+00  5.5497814180e-02 
 684.000  1.2655152500e+00  5.4474666600e-02 
 685.000  1.2792017800e+00  5.5017360690e-02 
 686.000  1.2259470100e+00  5.2308933260e-02 
 687.000  1.2268486600e+00  4.7884426120e-02 
 688.000  1.2277713900e+00  4.9041118620e-02 
 689.000  1.2313064200e+00  4.8901695250e-02 
 690.000  1.2372651000e+00  4.9734985350e-02 
 691.000  1.2422502800e+00  5.0737144470e-02 
 692.000  1.2347880500e+00  5.0846107480e-02 
 693.000  1.2429650500e+00  5.0325569150e-02 
 694.000  1.2566267200e+00  5.0191661830e-02 
 695.000  1.2336185500e+00  4.9678855900e-02 
 696.000  1.2474280900e+00  5.0490600590e-02 
 697.000  1.2463662300e+00  5.2083923340e-02 
 698.000  1.2240539300e+00  5.0706012730e-02 
 699.000  1.2499212700e+00  5.0406730650e-02 
 700.000  1.2349657400e+00  4.9960575100e-02 
 701.000  1.2080263500e+00  4.8525325780e-02 
 702.000  1.2018033400e+00  4.8458408360e-02 
 703.000  1.2163915800e+00  5.0074222560e-02 
 704.000  1.2199139500e+00  5.0271247860e-02 
 705.000  1.2304167600e+00  5.0197368620e-02 
 706.000  1.2172652500e+00  4.9734310150e-02 
 707.000  1.1986119300e+00  4.9127536770e-02 
 708.000  1.2331252600e+00  5.0715152740e-02 
 709.000  1.1886031100e+00  4.9224792480e-02 
 710.000  1.2168747200e+00  4.9899509430e-02 
 711.000  1.2038543400e+00  4.9747722630e-02 
 712.000  1.1864243700e+00  4.9412071230e-02 
 713.000  1.1820072900e+00  4.8880256650e-02 
 714.000  1.2023336000e+00  4.9530456540e-02 
 715.000  1.1611928700e+00  4.7318695070e-02 
 716.000  1.1923089000e+00  4.8061409000e-02 
 717.000  1.1626374100e+00  4.4395198820e-02 
 718.000  1.1564784900e+00  4.2711132050e-02 
 719.000  1.1431615800e+00  4.1633323670e-02 
 720.000  1.1514973600e+00  4.1270835880e-02 
 721.000  1.1498349900e+00  4.4416854860e-02 
 722.000  1.1658934000e+00  4.6144451140e-02 
 723.000  1.1635488800e+00  4.5295345310e-02 
 724.000  1.1706069600e+00  4.3620525360e-02 
 725.000  1.1578270200e+00  4.3391315460e-02 
 726.000  1.1557024400e+00  4.3208168030e-02 
 727.000  1.1727964600e+00  4.4039222720e-02 
 728.000  1.1526462000e+00  4.3018642430e-02 
 729.000  1.1068312000e+00  4.1938686370e-02 
 730.000  1.1477285400e+00  4.3349117280e-02 
 731.000  1.1287994600e+00  4.2549552920e-02 
 732.000  1.1499271400e+00  4.4483867650e-02 
 733.000  1.1320559500e+00  4.5044757840e-02 
 734.000  1.1552748400e+00  4.6560997010e-02 
 735.000  1.1460583000e+00  4.5906558990e-02 
 736.000  1.1250160400e+00  4.4663421630e-02 
 737.000  1.1396128200e+00  4.5487743380e-02 
 738.000  1.1361476000e+00  4.5770656590e-02 
 739.000  1.0992564300e+00  4.4495655060e-02 
 740.000  1.1092330800e+00  4.5329990390e-02 
 741.000  1.1001566400e+00  4.5303592680e-02 
 742.000  1.0819583400e+00  4.4684375760e-02 
 743.000  1.1134394900e+00  4.6290184020e-02 
 744.000  1.1238695600e+00  4.6871025090e-02 
 745.000  1.0945212100e+00  4.5782363890e-02 
 746.000  1.1096584300e+00  4.6460544590e-02 
 747.000  1.1262733100e+00  4.7126354220e-02 
 748.000  1.1060318000e+00  4.6289516450e-02 
 749.000  1.1062271200e+00  4.6316146850e-02 
 750.000  1.0900683200e+00  4.5547286990e-02 
 751.000  1.0872594900e+00  4.5411388400e-02 
 752.000  1.1037257300e+00  4.6148178100e-02 
 753.000  1.0932752300e+00  4.5711860660e-02 
 754.000  1.1103867200e+00  4.6417285920e-02 
 755.000  1.1040121900e+00  4.6133754730e-02 
 756.000  1.0823945900e+00  4.5215263370e-02 
 757.000  1.0903946000e+00  4.5530609130e-02 
 758.000  1.0892556700e+00  4.5385513310e-02 
 759.000  1.0479795100e+00  4.1401157380e-02 
 760.000  8.2435092000e-01  2.2793109890e-02 
 761.000  7.9439464200e-01  2.1021596910e-02 
 762.000  9.2673083300e-01  3.0729824070e-02 
 763.000  9.1183557600e-01  2.8320806500e-02 
 764.000  9.3523904600e-01  2.9977878570e-02 
 765.000  9.8158262000e-01  3.3926231380e-02 
 766.000  9.7330122000e-01  3.6544487000e-02 
 767.000  1.0032149900e+00  3.9062770840e-02 
 768.000  1.0521847000e+00  4.2070430760e-02 
 769.000  1.0536584200e+00  4.2981597900e-02 
 770.000  1.0509830500e+00  4.3322837830e-02 
 771.000  1.0524376200e+00  4.3629734040e-02 
 772.000  1.0485493000e+00  4.3510948180e-02 
 773.000  1.0442284700e+00  4.3336761470e-02 
 774.000  1.0552445900e+00  4.3802642820e-02 
 775.000  1.0154956600e+00  4.2148773190e-02 
 776.000  1.0572435000e+00  4.3909622190e-02 
 777.000  1.0499188000e+00  4.3569587710e-02 
 778.000  1.0443662500e+00  4.3282047270e-02 
 779.000  1.0478405100e+00  4.3357322690e-02 
 780.000  1.0349557600e+00  4.2824047090e-02 
 781.000  1.0330904900e+00  4.2736614230e-02 
 782.000  1.0456337400e+00  4.3172649380e-02 
 783.000  1.0212741700e+00  4.2232925420e-02 
 784.000  1.0271849400e+00  4.2415245060e-02 
 785.000  1.0305632800e+00  4.2334312440e-02 
 786.000  1.0136875400e+00  4.1471652980e-02 
 787.000  1.0305849600e+00  4.1668441770e-02 
 788.000  1.0161037300e+00  4.0898761750e-02 
 789.000  1.0252437300e+00  4.0608207700e-02 
 790.000  1.0151908500e+00  4.0110015870e-02 
 791.000  1.0094483100e+00  3.9998149870e-02 
 792.000  9.9298394000e-01  3.9387344360e-02 
 793.000  9.9107890000e-01  3.9526969910e-02 
 794.000  9.7814422600e-01  3.9597446440e-02 
 795.000  9.7443746400e-01  3.8978759770e-02 
 796.000  9.9516317000e-01  3.9059642790e-02 
 797.000  1.0003036400e+00  3.9494911190e-02 
 798.000  9.9827145000e-01  3.9913982390e-02 
 799.000  9.9811824700e-01  3.9723266600e-02 
 800.000  9.7391478600e-01  3.8359588620e-02 
 801.000  9.9194247900e-01  3.9098865510e-02 
 802.000  9.9017167000e-01  3.8941085820e-02 
 803.000  9.7585264300e-01  3.8434383390e-02 
 804.000  9.8384482500e-01  3.8959629060e-02 
 805.000  9.5536886700e-01  3.8186771390e-02 
 806.000  9.8031043200e-01  3.9350509640e-02 
 807.000  9.7424472300e-01  3.9135902400e-02 
 808.000  9.6909133400e-01  3.8748332980e-02 
 809.000  9.5328910300e-01  3.7932567600e-02 
 810.000  9.4964797100e-01  3.7584953310e-02 
 811.000  9.6606937900e-01  3.7904212950e-02 
 812.000  9.6430941000e-01  3.7471858980e-02 
 813.000  9.6177951600e-01  3.6862976070e-02 
 814.000  9.6241258800e-01  3.6401557920e-02 
 815.000  9.5419076800e-01  3.5496875760e-02 
 816.000  9.4810114000e-01  3.4557735440e-02 
 817.000  9.5369567400e-01  3.4775730130e-02 
 818.000  9.4768454300e-01  3.4535144810e-02 
 819.000  9.2152480500e-01  3.3856864930e-02 
 820.000  9.0187184400e-01  3.3884342190e-02 
 821.000  9.2968638400e-01  3.5846111300e-02 
 822.000  9.0505767400e-01  3.4102649690e-02 
 823.000  9.2128535900e-01  3.2957843780e-02 
 824.000  9.3187674900e-01  3.4840873720e-02 
 825.000  9.2795410600e-01  3.5933948520e-02 
 826.000  9.3425982300e-01  3.5914791110e-02 
 827.000  9.3160335500e-01  3.5631603240e-02 
 828.000  9.3147656600e-01  3.4873252870e-02 
 829.000  9.3040397900e-01  3.5055286410e-02 
 830.000  9.1492339100e-01  3.4763801570e-02 
 831.000  8.9868812900e-01  3.4200103760e-02 
 832.000  9.1699233000e-01  3.4897827150e-02 
 833.000  8.8802177200e-01  3.4043701170e-02 
 834.000  9.0050915700e-01  3.4737998960e-02 
 835.000  9.0044844400e-01  3.5058685300e-02 
 836.000  9.1158506000e-01  3.5467788700e-02 
 837.000  9.0414176200e-01  3.5122993470e-02 
 838.000  9.0636801600e-01  3.5448677060e-02 
 839.000  8.7742284100e-01  3.4419879910e-02 
 840.000  9.0065790100e-01  3.5323978420e-02 
 841.000  9.0397192100e-01  3.5281749730e-02 
 842.000  8.9748816800e-01  3.5133590700e-02 
 843.000  8.8924533300e-01  3.5236866000e-02 
 844.000  8.7354585700e-01  3.4787044530e-02 
 845.000  8.8632455500e-01  3.5370811460e-02 
 846.000  8.9368132000e-01  3.5802574160e-02 
 847.000  8.6227812100e-01  3.4693088530e-02 
 848.000  8.8878688500e-01  3.5553924560e-02 
 849.000  8.9030217800e-01  3.5707180020e-02 
 850.000  7.7025224400e-01  3.0749814990e-02 
 851.000  8.8314079500e-01  3.5114597320e-02 
 852.000  8.4960806500e-01  3.3838016510e-02 
 853.000  8.5830855300e-01  3.4250415800e-02 
 854.000  6.9011267400e-01  2.7560089110e-02 
 855.000  7.5915192800e-01  3.0419874190e-02 
 856.000  8.6009259200e-01  3.4527347560e-02 
 857.000  8.7320598800e-01  3.5200656890e-02 
 858.000  8.5891212600e-01  3.4628696440e-02 
 859.000  8.5803845500e-01  3.4660335540e-02 
 860.000  8.4998822800e-01  3.4417659760e-02 
 861.000  8.4983616100e-01  3.4395275120e-02 
 862.000  8.4682490300e-01  3.4227211000e-02 
 863.000  8.6300530900e-01  3.4967243190e-02 
 864.000  8.6112988200e-01  3.4770107270e-02 
 865.000  8.4497147400e-01  3.4234142300e-02 
 866.000  7.0874579600e-01  2.8753103260e-02 
 867.000  7.5478422300e-01  3.0441635130e-02 
 868.000  8.1860071400e-01  3.3090812680e-02 
 869.000  8.0709380300e-01  3.2617229460e-02 
 870.000  8.4044051200e-01  3.4063732150e-02 
 871.000  8.3923584200e-01  3.3949413300e-02 
 872.000  8.3577180600e-01  3.3612327580e-02 
 873.000  8.3925533800e-01  3.3852157590e-02 
 874.000  8.2093987900e-01  3.3035877230e-02 
 875.000  8.1342681600e-01  3.2852054600e-02 
 876.000  8.2039286700e-01  3.3050964360e-02 
 877.000  8.3686236000e-01  3.3577281950e-02 
 878.000  8.2308963300e-01  3.3065269470e-02 
 879.000  8.2504610300e-01  3.3185958860e-02 
 880.000  8.2079097300e-01  3.2834468840e-02 
 881.000  7.7840499200e-01  3.1162544250e-02 
 882.000  8.2167869600e-01  3.2713771820e-02 
 883.000  8.0269194300e-01  3.2115840910e-02 
 884.000  8.0942153500e-01  3.2563503270e-02 
 885.000  8.1877328700e-01  3.2506938930e-02 
 886.000  7.9326605900e-01  3.1492158890e-02 
 887.000  7.8417715800e-01  3.1127086640e-02 
 888.000  8.0774022300e-01  3.1895383830e-02 
 889.000  8.1287200000e-01  3.2343032840e-02 
 890.000  8.1103908800e-01  3.2173130040e-02 
 891.000  8.0800000800e-01  3.1818716050e-02 
 892.000  8.0735502900e-01  3.1529567720e-02 
 893.000  7.8175126900e-01  2.9674024580e-02 
 894.000  8.1018158300e-01  3.0467872620e-02 
 895.000  7.7517782600e-01  2.8455816270e-02 
 896.000  8.0595703100e-01  2.8733610150e-02 
 897.000  7.8738837800e-01  2.7518297200e-02 
 898.000  7.8874185600e-01  2.7176689150e-02 
 899.000  7.8802987700e-01  2.6241281510e-02 
 900.000  7.6834980300e-01  2.5606637950e-02 
 901.000  7.5188925400e-01  2.4872011180e-02 
 902.000  7.3804838100e-01  2.4453090670e-02 
 903.000  7.7415745800e-01  2.6988290790e-02 
 904.000  7.8853242100e-01  2.8335191730e-02 
 905.000  7.8643871600e-01  2.8462255480e-02 
 906.000  7.6561308800e-01  2.7172664640e-02 
 907.000  7.7858251600e-01  2.6614961620e-02 
 908.000  7.5953674600e-01  2.5294414520e-02 
 909.000  7.4463434800e-01  2.4803152080e-02 
 910.000  7.5344320600e-01  2.5176958080e-02 
 911.000  7.5144448000e-01  2.5645465850e-02 
 912.000  7.5306925700e-01  2.5305681230e-02 
 913.000  7.7069408800e-01  2.5109580990e-02 
 914.000  7.6573540600e-01  2.5300924300e-02 
 915.000  7.5309392900e-01  2.5367065430e-02 
 916.000  7.6145190900e-01  2.5675148010e-02 
 917.000  7.4953262700e-01  2.5430805210e-02 
 918.000  7.4572774900e-01  2.5533798220e-02 
 919.000  7.5556308500e-01  2.6988706590e-02 
 920.000  7.4835230100e-01  2.7120563510e-02 
 921.000  7.3197801300e-01  2.6373947140e-02 
 922.000  7.2542469700e-01  2.6208734510e-02 
 923.000  6.9501346300e-01  2.4644433980e-02 
 924.000  7.2441385000e-01  2.5539127350e-02 
 925.000  7.3402999500e-01  2.5775478360e-02 
 926.000  7.0782412700e-01  2.4706150050e-02 
 927.000  7.3418995100e-01  2.5360042570e-02 
 928.000  7.3870742100e-01  2.4663654330e-02 
 929.000  7.2838798800e-01  2.3253671650e-02 
 930.000  7.2655419600e-01  2.2058134080e-02 
 931.000  7.2625145200e-01  2.1140110020e-02 
 932.000  7.1913339900e-01  1.9932075500e-02 
 933.000  7.2108851000e-01  1.9366107940e-02 
 934.000  7.1477015400e-01  1.8639825820e-02 
 935.000  7.0417766900e-01  1.8308219910e-02 
 936.000  6.9911035600e-01  1.8375841140e-02 
 937.000  7.1471323200e-01  1.8733325960e-02 
 938.000  7.0721775500e-01  1.9168222430e-02 
 939.000  7.1349920700e-01  2.1352117540e-02 
 940.000  7.0985618700e-01  2.1636329650e-02 
 941.000  6.9371732200e-01  2.0826421740e-02 
 942.000  6.6716690000e-01  1.9354316710e-02 
 943.000  7.0295153400e-01  1.9377964020e-02 
 944.000  6.8362896100e-01  1.8773097990e-02 
 945.000  6.9017958300e-01  1.9279108050e-02 
 946.000  6.9953783000e-01  1.9561952590e-02 
 947.000  6.9531007800e-01  1.9768333440e-02 
 948.000  6.9951252300e-01  2.0085229870e-02 
 949.000  7.0172785600e-01  2.0129066470e-02 
 950.000  6.9710172700e-01  2.0047462460e-02 
 951.000  6.9296651800e-01  2.0394151690e-02 
 952.000  6.9288776500e-01  1.9905935290e-02 
 953.000  6.9097706600e-01  2.0202083590e-02 
 954.000  6.8430377900e-01  2.0414703370e-02 
 955.000  6.3917410700e-01  1.8777029040e-02 
 956.000  6.8184915100e-01  1.9980892180e-02 
 957.000  6.8149887900e-01  2.1087278370e-02 
 958.000  6.8675228500e-01  2.1435117720e-02 
 959.000  6.8940470100e-01  2.1313135150e-02 
 960.000  6.8288993300e-01  2.1058834080e-02 
 961.000  6.7556432300e-01  2.0730932240e-02 
 962.000  6.7892560100e-01  2.0926767350e-02 
 963.000  6.7752390100e-01  2.1626197810e-02 
 964.000  6.6977170300e-01  2.1493974690e-02 
 965.000  6.7795793000e-01  2.1678279880e-02 
 966.000  6.5838592500e-01  2.1097085950e-02 
 967.000  6.7796613800e-01  2.2345626830e-02 
 968.000  6.7049633000e-01  2.3132371900e-02 
 969.000  6.7458912700e-01  2.3725982670e-02 
 970.000  6.7642347400e-01  2.3810926440e-02 
 971.000  6.7043454600e-01  2.3579435350e-02 
 972.000  6.7517985400e-01  2.3601171490e-02 
 973.000  6.6894240400e-01  2.3075777050e-02 
 974.000  6.5868470200e-01  2.2359008790e-02 
 975.000  6.6197824500e-01  2.2224674220e-02 
 976.000  6.6999051200e-01  2.2771028520e-02 
 977.000  6.5300444800e-01  2.2632167820e-02 
 978.000  6.6915420100e-01  2.3152055740e-02 
 979.000  6.4970884400e-01  2.2592916490e-02 
 980.000  6.5887559500e-01  2.3383317950e-02 
 981.000  6.6336011700e-01  2.3660348890e-02 
 982.000  6.6192222400e-01  2.3494543080e-02 
 983.000  6.6013835900e-01  2.3702079770e-02 
 984.000  6.5571694600e-01  2.3849409100e-02 
 985.000  6.5540461200e-01  2.4027303700e-02 
 986.000  6.5005535700e-01  2.4100746150e-02 
 987.000  6.5744536400e-01  2.4499832150e-02 
 988.000  6.4933910000e-01  2.4220657350e-02 
 989.000  6.4109421300e-01  2.3924184800e-02 
 990.000  6.4655705000e-01  2.4151899340e-02 
 991.000  6.5180148700e-01  2.4439332960e-02 
 992.000  6.4576637300e-01  2.4217245100e-02 
 993.000  6.4572343100e-01  2.4196876530e-02 
 994.000  6.4895721800e-01  2.4389499660e-02 
 995.000  6.4414028000e-01  2.4270698550e-02 
 996.000  6.4402665400e-01  2.4232059480e-02 
 997.000  6.4474356600e-01  2.4166408540e-02 
 998.000  6.4238012600e-01  2.3996938710e-02 
 999.000  6.4080744900e-01  2.3883565900e-02 
1000.000  6.3569315600e-01  2.3678897860e-02 
1001.000  6.3930025200e-01  2.3687236790e-02 
1002.000  6.3870151800e-01  2.3475164410e-02 
1003.000  6.3117098100e-01  2.3231908800e-02 
1004.000  6.2573873600e-01  2.3125728610e-02 
1005.000  5.8457929400e-01  2.1642726900e-02 
1006.000  6.1507016600e-01  2.2780998230e-02 
1007.000  6.2633738700e-01  2.3155050280e-02 
1008.000  6.2922788300e-01  2.3111877440e-02 
1009.000  6.2572152600e-01  2.2800769810e-02 
1010.000  6.2791448500e-01  2.2950565340e-02 
1011.000  6.2419748000e-01  2.3003231050e-02 
1012.000  6.2423365700e-01  2.3078525540e-02 
1013.000  6.1962018000e-01  2.2966642380e-02 
1014.000  6.2352316400e-01  2.3167409900e-02 
1015.000  6.1200321100e-01  2.2776504520e-02 
1016.000  6.1586557900e-01  2.2982418060e-02 
1017.000  6.0973397200e-01  2.2787996290e-02 
1018.000  6.1779785000e-01  2.3097558980e-02 
1019.000  6.0392180200e-01  2.2533473970e-02 
1020.000  6.0257266300e-01  2.2473749160e-02 
1021.000  6.0840169300e-01  2.2675155640e-02 
1022.000  5.9955996500e-01  2.2186639790e-02 
1023.000  6.1132956600e-01  2.2480339050e-02 
1024.000  6.0838557500e-01  2.2262327190e-02 
1025.000  6.0766395400e-01  2.2294597630e-02 
1026.000  6.0812878700e-01  2.2351932530e-02 
1027.000  6.0456545800e-01  2.2236749650e-02 
1028.000  6.0589705500e-01  2.2348627090e-02 
1029.000  5.9643833000e-01  2.2091287610e-02 
1030.000  6.0218903100e-01  2.2411109920e-02 
1031.000  6.0016406100e-01  2.2411924360e-02 
1032.000  5.9794851100e-01  2.2380176540e-02 
1033.000  5.8690498500e-01  2.1946914670e-02 
1034.000  5.9305164200e-01  2.2148590090e-02 
1035.000  5.8666037800e-01  2.1928487780e-02 
1036.000  5.9435590000e-01  2.2166248320e-02 
1037.000  5.8182836600e-01  2.1675462720e-02 
1038.000  5.8754987400e-01  2.1865161900e-02 
1039.000  5.9006307500e-01  2.1924306870e-02 
1040.000  5.8316709300e-01  2.1636552810e-02 
1041.000  5.8629956600e-01  2.1724222180e-02 
1042.000  5.8807028900e-01  2.1764919280e-02 
1043.000  5.7793176900e-01  2.1367395400e-02 
1044.000  5.8375087800e-01  2.1555536270e-02 
1045.000  5.8141571900e-01  2.1498106000e-02 
1046.000  5.6461693000e-01  2.0916067120e-02 
1047.000  5.7513240800e-01  2.1344121930e-02 
1048.000  5.8102314700e-01  2.1603054050e-02 
1049.000  5.7745703500e-01  2.1512495040e-02 
1050.000  5.7419233600e-01  2.1424589160e-02 
1051.000  5.7452066700e-01  2.1403011320e-02 
1052.000  5.7201784400e-01  2.1269269940e-02 
1053.000  5.7229837200e-01  2.1256124500e-02 
1054.000  5.6669985900e-01  2.0996126170e-02 
1055.000  5.7114740300e-01  2.1111486430e-02 
1056.000  5.6986541200e-01  2.1021196370e-02 
1057.000  5.6944355000e-01  2.0955736160e-02 
1058.000  5.6448450600e-01  2.0697984700e-02 
1059.000  5.4667680900e-01  2.0067041400e-02 
1060.000  5.6587739300e-01  2.0836006160e-02 
1061.000  5.4616872900e-01  2.0114482880e-02 
1062.000  5.6193788800e-01  2.0654699330e-02 
1063.000  5.5267004200e-01  2.0285150530e-02 
1064.000  5.6009767700e-01  2.0468109130e-02 
1065.000  5.6000879400e-01  2.0364562990e-02 
1066.000  5.4280096500e-01  1.9701047900e-02 
1067.000  5.5598569400e-01  2.0123748780e-02 
1068.000  5.5464430800e-01  1.9937843320e-02 
1069.000  5.1327485700e-01  1.8392175670e-02 
1070.000  5.4359548400e-01  1.9520317080e-02 
1071.000  5.4500457100e-01  1.9550682070e-02 
1072.000  5.4736737000e-01  1.9616697310e-02 
1073.000  5.2945558400e-01  1.8998241420e-02 
1074.000  5.4793534700e-01  1.9704494480e-02 
1075.000  5.3018510700e-01  1.9171138760e-02 
1076.000  5.4232228200e-01  1.9575201030e-02 
1077.000  5.4173727300e-01  1.9504161830e-02 
1078.000  5.4386318400e-01  1.9522756580e-02 
1079.000  5.2302700900e-01  1.8779874800e-02 
1080.000  5.4043499400e-01  1.9239295960e-02 
1081.000  5.2065066100e-01  1.8519149780e-02 
1082.000  5.2648734500e-01  1.8757602690e-02 
1083.000  5.1320594500e-01  1.8153903960e-02 
1084.000  5.3383319800e-01  1.8747331620e-02 
1085.000  5.2922412900e-01  1.8342687610e-02 
1086.000  5.3557299800e-01  1.8565591810e-02 
1087.000  5.0028166400e-01  1.7528224950e-02 
1088.000  5.3050116600e-01  1.8641695020e-02 
1089.000  5.1327852100e-01  1.7809597020e-02 
1090.000  5.2501351900e-01  1.8208202360e-02 
1091.000  5.2781765400e-01  1.8399183270e-02 
1092.000  5.1705589100e-01  1.7943408970e-02 
1093.000  5.1392355500e-01  1.7605297090e-02 
1094.000  4.6890489200e-01  1.5933264730e-02 
1095.000  5.0732004700e-01  1.7219972610e-02 
1096.000  5.0805397100e-01  1.7228807450e-02 
1097.000  4.9884809800e-01  1.6824174880e-02 
1098.000  4.9789687200e-01  1.6182615280e-02 
1099.000  5.0238634700e-01  1.5782173160e-02 
1100.000  5.1079945800e-01  1.6081142430e-02 
1101.000  5.0921781400e-01  1.6099449160e-02 
1102.000  4.8829619400e-01  1.5398140910e-02 
1103.000  5.0733690500e-01  1.6038578030e-02 
1104.000  5.0409168200e-01  1.5843776700e-02 
1105.000  5.0445151400e-01  1.5638977050e-02 
1106.000  5.0134116500e-01  1.5343901630e-02 
1107.000  5.0044228500e-01  1.5352614400e-02 
1108.000  4.9860251200e-01  1.5315002440e-02 
1109.000  4.9991842500e-01  1.5502815250e-02 
1110.000  5.0248376600e-01  1.5532015800e-02 
1111.000  4.9644660800e-01  1.5239070890e-02 
1112.000  4.9203219200e-01  1.4711506840e-02 
1113.000  4.9030634400e-01  1.4187068940e-02 
1114.000  4.9561521800e-01  1.4192324640e-02 
1115.000  4.9062270800e-01  1.3584287640e-02 
1116.000  4.8441397100e-01  1.3165207860e-02 
1117.000  4.9015783300e-01  1.2818755150e-02 
1118.000  4.8502219300e-01  1.2275465970e-02 
1119.000  4.7145472300e-01  1.1749244690e-02 
1120.000  4.7240535900e-01  1.1566053390e-02 
1121.000  4.7541003700e-01  1.1595894810e-02 
1122.000  4.7320367100e-01  1.1337756160e-02 
1123.000  4.7542723500e-01  1.1507282260e-02 
1124.000  4.7634442100e-01  1.1606780050e-02 
1125.000  4.6641918000e-01  1.1325683590e-02 
1126.000  4.5749689500e-01  1.1092854500e-02 
1127.000  4.7298474900e-01  1.1482995990e-02 
1128.000  4.6433778500e-01  1.1302541730e-02 
1129.000  4.6723701600e-01  1.1577292440e-02 
1130.000  4.6815672600e-01  1.2134536740e-02 
1131.000  4.7328872100e-01  1.2432905200e-02 
1132.000  4.7428738200e-01  1.2229604720e-02 
1133.000  4.6203337900e-01  1.1530121800e-02 
1134.000  4.5663005500e-01  1.0780872340e-02 
1135.000  4.6261253700e-01  1.0966081620e-02 
1136.000  4.6453541800e-01  1.1641489980e-02 
1137.000  4.7133738200e-01  1.2211944580e-02 
1138.000  4.5527463700e-01  1.2210222240e-02 
1139.000  4.6549261100e-01  1.2644602780e-02 
1140.000  4.6671885300e-01  1.2589797020e-02 
1141.000  4.5322595900e-01  1.2063642500e-02 
1142.000  4.6549264000e-01  1.2326822280e-02 
1143.000  4.5711161300e-01  1.1918593410e-02 
1144.000  4.5383496900e-01  1.1634704590e-02 
1145.000  4.5645305600e-01  1.1434081080e-02 
1146.000  4.6112933800e-01  1.1608967780e-02 
1147.000  4.6346964300e-01  1.1882766720e-02 
1148.000  4.5906229800e-01  1.1969930650e-02 
1149.000  4.6053659400e-01  1.2092370030e-02 
1150.000  4.5858191400e-01  1.2054909710e-02 
1151.000  4.5723587600e-01  1.2160697940e-02 
1152.000  4.5638211200e-01  1.2209123610e-02 
1153.000  4.5558564800e-01  1.2292986870e-02 
1154.000  4.5906337600e-01  1.2369982720e-02 
1155.000  4.6064400500e-01  1.2630335810e-02 
1156.000  4.5440059200e-01  1.2706087110e-02 
1157.000  4.5866159000e-01  1.3400861740e-02 
1158.000  4.5873441700e-01  1.3712203030e-02 
1159.000  4.5224786000e-01  1.3817828180e-02 
1160.000  4.4650251000e-01  1.3780002590e-02 
1161.000  4.3687331300e-01  1.3805609700e-02 
1162.000  4.5268881600e-01  1.4578177450e-02 
1163.000  4.5456799300e-01  1.4956545830e-02 
1164.000  4.4533528400e-01  1.4717036250e-02 
1165.000  4.5393061000e-01  1.5053682330e-02 
1166.000  4.4215549300e-01  1.4743850710e-02 
1167.000  4.4932713500e-01  1.5034312250e-02 
1168.000  4.5325434600e-01  1.5153044700e-02 
1169.000  4.3758093000e-01  1.4678314210e-02 
1170.000  4.4934854000e-01  1.5116541860e-02 
1171.000  4.5142812600e-01  1.5286244390e-02 
1172.000  4.5001403800e-01  1.5177577970e-02 
1173.000  4.4687978700e-01  1.5014764790e-02 
1174.000  4.4710573500e-01  1.5023598670e-02 
1175.000  4.4187213500e-01  1.4997339250e-02 
1176.000  4.3120464100e-01  1.4772109990e-02 
1177.000  4.4451801200e-01  1.5155464170e-02 
1178.000  4.3700905500e-01  1.4759704590e-02 
1179.000  4.3504987900e-01  1.4691474910e-02 
1180.000  4.4115635200e-01  1.4844158170e-02 
1181.000  4.3890217400e-01  1.4641819950e-02 
1182.000  4.3945787500e-01  1.4530541420e-02 
1183.000  4.1394199400e-01  1.3694746020e-02 
1184.000  4.3259846600e-01  1.4375842090e-02 
1185.000  4.3832286700e-01  1.4734310150e-02 
1186.000  4.3571288500e-01  1.4587835310e-02 
1187.000  4.3586856800e-01  1.4409996990e-02 
1188.000  4.3363073700e-01  1.4278448100e-02 
1189.000  4.0826270900e-01  1.3521134380e-02 
1190.000  4.2833874500e-01  1.4426785470e-02 
1191.000  4.3501841300e-01  1.4699377060e-02 
1192.000  4.3264966800e-01  1.4705298420e-02 
1193.000  4.3281688900e-01  1.4646843910e-02 
1194.000  4.3200151200e-01  1.4592810630e-02 
1195.000  4.2715876700e-01  1.4314885140e-02 
1196.000  4.2688923000e-01  1.4321131710e-02 
1197.000  4.2677662900e-01  1.4261751170e-02 
1198.000  4.1244213300e-01  1.3770035740e-02 
1199.000  3.9711513700e-01  1.3194295880e-02 
1200.000  4.2214852300e-01  1.4060923580e-02 
1201.000  4.2517654600e-01  1.4178151130e-02 
1202.000  4.2599206500e-01  1.4224217410e-02 
1203.000  4.0520116500e-01  1.3500697140e-02 
1204.000  4.1191569400e-01  1.3754200940e-02 
1205.000  4.2147085300e-01  1.4270029070e-02 
1206.000  4.1890687300e-01  1.4275280000e-02 
1207.000  4.2171969200e-01  1.4409024240e-02 
1208.000  4.1558041000e-01  1.4168651580e-02 
1209.000  3.8961571900e-01  1.3235624310e-02 
1210.000  4.1689934000e-01  1.4082017900e-02 
1211.000  4.0297289100e-01  1.3602347370e-02 
1212.000  4.1558947700e-01  1.4056968690e-02 
1213.000  4.1712591000e-01  1.4197095870e-02 
1214.000  4.1534065600e-01  1.4133488660e-02 
1215.000  4.1676719800e-01  1.4220923420e-02 
1216.000  4.1553443600e-01  1.4316494940e-02 
1217.000  4.1467027500e-01  1.4400190350e-02 
1218.000  4.1321914600e-01  1.4395770070e-02 
1219.000  4.0935166100e-01  1.4283452030e-02 
1220.000  4.1210306800e-01  1.4368272780e-02 
1221.000  4.1124991400e-01  1.4339324950e-02 
1222.000  4.0897171300e-01  1.4252387050e-02 
1223.000  4.0696994700e-01  1.4205621720e-02 
1224.000  4.0991153200e-01  1.4398859980e-02 
1225.000  4.0758692800e-01  1.4345475200e-02 
1226.000  4.0891572500e-01  1.4429473880e-02 
1227.000  3.9488407500e-01  1.3988312720e-02 
1228.000  4.0698453700e-01  1.4483745570e-02 
1229.000  4.0630924500e-01  1.4506029130e-02 
1230.000  4.0467943200e-01  1.4502702710e-02 
1231.000  4.0454644900e-01  1.4530657770e-02 
1232.000  3.9994660600e-01  1.4378697400e-02 
1233.000  4.0306683500e-01  1.4499389650e-02 
1234.000  4.0159977400e-01  1.4520431520e-02 
1235.000  3.9872580000e-01  1.4439100270e-02 
1236.000  4.0098559300e-01  1.4527352330e-02 
1237.000  4.0087970600e-01  1.4547933580e-02 
1238.000  4.0059515400e-01  1.4543963430e-02 
1239.000  3.9601073700e-01  1.4378978730e-02 
1240.000  3.9423307900e-01  1.4348237040e-02 
1241.000  3.9784152200e-01  1.4507125850e-02 
1242.000  3.9562214300e-01  1.4450922010e-02 
1243.000  3.9129123100e-01  1.4318574910e-02 
1244.000  3.8794176300e-01  1.4210023880e-02 
1245.000  3.9472244400e-01  1.4468652730e-02 
1246.000  3.9178792500e-01  1.4316033360e-02 
1247.000  3.9000013600e-01  1.4204407690e-02 
1248.000  3.9316817100e-01  1.4271148680e-02 
1249.000  3.9183698100e-01  1.4185458180e-02 
1250.000  3.9044224200e-01  1.4089387890e-02 
1251.000  3.8791023900e-01  1.3963691710e-02 
1252.000  3.8691280300e-01  1.3889039990e-02 
1253.000  3.8388835100e-01  1.3739943500e-02 
1254.000  3.8521480100e-01  1.3716190340e-02 
1255.000  3.8480305800e-01  1.3651442530e-02 
1256.000  3.8420859200e-01  1.3587601660e-02 
1257.000  3.8009317000e-01  1.3360078810e-02 
1258.000  3.8208509300e-01  1.3288124080e-02 
1259.000  3.7818796000e-01  1.3034293170e-02 
1260.000  3.7900350000e-01  1.2938733100e-02 
1261.000  3.7855602400e-01  1.2796128270e-02 
1262.000  3.7045443300e-01  1.2360298160e-02 
1263.000  3.7494723900e-01  1.2483954430e-02 
1264.000  3.6910929950e-01  1.2280378340e-02 
1265.000  3.6978165430e-01  1.2310036660e-02 
1266.000  3.7216934400e-01  1.2357400890e-02 
1267.000  3.6519907640e-01  1.2091121670e-02 
1268.000  3.6160187820e-01  1.1926231380e-02 
1269.000  3.6498645820e-01  1.2016341210e-02 
1270.000  3.6899897900e-01  1.2289934160e-02 
1271.000  3.7104845380e-01  1.2427878380e-02 
1272.000  3.6995106470e-01  1.2457290650e-02 
1273.000  3.6963307640e-01  1.2515354160e-02 
1274.000  3.6742586780e-01  1.2514511110e-02 
1275.000  3.6958858740e-01  1.2617895130e-02 
1276.000  3.7018249050e-01  1.2649814610e-02 
1277.000  3.6990579000e-01  1.2639180180e-02 
1278.000  3.6884576350e-01  1.2599123000e-02 
1279.000  3.6637694140e-01  1.2536914830e-02 
1280.000  3.6421302170e-01  1.2549263950e-02 
1281.000  3.5382540880e-01  1.2273564340e-02 
1282.000  3.1420417840e-01  1.0971530910e-02 
1283.000  3.4483370660e-01  1.2098134990e-02 
1284.000  3.5906260590e-01  1.2633261680e-02 
1285.000  3.6169693200e-01  1.2744956020e-02 
1286.000  3.6157754400e-01  1.2709409710e-02 
1287.000  3.6378844680e-01  1.2732473370e-02 
1288.000  3.6150788700e-01  1.2478070260e-02 
1289.000  3.6366311270e-01  1.2501144410e-02 
1290.000  3.5533030410e-01  1.2198921200e-02 
1291.000  3.6019461990e-01  1.2354341510e-02 
1292.000  3.6169739440e-01  1.2432093620e-02 
1293.000  3.6202056230e-01  1.2412543300e-02 
1294.000  3.5627476490e-01  1.2109457020e-02 
1295.000  3.6011010640e-01  1.2106003760e-02 
1296.000  3.6037495730e-01  1.2013364790e-02 
1297.000  3.5815314780e-01  1.1878952980e-02 
1298.000  3.5495248140e-01  1.1778251650e-02 
1299.000  3.5851629050e-01  1.1899965290e-02 
1300.000  3.5707705660e-01  1.1855895040e-02 
1301.000  3.5650924590e-01  1.1815391540e-02 
1302.000  3.5193395100e-01  1.1582021710e-02 
1303.000  3.5004300750e-01  1.1346870420e-02 
1304.000  3.5027266830e-01  1.1265323640e-02 
1305.000  3.5242799970e-01  1.1285321240e-02 
1306.000  3.5276531200e-01  1.1242519380e-02 
1307.000  3.5172309800e-01  1.1169431690e-02 
1308.000  3.5142276340e-01  1.1070371630e-02 
1309.000  3.5111026560e-01  1.0936163900e-02 
1310.000  3.4965127000e-01  1.0883276940e-02 
1311.000  3.4858109200e-01  1.0853967670e-02 
1312.000  3.4749522630e-01  1.0674380300e-02 
1313.000  3.3466074000e-01  1.0113135340e-02 
1314.000  3.4510688560e-01  1.0276971820e-02 
1315.000  3.3348664720e-01  9.9990444180e-03 
1316.000  3.4124454620e-01  1.0338703160e-02 
1317.000  3.4491546420e-01  1.0448578830e-02 
1318.000  3.4003487640e-01  1.0123001100e-02 
1319.000  3.4469237780e-01  1.0032375340e-02 
1320.000  3.4214772050e-01  9.7247152330e-03 
1321.000  3.4064441650e-01  9.5967369080e-03 
1322.000  3.3996426100e-01  9.7065372470e-03 
1323.000  3.4071683560e-01  9.8774929050e-03 
1324.000  3.4089927250e-01  9.9690952300e-03 
1325.000  3.3980878360e-01  9.8747978210e-03 
1326.000  3.3821833300e-01  9.6713428500e-03 
1327.000  3.3551785980e-01  9.2891044620e-03 
1328.000  3.3640091230e-01  9.0329742430e-03 
1329.000  3.2412432050e-01  8.2767982480e-03 
1330.000  3.2919469590e-01  8.2585716250e-03 
1331.000  3.3066201450e-01  8.2051115040e-03 
1332.000  3.2311586940e-01  8.0466842650e-03 
1333.000  3.3165626900e-01  8.3388137820e-03 
1334.000  3.3207204080e-01  8.4615659710e-03 
1335.000  3.3235629820e-01  8.5511255260e-03 
1336.000  3.2875879230e-01  8.4876155850e-03 
1337.000  3.2982303800e-01  8.5268707280e-03 
1338.000  3.2957993950e-01  8.5793972020e-03 
1339.000  3.2603855870e-01  8.5045051570e-03 
1340.000  3.2369825870e-01  8.4928350450e-03 
1341.000  3.2858460420e-01  8.5782794950e-03 
1342.000  3.2777995810e-01  8.5637130740e-03 
1343.000  3.2775106530e-01  8.3857383730e-03 
1344.000  3.2625250440e-01  8.1784524920e-03 
1345.000  3.2374894370e-01  7.7542743680e-03 
1346.000  3.1857666540e-01  7.4434556960e-03 
1347.000  3.1918070980e-01  7.3196330070e-03 
1348.000  3.1560261270e-01  7.0900864600e-03 
1349.000  3.1345940960e-01  6.9627571110e-03 
1350.000  3.0705879470e-01  6.6647214890e-03 
1351.000  3.0489016070e-01  6.5079722400e-03 
1352.000  3.0544629030e-01  6.3548026080e-03 
1353.000  2.9959259520e-01  6.0280766490e-03 
1354.000  2.9597236270e-01  5.8346686360e-03 
1355.000  2.9032920230e-01  5.5905270580e-03 
1356.000  2.8605546070e-01  5.3606634140e-03 
1357.000  2.7935345250e-01  5.0510039330e-03 
1358.000  2.7974999610e-01  4.8583393100e-03 
1359.000  2.7203032150e-01  4.3879485130e-03 
1360.000  2.6205927010e-01  4.0185947420e-03 
1361.000  2.6425601270e-01  3.9164762500e-03 
1362.000  2.6199213380e-01  3.8446106910e-03 
1363.000  2.6225602870e-01  4.0553150180e-03 
1364.000  2.6752797710e-01  4.2071385380e-03 
1365.000  2.6739153490e-01  4.2432689670e-03 
1366.000  2.6926913360e-01  4.3540873530e-03 
1367.000  2.6431865700e-01  4.1693286900e-03 
1368.000  2.6434173490e-01  4.0731587410e-03 
1369.000  2.5957939420e-01  4.0223250390e-03 
1370.000  2.6509241890e-01  4.3504199980e-03 
1371.000  2.7287494720e-01  4.8177022930e-03 
1372.000  2.8371758050e-01  5.3600749970e-03 
1373.000  2.8782158230e-01  5.6463356020e-03 
1374.000  2.9111021470e-01  5.8187122340e-03 
1375.000  2.8702180430e-01  5.7843976020e-03 
1376.000  2.8273122350e-01  5.6617417340e-03 
1377.000  2.8530914210e-01  5.6356110570e-03 
1378.000  2.8041010360e-01  5.3897571560e-03 
1379.000  2.7855422680e-01  5.1245875360e-03 
1380.000  2.6856236250e-01  4.6197891240e-03 
1381.000  2.6250653170e-01  4.2064347270e-03 
1382.000  2.5436017780e-01  3.9087505340e-03 
1383.000  2.5658486670e-01  3.9237518310e-03 
1384.000  2.6228324100e-01  4.2634105680e-03 
1385.000  2.6436850440e-01  4.4958233830e-03 
1386.000  2.7234874440e-01  4.8683738710e-03 
1387.000  2.7625520470e-01  5.2870740890e-03 
1388.000  2.8204556360e-01  5.5522193910e-03 
1389.000  2.8429121810e-01  5.6621212960e-03 
1390.000  2.7928073900e-01  5.5817480090e-03 
1391.000  2.8201490390e-01  5.5824642180e-03 
1392.000  2.7757295840e-01  5.3361577990e-03 
1393.000  2.7302732820e-01  5.0918455120e-03 
1394.000  2.6697555750e-01  4.8297829630e-03 
1395.000  2.6827588290e-01  4.9202699660e-03 
1396.000  2.7420680320e-01  5.2065916060e-03 
1397.000  2.7727542040e-01  5.4034118650e-03 
1398.000  2.7748683470e-01  5.4227466580e-03 
1399.000  2.7567384350e-01  5.3403792380e-03 
1400.000  2.6766974960e-01  5.1619329450e-03 
1401.000  2.6888110010e-01  5.1963257790e-03 
1402.000  2.7544610600e-01  5.4263019560e-03 
1403.000  2.7474736610e-01  5.4717531200e-03 
1404.000  2.7266343620e-01  5.3899044990e-03 
1405.000  2.7283159960e-01  5.3946504590e-03 
1406.000  2.7244556430e-01  5.3353629110e-03 
1407.000  2.7271626730e-01  5.3337130550e-03 
1408.000  2.7355901130e-01  5.4451637270e-03 
1409.000  2.7647516420e-01  5.5683813100e-03 
1410.000  2.7766670620e-01  5.7071876530e-03 
1411.000  2.7973984850e-01  5.8251347540e-03 
1412.000  2.6880773740e-01  5.5832290650e-03 
1413.000  2.7399837780e-01  5.7090253830e-03 
1414.000  2.7758257500e-01  5.7469620700e-03 
1415.000  2.7742112730e-01  5.7787966730e-03 
1416.000  2.7691288830e-01  5.8008170130e-03 
1417.000  2.7893369260e-01  5.8259544370e-03 
1418.000  2.7904323220e-01  5.8153758050e-03 
1419.000  2.7506835670e-01  5.7147564890e-03 
1420.000  2.7446487740e-01  5.7018923760e-03 
1421.000  2.7902038300e-01  5.8374171260e-03 
1422.000  2.7278640360e-01  5.7150459290e-03 
1423.000  2.7112458110e-01  5.6623973850e-03 
1424.000  2.7136994800e-01  5.6375522610e-03 
1425.000  2.7660630520e-01  5.6925773620e-03 
1426.000  2.6541321890e-01  5.4399600030e-03 
1427.000  2.6955493670e-01  5.5277338030e-03 
1428.000  2.7540481640e-01  5.6448154450e-03 
1429.000  2.6894597130e-01  5.5106754300e-03 
1430.000  2.6310353790e-01  5.3546185490e-03 
1431.000  2.6249973910e-01  5.2533259390e-03 
1432.000  2.6727114720e-01  5.2878985400e-03 
1433.000  2.6740680200e-01  5.2628455160e-03 
1434.000  2.6201716330e-01  5.1163163190e-03 
1435.000  2.6521405340e-01  5.1955547330e-03 
1436.000  2.6524975060e-01  5.1880502700e-03 
1437.000  2.6629738550e-01  5.1907196040e-03 
1438.000  2.6564949990e-01  5.1983222960e-03 
1439.000  2.6879013630e-01  5.2410712240e-03 
1440.000  2.5215187160e-01  4.9118394850e-03 
1441.000  2.6485831860e-01  5.1410970690e-03 
1442.000  2.5869154910e-01  4.9806685450e-03 
1443.000  2.6298698200e-01  5.0344376560e-03 
1444.000  2.6426568540e-01  5.0447134970e-03 
1445.000  2.6346800760e-01  5.0053086280e-03 
1446.000  2.6629627600e-01  5.0591902730e-03 
1447.000  2.6507894470e-01  5.0348882680e-03 
1448.000  2.6710529350e-01  5.0480217930e-03 
1449.000  2.6699861840e-01  5.0004930500e-03 
1450.000  2.6520216410e-01  4.9062719350e-03 
1451.000  2.6349172350e-01  4.8520479200e-03 
1452.000  2.6024807540e-01  4.8020935060e-03 
1453.000  2.6520163300e-01  4.9457492830e-03 
1454.000  2.6623180200e-01  5.0291638370e-03 
1455.000  2.6286455300e-01  5.0017442700e-03 
1456.000  2.6274470510e-01  5.0370564460e-03 
1457.000  2.6526359060e-01  5.0576663020e-03 
1458.000  2.6889041450e-01  5.1023650170e-03 
1459.000  2.6988917480e-01  5.0247278210e-03 
1460.000  2.6529705140e-01  4.8538584710e-03 
1461.000  2.6471763000e-01  4.7794284820e-03 
1462.000  2.6182666260e-01  4.6280798910e-03 
1463.000  2.6007927140e-01  4.5611882210e-03 
1464.000  2.5990728150e-01  4.5060343740e-03 
1465.000  2.6291388900e-01  4.4822521210e-03 
1466.000  2.5665116760e-01  4.2943329810e-03 
1467.000  2.6280299610e-01  4.3332691190e-03 
1468.000  2.5633473960e-01  4.1609911920e-03 
1469.000  2.5916066710e-01  4.1255927090e-03 
1470.000  2.5766580630e-01  4.0521731380e-03 
1471.000  2.5359175670e-01  4.0100216870e-03 
1472.000  2.5512416240e-01  4.0785298350e-03 
1473.000  2.5736920740e-01  4.1992449760e-03 
1474.000  2.5028308520e-01  4.1523494720e-03 
1475.000  2.5560475060e-01  4.2082729340e-03 
1476.000  2.5600866100e-01  4.1841607090e-03 
1477.000  2.5675976950e-01  4.1332426070e-03 
1478.000  2.5304563190e-01  4.0122675900e-03 
1479.000  2.5594438360e-01  3.9886047840e-03 
1480.000  2.5734647210e-01  4.0033450130e-03 
1481.000  2.5351006310e-01  3.9724900720e-03 
1482.000  2.5666676110e-01  4.0580968860e-03 
1483.000  2.5137977480e-01  3.9737010000e-03 
1484.000  2.5370359960e-01  3.9959368710e-03 
1485.000  2.5853224530e-01  4.0481715200e-03 
1486.000  2.5427260210e-01  4.0151433940e-03 
1487.000  2.5456326120e-01  4.1146326070e-03 
1488.000  2.2253949670e-01  3.5931379800e-03 
1489.000  2.5552227550e-01  4.2678198810e-03 
1490.000  2.5611739960e-01  4.4117412570e-03 
1491.000  2.5866267720e-01  4.5575022700e-03 
1492.000  2.5265209030e-01  4.4695630070e-03 
1493.000  2.5833012230e-01  4.6420431140e-03 
1494.000  2.5734818980e-01  4.6306047440e-03 
1495.000  2.5554762390e-01  4.6647210120e-03 
1496.000  2.4799061190e-01  4.6429934500e-03 
1497.000  2.5381515380e-01  4.7463388440e-03 
1498.000  2.5638546220e-01  4.9037017820e-03 
1499.000  2.5207331500e-01  4.9226374630e-03 
1500.000  2.5637173540e-01  5.0803709030e-03 
1501.000  2.5600587520e-01  5.0414290430e-03 
1502.000  2.5402887850e-01  4.9566855430e-03 
1503.000  2.2810257070e-01  4.4187717440e-03 
1504.000  2.3764768360e-01  4.6280999180e-03 
1505.000  2.3690940070e-01  4.7110877040e-03 
1506.000  2.4010313880e-01  4.8011932370e-03 
1507.000  2.5111568090e-01  5.1174430850e-03 
1508.000  2.4719431950e-01  5.0977015500e-03 
1509.000  2.4826220570e-01  5.1860980990e-03 
1510.000  2.5209878740e-01  5.3027586940e-03 
1511.000  2.5324537330e-01  5.3815164570e-03 
1512.000  2.4849123030e-01  5.3202528950e-03 
1513.000  2.4807499320e-01  5.3461403850e-03 
1514.000  2.4467910340e-01  5.2942218780e-03 
1515.000  2.4948739980e-01  5.4206280710e-03 
1516.000  2.4717235010e-01  5.3561482430e-03 
1517.000  2.4570860550e-01  5.3210449220e-03 
1518.000  2.5023720750e-01  5.4378147130e-03 
1519.000  2.4652360250e-01  5.3806176190e-03 
1520.000  2.4804013810e-01  5.4796338080e-03 
1521.000  2.4331551630e-01  5.4533028600e-03 
1522.000  2.4189149180e-01  5.4631443020e-03 
1523.000  2.4777900860e-01  5.6513056760e-03 
1524.000  2.4602040110e-01  5.6389002800e-03 
1525.000  2.4053780280e-01  5.5279388430e-03 
1526.000  2.4731331840e-01  5.6751260760e-03 
1527.000  2.4464051150e-01  5.6204314230e-03 
1528.000  2.4612404700e-01  5.6677069660e-03 
1529.000  2.4534536410e-01  5.6369371410e-03 
1530.000  2.2951302290e-01  5.2805037500e-03 
1531.000  2.4523835710e-01  5.6314287190e-03 
1532.000  2.4366512220e-01  5.5865163800e-03 
1533.000  2.4243430460e-01  5.5404191020e-03 
1534.000  2.3858162450e-01  5.4341359140e-03 
1535.000  2.3919594310e-01  5.4308881760e-03 
1536.000  2.4239443940e-01  5.5381984710e-03 
1537.000  2.4295728370e-01  5.5992684360e-03 
1538.000  2.3611234650e-01  5.4904212950e-03 
1539.000  2.4094031180e-01  5.6502223010e-03 
1540.000  2.3211187340e-01  5.4826464650e-03 
1541.000  2.3687416100e-01  5.6072554590e-03 
1542.000  2.3828285470e-01  5.6438155170e-03 
1543.000  2.3739657830e-01  5.6335444450e-03 
1544.000  2.4008162050e-01  5.7124147420e-03 
1545.000  2.4048310820e-01  5.7447156910e-03 
1546.000  2.4027652780e-01  5.7735385890e-03 
1547.000  2.3762436240e-01  5.7403869630e-03 
1548.000  2.3041896540e-01  5.5956177710e-03 
1549.000  2.3632459880e-01  5.7600722310e-03 
1550.000  2.3501262040e-01  5.7471370700e-03 
1551.000  2.3378237350e-01  5.7165894510e-03 
1552.000  2.3775619610e-01  5.8041944500e-03 
1553.000  2.3641484170e-01  5.7667469980e-03 
1554.000  2.2775268960e-01  5.5456490520e-03 
1555.000  2.3140541010e-01  5.6326508520e-03 
1556.000  2.2690009960e-01  5.5492472650e-03 
1557.000  2.3426551110e-01  5.7796883580e-03 
1558.000  2.3247099850e-01  5.7783231740e-03 
1559.000  2.3258212040e-01  5.8220224380e-03 
1560.000  2.2856578780e-01  5.7671179770e-03 
1561.000  2.3400374160e-01  5.9222946170e-03 
1562.000  2.3407890440e-01  5.9106078150e-03 
1563.000  2.3073912380e-01  5.8199901580e-03 
1564.000  2.2639588760e-01  5.6947603230e-03 
1565.000  2.3030960880e-01  5.7706403730e-03 
1566.000  2.2594573520e-01  5.6744294170e-03 
1567.000  2.2659826090e-01  5.6967792510e-03 
1568.000  2.2278877640e-01  5.5949769020e-03 
1569.000  2.2461721120e-01  5.6310620310e-03 
1570.000  2.1957957530e-01  5.5070838930e-03 
1571.000  2.2546326820e-01  5.6851949690e-03 
1572.000  2.2566592330e-01  5.7058548930e-03 
1573.000  2.2188938550e-01  5.6444878580e-03 
1574.000  2.2211101820e-01  5.6927552220e-03 
1575.000  2.0599055500e-01  5.3128399850e-03 
1576.000  2.2130214780e-01  5.7183909420e-03 
1577.000  1.9973998650e-01  5.1433081630e-03 
1578.000  2.1845769500e-01  5.6061401370e-03 
1579.000  2.1939161880e-01  5.6167025570e-03 
1580.000  2.2329765270e-01  5.7126011850e-03 
1581.000  2.2181702460e-01  5.6559162140e-03 
1582.000  2.1671915770e-01  5.5638198850e-03 
1583.000  2.1880827740e-01  5.6542701720e-03 
1584.000  2.1634584830e-01  5.6272206310e-03 
1585.000  2.2236989520e-01  5.8153681760e-03 
1586.000  2.1957692480e-01  5.7580280300e-03 
1587.000  2.1690139150e-01  5.7191758160e-03 
1588.000  2.1343180570e-01  5.6562585830e-03 
1589.000  1.9521780300e-01  5.1867384910e-03 
1590.000  2.1037111510e-01  5.6061954500e-03 
1591.000  2.0565768290e-01  5.4981441500e-03 
1592.000  2.1656570310e-01  5.8022546770e-03 
1593.000  2.2148348700e-01  5.9426450730e-03 
1594.000  2.1992914090e-01  5.9083294870e-03 
1595.000  2.2139386840e-01  5.9536991120e-03 
1596.000  2.0738739800e-01  5.5967240330e-03 
1597.000  2.1584576520e-01  5.8229904170e-03 
1598.000  2.1991888150e-01  5.9221000670e-03 
1599.000  2.1255673360e-01  5.7080831530e-03 
1600.000  2.1609906430e-01  5.7954249380e-03 
1601.000  2.0700206700e-01  5.5688948630e-03 
1602.000  2.1229550500e-01  5.7423205380e-03 
1603.000  2.1068518900e-01  5.7468729020e-03 
1604.000  2.1327250630e-01  5.8726267810e-03 
1605.000  2.1011928480e-01  5.8224711420e-03 
1606.000  2.0926377150e-01  5.8383994100e-03 
1607.000  2.1014343640e-01  5.8397378920e-03 
1608.000  2.1253776970e-01  5.8840661050e-03 
1609.000  2.1172071120e-01  5.8449711800e-03 
1610.000  1.9850958960e-01  5.4686841960e-03 
1611.000  2.0421638220e-01  5.6282882690e-03 
1612.000  2.0596267120e-01  5.6814775470e-03 
1613.000  2.1035869630e-01  5.8063693050e-03 
1614.000  2.0829419070e-01  5.7288804050e-03 
1615.000  2.1155856370e-01  5.8169054990e-03 
1616.000  1.9821670190e-01  5.4453668590e-03 
1617.000  2.0392983080e-01  5.6449909210e-03 
1618.000  2.1028378910e-01  5.8456416130e-03 
1619.000  2.0953958190e-01  5.8690943720e-03 
1620.000  2.0418904880e-01  5.7617831230e-03 
1621.000  2.0112805710e-01  5.7098250390e-03 
1622.000  2.0619063240e-01  5.8607530590e-03 
1623.000  2.1031902660e-01  5.9943742750e-03 
1624.000  2.1177249090e-01  6.0471844670e-03 
1625.000  2.0645421590e-01  5.9213433270e-03 
1626.000  2.0898574570e-01  5.9862585070e-03 
1627.000  2.0871612960e-01  5.9972181320e-03 
1628.000  2.1039332490e-01  6.0556573870e-03 
1629.000  2.1036281960e-01  6.0633702280e-03 
1630.000  2.0465161700e-01  5.9006967540e-03 
1631.000  2.0785235280e-01  6.0048403740e-03 
1632.000  2.0790492970e-01  5.9618611340e-03 
1633.000  2.0522922780e-01  5.8541827200e-03 
1634.000  2.0042695650e-01  5.6843624110e-03 
1635.000  2.0580068990e-01  5.8087201120e-03 
1636.000  2.0525589970e-01  5.7581634520e-03 
1637.000  1.9611762520e-01  5.4696269040e-03 
1638.000  1.9468461530e-01  5.4066982270e-03 
1639.000  1.9274461790e-01  5.3160877230e-03 
1640.000  1.9390081930e-01  5.3193774220e-03 
1641.000  1.9270094130e-01  5.2694225310e-03 
1642.000  1.9246060690e-01  5.3199262620e-03 
1643.000  1.9740705600e-01  5.5109119420e-03 
1644.000  1.9435226060e-01  5.4776587490e-03 
1645.000  1.9478531890e-01  5.5386304860e-03 
1646.000  1.9712630910e-01  5.6531677250e-03 
1647.000  1.9897715720e-01  5.7070474620e-03 
1648.000  1.9820882240e-01  5.6794362070e-03 
1649.000  1.9368058380e-01  5.5494093890e-03 
1650.000  1.9858853640e-01  5.6917772290e-03 
1651.000  1.9411397520e-01  5.5647892950e-03 
1652.000  1.9798822540e-01  5.6754822730e-03 
1653.000  1.9576504180e-01  5.6219229700e-03 
1654.000  1.9796148350e-01  5.6895642280e-03 
1655.000  1.9399376990e-01  5.5880241390e-03 
1656.000  1.9772038660e-01  5.7047357560e-03 
1657.000  1.9628674280e-01  5.6664862630e-03 
1658.000  1.9734708380e-01  5.7078604700e-03 
1659.000  1.9371216260e-01  5.6066679950e-03 
1660.000  1.9607613440e-01  5.6716299060e-03 
1661.000  1.9684505600e-01  5.6820201870e-03 
1662.000  1.9552288270e-01  5.5961637500e-03 
1663.000  1.9429221770e-01  5.5197935100e-03 
1664.000  1.9346951570e-01  5.4545450210e-03 
1665.000  1.9149450710e-01  5.3574953080e-03 
1666.000  1.9056221350e-01  5.3283329010e-03 
1667.000  1.9208498260e-01  5.4228715900e-03 
1668.000  1.8883052110e-01  5.3653593060e-03 
1669.000  1.8913273980e-01  5.4163756370e-03 
1670.000  1.9320509340e-01  5.5776653290e-03 
1671.000  1.9172980800e-01  5.5770106320e-03 
1672.000  1.8264849350e-01  5.3620047570e-03 
1673.000  1.8802960430e-01  5.5605540280e-03 
1674.000  1.8890308600e-01  5.6306233410e-03 
1675.000  1.8715237580e-01  5.6286034580e-03 
1676.000  1.8417147770e-01  5.5567975040e-03 
1677.000  1.8505711160e-01  5.5848078730e-03 
1678.000  1.8592518870e-01  5.6183195110e-03 
1679.000  1.8345295370e-01  5.5410981180e-03 
1680.000  1.7704386960e-01  5.3532805440e-03 
1681.000  1.7083776970e-01  5.1696305270e-03 
1682.000  1.7577142490e-01  5.3196630480e-03 
1683.000  1.8016465600e-01  5.4497594830e-03 
1684.000  1.8352600140e-01  5.5495080950e-03 
1685.000  1.8424500410e-01  5.5590472220e-03 
1686.000  1.8202223500e-01  5.4839892390e-03 
1687.000  1.8303800900e-01  5.4828691480e-03 
1688.000  1.8338020280e-01  5.4662375450e-03 
1689.000  1.8117008530e-01  5.3888149260e-03 
1690.000  1.8133349930e-01  5.3644628520e-03 
1691.000  1.8370658510e-01  5.4435520170e-03 
1692.000  1.8404066900e-01  5.4691271780e-03 
1693.000  1.8334062220e-01  5.4670681950e-03 
1694.000  1.8306334480e-01  5.4747271540e-03 
1695.000  1.8327293700e-01  5.4860992430e-03 
1696.000  1.8220109590e-01  5.4261150360e-03 
1697.000  1.8116014400e-01  5.3572444920e-03 
1698.000  1.8225338790e-01  5.3550720210e-03 
1699.000  1.8107598830e-01  5.2890472410e-03 
1700.000  1.7875496030e-01  5.1920909880e-03 
