 lambda   Irr_dw            Rad_up 
 550.000  1.5536503900e+00  4.7813144680e-02 
 551.000  1.5433891900e+00  4.7339973450e-02 
 552.000  1.6092734700e+00  4.9325092320e-02 
 553.000  1.5457016200e+00  4.7193264010e-02 
 554.000  1.5956690900e+00  4.8658702850e-02 
 555.000  1.5996539800e+00  4.8558933260e-02 
 556.000  1.5551123600e+00  4.6997089390e-02 
 557.000  1.5086065000e+00  4.5543754580e-02 
 558.000  1.5655524500e+00  4.7053413390e-02 
 559.000  1.4794771300e+00  4.4334678650e-02 
 560.000  1.4857391300e+00  4.4469051360e-02 
 561.000  1.6326939200e+00  4.8634254460e-02 
 562.000  1.4988692200e+00  4.4563522340e-02 
 563.000  1.5680806300e+00  4.6408645630e-02 
 564.000  1.5460921200e+00  4.5481830600e-02 
 565.000  1.5648405600e+00  4.5959156040e-02 
 566.000  1.4428513700e+00  4.2180995940e-02 
 567.000  1.5490330700e+00  4.4963363650e-02 
 568.000  1.5496100800e+00  4.4382450100e-02 
 569.000  1.5282261000e+00  4.2585136410e-02 
 570.000  1.5347620100e+00  4.2758678440e-02 
 571.000  1.4738539800e+00  4.1623752590e-02 
 572.000  1.5646262800e+00  4.3439243320e-02 
 573.000  1.5794772800e+00  4.3935726170e-02 
 574.000  1.5704245800e+00  4.3580562590e-02 
 575.000  1.5326330600e+00  4.2336208340e-02 
 576.000  1.5050434200e+00  4.1441268920e-02 
 577.000  1.5656605500e+00  4.3114395140e-02 
 578.000  1.5172496400e+00  4.2033760070e-02 
 579.000  1.5034428900e+00  4.1636985780e-02 
 580.000  1.5532623300e+00  4.3215713500e-02 
 581.000  1.5221630900e+00  4.2474285130e-02 
 582.000  1.5431126700e+00  4.2926445010e-02 
 583.000  1.5530118500e+00  4.3249656680e-02 
 584.000  1.5473605500e+00  4.2893211360e-02 
 585.000  1.5367579800e+00  4.2439765930e-02 
 586.000  1.4704053000e+00  4.0556980130e-02 
 587.000  1.5309792300e+00  4.1663505550e-02 
 588.000  1.5291021800e+00  4.0251167300e-02 
 589.000  1.3747155600e+00  3.4555641170e-02 
 590.000  1.4365959900e+00  3.5999874110e-02 
 591.000  1.5118790500e+00  3.8864330290e-02 
 592.000  1.4905110000e+00  3.7543384550e-02 
 593.000  1.4897829000e+00  3.8654941560e-02 
 594.000  1.5070651100e+00  3.8764526370e-02 
 595.000  1.4897261700e+00  3.7334598540e-02 
 596.000  1.5099652000e+00  3.9062969210e-02 
 597.000  1.5180175100e+00  3.8780426030e-02 
 598.000  1.4801234800e+00  3.8310104370e-02 
 599.000  1.4776541400e+00  3.8399196620e-02 
 600.000  1.4717724500e+00  3.8705928800e-02 
 601.000  1.4593665200e+00  3.8730953220e-02 
 602.000  1.4419170700e+00  3.8263023380e-02 
 603.000  1.4491607200e+00  3.8568958280e-02 
 604.000  1.4938045500e+00  3.9907138820e-02 
 605.000  1.4893841300e+00  3.9633438110e-02 
 606.000  1.4719029800e+00  3.9215309140e-02 
 607.000  1.4634481300e+00  3.8884948730e-02 
 608.000  1.4579568500e+00  3.8603496550e-02 
 609.000  1.4429083400e+00  3.8173072810e-02 
 610.000  1.4197075200e+00  3.7431709290e-02 
 611.000  1.4426774300e+00  3.7983894350e-02 
 612.000  1.4238509500e+00  3.7445392610e-02 
 613.000  1.4030196900e+00  3.6782859800e-02 
 614.000  1.3518775900e+00  3.5423763280e-02 
 615.000  1.4171714100e+00  3.6974716190e-02 
 616.000  1.3474789800e+00  3.5148994450e-02 
 617.000  1.3551596600e+00  3.5299201970e-02 
 618.000  1.4192089700e+00  3.6778942110e-02 
 619.000  1.4063934500e+00  3.6468894960e-02 
 620.000  1.4273930200e+00  3.6822921750e-02 
 621.000  1.4522509000e+00  3.7421154020e-02 
 622.000  1.3759786200e+00  3.5349823000e-02 
 623.000  1.3871943300e+00  3.5418048860e-02 
 624.000  1.3891395100e+00  3.5515666960e-02 
 625.000  1.3519509000e+00  3.4529186250e-02 
 626.000  1.3598707300e+00  3.4483982090e-02 
 627.000  1.3883159300e+00  3.4672550200e-02 
 628.000  1.3948955600e+00  3.3371627810e-02 
 629.000  1.4157632000e+00  3.4425697330e-02 
 630.000  1.3649586000e+00  3.3579860690e-02 
 631.000  1.4107194600e+00  3.4797679900e-02 
 632.000  1.3162203600e+00  3.2223350520e-02 
 633.000  1.4062995700e+00  3.4794761660e-02 
 634.000  1.3617477700e+00  3.3850795750e-02 
 635.000  1.3862319800e+00  3.4477306370e-02 
 636.000  1.3360413000e+00  3.3298202510e-02 
 637.000  1.3793166300e+00  3.4428256990e-02 
 638.000  1.3980419000e+00  3.5031806950e-02 
 639.000  1.3862095800e+00  3.4563083650e-02 
 640.000  1.3412961700e+00  3.3692344670e-02 
 641.000  1.3605236300e+00  3.4113918300e-02 
 642.000  1.3431893300e+00  3.3691322330e-02 
 643.000  1.3683577400e+00  3.4133121490e-02 
 644.000  1.3525874300e+00  3.3593879700e-02 
 645.000  1.3668039500e+00  3.3778278350e-02 
 646.000  1.3246209700e+00  3.1734407420e-02 
 647.000  1.3498619200e+00  3.1654159550e-02 
 648.000  1.3554301900e+00  3.1274909970e-02 
 649.000  1.3754200100e+00  3.2041408540e-02 
 650.000  1.2622257800e+00  3.0339323040e-02 
 651.000  1.3597726600e+00  3.2649673460e-02 
 652.000  1.3452184700e+00  3.1389328000e-02 
 653.000  1.3588836300e+00  3.2687606810e-02 
 654.000  1.3426623300e+00  3.2007312770e-02 
 655.000  1.3120691600e+00  3.0865139010e-02 
 656.000  1.1126191800e+00  2.6224752430e-02 
 657.000  1.1852665900e+00  2.8097089770e-02 
 658.000  1.3158594700e+00  3.1609970090e-02 
 659.000  1.3165190300e+00  3.1757509230e-02 
 660.000  1.3258054100e+00  3.2067260740e-02 
 661.000  1.3284147700e+00  3.2431968690e-02 
 662.000  1.3460838000e+00  3.2955791470e-02 
 663.000  1.3315319800e+00  3.2471485140e-02 
 664.000  1.3098712300e+00  3.1941316600e-02 
 665.000  1.3152142800e+00  3.2045139310e-02 
 666.000  1.3304837800e+00  3.2541236880e-02 
 667.000  1.3036817000e+00  3.1776643750e-02 
 668.000  1.3105362800e+00  3.2060844420e-02 
 669.000  1.3291500500e+00  3.2558544160e-02 
 670.000  1.3131301000e+00  3.1993513110e-02 
 671.000  1.2990551300e+00  3.1668495180e-02 
 672.000  1.2947630800e+00  3.1521078110e-02 
 673.000  1.3039716900e+00  3.1684434890e-02 
 674.000  1.3064489900e+00  3.1735672000e-02 
 675.000  1.2864251000e+00  3.1167757030e-02 
 676.000  1.3106546800e+00  3.1747417450e-02 
 677.000  1.2845187100e+00  3.1114650730e-02 
 678.000  1.3057092500e+00  3.1564380650e-02 
 679.000  1.2873052600e+00  3.1017618180e-02 
 680.000  1.2778745500e+00  3.0751043320e-02 
 681.000  1.2798637500e+00  3.0699459080e-02 
 682.000  1.2774229400e+00  3.0504205700e-02 
 683.000  1.2861010300e+00  3.0581966400e-02 
 684.000  1.2639125400e+00  3.0017402650e-02 
 685.000  1.2775855000e+00  3.0272962570e-02 
 686.000  1.2244133200e+00  2.8595827100e-02 
 687.000  1.2254745200e+00  2.4750984190e-02 
 688.000  1.2263671900e+00  2.5722000120e-02 
 689.000  1.2299170700e+00  2.5584459300e-02 
 690.000  1.2358545100e+00  2.6220067980e-02 
 691.000  1.2408043400e+00  2.6999925610e-02 
 692.000  1.2333231500e+00  2.7156236650e-02 
 693.000  1.2414656700e+00  2.6376787190e-02 
 694.000  1.2550942000e+00  2.5945505140e-02 
 695.000  1.2321113000e+00  2.5849575040e-02 
 696.000  1.2459107500e+00  2.6385139470e-02 
 697.000  1.2448507500e+00  2.8004468920e-02 
 698.000  1.2225731200e+00  2.7047611240e-02 
 699.000  1.2484136500e+00  2.6243394850e-02 
 700.000  1.2334848900e+00  2.6087697980e-02 
 701.000  1.2065848700e+00  2.5165847780e-02 
 702.000  1.2003787300e+00  2.5230039600e-02 
 703.000  1.2149857500e+00  2.6563903810e-02 
 704.000  1.2184764900e+00  2.6704385760e-02 
 705.000  1.2289647700e+00  2.6432601930e-02 
 706.000  1.2158534000e+00  2.6231843950e-02 
 707.000  1.1972812000e+00  2.5992162700e-02 
 708.000  1.2317190800e+00  2.6922641750e-02 
 709.000  1.1872237300e+00  2.6289464950e-02 
 710.000  1.2154848700e+00  2.6418418880e-02 
 711.000  1.2024865800e+00  2.6507104870e-02 
 712.000  1.1850758500e+00  2.6504055020e-02 
 713.000  1.1806844400e+00  2.6058609010e-02 
 714.000  1.2009828200e+00  2.6302734380e-02 
 715.000  1.1598855400e+00  2.4879312520e-02 
 716.000  1.1910891600e+00  2.5009363170e-02 
 717.000  1.1613343300e+00  2.1903167720e-02 
 718.000  1.1551826600e+00  2.0334592820e-02 
 719.000  1.1418817900e+00  1.9488454820e-02 
 720.000  1.1502157000e+00  1.8962976460e-02 
 721.000  1.1485553600e+00  2.2173681260e-02 
 722.000  1.1646510200e+00  2.3590789790e-02 
 723.000  1.1622819600e+00  2.2789600370e-02 
 724.000  1.1693303300e+00  2.0991950990e-02 
 725.000  1.1565686100e+00  2.1027191160e-02 
 726.000  1.1544523100e+00  2.0901514050e-02 
 727.000  1.1715333900e+00  2.1403865810e-02 
 728.000  1.1514115900e+00  2.0798233030e-02 
 729.000  1.1056535900e+00  2.0604827880e-02 
 730.000  1.1465105000e+00  2.1240604400e-02 
 731.000  1.1276062900e+00  2.0825931550e-02 
 732.000  1.1487095500e+00  2.2341650010e-02 
 733.000  1.1308776500e+00  2.3270938870e-02 
 734.000  1.1540733800e+00  2.4334318160e-02 
 735.000  1.1448742300e+00  2.3851688390e-02 
 736.000  1.1238571300e+00  2.3019668580e-02 
 737.000  1.1384413100e+00  2.3558912280e-02 
 738.000  1.1349932300e+00  2.3911245350e-02 
 739.000  1.0981400700e+00  2.3355381010e-02 
 740.000  1.1081184600e+00  2.3989749910e-02 
 741.000  1.0990488000e+00  2.4141805650e-02 
 742.000  1.0808807100e+00  2.3869846340e-02 
 743.000  1.1123414900e+00  2.4855257030e-02 
 744.000  1.1227633800e+00  2.5239381790e-02 
 745.000  1.0934504500e+00  2.4707986830e-02 
 746.000  1.1085759300e+00  2.5075630190e-02 
 747.000  1.1251806800e+00  2.5414756770e-02 
 748.000  1.1049630200e+00  2.4946434020e-02 
 749.000  1.1051611100e+00  2.4965402600e-02 
 750.000  1.0890228900e+00  2.4503599170e-02 
 751.000  1.0862200800e+00  2.4426074980e-02 
 752.000  1.1026772600e+00  2.4841537480e-02 
 753.000  1.0922418200e+00  2.4606990810e-02 
 754.000  1.1093404100e+00  2.4986150740e-02 
 755.000  1.1029783200e+00  2.4828666690e-02 
 756.000  1.0813830800e+00  2.4328859330e-02 
 757.000  1.0893775700e+00  2.4492645260e-02 
 758.000  1.0882311500e+00  2.4387920380e-02 
 759.000  1.0470762400e+00  2.1523900990e-02 
 760.000  8.2384040900e-01  8.7656126020e-03 
 761.000  7.9394162900e-01  7.7753763200e-03 
 762.000  9.2603280100e-01  1.3971677780e-02 
 763.000  9.1118137000e-01  1.2097332950e-02 
 764.000  9.3455382700e-01  1.3197058680e-02 
 765.000  9.8083793600e-01  1.6001356120e-02 
 766.000  9.7252914300e-01  1.8336069110e-02 
 767.000  1.0023904490e+00  2.0092062000e-02 
 768.000  1.0512949800e+00  2.2032711030e-02 
 769.000  1.0527439700e+00  2.2796735760e-02 
 770.000  1.0500586000e+00  2.3114709850e-02 
 771.000  1.0515178400e+00  2.3357126240e-02 
 772.000  1.0476317000e+00  2.3309810640e-02 
 773.000  1.0433158200e+00  2.3220710750e-02 
 774.000  1.0543233900e+00  2.3475263600e-02 
 775.000  1.0146133500e+00  2.2591062550e-02 
 776.000  1.0563276300e+00  2.3560586930e-02 
 777.000  1.0490130000e+00  2.3367441180e-02 
 778.000  1.0434689400e+00  2.3189153670e-02 
 779.000  1.0469437700e+00  2.3196891780e-02 
 780.000  1.0340712600e+00  2.2927314760e-02 
 781.000  1.0322121700e+00  2.2871232990e-02 
 782.000  1.0447475700e+00  2.3056259160e-02 
 783.000  1.0204128820e+00  2.2605949400e-02 
 784.000  1.0263212150e+00  2.2677728650e-02 
 785.000  1.0296975890e+00  2.2538295750e-02 
 786.000  1.0128367020e+00  2.2023386000e-02 
 787.000  1.0297232850e+00  2.1905027390e-02 
 788.000  1.0152553710e+00  2.1427110670e-02 
 789.000  1.0243891660e+00  2.0966453550e-02 
 790.000  1.0143461280e+00  2.0655662540e-02 
 791.000  1.0086158930e+00  2.0664285660e-02 
 792.000  9.9215998600e-01  2.0363630290e-02 
 793.000  9.9002023200e-01  2.0546295170e-02 
 794.000  9.7735066100e-01  2.0853298190e-02 
 795.000  9.7364370200e-01  2.0300714490e-02 
 796.000  9.9435843300e-01  2.0013006210e-02 
 797.000  9.9949715800e-01  2.0361719130e-02 
 798.000  9.9746892000e-01  2.0817548750e-02 
 799.000  9.9731697800e-01  2.0627426150e-02 
 800.000  9.7313659000e-01  1.9729038240e-02 
 801.000  9.9115530200e-01  2.0129844670e-02 
 802.000  9.8938672500e-01  2.0003517150e-02 
 803.000  9.7508339000e-01  1.9782068250e-02 
 804.000  9.8306896200e-01  2.0171640400e-02 
 805.000  9.5461805000e-01  1.9950490950e-02 
 806.000  9.7954843700e-01  2.0628938670e-02 
 807.000  9.7348897700e-01  2.0542694090e-02 
 808.000  9.6834495500e-01  2.0256626130e-02 
 809.000  9.5254539000e-01  1.9749015810e-02 
 810.000  9.4892084800e-01  1.9471994400e-02 
 811.000  9.6533193200e-01  1.9479553220e-02 
 812.000  9.6357460800e-01  1.9088935850e-02 
 813.000  9.6104745300e-01  1.8510166170e-02 
 814.000  9.6168388600e-01  1.8042631150e-02 
 815.000  9.5346887600e-01  1.7299022670e-02 
 816.000  9.4738706800e-01  1.6483753200e-02 
 817.000  9.5298585700e-01  1.6595701220e-02 
 818.000  9.4697197400e-01  1.6453960420e-02 
 819.000  9.2084154400e-01  1.6288127900e-02 
 820.000  9.0120593500e-01  1.6693611150e-02 
 821.000  9.2900114100e-01  1.8118350980e-02 
 822.000  9.0439019400e-01  1.6816198350e-02 
 823.000  9.2061686000e-01  1.5378639220e-02 
 824.000  9.3119337300e-01  1.7035120010e-02 
 825.000  9.2727854800e-01  1.8238983150e-02 
 826.000  9.3357986200e-01  1.8075063710e-02 
 827.000  9.3093100100e-01  1.7828155520e-02 
 828.000  9.3080668100e-01  1.7049463270e-02 
 829.000  9.2973648800e-01  1.7243492130e-02 
 830.000  9.1427054500e-01  1.7247901920e-02 
 831.000  8.9804785900e-01  1.6994901660e-02 
 832.000  9.1633902700e-01  1.7334991460e-02 
 833.000  8.8739254300e-01  1.7058767320e-02 
 834.000  8.9987325100e-01  1.7519119260e-02 
 835.000  8.9981817000e-01  1.7816089630e-02 
 836.000  9.1094476700e-01  1.8042755130e-02 
 837.000  9.0351143700e-01  1.7833261490e-02 
 838.000  9.0573832200e-01  1.8121686940e-02 
 839.000  8.7681729300e-01  1.7639347080e-02 
 840.000  9.0003063000e-01  1.8088642120e-02 
 841.000  9.0335046700e-01  1.7980604170e-02 
 842.000  8.9686950200e-01  1.7945930480e-02 
 843.000  8.8864088100e-01  1.8214708330e-02 
 844.000  8.7295501900e-01  1.8056993480e-02 
 845.000  8.8572719900e-01  1.8390062330e-02 
 846.000  8.9308018400e-01  1.8684627530e-02 
 847.000  8.6170104600e-01  1.8179418560e-02 
 848.000  8.8819418300e-01  1.8536365510e-02 
 849.000  8.8971195600e-01  1.8674793240e-02 
 850.000  7.6974176200e-01  1.6002099990e-02 
 851.000  8.8255731500e-01  1.8202390670e-02 
 852.000  8.4905044400e-01  1.7581684110e-02 
 853.000  8.5774704800e-01  1.7804317470e-02 
 854.000  6.8966271100e-01  1.4345974920e-02 
 855.000  7.5865790700e-01  1.5889753340e-02 
 856.000  8.5953552600e-01  1.8043426510e-02 
 857.000  8.7264250800e-01  1.8472703930e-02 
 858.000  8.5836025800e-01  1.8164989470e-02 
 859.000  8.5749067300e-01  1.8199720380e-02 
 860.000  8.4944912000e-01  1.8117439270e-02 
 861.000  8.4929744600e-01  1.8092164990e-02 
 862.000  8.4629050200e-01  1.7963451390e-02 
 863.000  8.6246456800e-01  1.8409780500e-02 
 864.000  8.6058985000e-01  1.8216239930e-02 
 865.000  8.4444449600e-01  1.8010725020e-02 
 866.000  7.0830450800e-01  1.5152244570e-02 
 867.000  7.5431609500e-01  1.5919500350e-02 
 868.000  8.1809713800e-01  1.7355930330e-02 
 869.000  8.0659697300e-01  1.7099779130e-02 
 870.000  8.3992483400e-01  1.7925720210e-02 
 871.000  8.3872391900e-01  1.7826795580e-02 
 872.000  8.3526061100e-01  1.7517337800e-02 
 873.000  8.3874780100e-01  1.7720851900e-02 
 874.000  8.2044273900e-01  1.7247978210e-02 
 875.000  8.1293697800e-01  1.7240390780e-02 
 876.000  8.1990024400e-01  1.7299812320e-02 
 877.000  8.3636209500e-01  1.7489692690e-02 
 878.000  8.2260025000e-01  1.7276819230e-02 
 879.000  8.2455755000e-01  1.7376142500e-02 
 880.000  8.2030520600e-01  1.7089838030e-02 
 881.000  7.7794312500e-01  1.6251297000e-02 
 882.000  8.2119544900e-01  1.6949407580e-02 
 883.000  8.0222153500e-01  1.6748237610e-02 
 884.000  8.0894797100e-01  1.7108564380e-02 
 885.000  8.1829675700e-01  1.6819076540e-02 
 886.000  7.9280458500e-01  1.6323297500e-02 
 887.000  7.8372356100e-01  1.6123561860e-02 
 888.000  8.0729784000e-01  1.6414287570e-02 
 889.000  8.1239969900e-01  1.6812458040e-02 
 890.000  8.1057405600e-01  1.6673063280e-02 
 891.000  8.0753725500e-01  1.6373638150e-02 
 892.000  8.0688889500e-01  1.6121145250e-02 
 893.000  7.8130442400e-01  1.4734644890e-02 
 894.000  8.0971948800e-01  1.4998886110e-02 
 895.000  7.7473667900e-01  1.3672863010e-02 
 896.000  8.0548056400e-01  1.3327974320e-02 
 897.000  7.8694611800e-01  1.2510416030e-02 
 898.000  7.8830021300e-01  1.2135555270e-02 
 899.000  7.8759113900e-01  1.1206901550e-02 
 900.000  7.6792501300e-01  1.0931064610e-02 
 901.000  7.5147367600e-01  1.0513536450e-02 
 902.000  7.3764336300e-01  1.0358172420e-02 
 903.000  7.7372979600e-01  1.2204873090e-02 
 904.000  7.8809602800e-01  1.3250648500e-02 
 905.000  7.8600734700e-01  1.3469741820e-02 
 906.000  7.6519392900e-01  1.2574665070e-02 
 907.000  7.7816075100e-01  1.1762465480e-02 
 908.000  7.5912779000e-01  1.0788429260e-02 
 909.000  7.4423655000e-01  1.0580142020e-02 
 910.000  7.5304007500e-01  1.0784259800e-02 
 911.000  7.5104366200e-01  1.1330239300e-02 
 912.000  7.5267040700e-01  1.0911297800e-02 
 913.000  7.7028717900e-01  1.0388770100e-02 
 914.000  7.6533023900e-01  1.0670027730e-02 
 915.000  7.5269736100e-01  1.1019487380e-02 
 916.000  7.6105290900e-01  1.1157885550e-02 
 917.000  7.4914430200e-01  1.1137016300e-02 
 918.000  7.4534009400e-01  1.1313485150e-02 
 919.000  7.5516877500e-01  1.2655272480e-02 
 920.000  7.4796363400e-01  1.2875082020e-02 
 921.000  7.3158848500e-01  1.2435476300e-02 
 922.000  7.2504957200e-01  1.2418537140e-02 
 923.000  6.9464989700e-01  1.1361875530e-02 
 924.000  7.2404340400e-01  1.1758820530e-02 
 925.000  7.3365517700e-01  1.1804726600e-02 
 926.000  7.0746241200e-01  1.1215382580e-02 
 927.000  7.3381707800e-01  1.1430353160e-02 
 928.000  7.3833548900e-01  1.0626017570e-02 
 929.000  7.2802146000e-01  9.3777513500e-03 
 930.000  7.2619459700e-01  8.1764850620e-03 
 931.000  7.2589869500e-01  7.2826752660e-03 
 932.000  7.1878819200e-01  6.2574019430e-03 
 933.000  7.2075165300e-01  5.7212495800e-03 
 934.000  7.1444299000e-01  5.2093448640e-03 
 935.000  7.0385623900e-01  5.0843715670e-03 
 936.000  6.9878899200e-01  5.1997423170e-03 
 937.000  7.1438675200e-01  5.2772722240e-03 
 938.000  7.0689089300e-01  5.7583422660e-03 
 939.000  7.1315316400e-01  7.6662607190e-03 
 940.000  7.0951353200e-01  8.0187568660e-03 
 941.000  6.9338374200e-01  7.5240383150e-03 
 942.000  6.6685096100e-01  6.5883488660e-03 
 943.000  7.0262856100e-01  6.0207967760e-03 
 944.000  6.8331452800e-01  5.7882905010e-03 
 945.000  6.8986179800e-01  6.1281604770e-03 
 946.000  6.9921818300e-01  6.2338938710e-03 
 947.000  6.9498861500e-01  6.4958853720e-03 
 948.000  6.9919173800e-01  6.7188744540e-03 
 949.000  7.0140684900e-01  6.7264676090e-03 
 950.000  6.9678318200e-01  6.7310352330e-03 
 951.000  6.9264670800e-01  7.1324906350e-03 
 952.000  6.9257452100e-01  6.6815462110e-03 
 953.000  6.9066272900e-01  6.9969472890e-03 
 954.000  6.8399096000e-01  7.3260989190e-03 
 955.000  6.3888614400e-01  6.5680580140e-03 
 956.000  6.8154140400e-01  6.9695806500e-03 
 957.000  6.8118920800e-01  8.0593290330e-03 
 958.000  6.8644033600e-01  8.3114671710e-03 
 959.000  6.8909407600e-01  8.1424455640e-03 
 960.000  6.8258316900e-01  8.0160894390e-03 
 961.000  6.7526172400e-01  7.8345999720e-03 
 962.000  6.7862361000e-01  7.9712381360e-03 
 963.000  6.7722204500e-01  8.7044420240e-03 
 964.000  6.6947268700e-01  8.7259960170e-03 
 965.000  6.7765667600e-01  8.7586727140e-03 
 966.000  6.5809641700e-01  8.5557270050e-03 
 967.000  6.7766780400e-01  9.4402685170e-03 
 968.000  6.7019880500e-01  1.0359835620e-02 
 969.000  6.7429078100e-01  1.0873449330e-02 
 970.000  6.7612072700e-01  1.0927163120e-02 
 971.000  6.7013772100e-01  1.0812247280e-02 
 972.000  6.7488626300e-01  1.0745827670e-02 
 973.000  6.6865042200e-01  1.0348095890e-02 
 974.000  6.5840124900e-01  9.8365345000e-03 
 975.000  6.6169363200e-01  9.6471033100e-03 
 976.000  6.6970190400e-01  1.0038530350e-02 
 977.000  6.5272431100e-01  1.0215003970e-02 
 978.000  6.6887118700e-01  1.0430828090e-02 
 979.000  6.4943297900e-01  1.0241873740e-02 
 980.000  6.5859513100e-01  1.0860698700e-02 
 981.000  6.6308164200e-01  1.1051290510e-02 
 982.000  6.6164810700e-01  1.0912021640e-02 
 983.000  6.5985770900e-01  1.1156126020e-02 
 984.000  6.5543966400e-01  1.1390488620e-02 
 985.000  6.5512692900e-01  1.1575040820e-02 
 986.000  6.4978241100e-01  1.1747397420e-02 
 987.000  6.5717151800e-01  1.2002818110e-02 
 988.000  6.4906885300e-01  1.1877768520e-02 
 989.000  6.4082801800e-01  1.1737703320e-02 
 990.000  6.4629127400e-01  1.1860775950e-02 
 991.000  6.5153810400e-01  1.2059152600e-02 
 992.000  6.4550321100e-01  1.1965525630e-02 
 993.000  6.4546047300e-01  1.1961347580e-02 
 994.000  6.4869580900e-01  1.2106821060e-02 
 995.000  6.4387621800e-01  1.2085199360e-02 
 996.000  6.4376628400e-01  1.2065093040e-02 
 997.000  6.4448413400e-01  1.2008255000e-02 
 998.000  6.4212298300e-01  1.1898412700e-02 
 999.000  6.4055532200e-01  1.1832135200e-02 
1000.000  6.3544255100e-01  1.1737872120e-02 
1001.000  6.3909018000e-01  1.1681494710e-02 
1002.000  6.3845002700e-01  1.1486907010e-02 
1003.000  6.3092318000e-01  1.1380936620e-02 
1004.000  6.2549016600e-01  1.1369934080e-02 
1005.000  5.8436577600e-01  1.0655296330e-02 
1006.000  6.1483666100e-01  1.1216504100e-02 
1007.000  6.2609130200e-01  1.1378683090e-02 
1008.000  6.2898436600e-01  1.1284285550e-02 
1009.000  6.2548000100e-01  1.1041297910e-02 
1010.000  6.2767193300e-01  1.1145633700e-02 
1011.000  6.2396108800e-01  1.1258113860e-02 
1012.000  6.2399636200e-01  1.1325281140e-02 
1013.000  6.1938447300e-01  1.1293416020e-02 
1014.000  6.2328507200e-01  1.1423398020e-02 
1015.000  6.1177077100e-01  1.1253679280e-02 
1016.000  6.1563468800e-01  1.1389856340e-02 
1017.000  6.0950647800e-01  1.1319739340e-02 
1018.000  6.1756865200e-01  1.1479655270e-02 
1019.000  6.0369609600e-01  1.1186042790e-02 
1020.000  6.0235101700e-01  1.1140005110e-02 
1021.000  6.0817309100e-01  1.1213653560e-02 
1022.000  5.9933816400e-01  1.0882414820e-02 
1023.000  6.1110331500e-01  1.0942797660e-02 
1024.000  6.0816216700e-01  1.0767247200e-02 
1025.000  6.0744226200e-01  1.0791255000e-02 
1026.000  6.0790495400e-01  1.0832147600e-02 
1027.000  6.0434334600e-01  1.0795430180e-02 
1028.000  6.0567322100e-01  1.0889870640e-02 
1029.000  5.9622405500e-01  1.0819940570e-02 
1030.000  6.0197216600e-01  1.1033500670e-02 
1031.000  5.9994731900e-01  1.1077583310e-02 
1032.000  5.9773450400e-01  1.1089431760e-02 
1033.000  5.8670026000e-01  1.0857637410e-02 
1034.000  5.9284077300e-01  1.0945805550e-02 
1035.000  5.8646016900e-01  1.0807264330e-02 
1036.000  5.9414761500e-01  1.0915286060e-02 
1037.000  5.8162863000e-01  1.0655383110e-02 
1038.000  5.8734619500e-01  1.0730200770e-02 
1039.000  5.8985779300e-01  1.0736643790e-02 
1040.000  5.8296661700e-01  1.0574894910e-02 
1041.000  5.8609735800e-01  1.0597181320e-02 
1042.000  5.8786626100e-01  1.0597967150e-02 
1043.000  5.7773456700e-01  1.0386191370e-02 
1044.000  5.8355117300e-01  1.0457800870e-02 
1045.000  5.8121819500e-01  1.0454014780e-02 
1046.000  5.6442541700e-01  1.0201313020e-02 
1047.000  5.7493787400e-01  1.0440001490e-02 
1048.000  5.8082810700e-01  1.0598168370e-02 
1049.000  5.7726351400e-01  1.0585870740e-02 
1050.000  5.7400092800e-01  1.0570704460e-02 
1051.000  5.7432954700e-01  1.0542208670e-02 
1052.000  5.7182813900e-01  1.0450998310e-02 
1053.000  5.7210951600e-01  1.0428569790e-02 
1054.000  5.6651413500e-01  1.0267109870e-02 
1055.000  5.7095950600e-01  1.0294400220e-02 
1056.000  5.6967882600e-01  1.0223574640e-02 
1057.000  5.6925782700e-01  1.0170269970e-02 
1058.000  5.6430083800e-01  1.0017601970e-02 
1059.000  5.4649975200e-01  9.7248325350e-03 
1060.000  5.6569489700e-01  1.0127589230e-02 
1061.000  5.4599321900e-01  9.7819900510e-03 
1062.000  5.6175770200e-01  1.0032070160e-02 
1063.000  5.5249353300e-01  9.8352499010e-03 
1064.000  5.5991922400e-01  9.8730440140e-03 
1065.000  5.5983035300e-01  9.7646522520e-03 
1066.000  5.4262876800e-01  9.4158000950e-03 
1067.000  5.5580957400e-01  9.5750875470e-03 
1068.000  5.5446720200e-01  9.4082021710e-03 
1069.000  5.1311215100e-01  8.6439790730e-03 
1070.000  5.4342194500e-01  9.2005891800e-03 
1071.000  5.4483434700e-01  9.2088651660e-03 
1072.000  5.4719617600e-01  9.2346200940e-03 
1073.000  5.2928999400e-01  8.9591569900e-03 
1074.000  5.4776248300e-01  9.3180599210e-03 
1075.000  5.3001742400e-01  9.1213817600e-03 
1076.000  5.4215948200e-01  9.2949972150e-03 
1077.000  5.4157232100e-01  9.2348594670e-03 
1078.000  5.4369615600e-01  9.2128314970e-03 
1079.000  5.2286719200e-01  8.8631258010e-03 
1080.000  5.4026871700e-01  8.9914617540e-03 
1081.000  5.2048770700e-01  8.6487512590e-03 
1082.000  5.2632427000e-01  8.7712049480e-03 
1083.000  5.1304883000e-01  8.4135103230e-03 
1084.000  5.3366693900e-01  8.6089982990e-03 
1085.000  5.2906214000e-01  8.2854175570e-03 
1086.000  5.3540936200e-01  8.3825244900e-03 
1087.000  5.0013243700e-01  8.0153169630e-03 
1088.000  5.3034185600e-01  8.5686216350e-03 
1089.000  5.1312716900e-01  8.0765514370e-03 
1090.000  5.2485672300e-01  8.2663450240e-03 
1091.000  5.2765845900e-01  8.4152145390e-03 
1092.000  5.1690202900e-01  8.1718750000e-03 
1093.000  5.1377632500e-01  7.9000210760e-03 
1094.000  4.6876704300e-01  7.0717577930e-03 
1095.000  5.0716908800e-01  7.6238265040e-03 
1096.000  5.0790559800e-01  7.6088709830e-03 
1097.000  4.9870097100e-01  7.3715281490e-03 
1098.000  4.9775019100e-01  6.7560224530e-03 
1099.000  5.0224027400e-01  6.2687840460e-03 
1100.000  5.1065473000e-01  6.4080734250e-03 
1101.000  5.0907301600e-01  6.4569764140e-03 
1102.000  4.8816124900e-01  6.1526618000e-03 
1103.000  5.0719557300e-01  6.4336614610e-03 
1104.000  5.0394940300e-01  6.3014168740e-03 
1105.000  5.0431051700e-01  6.0904636380e-03 
1106.000  5.0119952300e-01  5.8565249440e-03 
1107.000  5.0030255500e-01  5.8821477890e-03 
1108.000  4.9846185300e-01  5.8788895610e-03 
1109.000  4.9977672000e-01  6.0407819750e-03 
1110.000  5.0234050400e-01  6.0193386080e-03 
1111.000  4.9630659500e-01  5.8388471600e-03 
1112.000  4.9189357600e-01  5.3929138180e-03 
1113.000  4.9017114100e-01  4.9036474230e-03 
1114.000  4.9547879600e-01  4.8018612860e-03 
1115.000  4.9048907500e-01  4.3054251670e-03 
1116.000  4.8428376100e-01  4.0222945210e-03 
1117.000  4.9002841200e-01  3.6361153130e-03 
1118.000  4.8489638200e-01  3.2644791600e-03 
1119.000  4.7133851700e-01  3.0324585440e-03 
1120.000  4.7228774400e-01  2.9032723900e-03 
1121.000  4.7529485400e-01  2.8952846530e-03 
1122.000  4.7309083100e-01  2.7785873410e-03 
1123.000  4.7531285200e-01  2.8440580370e-03 
1124.000  4.7622698000e-01  2.8873577120e-03 
1125.000  4.6630420000e-01  2.8069651130e-03 
1126.000  4.5738649200e-01  2.7458009720e-03 
1127.000  4.7287172100e-01  2.8480944630e-03 
1128.000  4.6422660300e-01  2.8143672940e-03 
1129.000  4.6712118800e-01  2.9527213570e-03 
1130.000  4.6803758800e-01  3.3320024010e-03 
1131.000  4.7316675800e-01  3.4958889480e-03 
1132.000  4.7416657700e-01  3.3257012370e-03 
1133.000  4.6192106900e-01  2.9734914300e-03 
1134.000  4.5652453800e-01  2.6171362400e-03 
1135.000  4.6250668500e-01  2.6700503830e-03 
1136.000  4.6442182300e-01  3.0295760630e-03 
1137.000  4.7121815700e-01  3.3690986630e-03 
1138.000  4.5515825200e-01  3.5973930360e-03 
1139.000  4.6537101900e-01  3.8343298440e-03 
1140.000  4.6659860000e-01  3.7700057030e-03 
1141.000  4.5311091500e-01  3.5324871540e-03 
1142.000  4.6537568400e-01  3.5747826100e-03 
1143.000  4.5699935600e-01  3.3562347890e-03 
1144.000  4.5372477700e-01  3.1757564540e-03 
1145.000  4.5634312400e-01  2.9935278890e-03 
1146.000  4.6102123500e-01  3.0670790670e-03 
1147.000  4.6335853400e-01  3.2464811800e-03 
1148.000  4.5895180500e-01  3.3775684830e-03 
1149.000  4.6042446500e-01  3.4626896380e-03 
1150.000  4.5846917900e-01  3.4679949280e-03 
1151.000  4.5712439100e-01  3.5876915450e-03 
1152.000  4.5626984700e-01  3.6482434270e-03 
1153.000  4.5547233700e-01  3.7395911220e-03 
1154.000  4.5895178500e-01  3.7630844120e-03 
1155.000  4.6053062400e-01  3.9827108380e-03 
1156.000  4.5428793500e-01  4.1598911290e-03 
1157.000  4.5854644000e-01  4.7547464370e-03 
1158.000  4.5861786400e-01  5.0712871550e-03 
1159.000  4.5213511100e-01  5.3091888430e-03 
1160.000  4.4639110400e-01  5.3855762480e-03 
1161.000  4.3676345700e-01  5.5980048180e-03 
1162.000  4.5257458200e-01  6.0776700970e-03 
1163.000  4.5445435300e-01  6.4202623370e-03 
1164.000  4.4522290600e-01  6.3541932110e-03 
1165.000  4.5381715600e-01  6.5318665500e-03 
1166.000  4.4204595900e-01  6.4439420700e-03 
1167.000  4.4921509700e-01  6.6010246280e-03 
1168.000  4.5314160600e-01  6.6476912500e-03 
1169.000  4.3747241300e-01  6.4679260250e-03 
1170.000  4.4923684400e-01  6.6864132880e-03 
1171.000  4.5131572100e-01  6.8196401600e-03 
1172.000  4.4990423400e-01  6.7424654960e-03 
1173.000  4.4677015700e-01  6.6435322760e-03 
1174.000  4.4699682700e-01  6.6520109180e-03 
1175.000  4.4176368200e-01  6.7256784440e-03 
1176.000  4.3109845100e-01  6.7038302420e-03 
1177.000  4.4441054700e-01  6.8421320920e-03 
1178.000  4.3690372200e-01  6.5919761660e-03 
1179.000  4.3494399600e-01  6.5638608930e-03 
1180.000  4.4104995000e-01  6.6075267790e-03 
1181.000  4.3879718600e-01  6.4515028000e-03 
1182.000  4.3935196500e-01  6.3338174820e-03 
1183.000  4.1384345100e-01  5.9740085600e-03 
1184.000  4.3249514300e-01  6.3061451910e-03 
1185.000  4.3821771000e-01  6.5550618170e-03 
1186.000  4.3561024600e-01  6.4584169390e-03 
1187.000  4.3576417600e-01  6.2814769740e-03 
1188.000  4.3352882100e-01  6.1901211740e-03 
1189.000  4.0816559600e-01  5.8988666530e-03 
1190.000  4.2823800900e-01  6.4192147250e-03 
1191.000  4.3491474800e-01  6.5624489780e-03 
1192.000  4.3254699200e-01  6.6086702350e-03 
1193.000  4.3271317100e-01  6.5429224970e-03 
1194.000  4.3190055400e-01  6.5067181590e-03 
1195.000  4.2705911200e-01  6.3250069620e-03 
1196.000  4.2678977500e-01  6.3410153390e-03 
1197.000  4.2667641500e-01  6.2892327310e-03 
1198.000  4.1234662300e-01  6.0700445180e-03 
1199.000  3.9702272700e-01  5.7861557010e-03 
1200.000  4.2205135600e-01  6.1892986300e-03 
1201.000  4.2508022000e-01  6.2539277080e-03 
1202.000  4.2589562300e-01  6.2940931320e-03 
1203.000  4.0510988800e-01  5.9657154080e-03 
1204.000  4.1182365500e-01  6.1001787190e-03 
1205.000  4.2137611900e-01  6.4388732910e-03 
1206.000  4.1881271900e-01  6.4927659030e-03 
1207.000  4.2162543100e-01  6.5759139060e-03 
1208.000  4.1548759600e-01  6.4503164290e-03 
1209.000  3.8952930500e-01  6.0005893710e-03 
1210.000  4.1680618200e-01  6.3398528100e-03 
1211.000  4.0288281600e-01  6.1229023930e-03 
1212.000  4.1549734100e-01  6.3496375080e-03 
1213.000  4.1703275600e-01  6.4676456450e-03 
1214.000  4.1524830700e-01  6.4438862800e-03 
1215.000  4.1667468700e-01  6.5124220850e-03 
1216.000  4.1544290500e-01  6.6425385480e-03 
1217.000  4.1457925000e-01  6.7506737710e-03 
1218.000  4.1312894300e-01  6.7789359090e-03 
1219.000  4.0926311200e-01  6.7429728510e-03 
1220.000  4.1201384800e-01  6.7783670430e-03 
1221.000  4.1116086800e-01  6.7651848790e-03 
1222.000  4.0888359800e-01  6.7200226780e-03 
1223.000  4.0688202100e-01  6.7162861820e-03 
1224.000  4.0982287700e-01  6.8615794180e-03 
1225.000  4.0749958900e-01  6.8571047780e-03 
1226.000  4.0882780000e-01  6.9232120510e-03 
1227.000  3.9479939400e-01  6.7458591460e-03 
1228.000  4.0689802500e-01  7.0251164440e-03 
1229.000  4.0622180300e-01  7.0633196830e-03 
1230.000  4.0459336200e-01  7.0930252080e-03 
1231.000  4.0446096100e-01  7.1258263590e-03 
1232.000  3.9986229400e-01  7.0608649250e-03 
1233.000  4.0298158100e-01  7.1274118420e-03 
1234.000  4.0151465800e-01  7.1750445370e-03 
1235.000  3.9864317400e-01  7.1461424830e-03 
1236.000  4.0090164600e-01  7.1963701250e-03 
1237.000  4.0079600700e-01  7.2171897890e-03 
1238.000  4.0051173300e-01  7.2183637620e-03 
1239.000  3.9592867700e-01  7.1375575070e-03 
1240.000  3.9415151900e-01  7.1489048000e-03 
1241.000  3.9775948200e-01  7.2544050220e-03 
1242.000  3.9554095900e-01  7.2512407300e-03 
1243.000  3.9121108300e-01  7.2100963590e-03 
1244.000  3.8786269400e-01  7.1756258010e-03 
1245.000  3.9464214400e-01  7.3213357930e-03 
1246.000  3.9170853100e-01  7.2200164790e-03 
1247.000  3.8992140000e-01  7.1386580470e-03 
1248.000  3.9308902700e-01  7.1477227210e-03 
1249.000  3.9175833100e-01  7.0839843750e-03 
1250.000  3.9036412000e-01  7.0118956570e-03 
1251.000  3.8783288800e-01  6.9318237300e-03 
1252.000  3.8683597300e-01  6.8769741060e-03 
1253.000  3.8381239000e-01  6.7845182420e-03 
1254.000  3.8513882300e-01  6.7413787840e-03 
1255.000  3.8472767800e-01  6.6870899200e-03 
1256.000  3.8413362770e-01  6.6370477680e-03 
1257.000  3.8001920440e-01  6.4770045280e-03 
1258.000  3.8201161060e-01  6.3683891300e-03 
1259.000  3.7811611040e-01  6.1826643940e-03 
1260.000  3.7893266550e-01  6.0694475170e-03 
1261.000  3.7848542150e-01  5.9343719480e-03 
1262.000  3.7038733970e-01  5.6544346810e-03 
1263.000  3.7487966950e-01  5.7114043240e-03 
1264.000  3.6904301810e-01  5.6261010170e-03 
1265.000  3.6971547060e-01  5.6531038280e-03 
1266.000  3.7210333270e-01  5.6703333850e-03 
1267.000  3.6513450930e-01  5.5433273320e-03 
1268.000  3.6153893190e-01  5.4566202160e-03 
1269.000  3.6492329580e-01  5.4933967590e-03 
1270.000  3.6893358280e-01  5.6754136090e-03 
1271.000  3.7098182390e-01  5.7666916850e-03 
1272.000  3.6988480820e-01  5.8096857070e-03 
1273.000  3.6956649330e-01  5.8705792430e-03 
1274.000  3.6735929040e-01  5.9028382300e-03 
1275.000  3.6952110440e-01  5.9610691070e-03 
1276.000  3.7011429230e-01  5.9762148860e-03 
1277.000  3.6983797380e-01  5.9637761120e-03 
1278.000  3.6877763370e-01  5.9346156120e-03 
1279.000  3.6630897400e-01  5.9160785680e-03 
1280.000  3.6414565450e-01  5.9742832180e-03 
1281.000  3.5376005590e-01  5.8926801680e-03 
1282.000  3.1414585050e-01  5.3118371960e-03 
1283.000  3.4476921800e-01  5.8923859600e-03 
1284.000  3.5899620960e-01  6.1788601880e-03 
1285.000  3.6162857570e-01  6.2434992790e-03 
1286.000  3.6151039310e-01  6.2082862850e-03 
1287.000  3.6372151080e-01  6.1898155210e-03 
1288.000  3.6144135470e-01  5.9685053830e-03 
1289.000  3.6359588040e-01  5.9494905470e-03 
1290.000  3.5526492800e-01  5.7945084570e-03 
1291.000  3.6012782320e-01  5.8509244920e-03 
1292.000  3.6163083930e-01  5.8911685940e-03 
1293.000  3.6195412400e-01  5.8532042500e-03 
1294.000  3.5620926870e-01  5.6394705770e-03 
1295.000  3.6004432060e-01  5.5505490300e-03 
1296.000  3.6030926940e-01  5.4460587500e-03 
1297.000  3.5808788250e-01  5.3504319190e-03 
1298.000  3.5488870600e-01  5.3079142570e-03 
1299.000  3.5845188870e-01  5.3646321300e-03 
1300.000  3.5701247400e-01  5.3471989630e-03 
1301.000  3.5644363340e-01  5.3203282360e-03 
1302.000  3.5187137290e-01  5.1646122930e-03 
1303.000  3.4998224250e-01  4.9582443240e-03 
1304.000  3.5020972560e-01  4.8681716920e-03 
1305.000  3.5236713180e-01  4.8449187280e-03 
1306.000  3.5270215660e-01  4.7915220260e-03 
1307.000  3.5166105300e-01  4.7389507290e-03 
1308.000  3.5136186500e-01  4.6511249540e-03 
1309.000  3.5104848180e-01  4.5274753570e-03 
1310.000  3.4959122060e-01  4.5062847140e-03 
1311.000  3.4851988260e-01  4.4991989140e-03 
1312.000  3.4743449630e-01  4.3419995310e-03 
1313.000  3.3460238300e-01  4.0081577300e-03 
1314.000  3.4504717180e-01  3.9850687980e-03 
1315.000  3.3342914930e-01  3.9221320150e-03 
1316.000  3.4118545980e-01  4.1238927840e-03 
1317.000  3.4485616350e-01  4.1686038970e-03 
1318.000  3.3997637000e-01  3.9273562430e-03 
1319.000  3.4463385830e-01  3.7472319600e-03 
1320.000  3.4208986440e-01  3.4836487770e-03 
1321.000  3.4058729830e-01  3.3847973350e-03 
1322.000  3.3990709730e-01  3.5066037180e-03 
1323.000  3.4065927920e-01  3.6650793550e-03 
1324.000  3.4083984440e-01  3.7569024560e-03 
1325.000  3.3975067540e-01  3.6809735300e-03 
1326.000  3.3816201310e-01  3.5059559350e-03 
1327.000  3.3546179010e-01  3.1738216880e-03 
1328.000  3.3634758890e-01  2.9142572880e-03 
1329.000  3.2407200960e-01  2.4203794000e-03 
1330.000  3.2914648550e-01  2.3268427850e-03 
1331.000  3.3061235780e-01  2.2607061860e-03 
1332.000  3.2306648620e-01  2.2306265830e-03 
1333.000  3.3160448940e-01  2.3580501080e-03 
1334.000  3.3201895260e-01  2.4554541110e-03 
1335.000  3.3230437470e-01  2.5284495350e-03 
1336.000  3.2870674920e-01  2.5244808200e-03 
1337.000  3.2977106850e-01  2.5361053940e-03 
1338.000  3.2952746660e-01  2.5869350430e-03 
1339.000  3.2598679190e-01  2.5612089630e-03 
1340.000  3.2364683260e-01  2.5872426030e-03 
1341.000  3.2853174280e-01  2.5650475030e-03 
1342.000  3.2772803310e-01  2.5652201180e-03 
1343.000  3.2769937120e-01  2.3787462710e-03 
1344.000  3.2620174430e-01  2.2167227270e-03 
1345.000  3.2370249240e-01  1.9351848360e-03 
1346.000  3.1853126920e-01  1.7902899980e-03 
1347.000  3.1913716920e-01  1.7404932980e-03 
1348.000  3.1555995440e-01  1.6681766510e-03 
1349.000  3.1341795150e-01  1.6346864700e-03 
1350.000  3.0701998310e-01  1.5582290890e-03 
1351.000  3.0485204640e-01  1.5190750360e-03 
1352.000  3.0540969270e-01  1.4799747470e-03 
1353.000  2.9955719230e-01  1.4016140700e-03 
1354.000  2.9593970870e-01  1.3559250830e-03 
1355.000  2.9029987960e-01  1.2990560530e-03 
1356.000  2.8602588370e-01  1.2462315560e-03 
1357.000  2.7932715740e-01  1.1758375170e-03 
1358.000  2.7972485810e-01  1.1333661080e-03 
1359.000  2.7200848510e-01  1.0275020600e-03 
1360.000  2.6204067230e-01  9.4290971760e-04 
1361.000  2.6423841180e-01  9.2012012000e-04 
1362.000  2.6197482870e-01  9.0355926750e-04 
1363.000  2.6223766830e-01  9.5141953230e-04 
1364.000  2.6750786240e-01  9.8638123270e-04 
1365.000  2.6737124450e-01  9.9449443820e-04 
1366.000  2.6924911130e-01  1.0195810790e-03 
1367.000  2.6429919910e-01  9.7756874560e-04 
1368.000  2.6432321290e-01  9.5602625610e-04 
1369.000  2.5956076860e-01  9.4394868610e-04 
1370.000  2.6507221760e-01  1.0183048250e-03 
1371.000  2.7285195500e-01  1.1230018140e-03 
1372.000  2.8368973850e-01  1.2454316620e-03 
1373.000  2.8779280560e-01  1.3113328220e-03 
1374.000  2.9108039580e-01  1.3517099620e-03 
1375.000  2.8698973960e-01  1.3439865110e-03 
1376.000  2.8270100580e-01  1.3153548240e-03 
1377.000  2.8528016620e-01  1.3089890480e-03 
1378.000  2.8038191490e-01  1.2518976930e-03 
1379.000  2.7852795300e-01  1.1919937130e-03 
1380.000  2.6854006440e-01  1.0786095860e-03 
1381.000  2.6248626540e-01  9.8585093020e-04 
1382.000  2.5434236080e-01  9.1772431140e-04 
1383.000  2.5656760280e-01  9.2141413690e-04 
1384.000  2.6226370200e-01  9.9848663810e-04 
1385.000  2.6434677380e-01  1.0502592330e-03 
1386.000  2.7232513400e-01  1.1339836120e-03 
1387.000  2.7622758240e-01  1.2282767300e-03 
1388.000  2.8201798000e-01  1.2898801570e-03 
1389.000  2.8426299250e-01  1.3156914710e-03 
1390.000  2.7925075650e-01  1.2971159220e-03 
1391.000  2.8198688680e-01  1.2971358300e-03 
1392.000  2.7754612590e-01  1.2397770880e-03 
1393.000  2.7300276950e-01  1.1838630440e-03 
1394.000  2.6695122580e-01  1.1244311330e-03 
1395.000  2.6825207470e-01  1.1448022130e-03 
1396.000  2.7418122890e-01  1.2100433110e-03 
1397.000  2.7724869210e-01  1.2555811410e-03 
1398.000  2.7746013720e-01  1.2601636650e-03 
1399.000  2.7564680610e-01  1.2410289050e-03 
1400.000  2.6764339840e-01  1.1996015310e-03 
1401.000  2.6885560170e-01  1.2082808020e-03 
1402.000  2.7541987370e-01  1.2625958920e-03 
1403.000  2.7472029280e-01  1.2742638590e-03 
1404.000  2.7263788110e-01  1.2556494470e-03 
1405.000  2.7280329940e-01  1.2575203180e-03 
1406.000  2.7241929990e-01  1.2441416980e-03 
1407.000  2.7268967450e-01  1.2444715500e-03 
1408.000  2.7353159260e-01  1.2718478440e-03 
1409.000  2.7644669430e-01  1.3022365570e-03 
1410.000  2.7763807220e-01  1.3370977640e-03 
1411.000  2.7970930120e-01  1.3679115770e-03 
1412.000  2.6877958670e-01  1.3122971060e-03 
1413.000  2.7397004520e-01  1.3443765640e-03 
1414.000  2.7755293640e-01  1.3540035490e-03 
1415.000  2.7739202250e-01  1.3648735280e-03 
1416.000  2.7688310850e-01  1.3730127810e-03 
1417.000  2.7890433190e-01  1.3812879320e-03 
1418.000  2.7901307870e-01  1.3801989560e-03 
1419.000  2.7503940830e-01  1.3583905700e-03 
1420.000  2.7443576430e-01  1.3574688430e-03 
1421.000  2.7899048330e-01  1.3977768420e-03 
1422.000  2.7275660050e-01  1.3736776110e-03 
1423.000  2.7109614700e-01  1.3655169010e-03 
1424.000  2.7134117160e-01  1.3611979480e-03 
1425.000  2.7657700100e-01  1.3748490810e-03 
1426.000  2.6538566050e-01  1.3161668780e-03 
1427.000  2.6952648510e-01  1.3436880110e-03 
1428.000  2.7537649670e-01  1.3779687880e-03 
1429.000  2.6891816210e-01  1.3529012200e-03 
1430.000  2.6307685450e-01  1.3167512420e-03 
1431.000  2.6247390680e-01  1.2864140270e-03 
1432.000  2.6724529520e-01  1.2932015660e-03 
1433.000  2.6738108140e-01  1.2889589070e-03 
1434.000  2.6199224930e-01  1.2528220420e-03 
1435.000  2.6518868170e-01  1.2796382900e-03 
1436.000  2.6522444850e-01  1.2825571300e-03 
1437.000  2.6627217100e-01  1.2868722680e-03 
1438.000  2.6562422480e-01  1.2995368240e-03 
1439.000  2.6876466210e-01  1.3135690690e-03 
1440.000  2.5212803850e-01  1.2365511660e-03 
1441.000  2.6483323960e-01  1.2987812760e-03 
1442.000  2.5866726450e-01  1.2570245270e-03 
1443.000  2.6296257890e-01  1.2734428640e-03 
1444.000  2.6424131640e-01  1.2817273140e-03 
1445.000  2.6344376850e-01  1.2751562600e-03 
1446.000  2.6627174970e-01  1.2993460890e-03 
1447.000  2.6505447820e-01  1.3041607140e-03 
1448.000  2.6708090980e-01  1.3119466300e-03 
1449.000  2.6697467950e-01  1.2962998150e-03 
1450.000  2.6517836150e-01  1.2663162950e-03 
1451.000  2.6346856940e-01  1.2593954800e-03 
1452.000  2.6022462720e-01  1.2675914760e-03 
1453.000  2.6517750410e-01  1.3478797670e-03 
1454.000  2.6620807770e-01  1.4333508010e-03 
1455.000  2.6284103840e-01  1.4748020170e-03 
1456.000  2.6272088720e-01  1.5418211220e-03 
1457.000  2.6523998720e-01  1.5603243110e-03 
1458.000  2.6886684290e-01  1.5921678540e-03 
1459.000  2.6986575790e-01  1.5349354740e-03 
1460.000  2.6527441710e-01  1.4569051270e-03 
1461.000  2.6469480520e-01  1.4221001860e-03 
1462.000  2.6180401760e-01  1.3409266470e-03 
1463.000  2.6005837850e-01  1.3253288270e-03 
1464.000  2.5988727360e-01  1.3020179270e-03 
1465.000  2.6289249190e-01  1.2746654750e-03 
1466.000  2.5663124390e-01  1.2001616950e-03 
1467.000  2.6278231870e-01  1.1991063360e-03 
1468.000  2.5631533670e-01  1.1406530140e-03 
1469.000  2.5914186540e-01  1.1159546380e-03 
1470.000  2.5764713010e-01  1.0935367350e-03 
1471.000  2.5357282740e-01  1.1037545200e-03 
1472.000  2.5510513650e-01  1.1605474950e-03 
1473.000  2.5734979910e-01  1.2681095600e-03 
1474.000  2.5026435050e-01  1.3251818420e-03 
1475.000  2.5558547720e-01  1.3485724930e-03 
1476.000  2.5598971190e-01  1.3448702100e-03 
1477.000  2.5674094440e-01  1.3114832640e-03 
1478.000  2.5302744770e-01  1.2573442460e-03 
1479.000  2.5592621230e-01  1.2260539530e-03 
1480.000  2.5732860640e-01  1.2535102370e-03 
1481.000  2.5349231550e-01  1.2779771090e-03 
1482.000  2.5664828970e-01  1.3503090140e-03 
1483.000  2.5136233130e-01  1.3357247110e-03 
1484.000  2.5368566350e-01  1.3504974840e-03 
1485.000  2.5851491450e-01  1.3645130400e-03 
1486.000  2.5425499600e-01  1.3990776540e-03 
1487.000  2.5454587480e-01  1.5246396060e-03 
1488.000  2.2252407200e-01  1.3446867470e-03 
1489.000  2.5550480150e-01  1.7304332260e-03 
1490.000  2.5609948730e-01  1.9155286550e-03 
1491.000  2.5864514520e-01  2.0669193270e-03 
1492.000  2.5263521860e-01  2.0427904130e-03 
1493.000  2.5831241600e-01  2.1843349930e-03 
1494.000  2.5733137950e-01  2.1846299170e-03 
1495.000  2.5553085820e-01  2.2545757290e-03 
1496.000  2.4797425210e-01  2.3355844020e-03 
1497.000  2.5379829430e-01  2.3813431260e-03 
1498.000  2.5636894380e-01  2.5441079140e-03 
1499.000  2.5205698690e-01  2.6278598310e-03 
1500.000  2.5635548270e-01  2.7647681240e-03 
1501.000  2.5598943950e-01  2.7087898250e-03 
1502.000  2.5401213360e-01  2.6189460750e-03 
1503.000  2.2808822970e-01  2.3006622790e-03 
1504.000  2.3763215410e-01  2.4174513820e-03 
1505.000  2.3689393430e-01  2.5260956290e-03 
1506.000  2.4008785640e-01  2.5885910990e-03 
1507.000  2.5109920260e-01  2.8221669200e-03 
1508.000  2.4717853550e-01  2.8480310440e-03 
1509.000  2.4824631860e-01  2.9385001660e-03 
1510.000  2.5208236090e-01  3.0241887570e-03 
1511.000  2.5322869190e-01  3.1020503040e-03 
1512.000  2.4847512860e-01  3.0891458990e-03 
1513.000  2.4805926010e-01  3.1230723860e-03 
1514.000  2.4466380500e-01  3.1020493510e-03 
1515.000  2.4947163240e-01  3.1819400790e-03 
1516.000  2.4715668410e-01  3.1211850640e-03 
1517.000  2.4569292570e-01  3.0850825310e-03 
1518.000  2.5022128620e-01  3.1521143910e-03 
1519.000  2.4650796400e-01  3.1219074730e-03 
1520.000  2.4802447230e-01  3.2155728340e-03 
1521.000  2.4330036630e-01  3.2498695850e-03 
1522.000  2.4187644120e-01  3.2800335880e-03 
1523.000  2.4776398860e-01  3.4261746410e-03 
1524.000  2.4600531000e-01  3.4334540370e-03 
1525.000  2.4052309300e-01  3.3694241050e-03 
1526.000  2.4729827560e-01  3.4407603740e-03 
1527.000  2.4462544150e-01  3.3992202280e-03 
1528.000  2.4610870480e-01  3.4239673610e-03 
1529.000  2.4532987620e-01  3.3835012910e-03 
1530.000  2.2949876200e-01  3.1625046730e-03 
1531.000  2.4522313710e-01  3.3473546500e-03 
1532.000  2.4365019800e-01  3.2965939040e-03 
1533.000  2.4241932930e-01  3.2388498780e-03 
1534.000  2.3856680450e-01  3.1454322340e-03 
1535.000  2.3918114630e-01  3.1121914390e-03 
1536.000  2.4237959160e-01  3.1891095640e-03 
1537.000  2.4294215750e-01  3.2476623060e-03 
1538.000  2.3609780290e-01  3.2085113530e-03 
1539.000  2.4092551240e-01  3.3249003890e-03 
1540.000  2.3209756000e-01  3.2442152500e-03 
1541.000  2.3685981540e-01  3.3123903270e-03 
1542.000  2.3826814490e-01  3.3224184510e-03 
1543.000  2.3738179630e-01  3.3086018560e-03 
1544.000  2.4006663220e-01  3.3495385650e-03 
1545.000  2.4046804070e-01  3.3674595360e-03 
1546.000  2.4026132130e-01  3.3929655550e-03 
1547.000  2.3760934910e-01  3.3825449940e-03 
1548.000  2.3040441130e-01  3.3044579030e-03 
1549.000  2.3630972050e-01  3.4042961600e-03 
1550.000  2.3499771330e-01  3.3979909420e-03 
1551.000  2.3376752930e-01  3.3661022190e-03 
1552.000  2.3774108270e-01  3.3959529400e-03 
1553.000  2.3639971150e-01  3.3551011090e-03 
1554.000  2.2773807030e-01  3.2052152160e-03 
1555.000  2.3139052600e-01  3.2382979390e-03 
1556.000  2.2688552290e-01  3.1972174640e-03 
1557.000  2.3425057530e-01  3.3562800880e-03 
1558.000  2.3245622250e-01  3.3773949150e-03 
1559.000  2.3256725700e-01  3.4235560890e-03 
1560.000  2.2855121270e-01  3.4141910080e-03 
1561.000  2.3398880280e-01  3.5054583550e-03 
1562.000  2.3406390830e-01  3.4739766120e-03 
1563.000  2.3072465730e-01  3.3995883460e-03 
1564.000  2.2638142830e-01  3.3020541670e-03 
1565.000  2.3029495250e-01  3.3186051850e-03 
1566.000  2.2593108740e-01  3.2579200270e-03 
1567.000  2.2658383980e-01  3.2702798840e-03 
1568.000  2.2277487110e-01  3.2056193350e-03 
1569.000  2.2460341320e-01  3.2182011600e-03 
1570.000  2.1956623040e-01  3.1449439530e-03 
1571.000  2.2544946090e-01  3.2564849850e-03 
1572.000  2.2565223540e-01  3.2694134710e-03 
1573.000  2.2187584630e-01  3.2438888550e-03 
1574.000  2.2209736760e-01  3.2850821020e-03 
1575.000  2.0597787300e-01  3.0750999450e-03 
1576.000  2.2128846310e-01  3.3034889700e-03 
1577.000  1.9972758100e-01  2.9422450070e-03 
1578.000  2.1844396340e-01  3.1751763820e-03 
1579.000  2.1937781030e-01  3.1517553330e-03 
1580.000  2.2328346620e-01  3.1798594000e-03 
1581.000  2.2180282160e-01  3.1206324100e-03 
1582.000  2.1670515150e-01  3.0798015590e-03 
1583.000  2.1879405330e-01  3.1390447620e-03 
1584.000  2.1633164080e-01  3.1335394380e-03 
1585.000  2.2235529310e-01  3.2449429040e-03 
1586.000  2.1956239690e-01  3.2128973010e-03 
1587.000  2.1688680180e-01  3.1991410260e-03 
1588.000  2.1341760430e-01  3.1708755490e-03 
1589.000  1.9520472710e-01  2.9081251620e-03 
1590.000  2.1035731550e-01  3.1432011130e-03 
1591.000  2.0564423500e-01  3.0848708150e-03 
1592.000  2.1655105420e-01  3.2549366950e-03 
1593.000  2.2146871400e-01  3.3309998510e-03 
1594.000  2.1991428440e-01  3.3090200420e-03 
1595.000  2.2137934680e-01  3.3318176270e-03 
1596.000  2.0737375770e-01  3.1357545850e-03 
1597.000  2.1583144730e-01  3.2569191460e-03 
1598.000  2.1990461000e-01  3.3030858040e-03 
1599.000  2.1254304140e-01  3.1722991470e-03 
1600.000  2.1608531250e-01  3.2125699520e-03 
1601.000  2.0698893150e-01  3.0929291250e-03 
1602.000  2.1228209510e-01  3.2084364890e-03 
1603.000  2.1067190310e-01  3.2376546860e-03 
1604.000  2.1325902880e-01  3.3378808500e-03 
1605.000  2.1010604270e-01  3.3296787740e-03 
1606.000  2.0925058330e-01  3.3591725830e-03 
1607.000  2.1013012480e-01  3.3356378080e-03 
1608.000  2.1252434160e-01  3.3367974760e-03 
1609.000  2.1170731660e-01  3.2936677930e-03 
1610.000  1.9849696010e-01  3.0633583070e-03 
1611.000  2.0420329350e-01  3.1424932480e-03 
1612.000  2.0594932540e-01  3.1620113850e-03 
1613.000  2.1034497700e-01  3.2202990060e-03 
1614.000  2.0828061970e-01  3.1554086210e-03 
1615.000  2.1154465070e-01  3.1899890900e-03 
1616.000  1.9820366640e-01  2.9722304340e-03 
1617.000  2.0391630420e-01  3.1032350060e-03 
1618.000  2.1026976700e-01  3.2269918920e-03 
1619.000  2.0952605640e-01  3.2624435420e-03 
1620.000  2.0417538500e-01  3.2244977950e-03 
1621.000  2.0111471590e-01  3.2145707610e-03 
1622.000  2.0617687010e-01  3.3010332580e-03 
1623.000  2.1030502340e-01  3.3815917970e-03 
1624.000  2.1175835010e-01  3.4145498280e-03 
1625.000  2.0644053130e-01  3.3541941640e-03 
1626.000  2.0897192150e-01  3.3852798940e-03 
1627.000  2.0870229420e-01  3.4009439950e-03 
1628.000  2.1037942080e-01  3.4393720630e-03 
1629.000  2.1034896070e-01  3.4482049940e-03 
1630.000  2.0463806380e-01  3.3566343780e-03 
1631.000  2.0783867360e-01  3.4214172360e-03 
1632.000  2.0789114590e-01  3.3641314510e-03 
1633.000  2.0521561880e-01  3.2775409220e-03 
1634.000  2.0041356890e-01  3.1548607350e-03 
1635.000  2.0578695630e-01  3.1989898680e-03 
1636.000  2.0524266370e-01  3.1435139180e-03 
1637.000  1.9610497910e-01  2.9611811640e-03 
1638.000  1.9467190910e-01  2.9060311320e-03 
1639.000  1.9273192720e-01  2.8298673630e-03 
1640.000  1.9388799110e-01  2.8082594870e-03 
1641.000  1.9268812610e-01  2.7649357320e-03 
1642.000  1.9244797140e-01  2.8315482140e-03 
1643.000  1.9739421930e-01  2.9712750910e-03 
1644.000  1.9433952800e-01  2.9893260000e-03 
1645.000  1.9477267890e-01  3.0564033990e-03 
1646.000  1.9711366410e-01  3.1508488660e-03 
1647.000  1.9896444350e-01  3.1759235860e-03 
1648.000  1.9819581830e-01  3.1520760060e-03 
1649.000  1.9366807030e-01  3.0743525030e-03 
1650.000  1.9857565950e-01  3.1488268380e-03 
1651.000  1.9410156870e-01  3.0745351310e-03 
1652.000  1.9797539400e-01  3.1309702400e-03 
1653.000  1.9575236290e-01  3.1026248930e-03 
1654.000  1.9794880580e-01  3.1387963290e-03 
1655.000  1.9398118240e-01  3.0853722100e-03 
1656.000  1.9770694670e-01  3.1506319050e-03 
1657.000  1.9627390850e-01  3.1272225380e-03 
1658.000  1.9733441180e-01  3.1515223980e-03 
1659.000  1.9369952390e-01  3.0936250690e-03 
1660.000  1.9606335910e-01  3.1237115860e-03 
1661.000  1.9683295670e-01  3.1155457500e-03 
1662.000  1.9551037020e-01  3.0290691850e-03 
1663.000  1.9427973350e-01  2.9520595070e-03 
1664.000  1.9345743790e-01  2.8808929920e-03 
1665.000  1.9148183040e-01  2.7925472260e-03 
1666.000  1.9054981440e-01  2.7686421870e-03 
1667.000  1.9207238500e-01  2.8493137360e-03 
1668.000  1.8881810170e-01  2.8415820600e-03 
1669.000  1.8912048360e-01  2.8942928310e-03 
1670.000  1.9319285700e-01  3.0053606030e-03 
1671.000  1.9171759070e-01  3.0346329210e-03 
1672.000  1.8263681760e-01  2.9508798120e-03 
1673.000  1.8801711950e-01  3.0887408260e-03 
1674.000  1.8889104020e-01  3.1578443050e-03 
1675.000  1.8714074720e-01  3.1896011830e-03 
1676.000  1.8415982990e-01  3.1583731170e-03 
1677.000  1.8504491630e-01  3.1699621680e-03 
1678.000  1.8591353590e-01  3.1878843310e-03 
1679.000  1.8344090970e-01  3.1375825410e-03 
1680.000  1.7703210820e-01  3.0294408800e-03 
1681.000  1.7082685340e-01  2.9233410360e-03 
1682.000  1.7575998780e-01  3.0045070650e-03 
1683.000  1.8015322690e-01  3.0724248890e-03 
1684.000  1.8351421880e-01  3.1233513360e-03 
1685.000  1.8423323270e-01  3.1180119510e-03 
1686.000  1.8201042380e-01  3.0655925270e-03 
1687.000  1.8302650770e-01  3.0412375930e-03 
1688.000  1.8336830940e-01  3.0106134410e-03 
1689.000  1.8115835560e-01  2.9550499920e-03 
1690.000  1.8132157950e-01  2.9190001490e-03 
1691.000  1.8369442900e-01  2.9667530060e-03 
1692.000  1.8402872290e-01  2.9903082850e-03 
1693.000  1.8332921210e-01  3.0004842280e-03 
1694.000  1.8305181230e-01  3.0142962930e-03 
1695.000  1.8326100310e-01  3.0240559580e-03 
1696.000  1.8218929490e-01  2.9677071570e-03 
1697.000  1.8114869840e-01  2.9002661710e-03 
1698.000  1.8224187750e-01  2.8708620070e-03 
1699.000  1.8106416440e-01  2.8091349600e-03 
1700.000  1.7874303150e-01  2.7326843740e-03 
