 lambda   Irr_dw            Rad_up 
 550.000  1.5574246500e+00  7.6818237300e-02 
 551.000  1.5471103000e+00  7.6150688170e-02 
 552.000  1.6131294000e+00  7.9340644840e-02 
 553.000  1.5493816800e+00  7.6023796080e-02 
 554.000  1.5994414100e+00  7.8401123050e-02 
 555.000  1.6034139800e+00  7.8382255550e-02 
 556.000  1.5587435700e+00  7.5995201110e-02 
 557.000  1.5121065700e+00  7.3652946470e-02 
 558.000  1.5691580800e+00  7.6227813720e-02 
 559.000  1.4828653700e+00  7.1898246770e-02 
 560.000  1.4891171000e+00  7.2126792910e-02 
 561.000  1.6363837700e+00  7.9038734440e-02 
 562.000  1.5022356600e+00  7.2454055790e-02 
 563.000  1.5715804000e+00  7.5593017580e-02 
 564.000  1.5495233400e+00  7.4271133420e-02 
 565.000  1.5682906100e+00  7.5069061280e-02 
 566.000  1.4460150500e+00  6.9026733400e-02 
 567.000  1.5524097900e+00  7.3775794980e-02 
 568.000  1.5529813100e+00  7.3145736690e-02 
 569.000  1.5315486100e+00  7.0944282530e-02 
 570.000  1.5380749600e+00  7.1236862180e-02 
 571.000  1.4770018300e+00  6.9007499690e-02 
 572.000  1.5679631200e+00  7.2510040280e-02 
 573.000  1.5828240200e+00  7.3308876040e-02 
 574.000  1.5737338700e+00  7.2820175170e-02 
 575.000  1.5358462100e+00  7.0902297970e-02 
 576.000  1.5081837400e+00  6.9521881100e-02 
 577.000  1.5689098900e+00  7.2362579350e-02 
 578.000  1.5203738200e+00  7.0418022160e-02 
 579.000  1.5065237200e+00  6.9835380550e-02 
 580.000  1.5564313000e+00  7.2372291560e-02 
 581.000  1.5252477100e+00  7.1082550050e-02 
 582.000  1.5462243100e+00  7.1976272580e-02 
 583.000  1.5561328400e+00  7.2474464420e-02 
 584.000  1.5504538200e+00  7.2040496830e-02 
 585.000  1.5398131800e+00  7.1401153560e-02 
 586.000  1.4733206400e+00  6.8264472960e-02 
 587.000  1.5340042700e+00  7.0525848390e-02 
 588.000  1.5321313100e+00  6.9051506040e-02 
 589.000  1.3774440700e+00  6.0465114590e-02 
 590.000  1.4394318800e+00  6.3065628050e-02 
 591.000  1.5148366200e+00  6.7345062260e-02 
 592.000  1.4934159300e+00  6.5647750850e-02 
 593.000  1.4926564700e+00  6.6749923710e-02 
 594.000  1.5099596300e+00  6.7178161620e-02 
 595.000  1.4925810000e+00  6.5431907650e-02 
 596.000  1.5128250000e+00  6.7534103390e-02 
 597.000  1.5208796200e+00  6.7426254270e-02 
 598.000  1.4828886400e+00  6.6239120480e-02 
 599.000  1.4803938800e+00  6.6286926270e-02 
 600.000  1.4744748000e+00  6.6498970030e-02 
 601.000  1.4620232400e+00  6.6284904480e-02 
 602.000  1.4445206800e+00  6.5510353090e-02 
 603.000  1.4517572000e+00  6.5955871580e-02 
 604.000  1.4964632300e+00  6.8128067020e-02 
 605.000  1.4920201500e+00  6.7794769290e-02 
 606.000  1.4744953700e+00  6.7024597170e-02 
 607.000  1.4660147700e+00  6.6538688660e-02 
 608.000  1.4605019900e+00  6.6161453250e-02 
 609.000  1.4454133000e+00  6.5435668950e-02 
 610.000  1.4221598900e+00  6.4262023930e-02 
 611.000  1.4451597300e+00  6.5245635990e-02 
 612.000  1.4262883600e+00  6.4347114560e-02 
 613.000  1.4054111200e+00  6.3297645570e-02 
 614.000  1.3541711700e+00  6.0961345670e-02 
 615.000  1.4195631100e+00  6.3761283870e-02 
 616.000  1.3497415500e+00  6.0606586460e-02 
 617.000  1.3574264100e+00  6.0896682740e-02 
 618.000  1.4215719500e+00  6.3603168490e-02 
 619.000  1.4087220600e+00  6.3029811860e-02 
 620.000  1.4297469200e+00  6.3795166020e-02 
 621.000  1.4546333400e+00  6.4842483520e-02 
 622.000  1.3782251600e+00  6.1320907590e-02 
 623.000  1.3894510700e+00  6.1606906890e-02 
 624.000  1.3913848800e+00  6.1703079220e-02 
 625.000  1.3541239100e+00  5.9990875240e-02 
 626.000  1.3620504800e+00  6.0089927670e-02 
 627.000  1.3905350000e+00  6.0757232670e-02 
 628.000  1.3970473600e+00  5.9372531890e-02 
 629.000  1.4179832800e+00  6.0934494020e-02 
 630.000  1.3670810600e+00  5.9114070890e-02 
 631.000  1.4129140700e+00  6.1246025090e-02 
 632.000  1.3182711300e+00  5.6895565030e-02 
 633.000  1.4084829100e+00  6.1208332060e-02 
 634.000  1.3638551800e+00  5.9432029720e-02 
 635.000  1.3883675000e+00  6.0511882780e-02 
 636.000  1.3380896000e+00  5.8400634770e-02 
 637.000  1.3814197800e+00  6.0347042080e-02 
 638.000  1.4001638800e+00  6.1342014310e-02 
 639.000  1.3883077500e+00  6.0677635190e-02 
 640.000  1.3433161300e+00  5.8945812230e-02 
 641.000  1.3625609300e+00  5.9735672000e-02 
 642.000  1.3451941400e+00  5.9003730770e-02 
 643.000  1.3703944900e+00  5.9898990630e-02 
 644.000  1.3545929200e+00  5.9081966400e-02 
 645.000  1.3688222400e+00  5.9513481140e-02 
 646.000  1.3265805300e+00  5.6669040680e-02 
 647.000  1.3518596600e+00  5.7080284120e-02 
 648.000  1.3574291400e+00  5.6792179110e-02 
 649.000  1.3774403000e+00  5.7960952760e-02 
 650.000  1.2640605500e+00  5.4133483890e-02 
 651.000  1.3617402500e+00  5.8273990630e-02 
 652.000  1.3471611700e+00  5.6720657350e-02 
 653.000  1.3608277700e+00  5.8287857060e-02 
 654.000  1.3445793500e+00  5.7315258030e-02 
 655.000  1.3139373900e+00  5.5584880830e-02 
 656.000  1.1141952700e+00  4.7187225340e-02 
 657.000  1.1869361700e+00  5.0424377440e-02 
 658.000  1.3177009400e+00  5.6386688230e-02 
 659.000  1.3183498200e+00  5.6559337620e-02 
 660.000  1.3276378700e+00  5.7038665770e-02 
 661.000  1.3302384200e+00  5.7458900450e-02 
 662.000  1.3479250100e+00  5.8333099370e-02 
 663.000  1.3333416100e+00  5.7578556060e-02 
 664.000  1.3116457200e+00  5.6647747040e-02 
 665.000  1.3169876000e+00  5.6860076900e-02 
 666.000  1.3322682500e+00  5.7631847380e-02 
 667.000  1.3054190400e+00  5.6384105680e-02 
 668.000  1.3122821300e+00  5.6786022190e-02 
 669.000  1.3309096800e+00  5.7625667570e-02 
 670.000  1.3148627400e+00  5.6791175840e-02 
 671.000  1.3007593000e+00  5.6179798130e-02 
 672.000  1.2964503700e+00  5.5944358830e-02 
 673.000  1.3056719600e+00  5.6276592250e-02 
 674.000  1.3081358500e+00  5.6359958650e-02 
 675.000  1.2880824600e+00  5.5413627620e-02 
 676.000  1.3123345500e+00  5.6435077670e-02 
 677.000  1.2861621200e+00  5.5294891360e-02 
 678.000  1.3073697100e+00  5.6138889310e-02 
 679.000  1.2889378100e+00  5.5244842530e-02 
 680.000  1.2794864600e+00  5.4779483800e-02 
 681.000  1.2814669600e+00  5.4761047360e-02 
 682.000  1.2790146900e+00  5.4533340450e-02 
 683.000  1.2877055400e+00  5.4781635280e-02 
 684.000  1.2654789000e+00  5.3772178650e-02 
 685.000  1.2791595100e+00  5.4310737610e-02 
 686.000  1.2259115100e+00  5.1629913330e-02 
 687.000  1.2268156700e+00  4.7214065550e-02 
 688.000  1.2277376700e+00  4.8368083950e-02 
 689.000  1.2312745100e+00  4.8228080750e-02 
 690.000  1.2372321100e+00  4.9057037350e-02 
 691.000  1.2422175800e+00  5.0053962710e-02 
 692.000  1.2347525900e+00  5.0165828700e-02 
 693.000  1.2429308000e+00  4.9637718200e-02 
 694.000  1.2565914000e+00  4.9495166780e-02 
 695.000  1.2335826400e+00  4.8995079040e-02 
 696.000  1.2473943500e+00  4.9799762730e-02 
 697.000  1.2463364600e+00  5.1395370480e-02 
 698.000  1.2240274600e+00  5.0030124660e-02 
 699.000  1.2498848600e+00  4.9711643220e-02 
 700.000  1.2349276500e+00  4.9278381350e-02 
 701.000  1.2079890500e+00  4.7856948850e-02 
 702.000  1.2017734800e+00  4.7795112610e-02 
 703.000  1.2163716400e+00  4.9403583530e-02 
 704.000  1.2198833900e+00  4.9599018100e-02 
 705.000  1.2303818000e+00  4.9519989010e-02 
 706.000  1.2172355800e+00  4.9064201350e-02 
 707.000  1.1986032900e+00  4.8468299870e-02 
 708.000  1.2330541500e+00  5.0037830350e-02 
 709.000  1.1885764400e+00  4.8572284700e-02 
 710.000  1.2168334500e+00  4.9231578830e-02 
 711.000  1.2038263800e+00  4.9087196350e-02 
 712.000  1.1863880200e+00  4.8762191770e-02 
 713.000  1.1819818800e+00  4.8233142850e-02 
 714.000  1.2023008100e+00  4.8872547150e-02 
 715.000  1.1611596800e+00  4.6682621000e-02 
 716.000  1.1922964800e+00  4.7408554080e-02 
 717.000  1.1626080700e+00  4.3756481170e-02 
 718.000  1.1564485500e+00  4.2074993130e-02 
 719.000  1.1431333300e+00  4.1003746030e-02 
 720.000  1.1514672700e+00  4.0636699680e-02 
 721.000  1.1497999700e+00  4.3787166600e-02 
 722.000  1.1658196500e+00  4.5505439760e-02 
 723.000  1.1635255900e+00  4.4655521390e-02 
 724.000  1.1705783700e+00  4.2976192470e-02 
 725.000  1.1577978400e+00  4.2753849030e-02 
 726.000  1.1556735800e+00  4.2571350100e-02 
 727.000  1.1727701500e+00  4.3392536160e-02 
 728.000  1.1526188400e+00  4.2382530210e-02 
 729.000  1.1068075900e+00  4.1328083040e-02 
 730.000  1.1476946900e+00  4.2716014860e-02 
 731.000  1.1287744500e+00  4.1926506040e-02 
 732.000  1.1498825800e+00  4.3850479130e-02 
 733.000  1.1320328300e+00  4.4421569820e-02 
 734.000  1.1552460800e+00  4.5925399780e-02 
 735.000  1.1460286900e+00  4.5276092530e-02 
 736.000  1.1249894000e+00  4.4043704990e-02 
 737.000  1.1395858500e+00  4.4859737400e-02 
 738.000  1.1361237600e+00  4.5144985200e-02 
 739.000  1.0992317500e+00  4.3889278410e-02 
 740.000  1.1092075800e+00  4.4719429020e-02 
 741.000  1.1001402400e+00  4.4697704320e-02 
 742.000  1.0819349000e+00  4.4087959290e-02 
 743.000  1.1134131600e+00  4.5677062990e-02 
 744.000  1.1238469000e+00  4.6252178190e-02 
 745.000  1.0944938300e+00  4.5178768160e-02 
 746.000  1.1096314400e+00  4.5847789760e-02 
 747.000  1.1262512900e+00  4.6505477910e-02 
 748.000  1.1060086600e+00  4.5678882600e-02 
 749.000  1.1062001500e+00  4.5704803470e-02 
 750.000  1.0900435600e+00  4.4945095060e-02 
 751.000  1.0872329800e+00  4.4810798650e-02 
 752.000  1.1036984400e+00  4.5539211270e-02 
 753.000  1.0932503300e+00  4.5108390810e-02 
 754.000  1.1103622000e+00  4.5806930540e-02 
 755.000  1.1039885700e+00  4.5526252750e-02 
 756.000  1.0823718100e+00  4.4618991850e-02 
 757.000  1.0903701500e+00  4.4929985050e-02 
 758.000  1.0892263300e+00  4.4786537170e-02 
 759.000  1.0479581400e+00  4.0830558780e-02 
 760.000  8.2433804500e-01  2.2374399190e-02 
 761.000  7.9438298300e-01  2.0623771670e-02 
 762.000  9.2671419600e-01  3.0239225390e-02 
 763.000  9.1181977300e-01  2.7842903140e-02 
 764.000  9.3522260800e-01  2.9485164640e-02 
 765.000  9.8156497000e-01  3.3403453830e-02 
 766.000  9.7328341000e-01  3.6018695830e-02 
 767.000  1.0031950900e+00  3.8517196660e-02 
 768.000  1.0521607800e+00  4.1495903020e-02 
 769.000  1.0536399500e+00  4.2404342650e-02 
 770.000  1.0509604300e+00  4.2746032710e-02 
 771.000  1.0524384200e+00  4.3051258090e-02 
 772.000  1.0485315600e+00  4.2935775760e-02 
 773.000  1.0442068400e+00  4.2764152530e-02 
 774.000  1.0552238300e+00  4.3224830630e-02 
 775.000  1.0154753400e+00  4.1593284610e-02 
 776.000  1.0572219000e+00  4.3331535340e-02 
 777.000  1.0498984400e+00  4.2997612000e-02 
 778.000  1.0443460700e+00  4.2712802890e-02 
 779.000  1.0478225100e+00  4.2786251070e-02 
 780.000  1.0349357000e+00  4.2260864260e-02 
 781.000  1.0330711100e+00  4.2175842290e-02 
 782.000  1.0456123100e+00  4.2602958680e-02 
 783.000  1.0212550100e+00  4.1677944180e-02 
 784.000  1.0271667300e+00  4.1857906340e-02 
 785.000  1.0305426600e+00  4.1774822240e-02 
 786.000  1.0136692100e+00  4.0922435760e-02 
 787.000  1.0305661900e+00  4.1110412600e-02 
 788.000  1.0160842900e+00  4.0348239900e-02 
 789.000  1.0252273500e+00  4.0052261350e-02 
 790.000  1.0151699900e+00  3.9560436250e-02 
 791.000  1.0094293200e+00  3.9450996400e-02 
 792.000  9.9296264000e-01  3.8848022460e-02 
 793.000  9.9077723000e-01  3.8987640380e-02 
 794.000  9.7812563300e-01  3.9064495090e-02 
 795.000  9.7442131900e-01  3.8446163180e-02 
 796.000  9.9514626100e-01  3.8514705660e-02 
 797.000  1.0002841300e+00  3.8946426390e-02 
 798.000  9.9825744300e-01  3.9365966800e-02 
 799.000  9.9806760100e-01  3.9174411770e-02 
 800.000  9.7389808200e-01  3.7822990420e-02 
 801.000  9.9192340700e-01  3.8552883150e-02 
 802.000  9.9015609600e-01  3.8396072390e-02 
 803.000  9.7583277100e-01  3.7898479460e-02 
 804.000  9.8382638500e-01  3.8419998170e-02 
 805.000  9.5535198600e-01  3.7663814540e-02 
 806.000  9.8029175900e-01  3.8814414980e-02 
 807.000  9.7422614000e-01  3.8603546140e-02 
 808.000  9.6907468500e-01  3.8219360350e-02 
 809.000  9.5327600600e-01  3.7413871770e-02 
 810.000  9.4962855200e-01  3.7067276000e-02 
 811.000  9.6605252600e-01  3.7376716610e-02 
 812.000  9.6429199900e-01  3.6945507050e-02 
 813.000  9.6176220700e-01  3.6337188720e-02 
 814.000  9.6239556400e-01  3.5874328610e-02 
 815.000  9.5417167700e-01  3.4973590850e-02 
 816.000  9.4808604600e-01  3.4037960050e-02 
 817.000  9.5367717400e-01  3.4251998900e-02 
 818.000  9.4766854200e-01  3.4014339450e-02 
 819.000  9.2150792800e-01  3.3350730900e-02 
 820.000  9.0185631600e-01  3.3389514920e-02 
 821.000  9.2966864800e-01  3.5336330410e-02 
 822.000  9.0504226700e-01  3.3605091090e-02 
 823.000  9.2127359100e-01  3.2450275420e-02 
 824.000  9.3185929800e-01  3.4328292850e-02 
 825.000  9.2793792100e-01  3.5425704960e-02 
 826.000  9.3424437700e-01  3.5401893620e-02 
 827.000  9.3158825100e-01  3.5119831090e-02 
 828.000  9.3146389500e-01  3.4360145570e-02 
 829.000  9.3038781500e-01  3.4542701720e-02 
 830.000  9.1490782700e-01  3.4260025020e-02 
 831.000  8.9867473300e-01  3.3705783840e-02 
 832.000  9.1697724500e-01  3.4393470760e-02 
 833.000  8.8800629100e-01  3.3556697850e-02 
 834.000  9.0049437000e-01  3.4244998930e-02 
 835.000  9.0043401000e-01  3.4565906520e-02 
 836.000  9.1157115300e-01  3.4969524380e-02 
 837.000  9.0412844500e-01  3.4629257200e-02 
 838.000  9.0635351200e-01  3.4955081940e-02 
 839.000  8.7740835000e-01  3.3942127230e-02 
 840.000  9.0064183200e-01  3.4833637240e-02 
 841.000  9.0395638300e-01  3.4790054320e-02 
 842.000  8.9746960200e-01  3.4645458220e-02 
 843.000  8.8923139000e-01  3.4754398350e-02 
 844.000  8.7353221800e-01  3.4313072200e-02 
 845.000  8.8631159700e-01  3.4890586850e-02 
 846.000  8.9366739000e-01  3.5318542480e-02 
 847.000  8.6226470900e-01  3.4226589200e-02 
 848.000  8.8877346400e-01  3.5073017120e-02 
 849.000  8.9028900200e-01  3.5226238250e-02 
 850.000  7.7024136200e-01  3.0333894730e-02 
 851.000  8.8312854200e-01  3.4637554170e-02 
 852.000  8.4959480900e-01  3.3380294800e-02 
 853.000  8.5829519700e-01  3.3788379670e-02 
 854.000  6.9010144100e-01  2.7189565660e-02 
 855.000  7.5914159400e-01  3.0013257980e-02 
 856.000  8.6007865400e-01  3.4067981720e-02 
 857.000  8.7319557100e-01  3.4734855650e-02 
 858.000  8.5889862300e-01  3.4170562740e-02 
 859.000  8.5802520200e-01  3.4202621460e-02 
 860.000  8.4997674200e-01  3.3966564180e-02 
 861.000  8.4982450100e-01  3.3944427490e-02 
 862.000  8.4681316700e-01  3.3776981350e-02 
 863.000  8.6299394400e-01  3.4509433750e-02 
 864.000  8.6111717700e-01  3.4312206270e-02 
 865.000  8.4495999700e-01  3.3785301210e-02 
 866.000  7.0873617000e-01  2.8376907350e-02 
 867.000  7.5477397200e-01  3.0039800640e-02 
 868.000  8.1859016100e-01  3.2655490880e-02 
 869.000  8.0708222900e-01  3.2188125610e-02 
 870.000  8.4042915500e-01  3.3616172790e-02 
 871.000  8.3922496500e-01  3.3503700260e-02 
 872.000  8.3576028200e-01  3.3168094640e-02 
 873.000  8.3924532800e-01  3.3405769350e-02 
 874.000  8.2092918200e-01  3.2598861690e-02 
 875.000  8.1341576900e-01  3.2419853210e-02 
 876.000  8.2038178100e-01  3.2615074160e-02 
 877.000  8.3685128300e-01  3.3132076260e-02 
 878.000  8.2307817000e-01  3.2627784730e-02 
 879.000  8.2503575000e-01  3.2746887210e-02 
 880.000  8.2078044700e-01  3.2397624970e-02 
 881.000  7.7839361400e-01  3.0748762130e-02 
 882.000  8.2167048200e-01  3.2275714870e-02 
 883.000  8.0267849500e-01  3.1689178470e-02 
 884.000  8.0941193600e-01  3.2134471890e-02 
 885.000  8.1876216500e-01  3.2070739750e-02 
 886.000  7.9325488800e-01  3.1070104600e-02 
 887.000  7.8417007400e-01  3.0709438320e-02 
 888.000  8.0773922100e-01  3.1465293880e-02 
 889.000  8.1286095900e-01  3.1910501480e-02 
 890.000  8.1102845800e-01  3.1741586690e-02 
 891.000  8.0798974900e-01  3.1388668060e-02 
 892.000  8.0734064500e-01  3.1100627900e-02 
 893.000  7.8174135500e-01  2.9257158280e-02 
 894.000  8.1017038300e-01  3.0036369320e-02 
 895.000  7.7516833800e-01  2.8042493820e-02 
 896.000  8.0594357000e-01  2.8303018570e-02 
 897.000  7.8737837500e-01  2.7098012920e-02 
 898.000  7.8873197900e-01  2.6755039220e-02 
 899.000  7.8802008600e-01  2.5819110870e-02 
 900.000  7.6834037000e-01  2.5195146560e-02 
 901.000  7.5187989400e-01  2.4468503950e-02 
 902.000  7.3803988200e-01  2.4056909560e-02 
 903.000  7.7414903700e-01  2.6573249820e-02 
 904.000  7.8852422900e-01  2.7912111280e-02 
 905.000  7.8643001400e-01  2.8040308000e-02 
 906.000  7.6560387100e-01  2.6761402130e-02 
 907.000  7.7857263500e-01  2.6195695880e-02 
 908.000  7.5952732900e-01  2.4883720400e-02 
 909.000  7.4462464000e-01  2.4399982450e-02 
 910.000  7.5343325700e-01  2.4768625260e-02 
 911.000  7.5143480900e-01  2.5239227290e-02 
 912.000  7.5305968400e-01  2.4897209170e-02 
 913.000  7.7068615300e-01  2.4691047670e-02 
 914.000  7.6572600600e-01  2.4886310580e-02 
 915.000  7.5308605300e-01  2.4959058760e-02 
 916.000  7.6144367100e-01  2.5262357710e-02 
 917.000  7.4952448800e-01  2.5024568560e-02 
 918.000  7.4571890100e-01  2.5129388810e-02 
 919.000  7.5555213100e-01  2.6581481930e-02 
 920.000  7.4834510500e-01  2.6716600420e-02 
 921.000  7.3195826900e-01  2.5978418350e-02 
 922.000  7.2542340900e-01  2.5817859650e-02 
 923.000  6.9500230300e-01  2.4268630980e-02 
 924.000  7.2440412900e-01  2.5148796080e-02 
 925.000  7.3402096600e-01  2.5380176540e-02 
 926.000  7.0781521600e-01  2.4324789050e-02 
 927.000  7.3418109200e-01  2.4965450290e-02 
 928.000  7.3869890200e-01  2.4266229630e-02 
 929.000  7.2837971800e-01  2.2860589980e-02 
 930.000  7.2654594100e-01  2.1665018080e-02 
 931.000  7.2624360200e-01  2.0747055050e-02 
 932.000  7.1912555700e-01  1.9543230060e-02 
 933.000  7.2108080500e-01  1.8977622990e-02 
 934.000  7.1476264000e-01  1.8256549840e-02 
 935.000  7.0417031200e-01  1.7930816650e-02 
 936.000  6.9910299000e-01  1.8000329970e-02 
 937.000  7.1470569300e-01  1.8349842070e-02 
 938.000  7.0721038400e-01  1.8787031170e-02 
 939.000  7.1349150900e-01  2.0965307240e-02 
 940.000  7.0984872800e-01  2.1251777650e-02 
 941.000  6.9371014600e-01  2.0450685500e-02 
 942.000  6.6716003600e-01  1.8993207930e-02 
 943.000  7.0294415700e-01  1.8999292370e-02 
 944.000  6.8362193600e-01  1.8404975890e-02 
 945.000  6.9017246500e-01  1.8906843190e-02 
 946.000  6.9953055200e-01  1.9184789660e-02 
 947.000  6.9530280700e-01  1.9393310550e-02 
 948.000  6.9950521500e-01  1.9707859040e-02 
 949.000  7.0172055000e-01  1.9750732420e-02 
 950.000  6.9709463000e-01  1.9671749110e-02 
 951.000  6.9295923900e-01  2.0020372390e-02 
 952.000  6.9288079700e-01  1.9532638550e-02 
 953.000  6.9096999600e-01  1.9829582210e-02 
 954.000  6.8429664300e-01  2.0045816420e-02 
 955.000  6.3916783500e-01  1.8432489400e-02 
 956.000  6.8184217500e-01  1.9613529210e-02 
 957.000  6.8149234000e-01  2.0720140460e-02 
 958.000  6.8674547900e-01  2.1065353390e-02 
 959.000  6.8939770700e-01  2.0941970830e-02 
 960.000  6.8288354000e-01  2.0691093440e-02 
 961.000  6.7555753500e-01  2.0367006300e-02 
 962.000  6.7891917200e-01  2.0561227800e-02 
 963.000  6.7751702200e-01  2.1262088780e-02 
 964.000  6.6976548700e-01  2.1134176250e-02 
 965.000  6.7795133400e-01  2.1313920970e-02 
 966.000  6.5837922800e-01  2.0743463520e-02 
 967.000  6.7795997000e-01  2.1981981280e-02 
 968.000  6.7048888400e-01  2.2773502350e-02 
 969.000  6.7458309000e-01  2.3365360260e-02 
 970.000  6.7641912300e-01  2.3449352260e-02 
 971.000  6.7042705700e-01  2.3221298220e-02 
 972.000  6.7517447400e-01  2.3241607670e-02 
 973.000  6.6893591000e-01  2.2718671800e-02 
 974.000  6.5867921900e-01  2.2007213590e-02 
 975.000  6.6197203700e-01  2.1871261600e-02 
 976.000  6.6998417200e-01  2.2413978580e-02 
 977.000  6.5299798200e-01  2.2284648900e-02 
 978.000  6.6914865400e-01  2.2795986180e-02 
 979.000  6.4970359100e-01  2.2247608180e-02 
 980.000  6.5887266300e-01  2.3035701750e-02 
 981.000  6.6335575700e-01  2.3308921810e-02 
 982.000  6.6192669000e-01  2.3144359590e-02 
 983.000  6.6013229800e-01  2.3353044510e-02 
 984.000  6.5571027600e-01  2.3503456120e-02 
 985.000  6.5539807000e-01  2.3682090760e-02 
 986.000  6.5004982200e-01  2.3758714680e-02 
 987.000  6.5743966700e-01  2.4154071810e-02 
 988.000  6.4933303100e-01  2.3880004880e-02 
 989.000  6.4108752500e-01  2.3587884900e-02 
 990.000  6.4655101100e-01  2.3813123700e-02 
 991.000  6.5179742500e-01  2.4097103120e-02 
 992.000  6.4576068200e-01  2.3877120970e-02 
 993.000  6.4571601000e-01  2.3855997090e-02 
 994.000  6.4895019600e-01  2.4045755390e-02 
 995.000  6.4413513100e-01  2.3929475780e-02 
 996.000  6.4401822200e-01  2.3889642720e-02 
 997.000  6.4473636900e-01  2.3822473530e-02 
 998.000  6.4237405200e-01  2.3653326030e-02 
 999.000  6.4080311100e-01  2.3540319440e-02 
1000.000  6.3568716100e-01  2.3337158200e-02 
1001.000  6.3930960400e-01  2.3343883510e-02 
1002.000  6.3869535600e-01  2.3132543560e-02 
1003.000  6.3116551900e-01  2.2893745420e-02 
1004.000  6.2573493500e-01  2.2790700910e-02 
1005.000  5.8460065800e-01  2.1330074310e-02 
1006.000  6.1506389700e-01  2.2452024460e-02 
1007.000  6.2633227400e-01  2.2820760730e-02 
1008.000  6.2922196300e-01  2.2776084900e-02 
1009.000  6.2571535400e-01  2.2467319490e-02 
1010.000  6.2791086000e-01  2.2616470340e-02 
1011.000  6.2419203500e-01  2.2671586990e-02 
1012.000  6.2423204600e-01  2.2747095110e-02 
1013.000  6.1961167600e-01  2.2638320920e-02 
1014.000  6.2351782100e-01  2.2837400440e-02 
1015.000  6.1199689600e-01  2.2453102110e-02 
1016.000  6.1585976700e-01  2.2657756810e-02 
1017.000  6.0972813100e-01  2.2467308040e-02 
1018.000  6.1779334800e-01  2.2773008350e-02 
1019.000  6.0391768500e-01  2.2216800690e-02 
1020.000  6.0256766900e-01  2.2157659530e-02 
1021.000  6.0839131100e-01  2.2355747220e-02 
1022.000  5.9955647500e-01  2.1871223450e-02 
1023.000  6.1132429400e-01  2.2158004760e-02 
1024.000  6.0837995700e-01  2.1940982820e-02 
1025.000  6.0766001100e-01  2.1973083500e-02 
1026.000  6.0812406000e-01  2.2030012130e-02 
1027.000  6.0456176900e-01  2.1916847230e-02 
1028.000  6.0589224300e-01  2.2028015140e-02 
1029.000  5.9643302700e-01  2.1775766370e-02 
1030.000  6.0218280600e-01  2.2092496870e-02 
1031.000  6.0015517000e-01  2.2094907760e-02 
1032.000  5.9793648000e-01  2.2064689640e-02 
1033.000  5.8690644100e-01  2.1637508390e-02 
1034.000  5.9304837200e-01  2.1842807770e-02 
1035.000  5.8665576900e-01  2.1604259490e-02 
1036.000  5.9435209000e-01  2.1853523250e-02 
1037.000  5.8182491700e-01  2.1369720460e-02 
1038.000  5.8754736400e-01  2.1556280140e-02 
1039.000  5.9005677100e-01  2.1614410400e-02 
1040.000  5.8316210900e-01  2.1330217360e-02 
1041.000  5.8629556600e-01  2.1416641240e-02 
1042.000  5.8806356100e-01  2.1456306460e-02 
1043.000  5.7792746800e-01  2.1064224240e-02 
1044.000  5.8374617200e-01  2.1249286650e-02 
1045.000  5.8141139100e-01  2.1193277360e-02 
1046.000  5.6461296000e-01  2.0620773320e-02 
1047.000  5.7512923700e-01  2.1043783190e-02 
1048.000  5.8101974200e-01  2.1299953460e-02 
1049.000  5.7745245600e-01  2.1211513520e-02 
1050.000  5.7418786100e-01  2.1128036500e-02 
1051.000  5.7451658600e-01  2.1104011540e-02 
1052.000  5.7201342600e-01  2.0971956250e-02 
1053.000  5.7229422800e-01  2.0951393130e-02 
1054.000  5.6669602900e-01  2.0701528550e-02 
1055.000  5.7114354200e-01  2.0814857480e-02 
1056.000  5.6986124500e-01  2.0725049970e-02 
1057.000  5.6943954300e-01  2.0660005570e-02 
1058.000  5.6448041700e-01  2.0405433650e-02 
1059.000  5.4667288600e-01  1.9783611300e-02 
1060.000  5.6587344900e-01  2.0542850490e-02 
1061.000  5.4616507400e-01  1.9831827160e-02 
1062.000  5.6193401000e-01  2.0364028930e-02 
1063.000  5.5266626500e-01  1.9999065400e-02 
1064.000  5.6009388600e-01  2.0178195950e-02 
1065.000  5.6000492700e-01  2.0074462890e-02 
1066.000  5.4279740400e-01  1.9419656750e-02 
1067.000  5.5598195600e-01  1.9835271840e-02 
1068.000  5.5464044400e-01  1.9649778370e-02 
1069.000  5.1327134800e-01  1.8125484470e-02 
1070.000  5.4359177300e-01  1.9238014220e-02 
1071.000  5.4500093700e-01  1.9268047330e-02 
1072.000  5.4736345700e-01  1.9332904820e-02 
1073.000  5.2945201200e-01  1.8724124910e-02 
1074.000  5.4793152800e-01  1.9421182630e-02 
1075.000  5.3018138400e-01  1.8897480010e-02 
1076.000  5.4231886100e-01  1.9295267110e-02 
1077.000  5.4173352200e-01  1.9224658970e-02 
1078.000  5.4385963300e-01  1.9242385860e-02 
1079.000  5.2302367500e-01  1.8510385510e-02 
1080.000  5.4043090400e-01  1.8960899350e-02 
1081.000  5.2064721000e-01  1.8250867840e-02 
1082.000  5.2648390900e-01  1.8486141200e-02 
1083.000  5.1320280300e-01  1.7888853070e-02 
1084.000  5.3382948400e-01  1.8471158980e-02 
1085.000  5.2922068800e-01  1.8068569180e-02 
1086.000  5.3556970000e-01  1.8288013460e-02 
1087.000  5.0027852500e-01  1.7268964770e-02 
1088.000  5.3049769600e-01  1.8367036820e-02 
1089.000  5.1327537900e-01  1.7543659210e-02 
1090.000  5.2500984400e-01  1.7936529160e-02 
1091.000  5.2781454900e-01  1.8126188280e-02 
1092.000  5.1705225700e-01  1.7675813670e-02 
1093.000  5.1392055700e-01  1.7339008330e-02 
1094.000  4.6890191300e-01  1.5689920430e-02 
1095.000  5.0731657400e-01  1.6956390380e-02 
1096.000  5.0805073400e-01  1.6964479450e-02 
1097.000  4.9884514200e-01  1.6564186100e-02 
1098.000  4.9789364500e-01  1.5922473910e-02 
1099.000  5.0238309200e-01  1.5519070630e-02 
1100.000  5.1079645100e-01  1.5813535690e-02 
1101.000  5.0921469000e-01  1.5832840920e-02 
1102.000  4.8829341800e-01  1.5142701150e-02 
1103.000  5.0733380900e-01  1.5773580550e-02 
1104.000  5.0408852500e-01  1.5580551150e-02 
1105.000  5.0444831800e-01  1.5375606540e-02 
1106.000  5.0133816800e-01  1.5082304000e-02 
1107.000  5.0043914300e-01  1.5091670990e-02 
1108.000  4.9859944100e-01  1.5055362700e-02 
1109.000  4.9991538600e-01  1.5242732050e-02 
1110.000  5.0248063700e-01  1.5270753860e-02 
1111.000  4.9644367900e-01  1.4980874060e-02 
1112.000  4.9202922100e-01  1.4455121040e-02 
1113.000  4.9030338600e-01  1.3931350710e-02 
1114.000  4.9561228300e-01  1.3933683400e-02 
1115.000  4.9061976100e-01  1.3328255650e-02 
1116.000  4.8441114100e-01  1.2912608150e-02 
1117.000  4.9015502400e-01  1.2564339640e-02 
1118.000  4.8501940100e-01  1.2025101660e-02 
1119.000  4.7145218300e-01  1.1506741520e-02 
1120.000  4.7240275400e-01  1.1324480060e-02 
1121.000  4.7540746400e-01  1.1353385930e-02 
1122.000  4.7320111600e-01  1.1098689080e-02 
1123.000  4.7542467400e-01  1.1265997890e-02 
1124.000  4.7634181500e-01  1.1364516260e-02 
1125.000  4.6641662100e-01  1.1089070320e-02 
1126.000  4.5749443900e-01  1.0861129760e-02 
1127.000  4.7298227100e-01  1.1243681910e-02 
1128.000  4.6433530200e-01  1.1067565920e-02 
1129.000  4.6723447700e-01  1.1339494710e-02 
1130.000  4.6815413600e-01  1.1893470760e-02 
1131.000  4.7328608800e-01  1.2188333510e-02 
1132.000  4.7428476200e-01  1.1985388760e-02 
1133.000  4.6203094900e-01  1.1294365880e-02 
1134.000  4.5662773200e-01  1.0553517340e-02 
1135.000  4.6261020000e-01  1.0735099790e-02 
1136.000  4.6453288400e-01  1.1403924940e-02 
1137.000  4.7133480200e-01  1.1968784330e-02 
1138.000  4.5527212100e-01  1.1973994260e-02 
1139.000  4.6548994600e-01  1.2403027530e-02 
1140.000  4.6671626200e-01  1.2347641940e-02 
1141.000  4.5322346700e-01  1.1829299930e-02 
1142.000  4.6549011100e-01  1.2086392400e-02 
1143.000  4.5710920000e-01  1.1683201790e-02 
1144.000  4.5383253400e-01  1.1401921270e-02 
1145.000  4.5645061800e-01  1.1201341630e-02 
1146.000  4.6112698300e-01  1.1373695370e-02 
1147.000  4.6346724100e-01  1.1645455360e-02 
1148.000  4.5905988800e-01  1.1734353070e-02 
1149.000  4.6053418000e-01  1.1856043820e-02 
1150.000  4.5857947200e-01  1.1819831850e-02 
1151.000  4.5723345600e-01  1.1926214220e-02 
1152.000  4.5637965400e-01  1.1975042340e-02 
1153.000  4.5558322900e-01  1.2059273720e-02 
1154.000  4.5906094000e-01  1.2134782790e-02 
1155.000  4.6064154700e-01  1.2394280430e-02 
1156.000  4.5439823100e-01  1.2473087310e-02 
1157.000  4.5865914100e-01  1.3165778160e-02 
1158.000  4.5873192200e-01  1.3477505680e-02 
1159.000  4.5224542100e-01  1.3587087630e-02 
1160.000  4.4650020300e-01  1.3552467350e-02 
1161.000  4.3687095800e-01  1.3583536150e-02 
1162.000  4.5268645500e-01  1.4348417280e-02 
1163.000  4.5456556700e-01  1.4726333620e-02 
1164.000  4.4533320900e-01  1.4491664890e-02 
1165.000  4.5392830100e-01  1.4824118610e-02 
1166.000  4.4215309900e-01  1.4520449640e-02 
1167.000  4.4932501500e-01  1.4807390210e-02 
1168.000  4.5325225900e-01  1.4924210550e-02 
1169.000  4.3757896100e-01  1.4457509990e-02 
1170.000  4.4934621000e-01  1.4890048980e-02 
1171.000  4.5142569600e-01  1.5059196470e-02 
1172.000  4.5001188100e-01  1.4951760290e-02 
1173.000  4.4687757200e-01  1.4790982250e-02 
1174.000  4.4710377900e-01  1.4800203320e-02 
1175.000  4.4186974200e-01  1.4777235030e-02 
1176.000  4.3120278400e-01  1.4558024410e-02 
1177.000  4.4451598700e-01  1.4935230260e-02 
1178.000  4.3700681400e-01  1.4543546680e-02 
1179.000  4.3504799300e-01  1.4476426120e-02 
1180.000  4.4115465000e-01  1.4626877780e-02 
1181.000  4.3890034600e-01  1.4425974850e-02 
1182.000  4.3945565100e-01  1.4314799310e-02 
1183.000  4.1394014100e-01  1.3491956710e-02 
1184.000  4.3259663100e-01  1.4164462090e-02 
1185.000  4.3832075600e-01  1.4520740510e-02 
1186.000  4.3571082100e-01  1.4375921250e-02 
1187.000  4.3586643000e-01  1.4198164940e-02 
1188.000  4.3362871900e-01  1.4068039890e-02 
1189.000  4.0826072900e-01  1.3323499680e-02 
1190.000  4.2833673000e-01  1.4220019340e-02 
1191.000  4.3501642800e-01  1.4489427570e-02 
1192.000  4.3264784300e-01  1.4496652600e-02 
1193.000  4.3281470500e-01  1.4437853810e-02 
1194.000  4.3199965000e-01  1.4384257320e-02 
1195.000  4.2715703900e-01  1.4108632090e-02 
1196.000  4.2688732200e-01  1.4115150450e-02 
1197.000  4.2677461400e-01  1.4055768970e-02 
1198.000  4.1244028800e-01  1.3571058270e-02 
1199.000  3.9711326900e-01  1.3002770420e-02 
1200.000  4.2214658500e-01  1.3857528690e-02 
1201.000  4.2517458000e-01  1.3973956110e-02 
1202.000  4.2599023600e-01  1.4020536420e-02 
1203.000  4.0519942500e-01  1.3307625770e-02 
1204.000  4.1191390200e-01  1.3558659550e-02 
1205.000  4.2146890900e-01  1.4070976260e-02 
1206.000  4.1890474500e-01  1.4078195570e-02 
1207.000  4.2171800200e-01  1.4211427690e-02 
1208.000  4.1557882000e-01  1.3974350930e-02 
1209.000  3.8961417600e-01  1.3054058070e-02 
1210.000  4.1689774400e-01  1.3888206480e-02 
1211.000  4.0297112400e-01  1.3415166850e-02 
1212.000  4.1558772800e-01  1.3864248280e-02 
1213.000  4.1712403600e-01  1.4004176140e-02 
1214.000  4.1533871900e-01  1.3941559790e-02 
1215.000  4.1676533900e-01  1.4028695110e-02 
1216.000  4.1553271200e-01  1.4125474930e-02 
1217.000  4.1466854400e-01  1.4210206030e-02 
1218.000  4.1321748400e-01  1.4206728940e-02 
1219.000  4.0935011000e-01  1.4096524240e-02 
1220.000  4.1210145400e-01  1.4180205350e-02 
1221.000  4.1124825400e-01  1.4151863100e-02 
1222.000  4.0897023900e-01  1.4066177370e-02 
1223.000  4.0696811800e-01  1.4020721440e-02 
1224.000  4.0990964100e-01  1.4213095660e-02 
1225.000  4.0758536000e-01  1.4161231990e-02 
1226.000  4.0891412000e-01  1.4244976040e-02 
1227.000  3.9488242000e-01  1.3810705180e-02 
1228.000  4.0698310500e-01  1.4301136020e-02 
1229.000  4.0630774200e-01  1.4324147220e-02 
1230.000  4.0467800200e-01  1.4321969990e-02 
1231.000  4.0454485600e-01  1.4350283620e-02 
1232.000  3.9994485600e-01  1.4200711250e-02 
1233.000  4.0306525400e-01  1.4320302010e-02 
1234.000  4.0159828600e-01  1.4342408180e-02 
1235.000  3.9872428200e-01  1.4262566570e-02 
1236.000  4.0098410000e-01  1.4350029950e-02 
1237.000  4.0087815900e-01  1.4370998380e-02 
1238.000  4.0059355200e-01  1.4367401120e-02 
1239.000  3.9600934400e-01  1.4204575540e-02 
1240.000  3.9423166600e-01  1.4175109860e-02 
1241.000  3.9783995800e-01  1.4332873340e-02 
1242.000  3.9562072400e-01  1.4278022770e-02 
1243.000  3.9128966500e-01  1.4147908210e-02 
1244.000  3.8794031700e-01  1.4041140560e-02 
1245.000  3.9472089200e-01  1.4297122000e-02 
1246.000  3.9178651900e-01  1.4145664220e-02 
1247.000  3.8999879000e-01  1.4034855840e-02 
1248.000  3.9316673200e-01  1.4100129130e-02 
1249.000  3.9183560100e-01  1.4015089040e-02 
1250.000  3.9044083900e-01  1.3919570920e-02 
1251.000  3.8790884500e-01  1.3794919970e-02 
1252.000  3.8691149200e-01  1.3720593450e-02 
1253.000  3.8388702400e-01  1.3572751050e-02 
1254.000  3.8521341500e-01  1.3548396110e-02 
1255.000  3.8480177900e-01  1.3483790400e-02 
1256.000  3.8420726000e-01  1.3420161250e-02 
1257.000  3.8009181300e-01  1.3194170950e-02 
1258.000  3.8208374600e-01  1.3120964050e-02 
1259.000  3.7818667000e-01  1.2868704800e-02 
1260.000  3.7900222300e-01  1.2772329330e-02 
1261.000  3.7855478300e-01  1.2629931450e-02 
1262.000  3.7045323300e-01  1.2197821620e-02 
1263.000  3.7494598300e-01  1.2320045470e-02 
1264.000  3.6910809620e-01  1.2119510650e-02 
1265.000  3.6978042710e-01  1.2149398800e-02 
1266.000  3.7216813900e-01  1.2196257590e-02 
1267.000  3.6519789290e-01  1.1933537480e-02 
1268.000  3.6160070890e-01  1.1770609860e-02 
1269.000  3.6498530790e-01  1.1859665870e-02 
1270.000  3.6899777600e-01  1.2131792070e-02 
1271.000  3.7104725030e-01  1.2268539430e-02 
1272.000  3.6994982840e-01  1.2298219680e-02 
1273.000  3.6963184310e-01  1.2356278420e-02 
1274.000  3.6742465580e-01  1.2356184010e-02 
1275.000  3.6958739270e-01  1.2458354000e-02 
1276.000  3.7018125590e-01  1.2489750860e-02 
1277.000  3.6990453860e-01  1.2478853230e-02 
1278.000  3.6884453190e-01  1.2438847540e-02 
1279.000  3.6637568970e-01  1.2377491000e-02 
1280.000  3.6421178620e-01  1.2390813830e-02 
1281.000  3.5382422290e-01  1.2119876860e-02 
1282.000  3.1420310960e-01  1.0835263250e-02 
1283.000  3.4483254220e-01  1.1948707580e-02 
1284.000  3.5906143120e-01  1.2477770810e-02 
1285.000  3.6169569040e-01  1.2588319780e-02 
1286.000  3.6157637700e-01  1.2552547450e-02 
1287.000  3.6378725190e-01  1.2574429510e-02 
1288.000  3.6150667090e-01  1.2320354460e-02 
1289.000  3.6366188060e-01  1.2342194560e-02 
1290.000  3.5532911170e-01  1.2043497090e-02 
1291.000  3.6019336560e-01  1.2196596150e-02 
1292.000  3.6169620240e-01  1.2273581500e-02 
1293.000  3.6201934350e-01  1.2253737450e-02 
1294.000  3.5627354730e-01  1.1952706340e-02 
1295.000  3.6010894890e-01  1.1946929930e-02 
1296.000  3.6037376420e-01  1.1853936200e-02 
1297.000  3.5815194300e-01  1.1720439910e-02 
1298.000  3.5495131220e-01  1.1621171000e-02 
1299.000  3.5851508760e-01  1.1741374020e-02 
1300.000  3.5707586330e-01  1.1697992320e-02 
1301.000  3.5650799710e-01  1.1657660480e-02 
1302.000  3.5193277570e-01  1.1426014900e-02 
1303.000  3.5004186490e-01  1.1191191670e-02 
1304.000  3.5027149880e-01  1.1109119420e-02 
1305.000  3.5242687920e-01  1.1127983090e-02 
1306.000  3.5276422200e-01  1.1084808350e-02 
1307.000  3.5172190700e-01  1.1012086870e-02 
1308.000  3.5142163800e-01  1.0913014410e-02 
1309.000  3.5110910330e-01  1.0778701780e-02 
1310.000  3.4965012890e-01  1.0726477620e-02 
1311.000  3.4857994070e-01  1.0697571750e-02 
1312.000  3.4749411160e-01  1.0518248560e-02 
1313.000  3.3465960900e-01  9.9621620180e-03 
1314.000  3.4510574440e-01  1.0121037480e-02 
1315.000  3.3348560340e-01  9.8484487530e-03 
1316.000  3.4124342520e-01  1.0184887890e-02 
1317.000  3.4491441110e-01  1.0293053630e-02 
1318.000  3.4003378410e-01  9.9692039490e-03 
1319.000  3.4469126550e-01  9.8757915500e-03 
1320.000  3.4214661590e-01  9.5687847140e-03 
1321.000  3.4064333540e-01  9.4414386750e-03 
1322.000  3.3996318110e-01  9.5518121720e-03 
1323.000  3.4071576370e-01  9.7227516170e-03 
1324.000  3.4089816010e-01  9.8145437240e-03 
1325.000  3.3980765930e-01  9.7205867770e-03 
1326.000  3.3821722310e-01  9.5175876620e-03 
1327.000  3.3551678970e-01  9.1360836030e-03 
1328.000  3.3639988530e-01  8.8793439870e-03 
1329.000  3.2412331520e-01  8.1288318630e-03 
1330.000  3.2919378570e-01  8.1084165570e-03 
1331.000  3.3066102370e-01  8.0544080730e-03 
1332.000  3.2311490390e-01  7.8993115430e-03 
1333.000  3.3165524900e-01  8.1873321530e-03 
1334.000  3.3207096910e-01  8.3097257610e-03 
1335.000  3.3235526180e-01  8.3990449910e-03 
1336.000  3.2875779450e-01  8.3371047970e-03 
1337.000  3.2982202690e-01  8.3756570820e-03 
1338.000  3.2957895950e-01  8.4282865520e-03 
1339.000  3.2603753130e-01  8.3546857830e-03 
1340.000  3.2369727830e-01  8.3440675740e-03 
1341.000  3.2858362000e-01  8.4268903730e-03 
1342.000  3.2777892220e-01  8.4127378460e-03 
1343.000  3.2775007210e-01  8.2343654630e-03 
1344.000  3.2625152690e-01  8.0279340740e-03 
1345.000  3.2374802100e-01  7.6062750820e-03 
1346.000  3.1857577060e-01  7.2989759450e-03 
1347.000  3.1917982670e-01  7.1763544080e-03 
1348.000  3.1560173210e-01  6.9500603680e-03 
1349.000  3.1345854830e-01  6.8247714040e-03 
1350.000  3.0705799060e-01  6.5315628050e-03 
1351.000  3.0488934300e-01  6.3772301670e-03 
1352.000  3.0544549680e-01  6.2260851860e-03 
1353.000  2.9959180800e-01  5.9047470090e-03 
1354.000  2.9597160930e-01  5.7145352360e-03 
1355.000  2.9032850650e-01  5.4745497700e-03 
1356.000  2.8605474750e-01  5.2483963970e-03 
1357.000  2.7935279230e-01  4.9437713620e-03 
1358.000  2.7974933000e-01  4.7534165380e-03 
1359.000  2.7202969520e-01  4.2900033000e-03 
1360.000  2.6205873300e-01  3.9269580840e-03 
1361.000  2.6425549790e-01  3.8260929580e-03 
1362.000  2.6199161130e-01  3.7556645870e-03 
1363.000  2.6225549350e-01  3.9634439950e-03 
1364.000  2.6752739920e-01  4.1126012800e-03 
1365.000  2.6739095430e-01  4.1484045980e-03 
1366.000  2.6926856310e-01  4.2576704030e-03 
1367.000  2.6431809890e-01  4.0760850910e-03 
1368.000  2.6434119440e-01  3.9812698360e-03 
1369.000  2.5957885700e-01  3.9318885800e-03 
1370.000  2.6509185920e-01  4.2551445960e-03 
1371.000  2.7287435150e-01  4.7157082560e-03 
1372.000  2.8371692280e-01  5.2496037480e-03 
1373.000  2.8782093090e-01  5.5313930510e-03 
1374.000  2.9110954730e-01  5.7009930610e-03 
1375.000  2.8702109250e-01  5.6677436830e-03 
1376.000  2.8273054920e-01  5.5474543570e-03 
1377.000  2.8530849610e-01  5.5215134620e-03 
1378.000  2.8040944890e-01  5.2798542980e-03 
1379.000  2.7855357390e-01  5.0186100010e-03 
1380.000  2.6856177120e-01  4.5215950010e-03 
1381.000  2.6250597780e-01  4.1140222550e-03 
1382.000  2.5435966450e-01  3.8212647440e-03 
1383.000  2.5658436760e-01  3.8356986050e-03 
1384.000  2.6228268600e-01  4.1701865200e-03 
1385.000  2.6436792260e-01  4.3994698520e-03 
1386.000  2.7234814390e-01  4.7662172320e-03 
1387.000  2.7625455740e-01  5.1787385940e-03 
1388.000  2.8204493350e-01  5.4393076900e-03 
1389.000  2.8429059150e-01  5.5472745900e-03 
1390.000  2.7928007000e-01  5.4685559270e-03 
1391.000  2.8201427770e-01  5.4692096710e-03 
1392.000  2.7757234590e-01  5.2271790500e-03 
1393.000  2.7302675090e-01  4.9870486260e-03 
1394.000  2.6697496010e-01  4.7294540410e-03 
1395.000  2.6827531150e-01  4.8187999730e-03 
1396.000  2.7420620680e-01  5.1007103920e-03 
1397.000  2.7727482440e-01  5.2946181300e-03 
1398.000  2.7748624450e-01  5.3138957020e-03 
1399.000  2.7567323970e-01  5.2331228260e-03 
1400.000  2.6766915280e-01  5.0583248140e-03 
1401.000  2.6888052930e-01  5.0932202340e-03 
1402.000  2.7544554380e-01  5.3203678130e-03 
1403.000  2.7474680830e-01  5.3664941790e-03 
1404.000  2.7266288820e-01  5.2870998380e-03 
1405.000  2.7283102550e-01  5.2929201130e-03 
1406.000  2.7244502190e-01  5.2355699540e-03 
1407.000  2.7271571860e-01  5.2350592610e-03 
1408.000  2.7355847430e-01  5.3461918830e-03 
1409.000  2.7647463780e-01  5.4688067440e-03 
1410.000  2.7766618410e-01  5.6070566180e-03 
1411.000  2.7973930770e-01  5.7256879810e-03 
1412.000  2.6880725460e-01  5.4898147580e-03 
1413.000  2.7399790280e-01  5.6158161160e-03 
1414.000  2.7758208990e-01  5.6550083160e-03 
1415.000  2.7742066340e-01  5.6887979510e-03 
1416.000  2.7691243410e-01  5.7128987310e-03 
1417.000  2.7893326030e-01  5.7397522930e-03 
1418.000  2.7904280910e-01  5.7314558030e-03 
1419.000  2.7506795350e-01  5.6343445780e-03 
1420.000  2.7446449140e-01  5.6238312720e-03 
1421.000  2.7902000670e-01  5.7611808780e-03 
1422.000  2.7278604550e-01  5.6437635420e-03 
1423.000  2.7112425660e-01  5.5949172970e-03 
1424.000  2.7136964770e-01  5.5733199120e-03 
1425.000  2.7660600760e-01  5.6305432320e-03 
1426.000  2.6541295540e-01  5.3836178780e-03 
1427.000  2.6955469400e-01  5.4737305640e-03 
1428.000  2.7540458810e-01  5.5929746630e-03 
1429.000  2.6894576350e-01  5.4633264540e-03 
1430.000  2.6310335880e-01  5.3114151950e-03 
1431.000  2.6249957060e-01  5.2132620810e-03 
1432.000  2.6727100860e-01  5.2501807210e-03 
1433.000  2.6740668310e-01  5.2282233240e-03 
1434.000  2.6201706260e-01  5.0853519440e-03 
1435.000  2.6521396390e-01  5.1674251560e-03 
1436.000  2.6524968750e-01  5.1630649570e-03 
1437.000  2.6629732510e-01  5.1687335970e-03 
1438.000  2.6564945770e-01  5.1797499660e-03 
1439.000  2.6879011840e-01  5.2253856660e-03 
1440.000  2.5215189280e-01  4.9001150130e-03 
1441.000  2.6485833880e-01  5.1320204730e-03 
1442.000  2.5869158570e-01  4.9747147560e-03 
1443.000  2.6298704330e-01  5.0314559940e-03 
1444.000  2.6426574480e-01  5.0449442860e-03 
1445.000  2.6346810590e-01  5.0086269380e-03 
1446.000  2.6629638170e-01  5.0659770970e-03 
1447.000  2.6507908220e-01  5.0450611110e-03 
1448.000  2.6710542970e-01  5.0613880160e-03 
1449.000  2.6699878730e-01  5.0165891650e-03 
1450.000  2.6520233200e-01  4.9247055050e-03 
1451.000  2.6349191370e-01  4.8742132190e-03 
1452.000  2.6024830270e-01  4.8284010890e-03 
1453.000  2.6520188890e-01  4.9779205320e-03 
1454.000  2.6623207090e-01  5.0671420100e-03 
1455.000  2.6286487170e-01  5.0444359780e-03 
1456.000  2.6274504980e-01  5.0849914550e-03 
1457.000  2.6526395990e-01  5.1099314690e-03 
1458.000  2.6889079080e-01  5.1593465810e-03 
1459.000  2.6988960080e-01  5.0841574670e-03 
1460.000  2.6529746040e-01  4.9146065710e-03 
1461.000  2.6471805350e-01  4.8424577710e-03 
1462.000  2.6182712050e-01  4.6918029790e-03 
1463.000  2.6007969670e-01  4.6273632050e-03 
1464.000  2.5990770220e-01  4.5745611190e-03 
1465.000  2.6291435630e-01  4.5532875060e-03 
1466.000  2.5665162500e-01  4.3650622370e-03 
1467.000  2.6280348200e-01  4.4075670240e-03 
1468.000  2.5633519630e-01  4.2351017000e-03 
1469.000  2.5916111360e-01  4.2016019820e-03 
1470.000  2.5766629940e-01  4.1297254560e-03 
1471.000  2.5359225860e-01  4.0900597570e-03 
1472.000  2.5512469800e-01  4.1635160450e-03 
1473.000  2.5736977650e-01  4.2907810210e-03 
1474.000  2.5028365820e-01  4.2465939520e-03 
1475.000  2.5560534220e-01  4.3065238000e-03 
1476.000  2.5600928790e-01  4.2846226690e-03 
1477.000  2.5676038280e-01  4.2349057200e-03 
1478.000  2.5304624340e-01  4.1133298870e-03 
1479.000  2.5594499320e-01  4.0913929940e-03 
1480.000  2.5734710080e-01  4.1093993190e-03 
1481.000  2.5351070550e-01  4.0793786050e-03 
1482.000  2.5666742880e-01  4.1689724920e-03 
1483.000  2.5138043170e-01  4.0836520200e-03 
1484.000  2.5370427520e-01  4.1077446940e-03 
1485.000  2.5853288990e-01  4.1626873020e-03 
1486.000  2.5427328010e-01  4.1303162570e-03 
1487.000  2.5456393060e-01  4.2347497940e-03 
1488.000  2.2254012900e-01  3.6992192270e-03 
1489.000  2.5552304760e-01  4.3961672780e-03 
1490.000  2.5611820670e-01  4.5466737750e-03 
1491.000  2.5866351450e-01  4.6974000930e-03 
1492.000  2.5265285990e-01  4.6068334580e-03 
1493.000  2.5833094950e-01  4.7849426270e-03 
1494.000  2.5734897850e-01  4.7731900220e-03 
1495.000  2.5554842900e-01  4.8087410930e-03 
1496.000  2.4799141430e-01  4.7869629860e-03 
1497.000  2.5381598740e-01  4.8935732840e-03 
1498.000  2.5638627360e-01  5.0564341550e-03 
1499.000  2.5207416500e-01  5.0765709880e-03 
1500.000  2.5637258320e-01  5.2397570610e-03 
1501.000  2.5600674660e-01  5.1989045140e-03 
1502.000  2.5402980060e-01  5.1107616420e-03 
1503.000  2.2810330510e-01  4.5554909710e-03 
1504.000  2.3764848660e-01  4.7709593770e-03 
1505.000  2.3691022740e-01  4.8564543720e-03 
1506.000  2.4010391640e-01  4.9488482480e-03 
1507.000  2.5111658030e-01  5.2747025490e-03 
1508.000  2.4719511480e-01  5.2540197370e-03 
1509.000  2.4826309910e-01  5.3448386190e-03 
1510.000  2.5209970590e-01  5.4645681380e-03 
1511.000  2.5324629280e-01  5.5451726910e-03 
1512.000  2.4849214290e-01  5.4814291000e-03 
1513.000  2.4807587510e-01  5.5075345040e-03 
1514.000  2.4467997140e-01  5.4532356260e-03 
1515.000  2.4948832960e-01  5.5827975270e-03 
1516.000  2.4717325420e-01  5.5156731610e-03 
1517.000  2.4570951020e-01  5.4789314270e-03 
1518.000  2.5023807770e-01  5.5985603330e-03 
1519.000  2.4652450570e-01  5.5391650200e-03 
1520.000  2.4804099930e-01  5.6407189370e-03 
1521.000  2.4331634080e-01  5.6129751210e-03 
1522.000  2.4189230190e-01  5.6222543720e-03 
1523.000  2.4777987870e-01  5.8151063920e-03 
1524.000  2.4602126830e-01  5.8013877870e-03 
1525.000  2.4053869310e-01  5.6863002780e-03 
1526.000  2.4731413990e-01  5.8367834090e-03 
1527.000  2.4464147700e-01  5.7797236440e-03 
1528.000  2.4612490100e-01  5.8275370600e-03 
1529.000  2.4534620270e-01  5.7949676510e-03 
1530.000  2.2951377020e-01  5.4278025630e-03 
1531.000  2.4523915950e-01  5.7875356670e-03 
1532.000  2.4366603380e-01  5.7404160500e-03 
1533.000  2.4243505850e-01  5.6919927600e-03 
1534.000  2.3858233130e-01  5.5817914010e-03 
1535.000  2.3919666580e-01  5.5774641040e-03 
1536.000  2.4239523760e-01  5.6866860390e-03 
1537.000  2.4295801290e-01  5.7485351560e-03 
1538.000  2.3611306180e-01  5.6359043120e-03 
1539.000  2.4094098330e-01  5.7990946770e-03 
1540.000  2.3211257150e-01  5.6262297630e-03 
1541.000  2.3687494540e-01  5.7528572080e-03 
1542.000  2.3828365180e-01  5.7891144750e-03 
1543.000  2.3739712380e-01  5.7772979740e-03 
1544.000  2.4008242140e-01  5.8570284840e-03 
1545.000  2.4048388170e-01  5.8890137670e-03 
1546.000  2.4027719950e-01  5.9174642560e-03 
1547.000  2.3762509910e-01  5.8822498320e-03 
1548.000  2.3041966380e-01  5.7327709200e-03 
1549.000  2.3632541270e-01  5.9000530240e-03 
1550.000  2.3501330020e-01  5.8855166440e-03 
1551.000  2.3378313030e-01  5.8531222340e-03 
1552.000  2.3775690020e-01  5.9416685100e-03 
1553.000  2.3641554210e-01  5.9022374150e-03 
1554.000  2.2775331700e-01  5.6748385430e-03 
1555.000  2.3140609530e-01  5.7628188130e-03 
1556.000  2.2690074020e-01  5.6765723230e-03 
1557.000  2.3426617240e-01  5.9114003180e-03 
1558.000  2.3247173500e-01  5.9090256690e-03 
1559.000  2.3258279310e-01  5.9526963230e-03 
1560.000  2.2856641740e-01  5.8956465720e-03 
1561.000  2.3400443450e-01  6.0527477260e-03 
1562.000  2.3407961390e-01  6.0391135220e-03 
1563.000  2.3073970260e-01  5.9450287820e-03 
1564.000  2.2639653660e-01  5.8154673580e-03 
1565.000  2.3031024810e-01  5.8912744520e-03 
1566.000  2.2594626050e-01  5.7915253640e-03 
1567.000  2.2659878410e-01  5.8127307890e-03 
1568.000  2.2278930290e-01  5.7071456910e-03 
1569.000  2.2461775450e-01  5.7421965600e-03 
1570.000  2.1958011740e-01  5.6141920090e-03 
1571.000  2.2546381450e-01  5.7945432660e-03 
1572.000  2.2566644580e-01  5.8142657280e-03 
1573.000  2.2188988040e-01  5.7505927090e-03 
1574.000  2.2211150930e-01  5.7987155910e-03 
1575.000  2.0599103440e-01  5.4106698040e-03 
1576.000  2.2130261920e-01  5.8223662380e-03 
1577.000  1.9974044380e-01  5.2354683880e-03 
1578.000  2.1845817070e-01  5.7051262860e-03 
1579.000  2.1939208440e-01  5.7144670490e-03 
1580.000  2.2329812480e-01  5.8106713290e-03 
1581.000  2.2181745830e-01  5.7516298290e-03 
1582.000  2.1671961810e-01  5.6570901870e-03 
1583.000  2.1880874120e-01  5.7481312750e-03 
1584.000  2.1634639720e-01  5.7197065350e-03 
1585.000  2.2237037430e-01  5.9099459650e-03 
1586.000  2.1957744680e-01  5.8504853250e-03 
1587.000  2.1690183430e-01  5.8100252150e-03 
1588.000  2.1343218030e-01  5.7450604440e-03 
1589.000  1.9521820660e-01  5.2670497890e-03 
1590.000  2.1037153260e-01  5.6919188500e-03 
1591.000  2.0565802160e-01  5.5816063880e-03 
1592.000  2.1656608360e-01  5.8895940780e-03 
1593.000  2.2148405990e-01  6.0312986370e-03 
1594.000  2.1992939450e-01  5.9956722260e-03 
1595.000  2.2139430020e-01  6.0408968930e-03 
1596.000  2.0738783940e-01  5.6780953410e-03 
1597.000  2.1584617810e-01  5.9067759510e-03 
1598.000  2.1991927910e-01  6.0063114170e-03 
1599.000  2.1255714060e-01  5.7882523540e-03 
1600.000  2.1609943620e-01  5.8758859630e-03 
1601.000  2.0700242320e-01  5.6455249790e-03 
1602.000  2.1229588650e-01  5.8206934930e-03 
1603.000  2.1068555370e-01  5.8248739240e-03 
1604.000  2.1327288280e-01  5.9519367220e-03 
1605.000  2.1011963760e-01  5.9005432130e-03 
1606.000  2.0926413300e-01  5.9161510470e-03 
1607.000  2.1014380460e-01  5.9164352420e-03 
1608.000  2.1253811940e-01  5.9602823260e-03 
1609.000  2.1172108750e-01  5.9196729660e-03 
1610.000  1.9850989340e-01  5.5376787190e-03 
1611.000  2.0421673680e-01  5.6987090110e-03 
1612.000  2.0596300850e-01  5.7521052360e-03 
1613.000  2.1035903930e-01  5.8780083660e-03 
1614.000  2.0829452460e-01  5.7987837790e-03 
1615.000  2.1155891930e-01  5.8872919080e-03 
1616.000  1.9821710520e-01  5.5106558800e-03 
1617.000  2.0393016790e-01  5.7124934200e-03 
1618.000  2.1028421120e-01  5.9151387210e-03 
1619.000  2.0953999570e-01  5.9386067390e-03 
1620.000  2.0418933110e-01  5.8298420910e-03 
1621.000  2.0112844540e-01  5.7771544460e-03 
1622.000  2.0619088830e-01  5.9294891360e-03 
1623.000  2.1031934550e-01  6.0645003320e-03 
1624.000  2.1177285570e-01  6.1174650190e-03 
1625.000  2.0645451460e-01  5.9900455470e-03 
1626.000  2.0898609130e-01  6.0551323890e-03 
1627.000  2.0871648920e-01  6.0659108160e-03 
1628.000  2.1039361480e-01  6.1246356960e-03 
1629.000  2.1036315300e-01  6.1320352550e-03 
1630.000  2.0465194140e-01  5.9669923780e-03 
1631.000  2.0785273960e-01  6.0718889240e-03 
1632.000  2.0790521630e-01  6.0273942950e-03 
1633.000  2.0522956730e-01  5.9177484510e-03 
1634.000  2.0042728190e-01  5.7452883720e-03 
1635.000  2.0580089650e-01  5.8701868060e-03 
1636.000  2.0525619130e-01  5.8182268140e-03 
1637.000  1.9611789380e-01  5.5258712770e-03 
1638.000  1.9468486530e-01  5.4615516660e-03 
1639.000  1.9274492870e-01  5.3691487310e-03 
1640.000  1.9390117640e-01  5.3716959950e-03 
1641.000  1.9270120950e-01  5.3207201960e-03 
1642.000  1.9246085640e-01  5.3719224930e-03 
1643.000  1.9740733470e-01  5.5649333000e-03 
1644.000  1.9435247250e-01  5.5314688680e-03 
1645.000  1.9478555600e-01  5.5931358340e-03 
1646.000  1.9712658530e-01  5.7088694570e-03 
1647.000  1.9897746410e-01  5.7629299160e-03 
1648.000  1.9820904570e-01  5.7346081730e-03 
1649.000  1.9368086370e-01  5.6029534340e-03 
1650.000  1.9858879890e-01  5.7463502880e-03 
1651.000  1.9411419550e-01  5.6175184250e-03 
1652.000  1.9798846940e-01  5.7286095620e-03 
1653.000  1.9576519050e-01  5.6740188600e-03 
1654.000  1.9796168330e-01  5.7416877750e-03 
1655.000  1.9399399660e-01  5.6387152670e-03 
1656.000  1.9772055030e-01  5.7559437750e-03 
1657.000  1.9628705830e-01  5.7167282100e-03 
1658.000  1.9734731400e-01  5.7579464910e-03 
1659.000  1.9371239540e-01  5.6552672390e-03 
1660.000  1.9607630410e-01  5.7201066020e-03 
1661.000  1.9684519600e-01  5.7298045160e-03 
1662.000  1.9552307540e-01  5.6420779230e-03 
1663.000  1.9429250600e-01  5.5640211110e-03 
1664.000  1.9346965330e-01  5.4971780780e-03 
1665.000  1.9149478620e-01  5.3983049390e-03 
1666.000  1.9056241100e-01  5.3682589530e-03 
1667.000  1.9208516190e-01  5.4634356500e-03 
1668.000  1.8883075550e-01  5.4052076340e-03 
1669.000  1.8913300550e-01  5.4564051630e-03 
1670.000  1.9320521490e-01  5.6186857220e-03 
1671.000  1.9172986950e-01  5.6178922650e-03 
1672.000  1.8264860230e-01  5.4012718200e-03 
1673.000  1.8802990830e-01  5.6011128430e-03 
1674.000  1.8890330110e-01  5.6715536120e-03 
1675.000  1.8715249530e-01  5.6694650650e-03 
1676.000  1.8417178340e-01  5.5967473980e-03 
1677.000  1.8505725740e-01  5.6244053840e-03 
1678.000  1.8592535050e-01  5.6576876640e-03 
1679.000  1.8345322170e-01  5.5793385510e-03 
1680.000  1.7704407990e-01  5.3897538190e-03 
1681.000  1.7083790900e-01  5.2044434550e-03 
1682.000  1.7577156620e-01  5.3550419810e-03 
1683.000  1.8016495440e-01  5.4854879380e-03 
1684.000  1.8352605350e-01  5.5853762630e-03 
1685.000  1.8424510600e-01  5.5943455700e-03 
1686.000  1.8202241090e-01  5.5182461740e-03 
1687.000  1.8303817480e-01  5.5162568090e-03 
1688.000  1.8338027040e-01  5.4987559320e-03 
1689.000  1.8117035060e-01  5.4202642440e-03 
1690.000  1.8133366400e-01  5.3949675560e-03 
1691.000  1.8370672880e-01  5.4741029740e-03 
1692.000  1.8404097600e-01  5.4994816780e-03 
1693.000  1.8334084300e-01  5.4971303940e-03 
1694.000  1.8306346280e-01  5.5044937130e-03 
1695.000  1.8327302160e-01  5.5154757500e-03 
1696.000  1.8220124430e-01  5.4543666840e-03 
1697.000  1.8116023010e-01  5.3842182160e-03 
1698.000  1.8225361320e-01  5.3811368940e-03 
1699.000  1.8107606790e-01  5.3139328960e-03 
1700.000  1.7875508600e-01  5.2157135010e-03 
