 lambda   Irr_dw            Rad_up 
 550.000  1.5535800500e+00  4.7357894900e-02 
 551.000  1.5433168400e+00  4.6887592320e-02 
 552.000  1.6091992700e+00  4.8854183200e-02 
 553.000  1.5456326500e+00  4.6741382600e-02 
 554.000  1.5955957800e+00  4.8192802430e-02 
 555.000  1.5995817200e+00  4.8091510770e-02 
 556.000  1.5550421900e+00  4.6542175290e-02 
 557.000  1.5085391600e+00  4.5103405000e-02 
 558.000  1.5654820800e+00  4.6596122740e-02 
 559.000  1.4794134600e+00  4.3902854920e-02 
 560.000  1.4856737600e+00  4.4036029820e-02 
 561.000  1.6326234600e+00  4.8158081050e-02 
 562.000  1.4988041900e+00  4.4126956940e-02 
 563.000  1.5680132400e+00  4.5951728820e-02 
 564.000  1.5460250700e+00  4.5030792240e-02 
 565.000  1.5647728900e+00  4.5502799990e-02 
 566.000  1.4427904000e+00  4.1760433200e-02 
 567.000  1.5489656800e+00  4.4512161250e-02 
 568.000  1.5495457500e+00  4.3932403560e-02 
 569.000  1.5281608300e+00  4.2142532350e-02 
 570.000  1.5346951000e+00  4.2313861850e-02 
 571.000  1.4737925100e+00  4.1195186610e-02 
 572.000  1.5645617900e+00  4.2984550480e-02 
 573.000  1.5794115200e+00  4.3475894930e-02 
 574.000  1.5703603800e+00  4.3122406010e-02 
 575.000  1.5325702100e+00  4.1888313290e-02 
 576.000  1.5049809700e+00  4.1000556950e-02 
 577.000  1.5655955100e+00  4.2655666350e-02 
 578.000  1.5171859800e+00  4.1586807250e-02 
 579.000  1.5033792900e+00  4.1192401890e-02 
 580.000  1.5532001400e+00  4.2755279540e-02 
 581.000  1.5221053800e+00  4.2022193910e-02 
 582.000  1.5430488300e+00  4.2467063900e-02 
 583.000  1.5529514600e+00  4.2787990570e-02 
 584.000  1.5472988300e+00  4.2432579040e-02 
 585.000  1.5366999400e+00  4.1982547760e-02 
 586.000  1.4703511600e+00  4.0119045260e-02 
 587.000  1.5309209300e+00  4.1208381650e-02 
 588.000  1.5290425600e+00  3.9798789980e-02 
 589.000  1.3746616000e+00  3.4149528500e-02 
 590.000  1.4365390600e+00  3.5575466160e-02 
 591.000  1.5118218800e+00  3.8417598720e-02 
 592.000  1.4904526300e+00  3.7102348330e-02 
 593.000  1.4897270300e+00  3.8213768010e-02 
 594.000  1.5070074400e+00  3.8318359380e-02 
 595.000  1.4896686300e+00  3.6893985750e-02 
 596.000  1.5099077600e+00  3.8615638730e-02 
 597.000  1.5179614600e+00  3.8330474850e-02 
 598.000  1.4800703300e+00  3.7871078490e-02 
 599.000  1.4776004300e+00  3.7960746770e-02 
 600.000  1.4717214200e+00  3.8268230440e-02 
 601.000  1.4593168500e+00  3.8297107700e-02 
 602.000  1.4418664900e+00  3.7833343510e-02 
 603.000  1.4491082000e+00  3.8137229920e-02 
 604.000  1.4937512000e+00  3.9462543490e-02 
 605.000  1.4893314000e+00  3.9189605710e-02 
 606.000  1.4718529200e+00  3.8777172090e-02 
 607.000  1.4633966800e+00  3.8449104310e-02 
 608.000  1.4579059300e+00  3.8169227600e-02 
 609.000  1.4428601600e+00  3.7743751530e-02 
 610.000  1.4196584900e+00  3.7009502410e-02 
 611.000  1.4426282700e+00  3.7554679870e-02 
 612.000  1.4238041000e+00  3.7022335050e-02 
 613.000  1.4029734500e+00  3.6365554810e-02 
 614.000  1.3518318700e+00  3.5022026060e-02 
 615.000  1.4171225000e+00  3.6553291320e-02 
 616.000  1.3474326000e+00  3.4749076840e-02 
 617.000  1.3551157800e+00  3.4896625520e-02 
 618.000  1.4191620100e+00  3.6357482910e-02 
 619.000  1.4063484500e+00  3.6051296230e-02 
 620.000  1.4273469600e+00  3.6398738860e-02 
 621.000  1.4522038400e+00  3.6990215300e-02 
 622.000  1.3759361400e+00  3.4941875460e-02 
 623.000  1.3871488200e+00  3.5005996700e-02 
 624.000  1.3890942500e+00  3.5104022980e-02 
 625.000  1.3519065800e+00  3.4128604890e-02 
 626.000  1.3598292900e+00  3.4081333160e-02 
 627.000  1.3882715100e+00  3.4263107300e-02 
 628.000  1.3948523000e+00  3.2964847560e-02 
 629.000  1.4157197000e+00  3.4010101320e-02 
 630.000  1.3649162000e+00  3.3179195400e-02 
 631.000  1.4106755900e+00  3.4382114410e-02 
 632.000  1.3161787500e+00  3.1835960390e-02 
 633.000  1.4062556900e+00  3.4379734040e-02 
 634.000  1.3617085600e+00  3.3448322300e-02 
 635.000  1.3861897200e+00  3.4067394260e-02 
 636.000  1.3360000400e+00  3.2903266910e-02 
 637.000  1.3792721000e+00  3.4020027160e-02 
 638.000  1.3979990900e+00  3.4616893770e-02 
 639.000  1.3861695500e+00  3.4151145940e-02 
 640.000  1.3412581300e+00  3.3293750760e-02 
 641.000  1.3604846900e+00  3.3710018160e-02 
 642.000  1.3431517600e+00  3.3292579650e-02 
 643.000  1.3683187000e+00  3.3727813720e-02 
 644.000  1.3525493500e+00  3.3193511960e-02 
 645.000  1.3667637100e+00  3.3374320980e-02 
 646.000  1.3245809400e+00  3.1344032290e-02 
 647.000  1.3498221500e+00  3.1257165910e-02 
 648.000  1.3553885400e+00  3.0876855850e-02 
 649.000  1.3753816700e+00  3.1637096410e-02 
 650.000  1.2621911800e+00  2.9967699050e-02 
 651.000  1.3597330800e+00  3.2248859410e-02 
 652.000  1.3451782900e+00  3.0993974690e-02 
 653.000  1.3588444300e+00  3.2286598210e-02 
 654.000  1.3426253900e+00  3.1610630040e-02 
 655.000  1.3120331500e+00  3.0477518080e-02 
 656.000  1.1125889000e+00  2.5895940780e-02 
 657.000  1.1852325300e+00  2.7746437070e-02 
 658.000  1.3158234900e+00  3.1220233920e-02 
 659.000  1.3164835100e+00  3.1366743090e-02 
 660.000  1.3257694100e+00  3.1673223500e-02 
 661.000  1.3283766100e+00  3.2037174220e-02 
 662.000  1.3460497100e+00  3.2555213930e-02 
 663.000  1.3314955500e+00  3.2075164790e-02 
 664.000  1.3098332800e+00  3.1551301960e-02 
 665.000  1.3151790700e+00  3.1653816220e-02 
 666.000  1.3304510800e+00  3.2144950870e-02 
 667.000  1.3036487500e+00  3.1388093950e-02 
 668.000  1.3105112000e+00  3.1671436310e-02 
 669.000  1.3291187300e+00  3.2160163880e-02 
 670.000  1.3130960300e+00  3.1601335530e-02 
 671.000  1.2990197000e+00  3.1282264710e-02 
 672.000  1.2947367000e+00  3.1135799410e-02 
 673.000  1.3039364300e+00  3.1296833040e-02 
 674.000  1.3064113900e+00  3.1347431180e-02 
 675.000  1.2863887200e+00  3.0784835820e-02 
 676.000  1.3106221400e+00  3.1357770920e-02 
 677.000  1.2844915100e+00  3.0734001160e-02 
 678.000  1.3056830700e+00  3.1176225660e-02 
 679.000  1.2872809100e+00  3.0634910580e-02 
 680.000  1.2778447300e+00  3.0372770310e-02 
 681.000  1.2798281600e+00  3.0320175170e-02 
 682.000  1.2773869800e+00  3.0125368120e-02 
 683.000  1.2860790600e+00  3.0199550630e-02 
 684.000  1.2638847700e+00  2.9644298550e-02 
 685.000  1.2775527000e+00  2.9895120620e-02 
 686.000  1.2243828000e+00  2.8233604430e-02 
 687.000  1.2254465400e+00  2.4399642940e-02 
 688.000  1.2263385600e+00  2.5368022920e-02 
 689.000  1.2298900400e+00  2.5230617520e-02 
 690.000  1.2358270900e+00  2.5863185880e-02 
 691.000  1.2407762500e+00  2.6639776230e-02 
 692.000  1.2332945100e+00  2.6796649930e-02 
 693.000  1.2414366900e+00  2.6014068600e-02 
 694.000  1.2550655600e+00  2.5578966140e-02 
 695.000  1.2320831500e+00  2.5489084240e-02 
 696.000  1.2458812200e+00  2.6023218150e-02 
 697.000  1.2448241500e+00  2.7639556880e-02 
 698.000  1.2225415100e+00  2.6689580920e-02 
 699.000  1.2483845900e+00  2.5876398090e-02 
 700.000  1.2334542800e+00  2.5727756500e-02 
 701.000  1.2065508100e+00  2.4814355850e-02 
 702.000  1.2003512200e+00  2.4879495620e-02 
 703.000  1.2149620000e+00  2.6208133700e-02 
 704.000  1.2184751500e+00  2.6347940440e-02 
 705.000  1.2289498600e+00  2.6073116300e-02 
 706.000  1.2158358200e+00  2.5875961300e-02 
 707.000  1.1972387000e+00  2.5641618730e-02 
 708.000  1.2316872600e+00  2.6562349320e-02 
 709.000  1.1872047300e+00  2.5941408160e-02 
 710.000  1.2154465100e+00  2.6062252040e-02 
 711.000  1.2024503700e+00  2.6154067990e-02 
 712.000  1.1850452300e+00  2.6156045910e-02 
 713.000  1.1806455600e+00  2.5712291720e-02 
 714.000  1.2009465500e+00  2.5950485230e-02 
 715.000  1.1598537100e+00  2.4538219450e-02 
 716.000  1.1910488100e+00  2.4660366060e-02 
 717.000  1.1613061400e+00  2.1563783650e-02 
 718.000  1.1551557500e+00  1.9997383120e-02 
 719.000  1.1418578300e+00  1.9155199050e-02 
 720.000  1.1501885000e+00  1.8627326970e-02 
 721.000  1.1485312100e+00  2.1837833400e-02 
 722.000  1.1646640100e+00  2.3249809270e-02 
 723.000  1.1622491200e+00  2.2450176240e-02 
 724.000  1.1693037200e+00  2.0650804520e-02 
 725.000  1.1565457000e+00  2.0689991000e-02 
 726.000  1.1544265600e+00  2.0564891820e-02 
 727.000  1.1715058500e+00  2.1062160490e-02 
 728.000  1.1513858200e+00  2.0462982180e-02 
 729.000  1.1056230200e+00  2.0282398220e-02 
 730.000  1.1464842700e+00  2.0906761170e-02 
 731.000  1.1275866100e+00  2.0498167040e-02 
 732.000  1.1487043100e+00  2.2007349010e-02 
 733.000  1.1308536700e+00  2.2941644670e-02 
 734.000  1.1540518800e+00  2.3997367860e-02 
 735.000  1.1448512100e+00  2.3518369670e-02 
 736.000  1.1238372200e+00  2.2692825320e-02 
 737.000  1.1384183900e+00  2.3227575300e-02 
 738.000  1.1349716200e+00  2.3580411910e-02 
 739.000  1.0981174200e+00  2.3036010740e-02 
 740.000  1.1080959300e+00  2.3666637420e-02 
 741.000  1.0990181300e+00  2.3821104050e-02 
 742.000  1.0808655700e+00  2.3554971690e-02 
 743.000  1.1123175300e+00  2.4530511860e-02 
 744.000  1.1227439900e+00  2.4911415100e-02 
 745.000  1.0934261800e+00  2.4388517380e-02 
 746.000  1.1085551000e+00  2.4751878740e-02 
 747.000  1.1251579600e+00  2.5085624690e-02 
 748.000  1.1049412600e+00  2.4623439790e-02 
 749.000  1.1051401900e+00  2.4641897200e-02 
 750.000  1.0890028800e+00  2.4185632710e-02 
 751.000  1.0862036600e+00  2.4108604430e-02 
 752.000  1.1026534900e+00  2.4518987660e-02 
 753.000  1.0922185000e+00  2.4287712100e-02 
 754.000  1.1093221900e+00  2.4662433620e-02 
 755.000  1.1029595900e+00  2.4505601880e-02 
 756.000  1.0813630800e+00  2.4012094500e-02 
 757.000  1.0893587000e+00  2.4173538210e-02 
 758.000  1.0882252700e+00  2.4070444110e-02 
 759.000  1.0470599200e+00  2.1225502010e-02 
 760.000  8.2382951900e-01  8.5537405010e-03 
 761.000  7.9393195200e-01  7.5744686130e-03 
 762.000  9.2601858800e-01  1.3721502300e-02 
 763.000  9.1116771400e-01  1.1854971890e-02 
 764.000  9.3453959300e-01  1.2946908950e-02 
 765.000  9.8082284900e-01  1.5734552380e-02 
 766.000  9.7251362200e-01  1.8064657210e-02 
 767.000  1.0023742800e+00  1.9809303280e-02 
 768.000  1.0512757300e+00  2.1734018330e-02 
 769.000  1.0527277600e+00  2.2495388030e-02 
 770.000  1.0500434500e+00  2.2811550140e-02 
 771.000  1.0514964600e+00  2.3053361890e-02 
 772.000  1.0476117800e+00  2.3006515500e-02 
 773.000  1.0432980200e+00  2.2918506620e-02 
 774.000  1.0543058400e+00  2.3169584270e-02 
 775.000  1.0145946400e+00  2.2297138210e-02 
 776.000  1.0563093200e+00  2.3254329680e-02 
 777.000  1.0489956900e+00  2.3063198090e-02 
 778.000  1.0434517900e+00  2.2886394500e-02 
 779.000  1.0469264100e+00  2.2892866130e-02 
 780.000  1.0340549100e+00  2.2626600270e-02 
 781.000  1.0321968500e+00  2.2571245190e-02 
 782.000  1.0447318400e+00  2.2752315520e-02 
 783.000  1.0203968860e+00  2.2309972760e-02 
 784.000  1.0263068270e+00  2.2380327220e-02 
 785.000  1.0296847180e+00  2.2240123750e-02 
 786.000  1.0128206210e+00  2.1731092450e-02 
 787.000  1.0297061990e+00  2.1608131410e-02 
 788.000  1.0152403390e+00  2.1134803770e-02 
 789.000  1.0243724540e+00  2.0672538760e-02 
 790.000  1.0143319280e+00  2.0364772800e-02 
 791.000  1.0085998660e+00  2.0375074390e-02 
 792.000  9.9214668200e-01  2.0078744890e-02 
 793.000  9.9009785300e-01  2.0262119290e-02 
 794.000  9.7733306100e-01  2.0572179790e-02 
 795.000  9.7363123100e-01  2.0021306990e-02 
 796.000  9.9434143800e-01  1.9728759770e-02 
 797.000  9.9948247100e-01  2.0076145170e-02 
 798.000  9.9745388600e-01  2.0532209400e-02 
 799.000  9.9728609900e-01  2.0342378620e-02 
 800.000  9.7312189400e-01  1.9451238630e-02 
 801.000  9.9113921600e-01  1.9846921920e-02 
 802.000  9.8937225500e-01  1.9721368790e-02 
 803.000  9.7506860600e-01  1.9503942490e-02 
 804.000  9.8305573900e-01  1.9891256330e-02 
 805.000  9.5460660200e-01  1.9678384780e-02 
 806.000  9.7953532400e-01  2.0348802570e-02 
 807.000  9.7347380700e-01  2.0264640810e-02 
 808.000  9.6832878100e-01  1.9980121610e-02 
 809.000  9.5253765000e-01  1.9477193830e-02 
 810.000  9.4890303500e-01  1.9201482770e-02 
 811.000  9.6531652200e-01  1.9204532620e-02 
 812.000  9.6356008400e-01  1.8815086360e-02 
 813.000  9.6103199300e-01  1.8237117770e-02 
 814.000  9.6166778400e-01  1.7769950870e-02 
 815.000  9.5345569000e-01  1.7029136660e-02 
 816.000  9.4737414900e-01  1.6216453550e-02 
 817.000  9.5296490300e-01  1.6324949260e-02 
 818.000  9.4696470700e-01  1.6185165410e-02 
 819.000  9.2082763600e-01  1.6027900700e-02 
 820.000  9.0119265500e-01  1.6438932420e-02 
 821.000  9.2898752200e-01  1.7855806350e-02 
 822.000  9.0437689700e-01  1.6560249330e-02 
 823.000  9.2060324000e-01  1.5118807790e-02 
 824.000  9.3117932400e-01  1.6771825790e-02 
 825.000  9.2726522500e-01  1.7976955410e-02 
 826.000  9.3356762300e-01  1.7811017990e-02 
 827.000  9.3091827600e-01  1.7564620970e-02 
 828.000  9.3079291600e-01  1.6785842900e-02 
 829.000  9.2972332700e-01  1.6980041500e-02 
 830.000  9.1425815500e-01  1.6988901140e-02 
 831.000  8.9803409300e-01  1.6740280150e-02 
 832.000  9.1632674300e-01  1.7075073240e-02 
 833.000  8.8738037000e-01  1.6807050700e-02 
 834.000  8.9986027700e-01  1.7264011380e-02 
 835.000  8.9980590900e-01  1.7560096740e-02 
 836.000  9.1093430500e-01  1.7783384320e-02 
 837.000  9.0349979300e-01  1.7576560970e-02 
 838.000  9.0572833100e-01  1.7864654540e-02 
 839.000  8.7680783700e-01  1.7389976500e-02 
 840.000  9.0002170400e-01  1.7832145690e-02 
 841.000  9.0333842000e-01  1.7722997670e-02 
 842.000  8.9685651200e-01  1.7690496440e-02 
 843.000  8.8863083600e-01  1.7961202620e-02 
 844.000  8.7294453100e-01  1.7807567600e-02 
 845.000  8.8571623300e-01  1.8137054440e-02 
 846.000  8.9307036900e-01  1.8429162980e-02 
 847.000  8.6168949300e-01  1.7933301930e-02 
 848.000  8.8818323700e-01  1.8282712940e-02 
 849.000  8.8970145900e-01  1.8421161650e-02 
 850.000  7.6973188800e-01  1.5782492640e-02 
 851.000  8.8254670700e-01  1.7950428010e-02 
 852.000  8.4903806100e-01  1.7338918690e-02 
 853.000  8.5773745000e-01  1.7558277130e-02 
 854.000  6.8965367500e-01  1.4148017880e-02 
 855.000  7.5864799800e-01  1.5672266960e-02 
 856.000  8.5952662900e-01  1.7796062470e-02 
 857.000  8.7263413800e-01  1.8221370700e-02 
 858.000  8.5835019000e-01  1.7917734150e-02 
 859.000  8.5748020100e-01  1.7950988770e-02 
 860.000  8.4943909900e-01  1.7871368410e-02 
 861.000  8.4928789500e-01  1.7845874790e-02 
 862.000  8.4628034300e-01  1.7717441560e-02 
 863.000  8.6245362000e-01  1.8160530090e-02 
 864.000  8.6058035100e-01  1.7966751100e-02 
 865.000  8.4443447600e-01  1.7765840530e-02 
 866.000  7.0829708000e-01  1.4947001460e-02 
 867.000  7.5430704100e-01  1.5700767520e-02 
 868.000  8.1808726100e-01  1.7119028090e-02 
 869.000  8.0658756900e-01  1.6866720200e-02 
 870.000  8.3991654900e-01  1.7682861330e-02 
 871.000  8.3871506700e-01  1.7584079740e-02 
 872.000  8.3525191000e-01  1.7274723050e-02 
 873.000  8.3873784900e-01  1.7478265760e-02 
 874.000  8.2043413700e-01  1.7010648730e-02 
 875.000  8.1292851000e-01  1.7005950930e-02 
 876.000  8.1989142100e-01  1.7063135150e-02 
 877.000  8.3635096000e-01  1.7248308180e-02 
 878.000  8.2258873000e-01  1.7040105820e-02 
 879.000  8.2454662800e-01  1.7138584140e-02 
 880.000  8.2029745300e-01  1.6853557590e-02 
 881.000  7.7793373300e-01  1.6027420040e-02 
 882.000  8.2118462800e-01  1.6712892530e-02 
 883.000  8.0220936000e-01  1.6517864230e-02 
 884.000  8.0893820500e-01  1.6876800540e-02 
 885.000  8.1828783800e-01  1.6584087370e-02 
 886.000  7.9279629100e-01  1.6096076970e-02 
 887.000  7.8372361400e-01  1.5898727420e-02 
 888.000  8.0727071600e-01  1.6182392120e-02 
 889.000  8.1239560800e-01  1.6579885480e-02 
 890.000  8.1056566900e-01  1.6440656660e-02 
 891.000  8.0752857700e-01  1.6142267230e-02 
 892.000  8.0687842200e-01  1.5890050890e-02 
 893.000  7.8129549600e-01  1.4511011120e-02 
 894.000  8.0971088000e-01  1.4767577170e-02 
 895.000  7.7472859900e-01  1.3451798440e-02 
 896.000  8.0547214000e-01  1.3097861290e-02 
 897.000  7.8693687100e-01  1.2285998340e-02 
 898.000  7.8829151700e-01  1.1910497670e-02 
 899.000  7.8758300800e-01  1.0981275560e-02 
 900.000  7.6791591400e-01  1.0711184500e-02 
 901.000  7.5146589600e-01  1.0298703190e-02 
 902.000  7.3763421900e-01  1.0147489550e-02 
 903.000  7.7372106500e-01  1.1983826640e-02 
 904.000  7.8808895700e-01  1.3025130270e-02 
 905.000  7.8599768300e-01  1.3246085170e-02 
 906.000  7.6518274000e-01  1.2357161520e-02 
 907.000  7.7815167600e-01  1.1541562080e-02 
 908.000  7.5911994700e-01  1.0572924610e-02 
 909.000  7.4422788400e-01  1.0369171140e-02 
 910.000  7.5303091000e-01  1.0571117400e-02 
 911.000  7.5103404500e-01  1.1118438720e-02 
 912.000  7.5266263900e-01  1.0698081020e-02 
 913.000  7.7027901600e-01  1.0170856480e-02 
 914.000  7.6532192700e-01  1.0453067780e-02 
 915.000  7.5269009100e-01  1.0807583810e-02 
 916.000  7.6104579800e-01  1.0943490980e-02 
 917.000  7.4913545300e-01  1.0926141740e-02 
 918.000  7.4533195500e-01  1.1103568080e-02 
 919.000  7.5516027100e-01  1.2443707470e-02 
 920.000  7.4795702300e-01  1.2664675710e-02 
 921.000  7.3158301700e-01  1.2229461670e-02 
 922.000  7.2504388900e-01  1.2214718820e-02 
 923.000  6.9464976400e-01  1.1165134430e-02 
 924.000  7.2403630800e-01  1.1554968830e-02 
 925.000  7.3364713600e-01  1.1598102570e-02 
 926.000  7.0745602400e-01  1.1015786170e-02 
 927.000  7.3380966300e-01  1.1225227360e-02 
 928.000  7.3832807400e-01  1.0418675420e-02 
 929.000  7.2801424000e-01  9.1725549700e-03 
 930.000  7.2618731600e-01  7.9704585080e-03 
 931.000  7.2589157300e-01  7.0767426490e-03 
 932.000  7.1878107900e-01  6.0534605980e-03 
 933.000  7.2074467000e-01  5.5171885490e-03 
 934.000  7.1443606900e-01  5.0072059630e-03 
 935.000  7.0384949700e-01  4.8859744070e-03 
 936.000  6.9878224700e-01  5.0025830270e-03 
 937.000  7.1437989700e-01  5.0760684010e-03 
 938.000  7.0688406500e-01  5.5588960650e-03 
 939.000  7.1314613900e-01  7.4648666380e-03 
 940.000  7.0950661200e-01  7.8188443180e-03 
 941.000  6.9337711100e-01  7.3284850120e-03 
 942.000  6.6684463200e-01  6.4001216890e-03 
 943.000  7.0262182700e-01  5.8228840830e-03 
 944.000  6.8330800800e-01  5.5958409310e-03 
 945.000  6.8985522200e-01  5.9335708620e-03 
 946.000  6.9921157700e-01  6.0367031100e-03 
 947.000  6.9498190700e-01  6.2998805050e-03 
 948.000  6.9918510800e-01  6.5218148230e-03 
 949.000  7.0140015900e-01  6.5286078450e-03 
 950.000  6.9677667400e-01  6.5346174240e-03 
 951.000  6.9264023600e-01  6.9372911450e-03 
 952.000  6.9256805700e-01  6.4865036010e-03 
 953.000  6.9065634500e-01  6.8024930950e-03 
 954.000  6.8398481900e-01  7.1336016650e-03 
 955.000  6.3888043200e-01  6.3882980350e-03 
 956.000  6.8153546900e-01  6.7779841420e-03 
 957.000  6.8118258400e-01  7.8681955340e-03 
 958.000  6.8643436200e-01  8.1189308170e-03 
 959.000  6.8908774500e-01  7.9492068290e-03 
 960.000  6.8257714600e-01  7.8246917720e-03 
 961.000  6.7525563600e-01  7.6452784540e-03 
 962.000  6.7861723600e-01  7.7810926440e-03 
 963.000  6.7721621700e-01  8.5150356290e-03 
 964.000  6.6946677800e-01  8.5388555530e-03 
 965.000  6.7765067500e-01  8.5693187710e-03 
 966.000  6.5809067800e-01  8.3718509670e-03 
 967.000  6.7766194500e-01  9.2510671620e-03 
 968.000  6.7019383100e-01  1.0172294620e-02 
 969.000  6.7428613500e-01  1.0684589390e-02 
 970.000  6.7611851600e-01  1.0738034250e-02 
 971.000  6.7013523400e-01  1.0624716760e-02 
 972.000  6.7488348600e-01  1.0557665820e-02 
 973.000  6.6864519900e-01  1.0161203380e-02 
 974.000  6.5839636600e-01  9.6528787610e-03 
 975.000  6.6168684700e-01  9.4624757770e-03 
 976.000  6.6969657000e-01  9.8514318470e-03 
 977.000  6.5271975000e-01  1.0032433510e-02 
 978.000  6.6886462600e-01  1.0243884090e-02 
 979.000  6.4942858100e-01  1.0060408590e-02 
 980.000  6.5859287800e-01  1.0676742550e-02 
 981.000  6.6307626500e-01  1.0865623470e-02 
 982.000  6.6164801600e-01  1.0726361270e-02 
 983.000  6.5985270200e-01  1.0971448900e-02 
 984.000  6.5543440500e-01  1.1207006450e-02 
 985.000  6.5512238800e-01  1.1391607280e-02 
 986.000  6.4977731600e-01  1.1565226550e-02 
 987.000  6.5716533800e-01  1.1818006520e-02 
 988.000  6.4906287100e-01  1.1695543290e-02 
 989.000  6.4082271700e-01  1.1557761190e-02 
 990.000  6.4628563800e-01  1.1679361340e-02 
 991.000  6.5152697100e-01  1.1876988410e-02 
 992.000  6.4549921700e-01  1.1785778050e-02 
 993.000  6.4545357400e-01  1.1782458310e-02 
 994.000  6.4869169500e-01  1.1927668570e-02 
 995.000  6.4387462000e-01  1.1908120160e-02 
 996.000  6.4376277900e-01  1.1888842580e-02 
 997.000  6.4447835800e-01  1.1832765580e-02 
 998.000  6.4211908700e-01  1.1724717140e-02 
 999.000  6.4055073700e-01  1.1659755710e-02 
1000.000  6.3543761600e-01  1.1567705150e-02 
1001.000  6.3909829300e-01  1.1510404590e-02 
1002.000  6.3844583500e-01  1.1316441540e-02 
1003.000  6.3091933900e-01  1.1212162970e-02 
1004.000  6.2548589800e-01  1.1202162740e-02 
1005.000  5.8433811000e-01  1.0498232840e-02 
1006.000  6.1483596700e-01  1.1051212310e-02 
1007.000  6.2608780000e-01  1.1210194590e-02 
1008.000  6.2897974500e-01  1.1115155220e-02 
1009.000  6.2547550100e-01  1.0873112680e-02 
1010.000  6.2766817300e-01  1.0976550100e-02 
1011.000  6.2395611500e-01  1.1089691160e-02 
1012.000  6.2399567500e-01  1.1156386380e-02 
1013.000  6.1938087800e-01  1.1125661850e-02 
1014.000  6.2328156800e-01  1.1254351620e-02 
1015.000  6.1176695900e-01  1.1087820050e-02 
1016.000  6.1563054400e-01  1.1222917560e-02 
1017.000  6.0950173000e-01  1.1154715540e-02 
1018.000  6.1756453200e-01  1.1312196730e-02 
1019.000  6.0369479800e-01  1.1022456170e-02 
1020.000  6.0234177600e-01  1.0976548190e-02 
1021.000  6.0817160600e-01  1.1048202510e-02 
1022.000  5.9933514700e-01  1.0719485280e-02 
1023.000  6.1109913000e-01  1.0776653290e-02 
1024.000  6.0815809300e-01  1.0601875310e-02 
1025.000  6.0743786800e-01  1.0625477790e-02 
1026.000  6.0790283100e-01  1.0666083340e-02 
1027.000  6.0434011600e-01  1.0630845070e-02 
1028.000  6.0567027900e-01  1.0725032810e-02 
1029.000  5.9621945200e-01  1.0657947540e-02 
1030.000  6.0197005000e-01  1.0869809150e-02 
1031.000  5.9994206600e-01  1.0914252280e-02 
1032.000  5.9772939500e-01  1.0926511760e-02 
1033.000  5.8669289900e-01  1.0697340970e-02 
1034.000  5.9283190500e-01  1.0791712760e-02 
1035.000  5.8644739300e-01  1.0648714070e-02 
1036.000  5.9414515800e-01  1.0751742360e-02 
1037.000  5.8162257500e-01  1.0495196340e-02 
1038.000  5.8734332000e-01  1.0567848210e-02 
1039.000  5.8985254700e-01  1.0573647500e-02 
1040.000  5.8296183500e-01  1.0413283350e-02 
1041.000  5.8609388300e-01  1.0434631350e-02 
1042.000  5.8786249100e-01  1.0435003280e-02 
1043.000  5.7772946800e-01  1.0225840570e-02 
1044.000  5.8354863800e-01  1.0295885090e-02 
1045.000  5.8121442800e-01  1.0293212890e-02 
1046.000  5.6442273200e-01  1.0045230870e-02 
1047.000  5.7493442500e-01  1.0281391140e-02 
1048.000  5.8082394100e-01  1.0438206670e-02 
1049.000  5.7726017000e-01  1.0427210810e-02 
1050.000  5.7399776000e-01  1.0445245740e-02 
1051.000  5.7432598100e-01  1.0384756090e-02 
1052.000  5.7182537800e-01  1.0294092180e-02 
1053.000  5.7210631900e-01  1.0255315780e-02 
1054.000  5.6651030500e-01  1.0111624720e-02 
1055.000  5.7095663000e-01  1.0137528420e-02 
1056.000  5.6967509200e-01  1.0067100520e-02 
1057.000  5.6925417300e-01  1.0014075280e-02 
1058.000  5.6429748900e-01  9.8631086350e-03 
1059.000  5.4649635700e-01  9.5750055310e-03 
1060.000  5.6569161700e-01  9.9724941250e-03 
1061.000  5.4598982700e-01  9.6325578690e-03 
1062.000  5.6175444400e-01  9.8784885410e-03 
1063.000  5.5249025300e-01  9.6842422490e-03 
1064.000  5.5991589700e-01  9.7199983600e-03 
1065.000  5.5982718200e-01  9.6116533280e-03 
1066.000  5.4262539400e-01  9.2672195430e-03 
1067.000  5.5580625800e-01  9.4226837160e-03 
1068.000  5.5446390800e-01  9.2562608720e-03 
1069.000  5.1310919500e-01  8.5034027100e-03 
1070.000  5.4341870800e-01  9.0516977310e-03 
1071.000  5.4483103700e-01  9.0597791670e-03 
1072.000  5.4719306100e-01  9.0849990840e-03 
1073.000  5.2928695600e-01  8.8144454960e-03 
1074.000  5.4775933500e-01  9.1683340070e-03 
1075.000  5.3001452400e-01  8.9763422010e-03 
1076.000  5.4215653800e-01  9.1467695240e-03 
1077.000  5.4156940000e-01  9.0867347720e-03 
1078.000  5.4369315700e-01  9.0640802380e-03 
1079.000  5.2286396900e-01  8.7204723360e-03 
1080.000  5.4026566500e-01  8.8437557220e-03 
1081.000  5.2048437900e-01  8.5065736770e-03 
1082.000  5.2632086200e-01  8.6267204280e-03 
1083.000  5.1304592600e-01  8.2728729250e-03 
1084.000  5.3366403600e-01  8.4624700550e-03 
1085.000  5.2905909200e-01  8.1398239140e-03 
1086.000  5.3540635400e-01  8.2349452970e-03 
1087.000  5.0012936300e-01  7.8770599370e-03 
1088.000  5.3033888600e-01  8.4223928450e-03 
1089.000  5.1312408000e-01  7.9354076390e-03 
1090.000  5.2485392600e-01  8.1218090060e-03 
1091.000  5.2765546000e-01  8.2704381940e-03 
1092.000  5.1689909300e-01  8.0303592680e-03 
1093.000  5.1377356800e-01  7.7595820430e-03 
1094.000  4.6876442600e-01  6.9437203410e-03 
1095.000  5.0716634700e-01  7.4851903920e-03 
1096.000  5.0790263800e-01  7.4699196820e-03 
1097.000  4.9869798100e-01  7.2350263600e-03 
1098.000  4.9774725800e-01  6.6202454570e-03 
1099.000  5.0223757000e-01  6.1317601200e-03 
1100.000  5.1065208600e-01  6.2689018250e-03 
1101.000  5.0907025400e-01  6.3181357380e-03 
1102.000  4.8815866700e-01  6.0194549560e-03 
1103.000  5.0719278600e-01  6.2953085900e-03 
1104.000  5.0394674700e-01  6.1638112070e-03 
1105.000  5.0430769800e-01  5.9527049060e-03 
1106.000  5.0119682300e-01  5.7195057870e-03 
1107.000  5.0029968200e-01  5.7453455920e-03 
1108.000  4.9845907900e-01  5.7424283030e-03 
1109.000  4.9977394100e-01  5.9039969440e-03 
1110.000  5.0233767600e-01  5.8817753790e-03 
1111.000  4.9630397300e-01  5.7029347420e-03 
1112.000  4.9189083600e-01  5.2580590250e-03 
1113.000  4.9016846100e-01  4.7690958980e-03 
1114.000  4.9547608200e-01  4.6657629010e-03 
1115.000  4.9048640100e-01  4.1705942150e-03 
1116.000  4.8428113000e-01  3.8891944890e-03 
1117.000  4.9002581900e-01  3.5018641950e-03 
1118.000  4.8489380200e-01  3.1321229930e-03 
1119.000  4.7133609500e-01  2.9041290280e-03 
1120.000  4.7228533700e-01  2.7753283980e-03 
1121.000  4.7529249700e-01  2.7667717930e-03 
1122.000  4.7308848400e-01  2.6518175600e-03 
1123.000  4.7531050500e-01  2.7159941200e-03 
1124.000  4.7622455700e-01  2.7586252690e-03 
1125.000  4.6630182300e-01  2.6811659340e-03 
1126.000  4.5738421200e-01  2.6225528720e-03 
1127.000  4.7286938600e-01  2.7206749920e-03 
1128.000  4.6422434100e-01  2.6893403530e-03 
1129.000  4.6711882800e-01  2.8259465690e-03 
1130.000  4.6803514100e-01  3.2036027910e-03 
1131.000  4.7316430000e-01  3.3658092020e-03 
1132.000  4.7416414400e-01  3.1957485680e-03 
1133.000  4.6191879800e-01  2.8479406830e-03 
1134.000  4.5652235300e-01  2.4963190560e-03 
1135.000  4.6250449400e-01  2.5473687650e-03 
1136.000  4.6441950700e-01  2.9034578800e-03 
1137.000  4.7121579100e-01  3.2403280740e-03 
1138.000  4.5515593400e-01  3.4725639820e-03 
1139.000  4.6536858400e-01  3.7069051270e-03 
1140.000  4.6659619600e-01  3.6423134800e-03 
1141.000  4.5310864200e-01  3.4087297920e-03 
1142.000  4.6537335200e-01  3.4477331640e-03 
1143.000  4.5699710200e-01  3.2316462990e-03 
1144.000  4.5372253500e-01  3.0523405080e-03 
1145.000  4.5634090900e-01  2.8698992730e-03 
1146.000  4.6101903500e-01  2.9420905110e-03 
1147.000  4.6335625400e-01  3.1204133030e-03 
1148.000  4.5894956400e-01  3.2523844240e-03 
1149.000  4.6042222500e-01  3.3370962140e-03 
1150.000  4.5846693800e-01  3.3429603580e-03 
1151.000  4.5712217900e-01  3.4631698130e-03 
1152.000  4.5626762300e-01  3.5240552430e-03 
1153.000  4.5547011100e-01  3.6157202720e-03 
1154.000  4.5894960000e-01  3.6385097500e-03 
1155.000  4.6052835200e-01  3.8578758240e-03 
1156.000  4.5428575400e-01  4.0367803570e-03 
1157.000  4.5854417000e-01  4.6307806970e-03 
1158.000  4.5861554600e-01  4.9476428030e-03 
1159.000  4.5213288000e-01  5.1875729560e-03 
1160.000  4.4638896600e-01  5.2657551770e-03 
1161.000  4.3676142800e-01  5.4809598920e-03 
1162.000  4.5257232700e-01  5.9564032550e-03 
1163.000  4.5445210900e-01  6.2984843250e-03 
1164.000  4.4522069400e-01  6.2351026540e-03 
1165.000  4.5381485800e-01  6.4104018210e-03 
1166.000  4.4204379500e-01  6.3257613180e-03 
1167.000  4.4921313100e-01  6.4809637070e-03 
1168.000  4.5313938700e-01  6.5267190930e-03 
1169.000  4.3747047000e-01  6.3511953350e-03 
1170.000  4.4923473000e-01  6.5666465760e-03 
1171.000  4.5131342500e-01  6.6991701130e-03 
1172.000  4.4990228600e-01  6.6222343440e-03 
1173.000  4.4676810700e-01  6.5239753720e-03 
1174.000  4.4699440300e-01  6.5323610310e-03 
1175.000  4.4176160600e-01  6.6071810720e-03 
1176.000  4.3109665000e-01  6.5880432130e-03 
1177.000  4.4440796000e-01  6.7226471900e-03 
1178.000  4.3690168200e-01  6.4742889400e-03 
1179.000  4.3494236400e-01  6.4464831350e-03 
1180.000  4.4104808500e-01  6.4887242320e-03 
1181.000  4.3879528500e-01  6.3333473210e-03 
1182.000  4.3935006600e-01  6.2157149310e-03 
1183.000  4.1384144300e-01  5.8626503940e-03 
1184.000  4.3249317200e-01  6.1896915440e-03 
1185.000  4.3821565300e-01  6.4370055200e-03 
1186.000  4.3560814600e-01  6.3410468100e-03 
1187.000  4.3576230100e-01  6.1641612050e-03 
1188.000  4.3352689400e-01  6.0732994080e-03 
1189.000  4.0816396400e-01  5.7886357310e-03 
1190.000  4.2823593900e-01  6.3032579420e-03 
1191.000  4.3491277600e-01  6.4445633890e-03 
1192.000  4.3254507000e-01  6.4912023540e-03 
1193.000  4.3271118000e-01  6.4252367020e-03 
1194.000  4.3189852900e-01  6.3893132210e-03 
1195.000  4.2705717400e-01  6.2090048790e-03 
1196.000  4.2678818200e-01  6.2250223160e-03 
1197.000  4.2667448700e-01  6.1733508110e-03 
1198.000  4.1234465300e-01  5.9581346510e-03 
1199.000  3.9702112400e-01  5.6783766750e-03 
1200.000  4.2204974000e-01  6.0748000140e-03 
1201.000  4.2507810200e-01  6.1386618610e-03 
1202.000  4.2589363400e-01  6.1787004470e-03 
1203.000  4.0510817400e-01  5.8561749460e-03 
1204.000  4.1182191700e-01  5.9888582230e-03 
1205.000  4.2137457000e-01  6.3249058720e-03 
1206.000  4.1881120600e-01  6.3795423510e-03 
1207.000  4.2162351000e-01  6.4619483950e-03 
1208.000  4.1548598300e-01  6.3379879000e-03 
1209.000  3.8952757700e-01  5.8954062460e-03 
1210.000  4.1680437200e-01  6.2272968290e-03 
1211.000  4.0288127800e-01  6.0142221450e-03 
1212.000  4.1549579600e-01  6.2376775740e-03 
1213.000  4.1703096900e-01  6.3552665710e-03 
1214.000  4.1524649300e-01  6.3321757320e-03 
1215.000  4.1667267800e-01  6.4005055430e-03 
1216.000  4.1544121500e-01  6.5310125350e-03 
1217.000  4.1457745700e-01  6.6394047740e-03 
1218.000  4.1312734500e-01  6.6681513790e-03 
1219.000  4.0926169700e-01  6.6332550050e-03 
1220.000  4.1201226200e-01  6.6679253580e-03 
1221.000  4.1115934600e-01  6.6548595430e-03 
1222.000  4.0888168500e-01  6.6100521090e-03 
1223.000  4.0688049800e-01  6.6072044370e-03 
1224.000  4.0982147600e-01  6.7517662050e-03 
1225.000  4.0749811000e-01  6.7479243280e-03 
1226.000  4.0882602500e-01  6.8137245180e-03 
1227.000  3.9479773300e-01  6.6401848790e-03 
1228.000  4.0689632100e-01  6.9161810870e-03 
1229.000  4.0622023300e-01  6.9545788760e-03 
1230.000  4.0459183300e-01  6.9846448900e-03 
1231.000  4.0445957600e-01  7.0174760820e-03 
1232.000  3.9986089500e-01  6.9537401200e-03 
1233.000  4.0298014000e-01  7.0194225310e-03 
1234.000  4.0151318200e-01  7.0672769550e-03 
1235.000  3.9864163500e-01  7.0390639310e-03 
1236.000  4.0090009700e-01  7.0886931420e-03 
1237.000  4.0079448700e-01  7.1094012260e-03 
1238.000  4.0051021400e-01  7.1105432510e-03 
1239.000  3.9592712000e-01  7.0309696200e-03 
1240.000  3.9415013300e-01  7.0427756310e-03 
1241.000  3.9775794600e-01  7.1477050780e-03 
1242.000  3.9553953900e-01  7.1453833580e-03 
1243.000  3.9120962500e-01  7.1054863930e-03 
1244.000  3.8786124900e-01  7.0722856520e-03 
1245.000  3.9464067300e-01  7.2163829800e-03 
1246.000  3.9170709800e-01  7.1158270840e-03 
1247.000  3.8991989300e-01  7.0349268910e-03 
1248.000  3.9308756100e-01  7.0431785580e-03 
1249.000  3.9175689600e-01  6.9798035620e-03 
1250.000  3.9036269100e-01  6.9081439970e-03 
1251.000  3.8783152000e-01  6.8287568090e-03 
1252.000  3.8683458200e-01  6.7743501660e-03 
1253.000  3.8381100900e-01  6.6828112600e-03 
1254.000  3.8513749000e-01  6.6395759580e-03 
1255.000  3.8472626620e-01  6.5856180190e-03 
1256.000  3.8413221680e-01  6.5357618330e-03 
1257.000  3.8001781680e-01  6.3768792150e-03 
1258.000  3.8201018330e-01  6.2678575520e-03 
1259.000  3.7811475230e-01  6.0833501820e-03 
1260.000  3.7893130480e-01  5.9698576930e-03 
1261.000  3.7848403160e-01  5.8348159790e-03 
1262.000  3.7038605160e-01  5.5571284290e-03 
1263.000  3.7487837110e-01  5.6130828860e-03 
1264.000  3.6904174550e-01  5.5293912890e-03 
1265.000  3.6971419130e-01  5.5563020710e-03 
1266.000  3.7210201670e-01  5.5730710030e-03 
1267.000  3.6513327250e-01  5.4479913710e-03 
1268.000  3.6153770960e-01  5.3623566630e-03 
1269.000  3.6492205720e-01  5.3982834820e-03 
1270.000  3.6893233810e-01  5.5788507460e-03 
1271.000  3.7098054410e-01  5.6695117950e-03 
1272.000  3.6988352170e-01  5.7127733230e-03 
1273.000  3.6956522300e-01  5.7737507820e-03 
1274.000  3.6735799860e-01  5.8063726430e-03 
1275.000  3.6951981230e-01  5.8641304970e-03 
1276.000  3.7011301300e-01  5.8790898320e-03 
1277.000  3.6983669510e-01  5.8666920660e-03 
1278.000  3.6877631150e-01  5.8377470970e-03 
1279.000  3.6630770070e-01  5.8199605940e-03 
1280.000  3.6414440460e-01  5.8788580890e-03 
1281.000  3.5375884390e-01  5.8001260760e-03 
1282.000  3.1414475080e-01  5.2297315600e-03 
1283.000  3.4476799890e-01  5.8024101260e-03 
1284.000  3.5899495290e-01  6.0853075980e-03 
1285.000  3.6162734710e-01  6.1492996220e-03 
1286.000  3.6150917180e-01  6.1141810420e-03 
1287.000  3.6372029750e-01  6.0950269700e-03 
1288.000  3.6144012220e-01  5.8744816780e-03 
1289.000  3.6359463180e-01  5.8548774720e-03 
1290.000  3.5526365060e-01  5.7021031380e-03 
1291.000  3.6012661290e-01  5.7571997640e-03 
1292.000  3.6162956770e-01  5.7969727520e-03 
1293.000  3.6195288020e-01  5.7589373590e-03 
1294.000  3.5620801620e-01  5.5466151240e-03 
1295.000  3.6004312760e-01  5.4567084310e-03 
1296.000  3.6030805100e-01  5.3522405620e-03 
1297.000  3.5808665150e-01  5.2573566440e-03 
1298.000  3.5488751770e-01  5.2158784870e-03 
1299.000  3.5845068520e-01  5.2718524930e-03 
1300.000  3.5701133330e-01  5.2549414630e-03 
1301.000  3.5644241000e-01  5.2284030910e-03 
1302.000  3.5187022670e-01  5.0736260410e-03 
1303.000  3.4998111340e-01  4.8677635190e-03 
1304.000  3.5020856060e-01  4.7774448390e-03 
1305.000  3.5236600730e-01  4.7534999850e-03 
1306.000  3.5270099910e-01  4.6999526020e-03 
1307.000  3.5165988140e-01  4.6476054190e-03 
1308.000  3.5136076850e-01  4.5599679950e-03 
1309.000  3.5104732920e-01  4.4364933970e-03 
1310.000  3.4959008850e-01  4.4157171250e-03 
1311.000  3.4851874610e-01  4.4090371130e-03 
1312.000  3.4743330500e-01  4.2523026470e-03 
1313.000  3.3460128700e-01  3.9217274190e-03 
1314.000  3.4504608480e-01  3.8960862160e-03 
1315.000  3.3342803270e-01  3.8362534050e-03 
1316.000  3.4118436610e-01  4.0362000470e-03 
1317.000  3.4485505720e-01  4.0800762180e-03 
1318.000  3.3997524220e-01  3.8399896620e-03 
1319.000  3.4463277520e-01  3.6586399080e-03 
1320.000  3.4208874890e-01  3.3956346510e-03 
1321.000  3.4058622530e-01  3.2970628740e-03 
1322.000  3.3990599610e-01  3.4190862180e-03 
1323.000  3.4065819040e-01  3.5774755480e-03 
1324.000  3.4083872120e-01  3.6693155770e-03 
1325.000  3.3974963310e-01  3.5935053830e-03 
1326.000  3.3816093990e-01  3.4187886710e-03 
1327.000  3.3546071050e-01  3.0872290130e-03 
1328.000  3.3634657110e-01  2.8273830410e-03 
1329.000  3.2407099580e-01  2.3367817400e-03 
1330.000  3.2914553150e-01  2.2419655320e-03 
1331.000  3.3061137570e-01  2.1755414010e-03 
1332.000  3.2306552270e-01  2.1473813060e-03 
1333.000  3.3160347020e-01  2.2726187710e-03 
1334.000  3.3201790380e-01  2.3698065280e-03 
1335.000  3.3230336160e-01  2.4426941870e-03 
1336.000  3.2870573700e-01  2.4396564960e-03 
1337.000  3.2977009900e-01  2.4509475230e-03 
1338.000  3.2952644850e-01  2.5018603800e-03 
1339.000  3.2598579770e-01  2.4769070150e-03 
1340.000  3.2364584730e-01  2.5035703180e-03 
1341.000  3.2853072470e-01  2.4798693660e-03 
1342.000  3.2772705130e-01  2.4803066250e-03 
1343.000  3.2769840100e-01  2.2934894560e-03 
1344.000  3.2620079160e-01  2.1319296360e-03 
1345.000  3.2370157660e-01  1.8518053290e-03 
1346.000  3.1853036030e-01  1.7089623210e-03 
1347.000  3.1913631090e-01  1.6599982980e-03 
1348.000  3.1555910200e-01  1.5896983150e-03 
1349.000  3.1341712280e-01  1.5574477910e-03 
1350.000  3.0701917960e-01  1.4839788680e-03 
1351.000  3.0485125410e-01  1.4463396070e-03 
1352.000  3.0540891690e-01  1.4086493250e-03 
1353.000  2.9955642830e-01  1.3336137530e-03 
1354.000  2.9593899640e-01  1.2898865940e-03 
1355.000  2.9029922790e-01  1.2355275150e-03 
1356.000  2.8602522680e-01  1.1850007770e-03 
1357.000  2.7932655820e-01  1.1176503900e-03 
1358.000  2.7972427200e-01  1.0769048930e-03 
1359.000  2.7200796910e-01  9.7551292180e-04 
1360.000  2.6204023590e-01  8.9468872550e-04 
1361.000  2.6423799430e-01  8.7275469300e-04 
1362.000  2.6197440320e-01  8.5696303840e-04 
1363.000  2.6223722590e-01  9.0285056830e-04 
1364.000  2.6750737850e-01  9.3620258570e-04 
1365.000  2.6737076260e-01  9.4400256870e-04 
1366.000  2.6924863960e-01  9.6802794930e-04 
1367.000  2.6429874140e-01  9.2787557840e-04 
1368.000  2.6432277610e-01  9.0719664100e-04 
1369.000  2.5956032320e-01  8.9579272270e-04 
1370.000  2.6507173750e-01  9.6697288750e-04 
1371.000  2.7285141940e-01  1.0671757460e-03 
1372.000  2.8368911650e-01  1.1842113730e-03 
1373.000  2.8779217660e-01  1.2471989390e-03 
1374.000  2.9107973560e-01  1.2857857940e-03 
1375.000  2.8698906190e-01  1.2785104510e-03 
1376.000  2.8270035550e-01  1.2511874440e-03 
1377.000  2.8527953070e-01  1.2449790240e-03 
1378.000  2.8038130180e-01  1.1904060840e-03 
1379.000  2.7852737040e-01  1.1331440210e-03 
1380.000  2.6853954480e-01  1.0246212480e-03 
1381.000  2.6248578360e-01  9.3580830100e-04 
1382.000  2.5434193040e-01  8.7076705690e-04 
1383.000  2.5656718750e-01  8.7425386910e-04 
1384.000  2.6226324310e-01  9.4804877040e-04 
1385.000  2.6434626830e-01  9.9773353340e-04 
1386.000  2.7232459530e-01  1.0777873990e-03 
1387.000  2.7622696650e-01  1.1681244370e-03 
1388.000  2.8201737170e-01  1.2270176410e-03 
1389.000  2.8426238260e-01  1.2517344950e-03 
1390.000  2.7925011530e-01  1.2341362240e-03 
1391.000  2.8198627500e-01  1.2340435980e-03 
1392.000  2.7754554480e-01  1.1791845560e-03 
1393.000  2.7300220940e-01  1.1257381440e-03 
1394.000  2.6695068140e-01  1.0689445730e-03 
1395.000  2.6825153530e-01  1.0884022710e-03 
1396.000  2.7418066140e-01  1.1507298950e-03 
1397.000  2.7724811040e-01  1.1942530870e-03 
1398.000  2.7745955390e-01  1.1986221080e-03 
1399.000  2.7564622190e-01  1.1803317070e-03 
1400.000  2.6764283190e-01  1.1408737900e-03 
1401.000  2.6885503140e-01  1.1490422490e-03 
1402.000  2.7541929950e-01  1.2007700200e-03 
1403.000  2.7471969710e-01  1.2118794920e-03 
1404.000  2.7263731420e-01  1.1939840320e-03 
1405.000  2.7280267120e-01  1.1956670280e-03 
1406.000  2.7241872910e-01  1.1827361580e-03 
1407.000  2.7268909350e-01  1.1829314230e-03 
1408.000  2.7353099670e-01  1.2090315820e-03 
1409.000  2.7644608290e-01  1.2379568820e-03 
1410.000  2.7763747180e-01  1.2712726590e-03 
1411.000  2.7970863050e-01  1.3005784750e-03 
1412.000  2.6877896330e-01  1.2474415300e-03 
1413.000  2.7396943320e-01  1.2778115270e-03 
1414.000  2.7755227900e-01  1.2866420750e-03 
1415.000  2.7739138790e-01  1.2969306710e-03 
1416.000  2.7688244600e-01  1.3045941590e-03 
1417.000  2.7890368980e-01  1.3122342820e-03 
1418.000  2.7901241330e-01  1.3109557630e-03 
1419.000  2.7503877520e-01  1.2900525330e-03 
1420.000  2.7443511350e-01  1.2889621260e-03 
1421.000  2.7898980830e-01  1.3273508550e-03 
1422.000  2.7275594240e-01  1.3043391700e-03 
1423.000  2.7109549990e-01  1.2963744400e-03 
1424.000  2.7134051700e-01  1.2918632030e-03 
1425.000  2.7657630950e-01  1.3042423730e-03 
1426.000  2.6538501720e-01  1.2482258080e-03 
1427.000  2.6952580810e-01  1.2742704150e-03 
1428.000  2.7537581390e-01  1.3066663740e-03 
1429.000  2.6891748700e-01  1.2829381230e-03 
1430.000  2.6307621460e-01  1.2482594250e-03 
1431.000  2.6247326790e-01  1.2185363770e-03 
1432.000  2.6724465280e-01  1.2242914440e-03 
1433.000  2.6738044600e-01  1.2198828460e-03 
1434.000  2.6199160330e-01  1.1851358410e-03 
1435.000  2.6518803600e-01  1.2105804680e-03 
1436.000  2.6522381450e-01  1.2131851910e-03 
1437.000  2.6627150770e-01  1.2170240880e-03 
1438.000  2.6562356360e-01  1.2293142080e-03 
1439.000  2.6876400760e-01  1.2423084970e-03 
1440.000  2.5212738850e-01  1.1693807840e-03 
1441.000  2.6483255930e-01  1.2279782300e-03 
1442.000  2.5866659830e-01  1.1878130440e-03 
1443.000  2.6296189790e-01  1.2029477360e-03 
1444.000  2.6424065140e-01  1.2106094360e-03 
1445.000  2.6344309430e-01  1.2040538790e-03 
1446.000  2.6627105510e-01  1.2271009680e-03 
1447.000  2.6505378880e-01  1.2319020030e-03 
1448.000  2.6708020370e-01  1.2389422660e-03 
1449.000  2.6697397400e-01  1.2233109470e-03 
1450.000  2.6517765710e-01  1.1939468380e-03 
1451.000  2.6346787550e-01  1.1871333120e-03 
1452.000  2.6022391700e-01  1.1956974270e-03 
1453.000  2.6517678520e-01  1.2738353010e-03 
1454.000  2.6620733850e-01  1.3583920000e-03 
1455.000  2.6284030730e-01  1.4003133770e-03 
1456.000  2.6272014240e-01  1.4669691320e-03 
1457.000  2.6523922710e-01  1.4844754930e-03 
1458.000  2.6886603420e-01  1.5150808100e-03 
1459.000  2.6986497840e-01  1.4574615960e-03 
1460.000  2.6527365810e-01  1.3806643490e-03 
1461.000  2.6469401070e-01  1.3459668160e-03 
1462.000  2.6180324130e-01  1.2656342980e-03 
1463.000  2.6005762920e-01  1.2504317760e-03 
1464.000  2.5988656870e-01  1.2270965580e-03 
1465.000  2.6289174030e-01  1.1988860370e-03 
1466.000  2.5663052290e-01  1.1263366940e-03 
1467.000  2.6278158040e-01  1.1235506530e-03 
1468.000  2.5631459810e-01  1.0670815710e-03 
1469.000  2.5914114660e-01  1.0418761970e-03 
1470.000  2.5764642260e-01  1.0199264290e-03 
1471.000  2.5357209240e-01  1.0307229760e-03 
1472.000  2.5510439310e-01  1.0863903760e-03 
1473.000  2.5734902980e-01  1.1925830840e-03 
1474.000  2.5026358890e-01  1.2511962650e-03 
1475.000  2.5558469300e-01  1.2729687690e-03 
1476.000  2.5598892650e-01  1.2690417770e-03 
1477.000  2.5674016560e-01  1.2354934220e-03 
1478.000  2.5302668450e-01  1.1825271840e-03 
1479.000  2.5592543890e-01  1.1504603620e-03 
1480.000  2.5732781470e-01  1.1773740050e-03 
1481.000  2.5349154820e-01  1.2027502060e-03 
1482.000  2.5664750400e-01  1.2739679810e-03 
1483.000  2.5136157500e-01  1.2608793970e-03 
1484.000  2.5368487480e-01  1.2749782800e-03 
1485.000  2.5851413810e-01  1.2875539060e-03 
1486.000  2.5425419120e-01  1.3232698440e-03 
1487.000  2.5454508700e-01  1.4483575820e-03 
1488.000  2.2252337550e-01  1.2779873610e-03 
1489.000  2.5550399310e-01  1.6533788440e-03 
1490.000  2.5609865340e-01  1.8379123210e-03 
1491.000  2.5864428310e-01  1.9883897300e-03 
1492.000  2.5263440520e-01  1.9660886530e-03 
1493.000  2.5831157030e-01  2.1058425900e-03 
1494.000  2.5733056150e-01  2.1064453120e-03 
1495.000  2.5553002130e-01  2.1767666340e-03 
1496.000  2.4797345170e-01  2.2597990040e-03 
1497.000  2.5379749470e-01  2.3037433620e-03 
1498.000  2.5636813270e-01  2.4654016490e-03 
1499.000  2.5205615550e-01  2.5501122470e-03 
1500.000  2.5635465470e-01  2.6853895190e-03 
1501.000  2.5598859840e-01  2.6295576100e-03 
1502.000  2.5401129600e-01  2.5404512880e-03 
1503.000  2.2808749370e-01  2.2302198410e-03 
1504.000  2.3763141520e-01  2.3439285760e-03 
1505.000  2.3689317870e-01  2.4526164530e-03 
1506.000  2.4008711200e-01  2.5141243930e-03 
1507.000  2.5109837350e-01  2.7440714840e-03 
1508.000  2.4717776610e-01  2.7710614200e-03 
1509.000  2.4824551590e-01  2.8611240390e-03 
1510.000  2.5208154410e-01  2.9456682210e-03 
1511.000  2.5322784410e-01  3.0231270790e-03 
1512.000  2.4847431610e-01  3.0117502210e-03 
1513.000  2.4805846100e-01  3.0459132190e-03 
1514.000  2.4466302430e-01  3.0260648730e-03 
1515.000  2.4947089330e-01  3.1043717860e-03 
1516.000  2.4715587230e-01  3.0443038940e-03 
1517.000  2.4569218090e-01  3.0085902210e-03 
1518.000  2.5022047290e-01  3.0740578170e-03 
1519.000  2.4650717890e-01  3.0448255540e-03 
1520.000  2.4802364110e-01  3.1379282470e-03 
1521.000  2.4329958790e-01  3.1737728120e-03 
1522.000  2.4187573720e-01  3.2044868470e-03 
1523.000  2.4776322820e-01  3.3488826750e-03 
1524.000  2.4600449020e-01  3.3568940160e-03 
1525.000  2.4052233480e-01  3.2946894170e-03 
1526.000  2.4729748050e-01  3.3639287950e-03 
1527.000  2.4462464020e-01  3.3232111930e-03 
1528.000  2.4610795290e-01  3.3474555020e-03 
1529.000  2.4532912210e-01  3.3072299960e-03 
1530.000  2.2949807790e-01  3.0911083220e-03 
1531.000  2.4522243560e-01  3.2709989550e-03 
1532.000  2.4364945790e-01  3.2205805780e-03 
1533.000  2.4241861840e-01  3.1632292270e-03 
1534.000  2.3856609100e-01  3.0709464550e-03 
1535.000  2.3918036930e-01  3.0374367240e-03 
1536.000  2.4237889510e-01  3.1134769920e-03 
1537.000  2.4294151500e-01  3.1719093320e-03 
1538.000  2.3609714630e-01  3.1349234580e-03 
1539.000  2.4092486310e-01  3.2498810290e-03 
1540.000  2.3209681620e-01  3.1720294950e-03 
1541.000  2.3685912280e-01  3.2388043400e-03 
1542.000  2.3826754220e-01  3.2485122680e-03 
1543.000  2.3738114510e-01  3.2349777220e-03 
1544.000  2.4006607980e-01  3.2750911710e-03 
1545.000  2.4046736280e-01  3.2928686140e-03 
1546.000  2.4026057190e-01  3.3184618950e-03 
1547.000  2.3760871060e-01  3.3089890480e-03 
1548.000  2.3040379230e-01  3.2331886290e-03 
1549.000  2.3630905310e-01  3.3313245770e-03 
1550.000  2.3499711440e-01  3.3255679610e-03 
1551.000  2.3376688530e-01  3.2940475940e-03 
1552.000  2.3774041140e-01  3.3226442340e-03 
1553.000  2.3639915780e-01  3.2821154590e-03 
1554.000  2.2773744290e-01  3.1348860260e-03 
1555.000  2.3138990450e-01  3.1667482850e-03 
1556.000  2.2688488230e-01  3.1270589830e-03 
1557.000  2.3424978490e-01  3.2838861940e-03 
1558.000  2.3245551820e-01  3.3056666850e-03 
1559.000  2.3256660030e-01  3.3519418240e-03 
1560.000  2.2855053590e-01  3.3438851830e-03 
1561.000  2.3398815810e-01  3.4337158200e-03 
1562.000  2.3406334390e-01  3.4024271970e-03 
1563.000  2.3072416840e-01  3.3291511540e-03 
1564.000  2.2638091330e-01  3.2331314090e-03 
1565.000  2.3029437100e-01  3.2491245270e-03 
1566.000  2.2593043250e-01  3.1895625590e-03 
1567.000  2.2658327980e-01  3.2021138670e-03 
1568.000  2.2277436830e-01  3.1390821930e-03 
1569.000  2.2460287100e-01  3.1515922550e-03 
1570.000  2.1956570410e-01  3.0801982880e-03 
1571.000  2.2544892050e-01  3.1901350020e-03 
1572.000  2.2565170140e-01  3.2031610010e-03 
1573.000  2.2187530520e-01  3.1788158420e-03 
1574.000  2.2209689070e-01  3.2199575900e-03 
1575.000  2.0597741420e-01  3.0147604940e-03 
1576.000  2.2128796200e-01  3.2387399670e-03 
1577.000  1.9972714370e-01  2.8837604520e-03 
1578.000  2.1844346650e-01  3.1111540790e-03 
1579.000  2.1937731350e-01  3.0873856540e-03 
1580.000  2.2328296250e-01  3.1142072680e-03 
1581.000  2.2180230760e-01  3.0554394720e-03 
1582.000  2.1670463910e-01  3.0160424710e-03 
1583.000  2.1879348600e-01  3.0746223930e-03 
1584.000  2.1633115500e-01  3.0697636600e-03 
1585.000  2.2235482460e-01  3.1794106960e-03 
1586.000  2.1956185470e-01  3.1482727530e-03 
1587.000  2.1688623020e-01  3.1352989670e-03 
1588.000  2.1341709650e-01  3.1081480980e-03 
1589.000  1.9520425630e-01  2.8508327010e-03 
1590.000  2.1035698390e-01  3.0815579890e-03 
1591.000  2.0564347390e-01  3.0247955320e-03 
1592.000  2.1655063720e-01  3.1919744010e-03 
1593.000  2.2146809900e-01  3.2668890950e-03 
1594.000  2.1991383990e-01  3.2456831930e-03 
1595.000  2.2137885190e-01  3.2682666780e-03 
1596.000  2.0737329610e-01  3.0764393810e-03 
1597.000  2.1583093890e-01  3.1955513950e-03 
1598.000  2.1990415370e-01  3.2408878800e-03 
1599.000  2.1254257200e-01  3.1126475330e-03 
1600.000  2.1608485850e-01  3.1523189540e-03 
1601.000  2.0698851190e-01  3.0352911950e-03 
1602.000  2.1228168700e-01  3.1494112010e-03 
1603.000  2.1067150170e-01  3.1791863440e-03 
1604.000  2.1325859240e-01  3.2787637710e-03 
1605.000  2.1010563330e-01  3.2715811730e-03 
1606.000  2.0925016810e-01  3.3013718130e-03 
1607.000  2.1012971550e-01  3.2776238920e-03 
1608.000  2.1252392940e-01  3.2781169410e-03 
1609.000  2.1170690090e-01  3.2351989750e-03 
1610.000  1.9849654440e-01  3.0085344310e-03 
1611.000  2.0420289490e-01  3.0859241490e-03 
1612.000  2.0594895020e-01  3.1048438550e-03 
1613.000  2.1034454830e-01  3.1617736820e-03 
1614.000  2.0828018680e-01  3.0974118710e-03 
1615.000  2.1154425440e-01  3.1309642790e-03 
1616.000  1.9820327230e-01  2.9168443680e-03 
1617.000  2.0391576430e-01  3.0462434290e-03 
1618.000  2.1026937960e-01  3.1682710650e-03 
1619.000  2.0952553570e-01  3.2039763930e-03 
1620.000  2.0417500760e-01  3.1674318310e-03 
1621.000  2.0111427210e-01  3.1583437920e-03 
1622.000  2.0617647200e-01  3.2434532640e-03 
1623.000  2.1030463200e-01  3.3228833680e-03 
1624.000  2.1175802900e-01  3.3555245400e-03 
1625.000  2.0644011880e-01  3.2965035440e-03 
1626.000  2.0897147510e-01  3.3269908430e-03 
1627.000  2.0870192030e-01  3.3427834510e-03 
1628.000  2.1037901480e-01  3.3808400630e-03 
1629.000  2.1034854030e-01  3.3897519110e-03 
1630.000  2.0463768300e-01  3.2999930380e-03 
1631.000  2.0783824390e-01  3.3639640810e-03 
1632.000  2.0789074470e-01  3.3067264560e-03 
1633.000  2.0521525100e-01  3.2208905220e-03 
1634.000  2.0041322200e-01  3.0994536880e-03 
1635.000  2.0578658680e-01  3.1420822140e-03 
1636.000  2.0524224160e-01  3.0867655280e-03 
1637.000  1.9610462690e-01  2.9070186610e-03 
1638.000  1.9467152740e-01  2.8522310260e-03 
1639.000  1.9273159850e-01  2.7766885760e-03 
1640.000  1.9388760480e-01  2.7547748090e-03 
1641.000  1.9268780400e-01  2.7117760180e-03 
1642.000  1.9244762010e-01  2.7785983090e-03 
1643.000  1.9739383330e-01  2.9171307090e-03 
1644.000  1.9433913210e-01  2.9361960890e-03 
1645.000  1.9477236640e-01  3.0033214090e-03 
1646.000  1.9711325020e-01  3.0972597600e-03 
1647.000  1.9896405330e-01  3.1218287940e-03 
1648.000  1.9819546600e-01  3.0982096200e-03 
1649.000  1.9366785250e-01  3.0217311380e-03 
1650.000  1.9857534750e-01  3.0948517320e-03 
1651.000  1.9410121060e-01  3.0218434330e-03 
1652.000  1.9797498040e-01  3.0773065090e-03 
1653.000  1.9575202960e-01  3.0495998860e-03 
1654.000  1.9794840690e-01  3.0852437020e-03 
1655.000  1.9398080660e-01  3.0329313280e-03 
1656.000  1.9770652560e-01  3.0972251890e-03 
1657.000  1.9627355970e-01  3.0742619040e-03 
1658.000  1.9733403250e-01  3.0983083250e-03 
1659.000  1.9369914200e-01  3.0414543150e-03 
1660.000  1.9606296580e-01  3.0709943770e-03 
1661.000  1.9683265730e-01  3.0626308920e-03 
1662.000  1.9550998450e-01  2.9764773850e-03 
1663.000  1.9427935590e-01  2.8997240070e-03 
1664.000  1.9345709130e-01  2.8287236690e-03 
1665.000  1.9148153630e-01  2.7408492570e-03 
1666.000  1.9054950000e-01  2.7171659470e-03 
1667.000  1.9207209020e-01  2.7974984650e-03 
1668.000  1.8881777970e-01  2.7907986640e-03 
1669.000  1.8912028270e-01  2.8435175420e-03 
1670.000  1.9319239720e-01  2.9535398480e-03 
1671.000  1.9171736640e-01  2.9834220410e-03 
1672.000  1.8263653760e-01  2.9022796150e-03 
1673.000  1.8801686540e-01  3.0389428140e-03 
1674.000  1.8889061140e-01  3.1080174450e-03 
1675.000  1.8714061960e-01  3.1404256820e-03 
1676.000  1.8415958540e-01  3.1100988390e-03 
1677.000  1.8504459870e-01  3.1214835640e-03 
1678.000  1.8591331470e-01  3.1391916280e-03 
1679.000  1.8344065690e-01  3.0895757680e-03 
1680.000  1.7703189360e-01  2.9831223490e-03 
1681.000  1.7082664410e-01  2.8786618710e-03 
1682.000  1.7575971820e-01  2.9585871700e-03 
1683.000  1.8015289760e-01  3.0254116060e-03 
1684.000  1.8351396720e-01  3.0755233760e-03 
1685.000  1.8423280390e-01  3.0700807570e-03 
1686.000  1.8201002040e-01  3.0182580950e-03 
1687.000  1.8302620760e-01  2.9937036040e-03 
1688.000  1.8336795100e-01  2.9630451200e-03 
1689.000  1.8115800750e-01  2.9080691340e-03 
1690.000  1.8132130200e-01  2.8720350270e-03 
1691.000  1.8369407750e-01  2.9192464350e-03 
1692.000  1.8402844080e-01  2.9428095820e-03 
1693.000  1.8332895550e-01  2.9532434940e-03 
1694.000  1.8305148970e-01  2.9672200680e-03 
1695.000  1.8326076950e-01  2.9770398140e-03 
1696.000  1.8218902840e-01  2.9209222790e-03 
1697.000  1.8114836690e-01  2.8537213800e-03 
1698.000  1.8224155530e-01  2.8239650730e-03 
1699.000  1.8106386880e-01  2.7625265120e-03 
1700.000  1.7874282390e-01  2.6865851880e-03 
