 lambda   Irr_dw            Rad_up 
 550.000  1.5550136400e+00  5.7013420100e-02 
 551.000  1.5447335200e+00  5.6477550510e-02 
 552.000  1.6106679200e+00  5.8843872070e-02 
 553.000  1.5470310800e+00  5.6335853580e-02 
 554.000  1.5970321000e+00  5.8088417050e-02 
 555.000  1.6010151900e+00  5.8014156340e-02 
 556.000  1.5564259400e+00  5.6190208440e-02 
 557.000  1.5098751900e+00  5.4454265590e-02 
 558.000  1.5668565500e+00  5.6300872800e-02 
 559.000  1.4807052900e+00  5.3070781710e-02 
 560.000  1.4869608400e+00  5.3234180450e-02 
 561.000  1.6340307200e+00  5.8268074040e-02 
 562.000  1.5000881500e+00  5.3397621150e-02 
 563.000  1.5693464500e+00  5.5651306150e-02 
 564.000  1.5473349400e+00  5.4597789760e-02 
 565.000  1.5660925700e+00  5.5173873900e-02 
 566.000  1.4439976600e+00  5.0677513120e-02 
 567.000  1.5502578200e+00  5.4078292850e-02 
 568.000  1.5508338200e+00  5.3470546720e-02 
 569.000  1.5294344700e+00  5.1535408020e-02 
 570.000  1.5359654500e+00  5.1745758060e-02 
 571.000  1.4749948200e+00  5.0271835330e-02 
 572.000  1.5658419700e+00  5.2611747740e-02 
 573.000  1.5806950600e+00  5.3204605100e-02 
 574.000  1.5716276400e+00  5.2807189940e-02 
 575.000  1.5338025900e+00  5.1349498750e-02 
 576.000  1.5061872800e+00  5.0300582890e-02 
 577.000  1.5668457900e+00  5.2342178340e-02 
 578.000  1.5183864200e+00  5.0993595120e-02 
 579.000  1.5045621300e+00  5.0542335510e-02 
 580.000  1.5544126800e+00  5.2424530030e-02 
 581.000  1.5232867100e+00  5.1513523100e-02 
 582.000  1.5442430200e+00  5.2107761380e-02 
 583.000  1.5541456400e+00  5.2485412600e-02 
 584.000  1.5484842300e+00  5.2104824070e-02 
 585.000  1.5378697500e+00  5.1592281340e-02 
 586.000  1.4714691800e+00  4.9312076570e-02 
 587.000  1.5320811400e+00  5.0779434200e-02 
 588.000  1.5302090700e+00  4.9334190370e-02 
 589.000  1.3757125400e+00  4.2716457370e-02 
 590.000  1.4376327300e+00  4.4522930150e-02 
 591.000  1.5129613200e+00  4.7839889530e-02 
 592.000  1.4915720400e+00  4.6397727970e-02 
 593.000  1.4908312200e+00  4.7514335630e-02 
 594.000  1.5081220600e+00  4.7721931460e-02 
 595.000  1.4907696500e+00  4.6186534880e-02 
 596.000  1.5110076600e+00  4.8041206360e-02 
 597.000  1.5190643200e+00  4.7812500000e-02 
 598.000  1.4811334800e+00  4.7120029450e-02 
 599.000  1.4786529200e+00  4.7198722840e-02 
 600.000  1.4727576700e+00  4.7481220250e-02 
 601.000  1.4603345300e+00  4.7433181760e-02 
 602.000  1.4428665100e+00  4.6870925900e-02 
 603.000  1.4501048300e+00  4.7221881870e-02 
 604.000  1.4947722800e+00  4.8824176790e-02 
 605.000  1.4903423000e+00  4.8532535550e-02 
 606.000  1.4728461700e+00  4.8002197270e-02 
 607.000  1.4643829600e+00  4.7622123720e-02 
 608.000  1.4588823800e+00  4.7309219360e-02 
 609.000  1.4438214300e+00  4.6784408570e-02 
 610.000  1.4205994600e+00  4.5906318660e-02 
 611.000  1.4435817300e+00  4.6593963620e-02 
 612.000  1.4247396500e+00  4.5940608980e-02 
 613.000  1.4038896400e+00  4.5155395510e-02 
 614.000  1.3527151900e+00  4.3487449650e-02 
 615.000  1.4180422100e+00  4.5432697300e-02 
 616.000  1.3483034000e+00  4.3186359410e-02 
 617.000  1.3559871800e+00  4.3379478450e-02 
 618.000  1.4200707000e+00  4.5246639250e-02 
 619.000  1.4072447100e+00  4.4852272030e-02 
 620.000  1.4282508900e+00  4.5335250850e-02 
 621.000  1.4531194900e+00  4.6073604580e-02 
 622.000  1.3768000900e+00  4.3543163300e-02 
 623.000  1.3880180000e+00  4.3679363250e-02 
 624.000  1.3899597300e+00  4.3773784640e-02 
 625.000  1.3527440200e+00  4.2556030270e-02 
 626.000  1.3606671600e+00  4.2554256440e-02 
 627.000  1.3891273600e+00  4.2883949280e-02 
 628.000  1.3956828500e+00  4.1539810180e-02 
 629.000  1.4165763100e+00  4.2759864810e-02 
 630.000  1.3657357900e+00  4.1609077450e-02 
 631.000  1.4115224500e+00  4.3117950440e-02 
 632.000  1.3169714300e+00  3.9980506900e-02 
 633.000  1.4070997500e+00  4.3106655120e-02 
 634.000  1.3625219000e+00  4.1901283260e-02 
 635.000  1.3870137100e+00  4.2669254300e-02 
 636.000  1.3367912200e+00  4.1198162080e-02 
 637.000  1.3800869500e+00  4.2585327150e-02 
 638.000  1.3988186100e+00  4.3316818240e-02 
 639.000  1.3869780500e+00  4.2786540990e-02 
 640.000  1.3420350300e+00  4.1645744320e-02 
 641.000  1.3612672900e+00  4.2182617190e-02 
 642.000  1.3439228900e+00  4.1665111540e-02 
 643.000  1.3691038200e+00  4.2244380950e-02 
 644.000  1.3533221200e+00  4.1619270320e-02 
 645.000  1.3675438500e+00  4.1877079010e-02 
 646.000  1.3253403900e+00  3.9572555540e-02 
 647.000  1.3505963200e+00  3.9643001560e-02 
 648.000  1.3561640400e+00  3.9287921910e-02 
 649.000  1.3761620100e+00  4.0184196470e-02 
 650.000  1.2629005000e+00  3.7821910860e-02 
 651.000  1.3604937500e+00  4.0706722260e-02 
 652.000  1.3459338800e+00  3.9345478060e-02 
 653.000  1.3595980400e+00  4.0735778810e-02 
 654.000  1.3433651500e+00  3.9962429050e-02 
 655.000  1.3127557800e+00  3.8630527500e-02 
 656.000  1.1131975600e+00  3.2810108180e-02 
 657.000  1.1858797300e+00  3.5111835480e-02 
 658.000  1.3165353800e+00  3.9396522520e-02 
 659.000  1.3171910300e+00  3.9553512570e-02 
 660.000  1.3264819600e+00  3.9916854860e-02 
 661.000  1.3290854700e+00  4.0302017210e-02 
 662.000  1.3467588500e+00  4.0938816070e-02 
 663.000  1.3321911200e+00  4.0368106840e-02 
 664.000  1.3105210500e+00  3.9712303160e-02 
 665.000  1.3158574100e+00  3.9851406100e-02 
 666.000  1.3311390700e+00  4.0433349610e-02 
 667.000  1.3043194900e+00  3.9518341060e-02 
 668.000  1.3111818700e+00  3.9838607790e-02 
 669.000  1.3297880800e+00  4.0441463470e-02 
 670.000  1.3137655400e+00  3.9797145840e-02 
 671.000  1.2996817800e+00  3.9378604890e-02 
 672.000  1.2953743000e+00  3.9203170780e-02 
 673.000  1.3045904000e+00  3.9418643950e-02 
 674.000  1.3070666100e+00  3.9479297640e-02 
 675.000  1.2870301200e+00  3.8792682650e-02 
 676.000  1.3112713300e+00  3.9511596680e-02 
 677.000  1.2851281900e+00  3.8717414860e-02 
 678.000  1.3063214400e+00  3.9290271760e-02 
 679.000  1.2879144900e+00  3.8633773800e-02 
 680.000  1.2784679200e+00  3.8303710940e-02 
 681.000  1.2804434500e+00  3.8261257170e-02 
 682.000  1.2780072700e+00  3.8054603580e-02 
 683.000  1.2866968100e+00  3.8187091830e-02 
 684.000  1.2644846900e+00  3.7480216980e-02 
 685.000  1.2781556600e+00  3.7824314120e-02 
 686.000  1.2249638800e+00  3.5829734800e-02 
 687.000  1.2259685400e+00  3.1777200700e-02 
 688.000  1.2268714700e+00  3.2810375210e-02 
 689.000  1.2304153000e+00  3.2669376370e-02 
 690.000  1.2363610200e+00  3.3367786410e-02 
 691.000  1.2413247400e+00  3.4219242100e-02 
 692.000  1.2338493600e+00  3.4362724300e-02 
 693.000  1.2420089700e+00  3.3659358980e-02 
 694.000  1.2556463500e+00  3.3313808440e-02 
 695.000  1.2326561000e+00  3.3093433380e-02 
 696.000  1.2464569800e+00  3.3715160370e-02 
 697.000  1.2453912700e+00  3.5335292820e-02 
 698.000  1.2231024700e+00  3.4246936800e-02 
 699.000  1.2489580200e+00  3.3588348390e-02 
 700.000  1.2340208200e+00  3.3345115660e-02 
 701.000  1.2070995700e+00  3.2264331820e-02 
 702.000  1.2008981200e+00  3.2290470120e-02 
 703.000  1.2154909200e+00  3.3715515140e-02 
 704.000  1.2190404200e+00  3.3873035430e-02 
 705.000  1.2295042000e+00  3.3658416750e-02 
 706.000  1.2163590000e+00  3.3377334590e-02 
 707.000  1.1977776900e+00  3.3026412960e-02 
 708.000  1.2322226900e+00  3.4157608030e-02 
 709.000  1.1877195000e+00  3.3266498570e-02 
 710.000  1.2159798000e+00  3.3557872770e-02 
 711.000  1.2029821700e+00  3.3576652530e-02 
 712.000  1.1855616600e+00  3.3475181580e-02 
 713.000  1.1811511500e+00  3.3000328060e-02 
 714.000  1.2014769500e+00  3.3367183690e-02 
 715.000  1.1603620400e+00  3.1699333190e-02 
 716.000  1.1916030700e+00  3.2013385770e-02 
 717.000  1.1618079300e+00  2.8725162510e-02 
 718.000  1.1556539200e+00  2.7114538190e-02 
 719.000  1.1423488400e+00  2.6197095870e-02 
 720.000  1.1506814700e+00  2.5718906400e-02 
 721.000  1.1490193800e+00  2.8921327590e-02 
 722.000  1.1651133100e+00  3.0437297820e-02 
 723.000  1.1627447400e+00  2.9618299480e-02 
 724.000  1.1697949000e+00  2.7847579960e-02 
 725.000  1.1570274600e+00  2.7802635190e-02 
 726.000  1.1549081200e+00  2.7657840730e-02 
 727.000  1.1719934300e+00  2.8260837550e-02 
 728.000  1.1518594900e+00  2.7526615140e-02 
 729.000  1.1060741500e+00  2.7067159650e-02 
 730.000  1.1469477100e+00  2.7936260220e-02 
 731.000  1.1280423300e+00  2.7404012680e-02 
 732.000  1.1491590000e+00  2.9053743360e-02 
 733.000  1.1313026600e+00  2.9876493450e-02 
 734.000  1.1545079200e+00  3.1081289290e-02 
 735.000  1.1453048700e+00  3.0547111510e-02 
 736.000  1.1242767000e+00  2.9587562560e-02 
 737.000  1.1388707600e+00  3.0215429310e-02 
 738.000  1.1354132200e+00  3.0549047470e-02 
 739.000  1.0985428300e+00  2.9776306150e-02 
 740.000  1.1085208600e+00  3.0475465770e-02 
 741.000  1.0994554800e+00  3.0575578690e-02 
 742.000  1.0812757600e+00  3.0199026110e-02 
 743.000  1.1127362300e+00  3.1376810070e-02 
 744.000  1.1231665800e+00  3.1820617680e-02 
 745.000  1.0938402100e+00  3.1122173310e-02 
 746.000  1.1089647500e+00  3.1586040500e-02 
 747.000  1.1255721600e+00  3.2024154660e-02 
 748.000  1.1053481100e+00  3.1445348740e-02 
 749.000  1.1055462300e+00  3.1466539380e-02 
 750.000  1.0893979200e+00  3.0910839080e-02 
 751.000  1.0865947900e+00  3.0815336230e-02 
 752.000  1.1030537800e+00  3.1329704280e-02 
 753.000  1.0926116200e+00  3.1033721920e-02 
 754.000  1.1097189500e+00  3.1512826920e-02 
 755.000  1.1033507600e+00  3.1316249850e-02 
 756.000  1.0817483500e+00  3.0687688830e-02 
 757.000  1.0897454100e+00  3.0897647860e-02 
 758.000  1.0886095200e+00  3.0779756550e-02 
 759.000  1.0474032900e+00  2.7550209050e-02 
 760.000  8.2402368200e-01  1.2993466380e-02 
 761.000  7.9410364000e-01  1.1770017620e-02 
 762.000  9.2628600300e-01  1.9025939940e-02 
 763.000  9.1141842800e-01  1.6987230300e-02 
 764.000  9.3480230100e-01  1.8256437300e-02 
 765.000  9.8110798100e-01  2.1412755970e-02 
 766.000  9.7280840500e-01  2.3849815370e-02 
 767.000  1.0026877800e+00  2.5842193600e-02 
 768.000  1.0516194200e+00  2.8112380980e-02 
 769.000  1.0530744000e+00  2.8929414750e-02 
 770.000  1.0503945900e+00  2.9260608670e-02 
 771.000  1.0518517000e+00  2.9526681900e-02 
 772.000  1.0479646200e+00  2.9458415990e-02 
 773.000  1.0436450800e+00  2.9342964170e-02 
 774.000  1.0546574100e+00  2.9661582950e-02 
 775.000  1.0149327800e+00  2.8544052120e-02 
 776.000  1.0566582600e+00  2.9752918240e-02 
 777.000  1.0493396600e+00  2.9515245440e-02 
 778.000  1.0437935000e+00  2.9303396220e-02 
 779.000  1.0472673100e+00  2.9330850600e-02 
 780.000  1.0343920400e+00  2.8980384830e-02 
 781.000  1.0325313000e+00  2.8914829250e-02 
 782.000  1.0450678300e+00  2.9176481250e-02 
 783.000  1.0207240500e+00  2.8576801300e-02 
 784.000  1.0266353900e+00  2.8681068420e-02 
 785.000  1.0300113300e+00  2.8556657790e-02 
 786.000  1.0131452700e+00  2.7932722090e-02 
 787.000  1.0300343800e+00  2.7905359270e-02 
 788.000  1.0155624900e+00  2.7335800170e-02 
 789.000  1.0247024180e+00  2.6922237400e-02 
 790.000  1.0146535610e+00  2.6554407120e-02 
 791.000  1.0089189680e+00  2.6526449200e-02 
 792.000  9.9245737200e-01  2.6132450100e-02 
 793.000  9.9057411300e-01  2.6303592680e-02 
 794.000  9.7763900700e-01  2.6543249130e-02 
 795.000  9.7393168400e-01  2.5967300420e-02 
 796.000  9.9465160500e-01  2.5784433360e-02 
 797.000  9.9979251100e-01  2.6159769060e-02 
 798.000  9.9776243700e-01  2.6607755660e-02 
 799.000  9.9760350400e-01  2.6416208270e-02 
 800.000  9.7342070300e-01  2.5373872760e-02 
 801.000  9.9144287400e-01  2.5877281190e-02 
 802.000  9.8967233700e-01  2.5741270070e-02 
 803.000  9.7536154600e-01  2.5433286670e-02 
 804.000  9.8335073000e-01  2.5864103320e-02 
 805.000  9.5489460800e-01  2.5478221890e-02 
 806.000  9.7982552700e-01  2.6305728910e-02 
 807.000  9.7376136100e-01  2.6180183410e-02 
 808.000  9.6861626200e-01  2.5862318040e-02 
 809.000  9.5281656000e-01  2.5259782790e-02 
 810.000  9.4918451900e-01  2.4959882740e-02 
 811.000  9.6560119300e-01  2.5059625630e-02 
 812.000  9.6384187400e-01  2.4653594970e-02 
 813.000  9.6131423000e-01  2.4064508440e-02 
 814.000  9.6194898100e-01  2.3596241000e-02 
 815.000  9.5373320800e-01  2.2800813670e-02 
 816.000  9.4765806100e-01  2.1945343020e-02 
 817.000  9.5323795000e-01  2.2089513780e-02 
 818.000  9.4723328700e-01  2.1918872830e-02 
 819.000  9.2108772900e-01  2.1597486500e-02 
 820.000  9.0144935100e-01  2.1890874860e-02 
 821.000  9.2925046900e-01  2.3481645580e-02 
 822.000  9.0463452100e-01  2.2044046400e-02 
 823.000  9.2085950700e-01  2.0687761310e-02 
 824.000  9.3144120000e-01  2.2418819430e-02 
 825.000  9.2752459200e-01  2.3591579440e-02 
 826.000  9.3382773800e-01  2.3471361160e-02 
 827.000  9.3117725200e-01  2.3212907790e-02 
 828.000  9.3105331300e-01  2.2438694000e-02 
 829.000  9.2998131000e-01  2.2630039220e-02 
 830.000  9.1450836800e-01  2.2545875550e-02 
 831.000  8.9828111700e-01  2.2198823930e-02 
 832.000  9.1657853800e-01  2.2647762300e-02 
 833.000  8.8762152600e-01  2.2196123120e-02 
 834.000  9.0010411400e-01  2.2727836610e-02 
 835.000  9.0004918500e-01  2.3035230640e-02 
 836.000  9.1117893900e-01  2.3314174650e-02 
 837.000  9.0374269500e-01  2.3064758300e-02 
 838.000  9.0596601500e-01  2.3365406040e-02 
 839.000  8.7704068500e-01  2.2718626020e-02 
 840.000  9.0025886400e-01  2.3305913930e-02 
 841.000  9.0357526700e-01  2.3217077260e-02 
 842.000  8.9709306700e-01  2.3149442670e-02 
 843.000  8.8886230500e-01  2.3370111470e-02 
 844.000  8.7317084000e-01  2.3125375750e-02 
 845.000  8.8594483200e-01  2.3535545350e-02 
 846.000  8.9329945400e-01  2.3872486110e-02 
 847.000  8.6191030300e-01  2.3185052870e-02 
 848.000  8.8841041300e-01  2.3691799160e-02 
 849.000  8.8992665400e-01  2.3834537510e-02 
 850.000  7.6992758600e-01  2.0469341280e-02 
 851.000  8.8276932200e-01  2.3324268340e-02 
 852.000  8.4925128900e-01  2.2504013060e-02 
 853.000  8.5795271700e-01  2.2786073680e-02 
 854.000  6.8982592200e-01  1.8348487850e-02 
 855.000  7.5883775300e-01  2.0291076660e-02 
 856.000  8.5973980000e-01  2.3039043430e-02 
 857.000  8.7284946200e-01  2.3542877200e-02 
 858.000  8.5856186400e-01  2.3155929570e-02 
 859.000  8.5768916200e-01  2.3191205980e-02 
 860.000  8.4964533000e-01  2.3060739520e-02 
 861.000  8.4949432300e-01  2.3036006930e-02 
 862.000  8.4648510000e-01  2.2897144320e-02 
 863.000  8.6266026500e-01  2.3432395940e-02 
 864.000  8.6078648400e-01  2.3239791870e-02 
 865.000  8.4463656400e-01  2.2933088300e-02 
 866.000  7.0846526900e-01  1.9278318410e-02 
 867.000  7.5448688200e-01  2.0327257160e-02 
 868.000  8.1828038500e-01  2.2131361010e-02 
 869.000  8.0677769900e-01  2.1809345250e-02 
 870.000  8.4011297000e-01  2.2822650910e-02 
 871.000  8.3891010400e-01  2.2719459530e-02 
 872.000  8.3544758400e-01  2.2402351380e-02 
 873.000  8.3893242800e-01  2.2616395950e-02 
 874.000  8.2062396000e-01  2.2038923260e-02 
 875.000  8.1311519200e-01  2.1977022170e-02 
 876.000  8.2007925100e-01  2.2078290940e-02 
 877.000  8.3654504300e-01  2.2370683670e-02 
 878.000  8.2277644800e-01  2.2064598080e-02 
 879.000  8.2473473500e-01  2.2169412610e-02 
 880.000  8.2048159600e-01  2.1862880710e-02 
 881.000  7.7811244700e-01  2.0770608900e-02 
 882.000  8.2137316800e-01  2.1728069310e-02 
 883.000  8.0239187800e-01  2.1405445100e-02 
 884.000  8.0912063300e-01  2.1790855410e-02 
 885.000  8.1846849100e-01  2.1572288510e-02 
 886.000  7.9297356600e-01  2.0916713710e-02 
 887.000  7.8389793800e-01  2.0667789460e-02 
 888.000  8.0745902000e-01  2.1104312900e-02 
 889.000  8.1256699700e-01  2.1515533450e-02 
 890.000  8.1074450200e-01  2.1367145540e-02 
 891.000  8.0770619800e-01  2.1048990250e-02 
 892.000  8.0705564600e-01  2.0780647280e-02 
 893.000  7.8146846700e-01  1.9248430250e-02 
 894.000  8.0988873100e-01  1.9670084000e-02 
 895.000  7.7489902800e-01  1.8133403780e-02 
 896.000  8.0563324200e-01  1.7976020810e-02 
 897.000  7.8710860900e-01  1.7033464430e-02 
 898.000  7.8846282800e-01  1.6667371750e-02 
 899.000  7.8775312000e-01  1.5736030580e-02 
 900.000  7.6808081500e-01  1.5352181430e-02 
 901.000  7.5162713000e-01  1.4839599610e-02 
 902.000  7.3779151300e-01  1.4604999540e-02 
 903.000  7.7388428700e-01  1.6661689760e-02 
 904.000  7.8825774900e-01  1.7801647190e-02 
 905.000  7.8616593400e-01  1.7990592960e-02 
 906.000  7.6534919400e-01  1.6976139070e-02 
 907.000  7.7831562000e-01  1.6239187240e-02 
 908.000  7.5927792300e-01  1.5160671230e-02 
 909.000  7.4438255900e-01  1.4867412570e-02 
 910.000  7.5318799000e-01  1.5123060230e-02 
 911.000  7.5119076500e-01  1.5643755910e-02 
 912.000  7.5281687100e-01  1.5250849720e-02 
 913.000  7.7043748300e-01  1.4825538640e-02 
 914.000  7.6547847000e-01  1.5079986570e-02 
 915.000  7.5284357000e-01  1.5341654780e-02 
 916.000  7.6120110700e-01  1.5531819340e-02 
 917.000  7.4928660900e-01  1.5444362640e-02 
 918.000  7.4548220600e-01  1.5598514560e-02 
 919.000  7.5531369100e-01  1.6972505570e-02 
 920.000  7.4810733100e-01  1.7169803620e-02 
 921.000  7.3173351100e-01  1.6637479780e-02 
 922.000  7.2519471200e-01  1.6574983600e-02 
 923.000  6.9479096900e-01  1.5368339540e-02 
 924.000  7.2417916800e-01  1.5911235810e-02 
 925.000  7.3379420400e-01  1.6014545440e-02 
 926.000  7.0759450400e-01  1.5280657770e-02 
 927.000  7.3395502900e-01  1.5622982030e-02 
 928.000  7.3847360900e-01  1.4850048070e-02 
 929.000  7.2815663300e-01  1.3554452900e-02 
 930.000  7.2632701400e-01  1.2359383580e-02 
 931.000  7.2602909100e-01  1.1461884500e-02 
 932.000  7.1891549800e-01  1.0386542320e-02 
 933.000  7.2087591700e-01  9.8455410000e-03 
 934.000  7.1456362600e-01  9.2730569840e-03 
 935.000  7.0397479200e-01  9.0861940380e-03 
 936.000  6.9890747500e-01  9.1858539580e-03 
 937.000  7.1450704500e-01  9.3485641480e-03 
 938.000  7.0701146000e-01  9.8112993240e-03 
 939.000  7.1328118800e-01  1.1791542050e-02 
 940.000  7.0964008900e-01  1.2121718410e-02 
 941.000  6.9350724100e-01  1.1533714290e-02 
 942.000  6.6696762800e-01  1.0439717290e-02 
 943.000  7.0274772100e-01  1.0055701260e-02 
 944.000  6.8343055100e-01  9.7110624310e-03 
 945.000  6.8997904600e-01  1.0099202160e-02 
 946.000  6.9933621700e-01  1.0258220670e-02 
 947.000  6.9510726200e-01  1.0501610760e-02 
 948.000  6.9931024900e-01  1.0751981740e-02 
 949.000  7.0152534800e-01  1.0770431520e-02 
 950.000  6.9690086500e-01  1.0748692510e-02 
 951.000  6.9276483300e-01  1.1131524090e-02 
 952.000  6.9269029000e-01  1.0671857830e-02 
 953.000  6.9077895900e-01  1.0980102540e-02 
 954.000  6.8410659300e-01  1.1272423740e-02 
 955.000  6.3899247300e-01  1.0250809670e-02 
 956.000  6.8165522500e-01  1.0894716260e-02 
 957.000  6.8130348700e-01  1.1985587120e-02 
 958.000  6.8655555000e-01  1.2266363140e-02 
 959.000  6.8920870200e-01  1.2112608910e-02 
 960.000  6.8269671700e-01  1.1948122980e-02 
 961.000  6.7537351500e-01  1.1722525600e-02 
 962.000  6.7873510200e-01  1.1876691820e-02 
 963.000  6.7733337700e-01  1.2597776410e-02 
 964.000  6.6958317700e-01  1.2572819710e-02 
 965.000  6.7776783500e-01  1.2651213650e-02 
 966.000  6.5820303900e-01  1.2334002490e-02 
 967.000  6.7777781800e-01  1.3328102110e-02 
 968.000  6.7030789600e-01  1.4210277560e-02 
 969.000  6.7440573300e-01  1.4749202730e-02 
 970.000  6.7623073300e-01  1.4812327380e-02 
 971.000  6.7025135400e-01  1.4662016870e-02 
 972.000  6.7499542900e-01  1.4620576860e-02 
 973.000  6.6875761000e-01  1.4184320450e-02 
 974.000  6.5850607500e-01  1.3609464650e-02 
 975.000  6.6179901600e-01  1.3435537340e-02 
 976.000  6.6980854700e-01  1.3874507900e-02 
 977.000  6.5282798000e-01  1.3957318310e-02 
 978.000  6.6897683400e-01  1.4264618870e-02 
 979.000  6.4953495500e-01  1.3964824680e-02 
 980.000  6.5870175300e-01  1.4635918620e-02 
 981.000  6.6318436200e-01  1.4853163720e-02 
 982.000  6.6175114100e-01  1.4706248280e-02 
 983.000  6.5996065400e-01  1.4940100670e-02 
 984.000  6.5554162500e-01  1.5149326320e-02 
 985.000  6.5522951500e-01  1.5333235740e-02 
 986.000  6.4988264900e-01  1.5477694510e-02 
 987.000  6.5727131100e-01  1.5778503420e-02 
 988.000  6.4916815500e-01  1.5606987950e-02 
 989.000  6.4092589200e-01  1.5420171740e-02 
 990.000  6.4638865600e-01  1.5575510980e-02 
 991.000  6.5163132400e-01  1.5801329610e-02 
 992.000  6.4560035000e-01  1.5669061660e-02 
 993.000  6.4555484100e-01  1.5659602170e-02 
 994.000  6.4879111500e-01  1.5819363590e-02 
 995.000  6.4397094100e-01  1.5769807820e-02 
 996.000  6.4384949400e-01  1.5744052890e-02 
 997.000  6.4457632800e-01  1.5682366370e-02 
 998.000  6.4221681600e-01  1.5553837780e-02 
 999.000  6.4064826600e-01  1.5472435000e-02 
1000.000  6.3553367100e-01  1.5344524380e-02 
1001.000  6.3926875400e-01  1.5305980680e-02 
1002.000  6.3854260100e-01  1.5104406360e-02 
1003.000  6.3101390700e-01  1.4957407000e-02 
1004.000  6.2558354400e-01  1.4918937680e-02 
1005.000  5.8444206200e-01  1.3972824100e-02 
1006.000  6.1491639800e-01  1.4708428380e-02 
1007.000  6.2618214600e-01  1.4934266090e-02 
1008.000  6.2907397500e-01  1.4854015350e-02 
1009.000  6.2556793700e-01  1.4588869090e-02 
1010.000  6.2776143600e-01  1.4707709310e-02 
1011.000  6.2404688200e-01  1.4803957940e-02 
1012.000  6.2408467900e-01  1.4874552730e-02 
1013.000  6.1947278000e-01  1.4819642070e-02 
1014.000  6.2337117800e-01  1.4970883370e-02 
1015.000  6.1185521300e-01  1.4734276770e-02 
1016.000  6.1571743100e-01  1.4891921040e-02 
1017.000  6.0958841600e-01  1.4783596990e-02 
1018.000  6.1765182500e-01  1.4988443370e-02 
1019.000  6.0377952800e-01  1.4611888890e-02 
1020.000  6.0243072700e-01  1.4562443730e-02 
1021.000  6.0825639900e-01  1.4675759320e-02 
1022.000  5.9941919600e-01  1.4296496390e-02 
1023.000  6.1118736100e-01  1.4426883700e-02 
1024.000  6.0824336800e-01  1.4238601680e-02 
1025.000  6.0752431000e-01  1.4267159460e-02 
1026.000  6.0798519200e-01  1.4314064030e-02 
1027.000  6.0442595000e-01  1.4252715110e-02 
1028.000  6.0575534300e-01  1.4352240560e-02 
1029.000  5.9630272800e-01  1.4225726130e-02 
1030.000  6.0205292000e-01  1.4472029690e-02 
1031.000  6.0002527300e-01  1.4503204350e-02 
1032.000  5.9780665000e-01  1.4501752850e-02 
1033.000  5.8677512100e-01  1.4209229470e-02 
1034.000  5.9291952200e-01  1.4336383820e-02 
1035.000  5.8652926400e-01  1.4169848440e-02 
1036.000  5.9422654600e-01  1.4316080090e-02 
1037.000  5.8170469900e-01  1.3986124990e-02 
1038.000  5.8741956800e-01  1.4095606800e-02 
1039.000  5.8993152100e-01  1.4117839810e-02 
1040.000  5.8303924400e-01  1.3917619710e-02 
1041.000  5.8617243900e-01  1.3959784510e-02 
1042.000  5.8794107900e-01  1.3973084450e-02 
1043.000  5.7780650100e-01  1.3705381390e-02 
1044.000  5.8362475500e-01  1.3812246320e-02 
1045.000  5.8129076900e-01  1.3791762350e-02 
1046.000  5.6449620800e-01  1.3439205170e-02 
1047.000  5.7500959000e-01  1.3734594350e-02 
1048.000  5.8089989000e-01  1.3922828670e-02 
1049.000  5.7733435200e-01  1.3886393550e-02 
1050.000  5.7407192400e-01  1.3865218160e-02 
1051.000  5.7439951300e-01  1.3822046280e-02 
1052.000  5.7189796200e-01  1.3717381480e-02 
1053.000  5.7217905900e-01  1.3686153410e-02 
1054.000  5.6658210100e-01  1.3507078170e-02 
1055.000  5.7102911000e-01  1.3560571670e-02 
1056.000  5.6974717900e-01  1.3483902930e-02 
1057.000  5.6932629500e-01  1.3425918580e-02 
1058.000  5.6436844800e-01  1.3239835740e-02 
1059.000  5.4656493200e-01  1.2844958310e-02 
1060.000  5.6576201500e-01  1.3359149930e-02 
1061.000  5.4605777800e-01  1.2899783130e-02 
1062.000  5.6182406000e-01  1.3236211780e-02 
1063.000  5.5255846000e-01  1.2987217900e-02 
1064.000  5.5998487200e-01  1.3068123820e-02 
1065.000  5.5989606000e-01  1.2960870740e-02 
1066.000  5.4269222700e-01  1.2517510410e-02 
1067.000  5.5587441700e-01  1.2756919860e-02 
1068.000  5.5453240500e-01  1.2583514210e-02 
1069.000  5.1317217800e-01  1.1583358760e-02 
1070.000  5.4348577500e-01  1.2311946870e-02 
1071.000  5.4489709000e-01  1.2326356890e-02 
1072.000  5.4725964000e-01  1.2363544460e-02 
1073.000  5.2935126200e-01  1.1984628680e-02 
1074.000  5.4782625800e-01  1.2448080060e-02 
1075.000  5.3007929700e-01  1.2150531770e-02 
1076.000  5.4221992700e-01  1.2393260000e-02 
1077.000  5.4163312900e-01  1.2329513550e-02 
1078.000  5.4375778700e-01  1.2319416050e-02 
1079.000  5.2292629900e-01  1.1851482390e-02 
1080.000  5.4032999500e-01  1.2078888890e-02 
1081.000  5.2054738200e-01  1.1621788980e-02 
1082.000  5.2638449500e-01  1.1779008870e-02 
1083.000  5.1310677700e-01  1.1346967700e-02 
1084.000  5.3372844200e-01  1.1661779400e-02 
1085.000  5.2912193900e-01  1.1313385960e-02 
1086.000  5.3547001700e-01  1.1448073390e-02 
1087.000  5.0018774100e-01  1.0879316330e-02 
1088.000  5.3040068500e-01  1.1599968910e-02 
1089.000  5.1318303500e-01  1.1004222870e-02 
1090.000  5.2491467800e-01  1.1255095480e-02 
1091.000  5.2771721900e-01  1.1416389470e-02 
1092.000  5.1695881200e-01  1.1108622550e-02 
1093.000  5.1383092700e-01  1.0816244130e-02 
1094.000  4.6881787500e-01  9.7346162800e-03 
1095.000  5.0722490500e-01  1.0507851600e-02 
1096.000  5.0796027100e-01  1.0500271800e-02 
1097.000  4.9875533900e-01  1.0213153840e-02 
1098.000  4.9780442300e-01  9.5885820390e-03 
1099.000  5.0229421600e-01  9.1273183820e-03 
1100.000  5.1070865300e-01  9.3146028520e-03 
1101.000  5.0912668300e-01  9.3542022710e-03 
1102.000  4.8821161200e-01  8.9304370880e-03 
1103.000  5.0724802400e-01  9.3192672730e-03 
1104.000  5.0400215500e-01  9.1680240630e-03 
1105.000  5.0436282700e-01  8.9590625760e-03 
1106.000  5.0125208700e-01  8.7069540020e-03 
1107.000  5.0035431200e-01  8.7270450590e-03 
1108.000  4.9851394200e-01  8.7131786350e-03 
1109.000  4.9982946400e-01  8.8822031020e-03 
1110.000  5.0239361800e-01  8.8756675720e-03 
1111.000  4.9635853700e-01  8.6612615590e-03 
1112.000  4.9194496700e-01  8.1917352680e-03 
1113.000  4.9022130800e-01  7.6935195920e-03 
1114.000  4.9552946800e-01  7.6241874690e-03 
1115.000  4.9053864300e-01  7.0966019630e-03 
1116.000  4.8433212300e-01  6.7739453320e-03 
1117.000  4.9007633000e-01  6.4030213360e-03 
1118.000  4.8494292500e-01  5.9828419690e-03 
1119.000  4.7138164800e-01  5.6636042590e-03 
1120.000  4.7233126000e-01  5.5195980070e-03 
1121.000  4.7533755200e-01  5.5234861370e-03 
1122.000  4.7313256600e-01  5.3653488160e-03 
1123.000  4.7535526200e-01  5.4618868830e-03 
1124.000  4.7627040000e-01  5.5218648910e-03 
1125.000  4.6634668500e-01  5.3811926840e-03 
1126.000  4.5742735900e-01  5.2683978080e-03 
1127.000  4.7291359900e-01  5.4578008650e-03 
1128.000  4.6426784700e-01  5.3797636030e-03 
1129.000  4.6716406800e-01  5.5578947070e-03 
1130.000  4.6808174500e-01  5.9869403840e-03 
1131.000  4.7321198100e-01  6.1901078220e-03 
1132.000  4.7421135000e-01  6.0118083950e-03 
1133.000  4.6196271200e-01  5.5577907560e-03 
1134.000  4.5656355900e-01  5.0862946510e-03 
1135.000  4.6254588700e-01  5.1790723800e-03 
1136.000  4.6446387900e-01  5.6302218440e-03 
1137.000  4.7126235500e-01  6.0362772940e-03 
1138.000  4.5520149700e-01  6.1919999120e-03 
1139.000  4.6541603300e-01  6.4871478080e-03 
1140.000  4.6664321200e-01  6.4263401030e-03 
1141.000  4.5315360600e-01  6.1028046610e-03 
1142.000  4.6541910300e-01  6.2119011880e-03 
1143.000  4.5704103000e-01  5.9374208450e-03 
1144.000  4.5376565700e-01  5.7271084790e-03 
1145.000  4.5638382700e-01  5.5415325160e-03 
1146.000  4.6106138400e-01  5.6448130610e-03 
1147.000  4.6339977200e-01  5.8506956100e-03 
1148.000  4.5899287900e-01  5.9667043690e-03 
1149.000  4.6046611600e-01  6.0621089940e-03 
1150.000  4.5851098200e-01  6.0541524890e-03 
1151.000  4.5716577300e-01  6.1687283520e-03 
1152.000  4.5631150000e-01  6.2252035140e-03 
1153.000  4.5551433500e-01  6.3136382100e-03 
1154.000  4.5899325600e-01  6.3533039090e-03 
1155.000  4.6057264800e-01  6.5841569900e-03 
1156.000  4.5432984000e-01  6.7294988630e-03 
1157.000  4.5858921700e-01  7.3512730600e-03 
1158.000  4.5866110400e-01  7.6652107240e-03 
1159.000  4.5217705500e-01  7.8628110890e-03 
1160.000  4.4643262600e-01  7.9049634930e-03 
1161.000  4.3680432800e-01  8.0610513690e-03 
1162.000  4.5261706000e-01  8.6292200090e-03 
1163.000  4.5449649200e-01  8.9834699630e-03 
1164.000  4.4526469800e-01  8.8656454090e-03 
1165.000  4.5385903800e-01  9.0917224880e-03 
1166.000  4.4208658600e-01  8.9377946850e-03 
1167.000  4.4925689600e-01  9.1353950500e-03 
1168.000  4.5318357200e-01  9.2038240430e-03 
1169.000  4.3751254100e-01  8.9358139040e-03 
1170.000  4.4927840400e-01  9.2206726070e-03 
1171.000  4.5135751500e-01  9.3650608060e-03 
1172.000  4.4994505500e-01  9.2781419750e-03 
1173.000  4.4681078400e-01  9.1597328190e-03 
1174.000  4.4703722500e-01  9.1683025360e-03 
1175.000  4.4180382100e-01  9.2120666500e-03 
1176.000  4.3113769700e-01  9.1291608810e-03 
1177.000  4.4445036200e-01  9.3408966060e-03 
1178.000  4.3694290900e-01  9.0463848110e-03 
1179.000  4.3498345700e-01  9.0060615540e-03 
1180.000  4.4108968200e-01  9.0825166700e-03 
1181.000  4.3883609100e-01  8.9123134610e-03 
1182.000  4.3939146200e-01  8.7963924410e-03 
1183.000  4.1387985100e-01  8.2938461300e-03 
1184.000  4.3253329500e-01  8.7312164310e-03 
1185.000  4.3825678300e-01  9.0137987140e-03 
1186.000  4.3564838600e-01  8.9022560120e-03 
1187.000  4.3580294100e-01  8.7247886660e-03 
1188.000  4.3356667000e-01  8.6215972900e-03 
1189.000  4.0820148700e-01  8.1910457610e-03 
1190.000  4.2827559400e-01  8.8284597400e-03 
1191.000  4.3495307000e-01  9.0110301970e-03 
1192.000  4.3258494800e-01  9.0455331800e-03 
1193.000  4.3275184000e-01  8.9820604320e-03 
1194.000  4.3193798600e-01  8.9404220580e-03 
1195.000  4.2709609000e-01  8.7294416430e-03 
1196.000  4.2682655800e-01  8.7422208790e-03 
1197.000  4.2671378900e-01  8.6877737050e-03 
1198.000  4.1238185000e-01  8.3863782880e-03 
1199.000  3.9705695600e-01  8.0142326350e-03 
1200.000  4.2208756200e-01  8.5567340850e-03 
1201.000  4.2511600400e-01  8.6374769210e-03 
1202.000  4.2593141900e-01  8.6797027590e-03 
1203.000  4.0514361500e-01  8.2326059340e-03 
1204.000  4.1185776500e-01  8.4032077790e-03 
1205.000  4.2141123000e-01  8.7960481640e-03 
1206.000  4.1884780500e-01  8.8358316420e-03 
1207.000  4.2166064000e-01  8.9346323010e-03 
1208.000  4.1552237700e-01  8.7746992110e-03 
1209.000  3.8956139600e-01  8.1797771450e-03 
1210.000  4.1684057300e-01  8.6719417570e-03 
1211.000  4.0291635400e-01  8.3757677080e-03 
1212.000  4.1553152800e-01  8.6710500720e-03 
1213.000  4.1706741100e-01  8.7956314090e-03 
1214.000  4.1528240700e-01  8.7597312930e-03 
1215.000  4.1670889500e-01  8.8338832860e-03 
1216.000  4.1547702500e-01  8.9535856250e-03 
1217.000  4.1461311000e-01  9.0546455380e-03 
1218.000  4.1316231700e-01  9.0734300610e-03 
1219.000  4.0929604300e-01  9.0147237780e-03 
1220.000  4.1204707700e-01  9.0651483540e-03 
1221.000  4.1119382800e-01  9.0471477510e-03 
1222.000  4.0891622100e-01  8.9895210270e-03 
1223.000  4.0691464800e-01  8.9725532530e-03 
1224.000  4.0985584900e-01  9.1323776250e-03 
1225.000  4.0753207600e-01  9.1129512790e-03 
1226.000  4.0886039700e-01  9.1843357090e-03 
1227.000  3.9483080500e-01  8.9274749760e-03 
1228.000  4.0693003600e-01  9.2719850540e-03 
1229.000  4.0625429000e-01  9.3055801390e-03 
1230.000  4.0462541300e-01  9.3256263730e-03 
1231.000  4.0449264800e-01  9.3571462630e-03 
1232.000  3.9989358400e-01  9.2659864430e-03 
1233.000  4.0301331200e-01  9.3487911220e-03 
1234.000  4.0154617600e-01  9.3891534810e-03 
1235.000  3.9867386000e-01  9.3448143010e-03 
1236.000  4.0093278000e-01  9.4062852860e-03 
1237.000  4.0082704900e-01  9.4276638030e-03 
1238.000  4.0054269800e-01  9.4274454120e-03 
1239.000  3.9595917900e-01  9.3214302060e-03 
1240.000  3.9418172400e-01  9.3197183610e-03 
1241.000  3.9778988400e-01  9.4408044820e-03 
1242.000  3.9557111300e-01  9.4209098820e-03 
1243.000  3.9124080400e-01  9.3515663150e-03 
1244.000  3.8789205700e-01  9.2939538960e-03 
1245.000  3.9467186200e-01  9.4731063840e-03 
1246.000  3.9173800600e-01  9.3560981750e-03 
1247.000  3.8995060600e-01  9.2655954360e-03 
1248.000  3.9311835000e-01  9.2917566300e-03 
1249.000  3.9178756100e-01  9.2214546200e-03 
1250.000  3.9039309200e-01  9.1420087810e-03 
1251.000  3.8786165700e-01  9.0481891630e-03 
1252.000  3.8686459700e-01  8.9871063230e-03 
1253.000  3.8384064000e-01  8.8773221970e-03 
1254.000  3.8516710800e-01  8.8392686840e-03 
1255.000  3.8475573600e-01  8.7815265660e-03 
1256.000  3.8416144600e-01  8.7270164490e-03 
1257.000  3.8004671200e-01  8.5471801760e-03 
1258.000  3.8203891800e-01  8.4493227010e-03 
1259.000  3.7814283550e-01  8.2430915830e-03 
1260.000  3.7895903300e-01  8.1352911000e-03 
1261.000  3.7851165760e-01  7.9977664950e-03 
1262.000  3.7041232330e-01  7.6704945560e-03 
1263.000  3.7490481570e-01  7.7468228340e-03 
1264.000  3.6906764110e-01  7.6252775190e-03 
1265.000  3.6974007770e-01  7.6525521280e-03 
1266.000  3.7212782260e-01  7.6781811710e-03 
1267.000  3.6515847930e-01  7.5087771420e-03 
1268.000  3.6156227670e-01  7.3982305530e-03 
1269.000  3.6494675330e-01  7.4507699010e-03 
1270.000  3.6895787730e-01  7.6600618360e-03 
1271.000  3.7100658630e-01  7.7653965950e-03 
1272.000  3.6990944840e-01  7.8044772150e-03 
1273.000  3.6959126730e-01  7.8647046090e-03 
1274.000  3.6738405910e-01  7.8875041010e-03 
1275.000  3.6954620850e-01  7.9596929550e-03 
1276.000  3.7013965370e-01  7.9801650050e-03 
1277.000  3.6986322280e-01  7.9685058590e-03 
1278.000  3.6880299520e-01  7.9363079070e-03 
1279.000  3.6633430390e-01  7.9047355650e-03 
1280.000  3.6417072990e-01  7.9490852360e-03 
1281.000  3.5378438100e-01  7.8089823720e-03 
1282.000  3.1416753870e-01  7.0113759040e-03 
1283.000  3.4479321700e-01  7.7555961610e-03 
1284.000  3.5902092790e-01  8.1162881850e-03 
1285.000  3.6165397720e-01  8.1949710850e-03 
1286.000  3.6153540430e-01  8.1594696040e-03 
1287.000  3.6374646250e-01  8.1531858440e-03 
1288.000  3.6146612610e-01  7.9217190740e-03 
1289.000  3.6362092310e-01  7.9152860640e-03 
1290.000  3.5528927250e-01  7.7162780760e-03 
1291.000  3.6015268580e-01  7.8030333520e-03 
1292.000  3.6165564170e-01  7.8552689550e-03 
1293.000  3.6197889620e-01  7.8235707280e-03 
1294.000  3.5623365290e-01  7.5835509300e-03 
1295.000  3.6006884180e-01  7.5211014750e-03 
1296.000  3.6033376580e-01  7.4204726220e-03 
1297.000  3.5811221890e-01  7.3132867810e-03 
1298.000  3.5491248270e-01  7.2533049580e-03 
1299.000  3.5847593870e-01  7.3296070100e-03 
1300.000  3.5703656360e-01  7.3041992190e-03 
1301.000  3.5646805350e-01  7.2728424070e-03 
1302.000  3.5189477380e-01  7.0938329700e-03 
1303.000  3.5000495950e-01  6.8788461690e-03 
1304.000  3.5023321380e-01  6.7912268640e-03 
1305.000  3.5238994330e-01  6.7811350820e-03 
1306.000  3.5272571390e-01  6.7308406830e-03 
1307.000  3.5168421920e-01  6.6719102860e-03 
1308.000  3.5138464520e-01  6.5800752640e-03 
1309.000  3.5107153330e-01  6.4526166920e-03 
1310.000  3.4961369930e-01  6.4215512280e-03 
1311.000  3.4854274490e-01  6.4076080320e-03 
1312.000  3.4745713340e-01  6.2435717580e-03 
1313.000  3.3462416900e-01  5.8417739870e-03 
1314.000  3.4506949840e-01  5.8748745920e-03 
1315.000  3.3345060780e-01  5.7471337320e-03 
1316.000  3.4120755490e-01  5.9900074010e-03 
1317.000  3.4487829300e-01  6.0542187690e-03 
1318.000  3.3999822590e-01  5.7880940440e-03 
1319.000  3.4465570840e-01  5.6358137130e-03 
1320.000  3.4211148450e-01  5.3600082400e-03 
1321.000  3.4060865280e-01  5.2527313230e-03 
1322.000  3.3992846630e-01  5.3701410290e-03 
1323.000  3.4068082590e-01  5.5314226150e-03 
1324.000  3.4086201210e-01  5.6226906780e-03 
1325.000  3.3977239730e-01  5.5412454610e-03 
1326.000  3.3818307340e-01  5.3583955760e-03 
1327.000  3.3548272250e-01  5.0127158160e-03 
1328.000  3.3636759820e-01  4.7557301520e-03 
1329.000  3.2409148600e-01  4.1853876110e-03 
1330.000  3.2916462750e-01  4.1157259940e-03 
1331.000  3.3063092280e-01  4.0542173390e-03 
1332.000  3.2308495760e-01  3.9853265290e-03 
1333.000  3.3162383690e-01  4.1618027690e-03 
1334.000  3.3203873600e-01  4.2661166190e-03 
1335.000  3.3232378540e-01  4.3435635570e-03 
1336.000  3.2872619560e-01  4.3215389250e-03 
1337.000  3.2979050410e-01  4.3415155410e-03 
1338.000  3.2954704170e-01  4.3925175670e-03 
1339.000  3.2600613040e-01  4.3520078660e-03 
1340.000  3.2366608300e-01  4.3664264680e-03 
1341.000  3.2855152600e-01  4.3771672250e-03 
1342.000  3.2774747220e-01  4.3730249400e-03 
1343.000  3.2771870200e-01  4.1909246440e-03 
1344.000  3.2622068590e-01  4.0170335770e-03 
1345.000  3.2371989580e-01  3.6958413120e-03 
1346.000  3.1854819390e-01  3.5023570060e-03 
1347.000  3.1915344460e-01  3.4308645730e-03 
1348.000  3.1557585350e-01  3.3114845750e-03 
1349.000  3.1343338800e-01  3.2497692110e-03 
1350.000  3.0703442120e-01  3.1065368650e-03 
1351.000  3.0486616990e-01  3.0316913130e-03 
1352.000  3.0542322590e-01  2.9580345150e-03 
1353.000  2.9957018590e-01  2.8044605260e-03 
1354.000  2.9595170720e-01  2.7141003610e-03 
1355.000  2.9031065190e-01  2.6006851200e-03 
1356.000  2.8603664610e-01  2.4945557120e-03 
1357.000  2.7933669700e-01  2.3522784710e-03 
1358.000  2.7973392780e-01  2.2651679520e-03 
1359.000  2.7201628970e-01  2.0500192640e-03 
1360.000  2.6204731060e-01  1.8794473410e-03 
1361.000  2.6424467260e-01  1.8329749110e-03 
1362.000  2.6198096960e-01  1.7997080090e-03 
1363.000  2.6224423320e-01  1.8966627120e-03 
1364.000  2.6751503660e-01  1.9670013190e-03 
1365.000  2.6737848690e-01  1.9835734370e-03 
1366.000  2.6925630690e-01  2.0344779490e-03 
1367.000  2.6430615300e-01  1.9495023490e-03 
1368.000  2.6432982360e-01  1.9056289200e-03 
1369.000  2.5956741660e-01  1.8817254300e-03 
1370.000  2.6507949630e-01  2.0324010850e-03 
1371.000  2.7286031490e-01  2.2457950120e-03 
1372.000  2.8369991580e-01  2.4942822460e-03 
1373.000  2.8780340610e-01  2.6265978810e-03 
1374.000  2.9109141220e-01  2.7069482800e-03 
1375.000  2.8700152090e-01  2.6911640170e-03 
1376.000  2.8271213300e-01  2.6341137890e-03 
1377.000  2.8529084290e-01  2.6218814850e-03 
1378.000  2.8039223700e-01  2.5078117850e-03 
1379.000  2.7853751230e-01  2.3864223960e-03 
1380.000  2.6854812010e-01  2.1557407380e-03 
1381.000  2.6249350730e-01  1.9668558840e-03 
1382.000  2.5434871330e-01  1.8294095990e-03 
1383.000  2.5657376360e-01  1.8366231920e-03 
1384.000  2.6227071580e-01  1.9927799700e-03 
1385.000  2.6435460490e-01  2.0986089710e-03 
1386.000  2.7233370150e-01  2.2689809800e-03 
1387.000  2.7623767390e-01  2.4605035780e-03 
1388.000  2.8202816000e-01  2.5836911200e-03 
1389.000  2.8427343170e-01  2.6349580290e-03 
1390.000  2.7926176040e-01  2.5976154800e-03 
1391.000  2.8199721620e-01  2.5980010030e-03 
1392.000  2.7755598480e-01  2.4835710530e-03 
1393.000  2.7301175870e-01  2.3709795480e-03 
1394.000  2.6696005440e-01  2.2506651880e-03 
1395.000  2.6826075770e-01  2.2921211720e-03 
1396.000  2.7419060890e-01  2.4239900110e-03 
1397.000  2.7725853960e-01  2.5152659420e-03 
1398.000  2.7746998150e-01  2.5244107250e-03 
1399.000  2.7565674470e-01  2.4861953260e-03 
1400.000  2.6765305790e-01  2.4032619000e-03 
1401.000  2.6886499220e-01  2.4202160840e-03 
1402.000  2.7542959310e-01  2.5282816890e-03 
1403.000  2.7473032390e-01  2.5506732460e-03 
1404.000  2.7264737620e-01  2.5133588310e-03 
1405.000  2.7281372880e-01  2.5165770050e-03 
1406.000  2.7242903400e-01  2.4898073670e-03 
1407.000  2.7269950800e-01  2.4899992940e-03 
1408.000  2.7354176960e-01  2.5434334280e-03 
1409.000  2.7645727310e-01  2.6026127340e-03 
1410.000  2.7764876760e-01  2.6696681980e-03 
1411.000  2.7972068660e-01  2.7278547290e-03 
1412.000  2.6879012270e-01  2.6162481310e-03 
1413.000  2.7398069390e-01  2.6777384280e-03 
1414.000  2.7756402090e-01  2.6968839170e-03 
1415.000  2.7740295800e-01  2.7149953840e-03 
1416.000  2.7689429840e-01  2.7281889920e-03 
1417.000  2.7891538430e-01  2.7424755100e-03 
1418.000  2.7902440610e-01  2.7393481730e-03 
1419.000  2.7505032140e-01  2.6942477230e-03 
1420.000  2.7444673810e-01  2.6904728410e-03 
1421.000  2.7900176750e-01  2.7613816260e-03 
1422.000  2.7276785100e-01  2.7084591390e-03 
1423.000  2.7110692280e-01  2.6880228520e-03 
1424.000  2.7135206470e-01  2.6788079740e-03 
1425.000  2.7658808960e-01  2.7066957950e-03 
1426.000  2.6539612110e-01  2.5895690920e-03 
1427.000  2.6953726780e-01  2.6369869710e-03 
1428.000  2.7538726280e-01  2.6982390880e-03 
1429.000  2.6892875650e-01  2.6406986710e-03 
1430.000  2.6308703660e-01  2.5687222480e-03 
1431.000  2.6248374550e-01  2.5179371830e-03 
1432.000  2.6725515060e-01  2.5348472600e-03 
1433.000  2.6739090810e-01  2.5255637170e-03 
1434.000  2.6200175910e-01  2.4565041070e-03 
1435.000  2.6519838870e-01  2.5009825230e-03 
1436.000  2.6523416110e-01  2.5020332340e-03 
1437.000  2.6628183670e-01  2.5072021480e-03 
1438.000  2.6563394230e-01  2.5195655820e-03 
1439.000  2.6877446010e-01  2.5439865590e-03 
1440.000  2.5213721800e-01  2.3892431260e-03 
1441.000  2.6484290080e-01  2.5053100590e-03 
1442.000  2.5867661710e-01  2.4277880190e-03 
1443.000  2.6297199350e-01  2.4573800560e-03 
1444.000  2.6425074570e-01  2.4677002430e-03 
1445.000  2.6345316380e-01  2.4521944520e-03 
1446.000  2.6628125260e-01  2.4870879650e-03 
1447.000  2.6506396860e-01  2.4840443130e-03 
1448.000  2.6709038910e-01  2.4949233530e-03 
1449.000  2.6698399320e-01  2.4706904890e-03 
1450.000  2.6518762250e-01  2.4218509200e-03 
1451.000  2.6347760340e-01  2.4016473290e-03 
1452.000  2.6023377460e-01  2.3928635120e-03 
1453.000  2.6518693480e-01  2.4945991040e-03 
1454.000  2.6621738490e-01  2.5804843900e-03 
1455.000  2.6285027830e-01  2.6012580390e-03 
1456.000  2.6273026140e-01  2.6593883040e-03 
1457.000  2.6524931440e-01  2.6802597050e-03 
1458.000  2.6887613760e-01  2.7178626060e-03 
1459.000  2.6987503090e-01  2.6561410430e-03 
1460.000  2.6528336200e-01  2.5502383710e-03 
1461.000  2.6470382080e-01  2.5045199390e-03 
1462.000  2.6181296700e-01  2.4026947020e-03 
1463.000  2.6006668820e-01  2.3721868990e-03 
1464.000  2.5989527860e-01  2.3402688500e-03 
1465.000  2.6290100870e-01  2.3158769610e-03 
1466.000  2.5663917370e-01  2.2063174250e-03 
1467.000  2.6279056190e-01  2.2199254040e-03 
1468.000  2.5632306140e-01  2.1260185240e-03 
1469.000  2.5914938100e-01  2.0994257930e-03 
1470.000  2.5765460490e-01  2.0618126390e-03 
1471.000  2.5358039620e-01  2.0560686590e-03 
1472.000  2.5511277780e-01  2.1177396770e-03 
1473.000  2.5735758860e-01  2.2304039000e-03 
1474.000  2.5027191420e-01  2.2541697030e-03 
1475.000  2.5559321720e-01  2.2895405290e-03 
1476.000  2.5599736980e-01  2.2804095750e-03 
1477.000  2.5674856090e-01  2.2426531310e-03 
1478.000  2.5303480660e-01  2.1678140160e-03 
1479.000  2.5593356500e-01  2.1404736040e-03 
1480.000  2.5733585090e-01  2.1648318770e-03 
1481.000  2.5349952780e-01  2.1713812350e-03 
1482.000  2.5665576400e-01  2.2484719750e-03 
1483.000  2.5136943530e-01  2.2112770080e-03 
1484.000  2.5369293400e-01  2.2290713790e-03 
1485.000  2.5852198190e-01  2.2564105990e-03 
1486.000  2.5426214920e-01  2.2689008710e-03 
1487.000  2.5455297390e-01  2.3861839770e-03 
1488.000  2.2253036330e-01  2.0930986400e-03 
1489.000  2.5551196250e-01  2.5755429270e-03 
1490.000  2.5610683830e-01  2.7474915980e-03 
1491.000  2.5865234400e-01  2.8971738820e-03 
1492.000  2.5264215190e-01  2.8518111710e-03 
1493.000  2.5831964400e-01  3.0039038660e-03 
1494.000  2.5733830260e-01  3.0003485680e-03 
1495.000  2.5553773450e-01  3.0587902070e-03 
1496.000  2.4798098780e-01  3.1060030460e-03 
1497.000  2.5380526560e-01  3.1712884900e-03 
1498.000  2.5637574700e-01  3.3330256940e-03 
1499.000  2.5206369650e-01  3.3960201740e-03 
1500.000  2.5636219900e-01  3.5408487320e-03 
1501.000  2.5599622820e-01  3.4902057650e-03 
1502.000  2.5401902460e-01  3.4017019270e-03 
1503.000  2.2809412480e-01  3.0095360280e-03 
1504.000  2.3763853680e-01  3.1574497220e-03 
1505.000  2.3690031080e-01  3.2579431530e-03 
1506.000  2.4009416020e-01  3.3294823170e-03 
1507.000  2.5110594430e-01  3.5911297800e-03 
1508.000  2.4718500950e-01  3.6017794610e-03 
1509.000  2.4825284700e-01  3.6917152400e-03 
1510.000  2.5208910030e-01  3.7875897880e-03 
1511.000  2.5323549080e-01  3.8657059670e-03 
1512.000  2.4848171680e-01  3.8363716600e-03 
1513.000  2.4806571310e-01  3.8674497600e-03 
1514.000  2.4467007910e-01  3.8358504770e-03 
1515.000  2.4947814840e-01  3.9310488700e-03 
1516.000  2.4716309340e-01  3.8688995840e-03 
1517.000  2.4569928480e-01  3.8329830170e-03 
1518.000  2.5022779530e-01  3.9167776110e-03 
1519.000  2.4651442660e-01  3.8775858880e-03 
1520.000  2.4803087650e-01  3.9732973580e-03 
1521.000  2.4330648270e-01  3.9872300620e-03 
1522.000  2.4188256000e-01  4.0101289750e-03 
1523.000  2.4777028640e-01  4.1700062750e-03 
1524.000  2.4601144370e-01  4.1701593400e-03 
1525.000  2.4052912180e-01  4.0899429320e-03 
1526.000  2.4730434090e-01  4.1862807270e-03 
1527.000  2.4463161950e-01  4.1402730940e-03 
1528.000  2.4611495790e-01  4.1724400520e-03 
1529.000  2.4533623300e-01  4.1348881720e-03 
1530.000  2.2950451690e-01  3.8686654570e-03 
1531.000  2.4522937930e-01  4.1087722780e-03 
1532.000  2.4365629940e-01  4.0599274640e-03 
1533.000  2.4242549020e-01  4.0058579440e-03 
1534.000  2.3857281900e-01  3.9079887870e-03 
1535.000  2.3918710100e-01  3.8845646380e-03 
1536.000  2.4238554300e-01  3.9711427690e-03 
1537.000  2.4294836550e-01  4.0302319530e-03 
1538.000  2.3610375060e-01  3.9676070210e-03 
1539.000  2.4093158530e-01  4.0981678960e-03 
1540.000  2.3210338470e-01  3.9882068630e-03 
1541.000  2.3686563860e-01  4.0747189520e-03 
1542.000  2.3827409910e-01  4.0930714610e-03 
1543.000  2.3738777650e-01  4.0800361630e-03 
1544.000  2.4007279030e-01  4.1332197190e-03 
1545.000  2.4047424280e-01  4.1557374000e-03 
1546.000  2.4026747490e-01  4.1821084020e-03 
1547.000  2.3761545590e-01  4.1636152270e-03 
1548.000  2.3041025200e-01  4.0631189350e-03 
1549.000  2.3631572710e-01  4.1838316920e-03 
1550.000  2.3500373440e-01  4.1747312550e-03 
1551.000  2.3377351850e-01  4.1427769660e-03 
1552.000  2.3774714120e-01  4.1912188530e-03 
1553.000  2.3640585160e-01  4.1511268620e-03 
1554.000  2.2774392120e-01  3.9772729870e-03 
1555.000  2.3139653380e-01  4.0278558730e-03 
1556.000  2.2689133480e-01  3.9724121090e-03 
1557.000  2.3425639800e-01  4.1544899940e-03 
1558.000  2.3246211370e-01  4.1675000190e-03 
1559.000  2.3257323110e-01  4.2121171950e-03 
1560.000  2.2855706800e-01  4.1871781350e-03 
1561.000  2.3399479760e-01  4.2987847330e-03 
1562.000  2.3406995510e-01  4.2731194500e-03 
1563.000  2.3073038810e-01  4.1931033130e-03 
1564.000  2.2638712210e-01  4.0858411790e-03 
1565.000  2.3030082960e-01  4.1210689540e-03 
1566.000  2.2593698330e-01  4.0484042170e-03 
1567.000  2.2658957000e-01  4.0630202290e-03 
1568.000  2.2278044360e-01  3.9852299690e-03 
1569.000  2.2460895210e-01  4.0044555660e-03 
1570.000  2.1957157320e-01  3.9138526920e-03 
1571.000  2.2545495250e-01  4.0464186670e-03 
1572.000  2.2565768400e-01  4.0611562730e-03 
1573.000  2.2188120520e-01  4.0234627720e-03 
1574.000  2.2210281680e-01  4.0664896970e-03 
1575.000  2.0598290980e-01  3.8008816240e-03 
1576.000  2.2129389070e-01  4.0861754420e-03 
1577.000  1.9973253120e-01  3.6552956100e-03 
1578.000  2.1844939430e-01  3.9623467920e-03 
1579.000  2.1938329330e-01  3.9496533870e-03 
1580.000  2.2328908060e-01  3.9994971750e-03 
1581.000  2.2180844500e-01  3.9407026770e-03 
1582.000  2.1671070160e-01  3.8830034730e-03 
1583.000  2.1879967040e-01  3.9520697590e-03 
1584.000  2.1633729610e-01  3.9392890930e-03 
1585.000  2.2236117000e-01  4.0752148630e-03 
1586.000  2.1956822630e-01  4.0344552990e-03 
1587.000  2.1689253680e-01  4.0122089390e-03 
1588.000  2.1342331170e-01  3.9724104400e-03 
1589.000  1.9520990640e-01  3.6422274110e-03 
1590.000  2.1036278940e-01  3.9363346100e-03 
1591.000  2.0564927000e-01  3.8616194730e-03 
1592.000  2.1655678120e-01  4.0742907520e-03 
1593.000  2.2147467660e-01  4.1704282760e-03 
1594.000  2.1992013670e-01  4.1439256670e-03 
1595.000  2.2138507830e-01  4.1734056470e-03 
1596.000  2.0737912040e-01  3.9253041740e-03 
1597.000  2.1583713630e-01  4.0795631410e-03 
1598.000  2.1991023850e-01  4.1419777870e-03 
1599.000  2.1254843550e-01  3.9838404660e-03 
1600.000  2.1609071000e-01  4.0385484700e-03 
1601.000  2.0699411700e-01  3.8843142990e-03 
1602.000  2.1228736880e-01  4.0177712440e-03 
1603.000  2.1067714970e-01  4.0386838910e-03 
1604.000  2.1326430120e-01  4.1466889380e-03 
1605.000  2.1011126810e-01  4.1245832440e-03 
1606.000  2.0925576580e-01  4.1492886540e-03 
1607.000  2.1013536720e-01  4.1334052090e-03 
1608.000  2.1252961080e-01  4.1480464940e-03 
1609.000  2.1171258630e-01  4.1059765820e-03 
1610.000  1.9850191110e-01  3.8290114400e-03 
1611.000  2.0420843370e-01  3.9338257310e-03 
1612.000  2.0595457930e-01  3.9641771320e-03 
1613.000  2.1035035690e-01  4.0438113210e-03 
1614.000  2.0828591870e-01  3.9747989180e-03 
1615.000  2.1155013110e-01  4.0265054700e-03 
1616.000  1.9820886370e-01  3.7598140240e-03 
1617.000  2.0392159400e-01  3.9125964640e-03 
1618.000  2.1027531830e-01  4.0604553220e-03 
1619.000  2.0953136630e-01  4.0920476910e-03 
1620.000  2.0418076430e-01  4.0319104190e-03 
1621.000  2.0111995810e-01  4.0084390640e-03 
1622.000  2.0618225850e-01  4.1151809690e-03 
1623.000  2.1031050290e-01  4.2125806810e-03 
1624.000  2.1176395390e-01  4.2517714500e-03 
1625.000  2.0644586570e-01  4.1707296370e-03 
1626.000  2.0897735040e-01  4.2119827270e-03 
1627.000  2.0870773060e-01  4.2259259220e-03 
1628.000  2.1038487220e-01  4.2702574730e-03 
1629.000  2.1035432450e-01  4.2782754900e-03 
1630.000  2.0464339480e-01  4.1636028290e-03 
1631.000  2.0784408800e-01  4.2405838970e-03 
1632.000  2.0789653330e-01  4.1874141690e-03 
1633.000  2.0522095210e-01  4.0940079690e-03 
1634.000  2.0041885040e-01  3.9564449790e-03 
1635.000  2.0579226920e-01  4.0259242060e-03 
1636.000  2.0524778000e-01  3.9718604090e-03 
1637.000  1.9610986170e-01  3.7556397910e-03 
1638.000  1.9467684230e-01  3.6979277130e-03 
1639.000  1.9273694890e-01  3.6169931890e-03 
1640.000  1.9389304460e-01  3.6030867100e-03 
1641.000  1.9269312360e-01  3.5575373170e-03 
1642.000  1.9245290640e-01  3.6185948850e-03 
1643.000  1.9739922950e-01  3.7741062640e-03 
1644.000  1.9434456610e-01  3.7753639220e-03 
1645.000  1.9477761230e-01  3.8399832250e-03 
1646.000  1.9711858230e-01  3.9403905870e-03 
1647.000  1.9896942500e-01  3.9744329450e-03 
1648.000  1.9820091800e-01  3.9492154120e-03 
1649.000  1.9367301730e-01  3.8548669820e-03 
1650.000  1.9858070320e-01  3.9506602290e-03 
1651.000  1.9410643270e-01  3.8594968320e-03 
1652.000  1.9798037320e-01  3.9327030180e-03 
1653.000  1.9575736540e-01  3.8961651330e-03 
1654.000  1.9795371740e-01  3.9419903760e-03 
1655.000  1.9398603940e-01  3.8732249740e-03 
1656.000  1.9771208490e-01  3.9544453620e-03 
1657.000  1.9627892660e-01  3.9261076450e-03 
1658.000  1.9733931830e-01  3.9555988310e-03 
1659.000  1.9370444540e-01  3.8838455680e-03 
1660.000  1.9606828600e-01  3.9245524410e-03 
1661.000  1.9683764890e-01  3.9220657350e-03 
1662.000  1.9551517910e-01  3.8357763290e-03 
1663.000  1.9428463800e-01  3.7590405940e-03 
1664.000  1.9346212870e-01  3.6897916790e-03 
1665.000  1.9148686500e-01  3.5987696650e-03 
1666.000  1.9055464570e-01  3.5731403830e-03 
1667.000  1.9207722570e-01  3.6579203610e-03 
1668.000  1.8882302020e-01  3.6341066360e-03 
1669.000  1.8912537460e-01  3.6859109400e-03 
1670.000  1.9319758060e-01  3.8124537470e-03 
1671.000  1.9172244160e-01  3.8317804340e-03 
1672.000  1.8264133050e-01  3.7063319680e-03 
1673.000  1.8802201820e-01  3.8625288010e-03 
1674.000  1.8889569280e-01  3.9313077930e-03 
1675.000  1.8714528210e-01  3.9519588950e-03 
1676.000  1.8416432790e-01  3.9076719280e-03 
1677.000  1.8504961640e-01  3.9242393970e-03 
1678.000  1.8591807870e-01  3.9470059870e-03 
1679.000  1.8344571070e-01  3.8880798820e-03 
1680.000  1.7703674850e-01  3.7549853320e-03 
1681.000  1.7083113340e-01  3.6245980260e-03 
1682.000  1.7576452810e-01  3.7271175380e-03 
1683.000  1.8015766670e-01  3.8142423630e-03 
1684.000  1.8351880290e-01  3.8802165990e-03 
1685.000  1.8423765570e-01  3.8791887760e-03 
1686.000  1.8201494400e-01  3.8196239470e-03 
1687.000  1.8303098050e-01  3.8021907810e-03 
1688.000  1.8337294160e-01  3.7757022380e-03 
1689.000  1.8116292960e-01  3.7132487300e-03 
1690.000  1.8132622160e-01  3.6806008820e-03 
1691.000  1.8369907030e-01  3.7378218170e-03 
1692.000  1.8403342680e-01  3.7616777420e-03 
1693.000  1.8333363310e-01  3.7677466870e-03 
1694.000  1.8305630610e-01  3.7793118950e-03 
1695.000  1.8326560690e-01  3.7891514300e-03 
1696.000  1.8219380140e-01  3.7316710950e-03 
1697.000  1.8115303070e-01  3.6637992860e-03 
1698.000  1.8224633200e-01  3.6428499220e-03 
1699.000  1.8106875440e-01  3.5798091890e-03 
1700.000  1.7874760190e-01  3.4970119000e-03 
