 lambda   Irr_dw            Rad_up 
 550.000  1.5574544200e+00  7.7113250730e-02 
 551.000  1.5471437600e+00  7.6442771910e-02 
 552.000  1.6131638400e+00  7.9644790650e-02 
 553.000  1.5494136600e+00  7.6317161560e-02 
 554.000  1.5994743300e+00  7.8702766420e-02 
 555.000  1.6034474600e+00  7.8684120180e-02 
 556.000  1.5587740100e+00  7.6288734440e-02 
 557.000  1.5121336100e+00  7.3937759400e-02 
 558.000  1.5691919200e+00  7.6522377010e-02 
 559.000  1.4828933100e+00  7.2176963810e-02 
 560.000  1.4891465600e+00  7.2406341550e-02 
 561.000  1.6364148800e+00  7.9345718380e-02 
 562.000  1.5022641300e+00  7.2736022950e-02 
 563.000  1.5716077000e+00  7.5888046260e-02 
 564.000  1.5495542900e+00  7.4562026980e-02 
 565.000  1.5683200400e+00  7.5363510130e-02 
 566.000  1.4460419900e+00  6.9298484800e-02 
 567.000  1.5524400700e+00  7.4067749020e-02 
 568.000  1.5530075800e+00  7.3437210080e-02 
 569.000  1.5315755900e+00  7.1232398990e-02 
 570.000  1.5381015000e+00  7.1526176450e-02 
 571.000  1.4770288800e+00  6.9284317020e-02 
 572.000  1.5679936300e+00  7.2803588870e-02 
 573.000  1.5828514800e+00  7.3604042050e-02 
 574.000  1.5737611300e+00  7.3112838750e-02 
 575.000  1.5358724300e+00  7.1187438960e-02 
 576.000  1.5082090100e+00  6.9800895690e-02 
 577.000  1.5689370600e+00  7.2651718140e-02 
 578.000  1.5204006900e+00  7.0698242190e-02 
 579.000  1.5065477200e+00  7.0111732480e-02 
 580.000  1.5564556300e+00  7.2657142640e-02 
 581.000  1.5252743000e+00  7.1361976620e-02 
 582.000  1.5462469000e+00  7.2258796690e-02 
 583.000  1.5561553400e+00  7.2758560180e-02 
 584.000  1.5504756700e+00  7.2323585510e-02 
 585.000  1.5398405300e+00  7.1682762150e-02 
 586.000  1.4733434000e+00  6.8533393860e-02 
 587.000  1.5340283300e+00  7.0806060790e-02 
 588.000  1.5321554600e+00  6.9332229610e-02 
 589.000  1.3774653600e+00  6.0717895510e-02 
 590.000  1.4394542600e+00  6.3329303740e-02 
 591.000  1.5148591200e+00  6.7622467040e-02 
 592.000  1.4934403000e+00  6.5922340390e-02 
 593.000  1.4926789100e+00  6.7023666380e-02 
 594.000  1.5099823400e+00  6.7455665590e-02 
 595.000  1.4926039500e+00  6.5706382750e-02 
 596.000  1.5128474900e+00  6.7811737060e-02 
 597.000  1.5209033000e+00  6.7705940250e-02 
 598.000  1.4829117400e+00  6.6511726380e-02 
 599.000  1.4804155800e+00  6.6559417720e-02 
 600.000  1.4744959000e+00  6.6770645140e-02 
 601.000  1.4620419900e+00  6.6553749080e-02 
 602.000  1.4445415200e+00  6.5776321410e-02 
 603.000  1.4517782400e+00  6.6223632810e-02 
 604.000  1.4964859000e+00  6.8403488160e-02 
 605.000  1.4920420800e+00  6.8069770810e-02 
 606.000  1.4745175700e+00  6.7296928410e-02 
 607.000  1.4660335500e+00  6.6808670040e-02 
 608.000  1.4605197400e+00  6.6430885310e-02 
 609.000  1.4454347300e+00  6.5703109740e-02 
 610.000  1.4221798300e+00  6.4524841310e-02 
 611.000  1.4451785200e+00  6.5512039180e-02 
 612.000  1.4263104000e+00  6.4609642030e-02 
 613.000  1.4054312900e+00  6.3557003020e-02 
 614.000  1.3541885600e+00  6.1211280820e-02 
 615.000  1.4195837800e+00  6.4022460940e-02 
 616.000  1.3497598300e+00  6.0855396270e-02 
 617.000  1.3574435200e+00  6.1146327970e-02 
 618.000  1.4215887300e+00  6.3863990780e-02 
 619.000  1.4087416100e+00  6.3288814540e-02 
 620.000  1.4297646000e+00  6.4057296750e-02 
 621.000  1.4546521600e+00  6.5108970640e-02 
 622.000  1.3782427900e+00  6.1573818210e-02 
 623.000  1.3894679300e+00  6.1862434390e-02 
 624.000  1.3914050600e+00  6.1958427430e-02 
 625.000  1.3541429600e+00  6.0239299770e-02 
 626.000  1.3620681700e+00  6.0340087890e-02 
 627.000  1.3905522000e+00  6.1012542720e-02 
 628.000  1.3970645500e+00  5.9628128050e-02 
 629.000  1.4180006800e+00  6.1194728850e-02 
 630.000  1.3670991900e+00  5.9364624020e-02 
 631.000  1.4129324700e+00  6.1505008700e-02 
 632.000  1.3182875000e+00  5.7136550900e-02 
 633.000  1.4084980400e+00  6.1466014860e-02 
 634.000  1.3638710800e+00  5.9681167600e-02 
 635.000  1.3883836600e+00  6.0765949250e-02 
 636.000  1.3381079400e+00  5.8645504000e-02 
 637.000  1.3814374200e+00  6.0599071500e-02 
 638.000  1.4001822400e+00  6.1597671510e-02 
 639.000  1.3883244600e+00  6.0930892940e-02 
 640.000  1.3433326600e+00  5.9191280360e-02 
 641.000  1.3625789500e+00  5.9984802250e-02 
 642.000  1.3452079100e+00  5.9249286650e-02 
 643.000  1.3704099700e+00  6.0148029330e-02 
 644.000  1.3546106200e+00  5.9329612730e-02 
 645.000  1.3688377000e+00  5.9762504580e-02 
 646.000  1.3265973900e+00  5.6910938260e-02 
 647.000  1.3518766300e+00  5.7327190400e-02 
 648.000  1.3574438900e+00  5.7040168760e-02 
 649.000  1.3774566100e+00  5.8212196350e-02 
 650.000  1.2640753100e+00  5.4363300320e-02 
 651.000  1.3617526200e+00  5.8522602080e-02 
 652.000  1.3471776400e+00  5.6966175080e-02 
 653.000  1.3608456900e+00  5.8534679410e-02 
 654.000  1.3445948100e+00  5.7560108180e-02 
 655.000  1.3139521100e+00  5.5823307040e-02 
 656.000  1.1142091200e+00  4.7389148710e-02 
 657.000  1.1869497300e+00  5.0639087680e-02 
 658.000  1.3177150500e+00  5.6624343870e-02 
 659.000  1.3183646400e+00  5.6797237400e-02 
 660.000  1.3276543300e+00  5.7278816220e-02 
 661.000  1.3302563300e+00  5.7699218750e-02 
 662.000  1.3479348800e+00  5.8576652530e-02 
 663.000  1.3333564400e+00  5.7819118500e-02 
 664.000  1.3116569800e+00  5.6885044100e-02 
 665.000  1.3169976100e+00  5.7098522190e-02 
 666.000  1.3322842700e+00  5.7872348790e-02 
 667.000  1.3054358400e+00  5.6621128080e-02 
 668.000  1.3122964300e+00  5.7023830410e-02 
 669.000  1.3309176300e+00  5.7866710660e-02 
 670.000  1.3148768600e+00  5.7022758480e-02 
 671.000  1.3007710800e+00  5.6414047240e-02 
 672.000  1.2964622900e+00  5.6178569790e-02 
 673.000  1.3056821200e+00  5.6514068600e-02 
 674.000  1.3081461200e+00  5.6596591950e-02 
 675.000  1.2880890500e+00  5.5647399900e-02 
 676.000  1.3123505400e+00  5.6673358920e-02 
 677.000  1.2861739200e+00  5.5529857640e-02 
 678.000  1.3073847200e+00  5.6376960750e-02 
 679.000  1.2889596400e+00  5.5480300900e-02 
 680.000  1.2794964900e+00  5.5011764530e-02 
 681.000  1.2814740400e+00  5.4993568420e-02 
 682.000  1.2790288200e+00  5.4765304570e-02 
 683.000  1.2877230900e+00  5.5015071870e-02 
 684.000  1.2654943800e+00  5.4002037050e-02 
 685.000  1.2791734500e+00  5.4542297360e-02 
 686.000  1.2259272900e+00  5.1851345060e-02 
 687.000  1.2268263100e+00  4.7434150700e-02 
 688.000  1.2277483100e+00  4.8588684080e-02 
 689.000  1.2312844500e+00  4.8448936460e-02 
 690.000  1.2372434400e+00  4.9279350280e-02 
 691.000  1.2422283500e+00  5.0277488710e-02 
 692.000  1.2347649100e+00  5.0388370510e-02 
 693.000  1.2429446600e+00  4.9862651820e-02 
 694.000  1.2566041400e+00  4.9723472600e-02 
 695.000  1.2335917400e+00  4.9219017030e-02 
 696.000  1.2474054100e+00  5.0024028780e-02 
 697.000  1.2463311900e+00  5.1619888310e-02 
 698.000  1.2240359000e+00  5.0250637050e-02 
 699.000  1.2498956400e+00  4.9937675480e-02 
 700.000  1.2349412500e+00  4.9500934600e-02 
 701.000  1.2079956400e+00  4.8074554440e-02 
 702.000  1.2017771800e+00  4.8010849000e-02 
 703.000  1.2163880600e+00  4.9622535710e-02 
 704.000  1.2198837600e+00  4.9817523960e-02 
 705.000  1.2304038000e+00  4.9741123200e-02 
 706.000  1.2172551500e+00  4.9282302860e-02 
 707.000  1.1985892900e+00  4.8682655330e-02 
 708.000  1.2330159400e+00  5.0258296970e-02 
 709.000  1.1885758600e+00  4.8784370420e-02 
 710.000  1.2168666900e+00  4.9448375700e-02 
 711.000  1.2038325000e+00  4.9301692960e-02 
 712.000  1.1863963100e+00  4.8973438260e-02 
 713.000  1.1819888700e+00  4.8442897800e-02 
 714.000  1.2023101100e+00  4.9085796360e-02 
 715.000  1.1611698100e+00  4.6887817380e-02 
 716.000  1.1923529000e+00  4.7619628910e-02 
 717.000  1.1626199900e+00  4.3963726040e-02 
 718.000  1.1564579500e+00  4.2281707760e-02 
 719.000  1.1431432100e+00  4.1207794190e-02 
 720.000  1.1514763700e+00  4.0842556000e-02 
 721.000  1.1498093500e+00  4.3990985870e-02 
 722.000  1.1658603200e+00  4.5712841030e-02 
 723.000  1.1635312100e+00  4.4863193510e-02 
 724.000  1.1705897900e+00  4.3185470580e-02 
 725.000  1.1578081900e+00  4.2960628510e-02 
 726.000  1.1556830400e+00  4.2778434750e-02 
 727.000  1.1727792300e+00  4.3602855680e-02 
 728.000  1.1526263100e+00  4.2589649200e-02 
 729.000  1.1068147300e+00  4.1526817320e-02 
 730.000  1.1477060900e+00  4.2922004700e-02 
 731.000  1.1287807000e+00  4.2129798890e-02 
 732.000  1.1499001700e+00  4.4056587220e-02 
 733.000  1.1320415200e+00  4.4624343870e-02 
 734.000  1.1552546700e+00  4.6132049560e-02 
 735.000  1.1460358500e+00  4.5481929780e-02 
 736.000  1.1249972500e+00  4.4245506290e-02 
 737.000  1.1395941400e+00  4.5064563750e-02 
 738.000  1.1361340000e+00  4.5348632810e-02 
 739.000  1.0992387800e+00  4.4086563110e-02 
 740.000  1.1092177600e+00  4.4918437960e-02 
 741.000  1.1001468700e+00  4.4895843510e-02 
 742.000  1.0819497200e+00  4.4283210750e-02 
 743.000  1.1134208800e+00  4.5877593990e-02 
 744.000  1.1238478300e+00  4.6454139710e-02 
 745.000  1.0945049700e+00  4.5375827790e-02 
 746.000  1.1096387500e+00  4.6048049930e-02 
 747.000  1.1262605900e+00  4.6708332060e-02 
 748.000  1.1060150200e+00  4.5878181460e-02 
 749.000  1.1062082700e+00  4.5904045100e-02 
 750.000  1.0900506500e+00  4.5141529080e-02 
 751.000  1.0872423900e+00  4.5006694790e-02 
 752.000  1.1037077600e+00  4.5738967900e-02 
 753.000  1.0932564600e+00  4.5305255890e-02 
 754.000  1.1103694200e+00  4.6006832120e-02 
 755.000  1.1039972900e+00  4.5724502560e-02 
 756.000  1.0823790800e+00  4.4813491820e-02 
 757.000  1.0903786800e+00  4.5125118260e-02 
 758.000  1.0892384000e+00  4.4982009890e-02 
 759.000  1.0479656700e+00  4.1016765590e-02 
 760.000  8.2434243200e-01  2.2513990400e-02 
 761.000  7.9438700000e-01  2.0757055280e-02 
 762.000  9.2671982500e-01  3.0401025770e-02 
 763.000  9.1182508700e-01  2.8000921250e-02 
 764.000  9.3522802900e-01  2.9647951130e-02 
 765.000  9.8157084000e-01  3.3575466160e-02 
 766.000  9.7328903000e-01  3.6191093440e-02 
 767.000  1.0032019900e+00  3.8695644380e-02 
 768.000  1.0521715300e+00  4.1683795930e-02 
 769.000  1.0536445900e+00  4.2592765810e-02 
 770.000  1.0509675600e+00  4.2932300570e-02 
 771.000  1.0524320900e+00  4.3240764620e-02 
 772.000  1.0485366300e+00  4.3123336790e-02 
 773.000  1.0442136200e+00  4.2951030730e-02 
 774.000  1.0552292900e+00  4.3413467410e-02 
 775.000  1.0154826300e+00  4.1773643490e-02 
 776.000  1.0572284000e+00  4.3520698550e-02 
 777.000  1.0499049600e+00  4.3183578490e-02 
 778.000  1.0443530600e+00  4.2896854400e-02 
 779.000  1.0478278600e+00  4.2971363070e-02 
 780.000  1.0349427000e+00  4.2443504330e-02 
 781.000  1.0330764500e+00  4.2356979370e-02 
 782.000  1.0456194500e+00  4.2788234710e-02 
 783.000  1.0212607800e+00  4.1857234950e-02 
 784.000  1.0271718300e+00  4.2038597110e-02 
 785.000  1.0305499200e+00  4.1956512450e-02 
 786.000  1.0136754000e+00  4.1100837710e-02 
 787.000  1.0305720300e+00  4.1290802000e-02 
 788.000  1.0160871600e+00  4.0526115420e-02 
 789.000  1.0252318100e+00  4.0231895450e-02 
 790.000  1.0151759900e+00  3.9738006590e-02 
 791.000  1.0094355800e+00  3.9628036500e-02 
 792.000  9.9297025000e-01  3.9022819520e-02 
 793.000  9.9087347000e-01  3.9162925720e-02 
 794.000  9.7813147400e-01  3.9237758640e-02 
 795.000  9.7442501700e-01  3.8619369510e-02 
 796.000  9.9515265600e-01  3.8692153930e-02 
 797.000  1.0002908000e+00  3.9125194550e-02 
 798.000  9.9825915400e-01  3.9544239040e-02 
 799.000  9.9808652800e-01  3.9353652950e-02 
 800.000  9.7390437100e-01  3.7998703000e-02 
 801.000  9.9193173800e-01  3.8731185910e-02 
 802.000  9.9016108800e-01  3.8574050900e-02 
 803.000  9.7583882800e-01  3.8073333740e-02 
 804.000  9.8383263900e-01  3.8595706940e-02 
 805.000  9.5535637500e-01  3.7834442140e-02 
 806.000  9.8029797400e-01  3.8988887790e-02 
 807.000  9.7423146600e-01  3.8777099610e-02 
 808.000  9.6908114600e-01  3.8391155240e-02 
 809.000  9.5328380000e-01  3.7583217620e-02 
 810.000  9.4963799100e-01  3.7235843660e-02 
 811.000  9.6605707600e-01  3.7548545840e-02 
 812.000  9.6429755400e-01  3.7116802220e-02 
 813.000  9.6176768500e-01  3.6508232120e-02 
 814.000  9.6240047600e-01  3.6046203610e-02 
 815.000  9.5417943400e-01  3.5144649510e-02 
 816.000  9.4809465100e-01  3.4207134250e-02 
 817.000  9.5368485400e-01  3.4423351290e-02 
 818.000  9.4767208800e-01  3.4183662410e-02 
 819.000  9.2151382200e-01  3.3515842440e-02 
 820.000  9.0186210800e-01  3.3550712590e-02 
 821.000  9.2967702900e-01  3.5502658840e-02 
 822.000  9.0504673000e-01  3.3767211910e-02 
 823.000  9.2127621200e-01  3.2616004940e-02 
 824.000  9.3186524600e-01  3.4495845790e-02 
 825.000  9.2794154300e-01  3.5591094970e-02 
 826.000  9.3424878000e-01  3.5569244380e-02 
 827.000  9.3159443100e-01  3.5286773680e-02 
 828.000  9.3147033600e-01  3.4527671810e-02 
 829.000  9.3039374600e-01  3.4710235600e-02 
 830.000  9.1491305600e-01  3.4424301150e-02 
 831.000  8.9867907400e-01  3.3866870880e-02 
 832.000  9.1698280900e-01  3.4558048250e-02 
 833.000  8.8801160900e-01  3.3715198520e-02 
 834.000  9.0049910000e-01  3.4405445100e-02 
 835.000  9.0044032600e-01  3.4725803380e-02 
 836.000  9.1157575200e-01  3.5131057740e-02 
 837.000  9.0413257300e-01  3.4789951320e-02 
 838.000  9.0635622000e-01  3.5115322110e-02 
 839.000  8.7741499700e-01  3.4097190860e-02 
 840.000  9.0064395800e-01  3.4992946620e-02 
 841.000  9.0396199900e-01  3.4949440000e-02 
 842.000  8.9747569800e-01  3.4803840640e-02 
 843.000  8.8923557200e-01  3.4910549160e-02 
 844.000  8.7353573000e-01  3.4466346740e-02 
 845.000  8.8631605900e-01  3.5046131130e-02 
 846.000  8.9367180600e-01  3.5474361420e-02 
 847.000  8.6226907100e-01  3.4377334590e-02 
 848.000  8.8877836300e-01  3.5228588100e-02 
 849.000  8.9029309500e-01  3.5381557460e-02 
 850.000  7.7024469500e-01  3.0467784880e-02 
 851.000  8.8313159800e-01  3.4791294100e-02 
 852.000  8.4959881900e-01  3.3527980800e-02 
 853.000  8.5829966700e-01  3.3936866760e-02 
 854.000  6.9010571500e-01  2.7308502200e-02 
 855.000  7.5914502600e-01  3.0144029620e-02 
 856.000  8.6008227200e-01  3.4215023040e-02 
 857.000  8.7319822000e-01  3.4884025570e-02 
 858.000  8.5890336100e-01  3.4316677090e-02 
 859.000  8.5802922500e-01  3.4348564150e-02 
 860.000  8.4998019900e-01  3.4109603880e-02 
 861.000  8.4982707900e-01  3.4087718960e-02 
 862.000  8.4681667100e-01  3.3920749660e-02 
 863.000  8.6299834700e-01  3.4655124660e-02 
 864.000  8.6112192600e-01  3.4458381650e-02 
 865.000  8.4496267700e-01  3.3928829190e-02 
 866.000  7.0873929700e-01  2.8497030260e-02 
 867.000  7.5477766600e-01  3.0168544770e-02 
 868.000  8.1859354700e-01  3.2794868470e-02 
 869.000  8.0708617900e-01  3.2325691220e-02 
 870.000  8.4043269000e-01  3.3759681700e-02 
 871.000  8.3922814800e-01  3.3646514890e-02 
 872.000  8.3576310500e-01  3.3310150150e-02 
 873.000  8.3924827900e-01  3.3548801420e-02 
 874.000  8.2093263400e-01  3.2738815310e-02 
 875.000  8.1341913400e-01  3.2558517460e-02 
 876.000  8.2038545800e-01  3.2754409790e-02 
 877.000  8.3685520600e-01  3.3274208070e-02 
 878.000  8.2308095100e-01  3.2767837520e-02 
 879.000  8.2503944800e-01  3.2888141630e-02 
 880.000  8.2078520100e-01  3.2537807460e-02 
 881.000  7.7839447300e-01  3.0881259920e-02 
 882.000  8.2167212500e-01  3.2416412350e-02 
 883.000  8.0268331000e-01  3.1825956340e-02 
 884.000  8.0941489400e-01  3.2271957400e-02 
 885.000  8.1876696400e-01  3.2210601810e-02 
 886.000  7.9325891500e-01  3.1205417630e-02 
 887.000  7.8417488600e-01  3.0843326570e-02 
 888.000  8.0774089200e-01  3.1603525160e-02 
 889.000  8.1286392900e-01  3.2049060820e-02 
 890.000  8.1103171700e-01  3.1880168910e-02 
 891.000  8.0799404600e-01  3.1526569370e-02 
 892.000  8.0734440200e-01  3.1237836840e-02 
 893.000  7.8174444700e-01  2.9390626910e-02 
 894.000  8.1017381800e-01  3.0174402240e-02 
 895.000  7.7517136300e-01  2.8175111770e-02 
 896.000  8.0593341600e-01  2.8440877910e-02 
 897.000  7.8738216400e-01  2.7232599260e-02 
 898.000  7.8873505700e-01  2.6890110020e-02 
 899.000  7.8802361600e-01  2.5954412460e-02 
 900.000  7.6834325900e-01  2.5326824190e-02 
 901.000  7.5188280500e-01  2.4597629550e-02 
 902.000  7.3804289400e-01  2.4183979030e-02 
 903.000  7.7414982300e-01  2.6706525800e-02 
 904.000  7.8852843200e-01  2.8048059460e-02 
 905.000  7.8643015000e-01  2.8175920490e-02 
 906.000  7.6560481400e-01  2.6893880840e-02 
 907.000  7.7857613200e-01  2.6330785750e-02 
 908.000  7.5953011600e-01  2.5016260150e-02 
 909.000  7.4462898000e-01  2.4530235290e-02 
 910.000  7.5343578200e-01  2.4900850300e-02 
 911.000  7.5143766600e-01  2.5370868680e-02 
 912.000  7.5306318900e-01  2.5029592510e-02 
 913.000  7.7068894800e-01  2.4826662060e-02 
 914.000  7.6572900800e-01  2.5020799640e-02 
 915.000  7.5308887500e-01  2.5091201780e-02 
 916.000  7.6144665200e-01  2.5395931240e-02 
 917.000  7.4952693700e-01  2.5155864720e-02 
 918.000  7.4572242000e-01  2.5260353090e-02 
 919.000  7.5555545600e-01  2.6713352200e-02 
 920.000  7.4834781000e-01  2.6847724910e-02 
 921.000  7.3195766100e-01  2.6106264110e-02 
 922.000  7.2542595600e-01  2.5944332120e-02 
 923.000  6.9500721800e-01  2.4390087130e-02 
 924.000  7.2440703500e-01  2.5274761200e-02 
 925.000  7.3402421100e-01  2.5507871630e-02 
 926.000  7.0781893000e-01  2.4447822570e-02 
 927.000  7.3418431000e-01  2.5092922210e-02 
 928.000  7.3870197800e-01  2.4394464490e-02 
 929.000  7.2838230200e-01  2.2987480160e-02 
 930.000  7.2654843800e-01  2.1791938780e-02 
 931.000  7.2624625300e-01  2.0874362950e-02 
 932.000  7.1912823600e-01  1.9669530870e-02 
 933.000  7.2108341800e-01  1.9103807450e-02 
 934.000  7.1476518300e-01  1.8381406780e-02 
 935.000  7.0417272700e-01  1.8053823470e-02 
 936.000  6.9910551200e-01  1.8122623440e-02 
 937.000  7.1470821100e-01  1.8474746700e-02 
 938.000  7.0721283600e-01  1.8910980220e-02 
 939.000  7.1349382500e-01  2.1090360640e-02 
 940.000  7.0985119000e-01  2.1376058580e-02 
 941.000  6.9371266900e-01  2.0572122570e-02 
 942.000  6.6716228200e-01  1.9110124590e-02 
 943.000  7.0294665300e-01  1.9122175220e-02 
 944.000  6.8362415400e-01  1.8524417880e-02 
 945.000  6.9017478800e-01  1.9027431490e-02 
 946.000  6.9953293400e-01  1.9307136540e-02 
 947.000  6.9530536900e-01  1.9514787670e-02 
 948.000  6.9950759500e-01  1.9830024720e-02 
 949.000  7.0172299200e-01  1.9873247150e-02 
 950.000  6.9709695300e-01  1.9793321610e-02 
 951.000  6.9296147700e-01  2.0141166690e-02 
 952.000  6.9288304400e-01  1.9653415680e-02 
 953.000  6.9097248000e-01  1.9950044630e-02 
 954.000  6.8429887000e-01  2.0165138240e-02 
 955.000  6.3916989100e-01  1.8543956760e-02 
 956.000  6.8184455000e-01  1.9732635500e-02 
 957.000  6.8149420300e-01  2.0838657380e-02 
 958.000  6.8674744100e-01  2.1184766770e-02 
 959.000  6.8940003700e-01  2.1061805730e-02 
 960.000  6.8288541100e-01  2.0809822080e-02 
 961.000  6.7555988100e-01  2.0484495160e-02 
 962.000  6.7892088000e-01  2.0679235460e-02 
 963.000  6.7751909200e-01  2.1379602430e-02 
 964.000  6.6976743900e-01  2.1250305180e-02 
 965.000  6.7795331500e-01  2.1431541440e-02 
 966.000  6.5838081400e-01  2.0857564930e-02 
 967.000  6.7796188200e-01  2.2099245070e-02 
 968.000  6.7049157400e-01  2.2889070510e-02 
 969.000  6.7458775800e-01  2.3481494900e-02 
 970.000  6.7641781900e-01  2.3565633770e-02 
 971.000  6.7042702200e-01  2.3336488720e-02 
 972.000  6.7517727800e-01  2.3356988910e-02 
 973.000  6.6893734700e-01  2.2833513260e-02 
 974.000  6.5868103100e-01  2.2119890210e-02 
 975.000  6.6197410500e-01  2.1985057830e-02 
 976.000  6.6998662600e-01  2.2528825760e-02 
 977.000  6.5299899800e-01  2.2396274570e-02 
 978.000  6.6915011400e-01  2.2910318370e-02 
 979.000  6.4970563200e-01  2.2358299260e-02 
 980.000  6.5887017600e-01  2.3146551130e-02 
 981.000  6.6336022500e-01  2.3421506880e-02 
 982.000  6.6191985600e-01  2.3255613330e-02 
 983.000  6.6013344900e-01  2.3464933400e-02 
 984.000  6.5571329600e-01  2.3614181520e-02 
 985.000  6.5539961300e-01  2.3792577740e-02 
 986.000  6.5005093300e-01  2.3868171690e-02 
 987.000  6.5744146200e-01  2.4264686580e-02 
 988.000  6.4933497900e-01  2.3988843920e-02 
 989.000  6.4108937200e-01  2.3695150380e-02 
 990.000  6.4655301200e-01  2.3921382900e-02 
 991.000  6.5179747000e-01  2.4206470490e-02 
 992.000  6.4576315900e-01  2.3986066820e-02 
 993.000  6.4571917000e-01  2.3965471270e-02 
 994.000  6.4895118000e-01  2.4156549450e-02 
 995.000  6.4413375500e-01  2.4039094920e-02 
 996.000  6.4401458300e-01  2.4000535960e-02 
 997.000  6.4473663500e-01  2.3934021000e-02 
 998.000  6.4237628500e-01  2.3764898300e-02 
 999.000  6.4080502900e-01  2.3651922230e-02 
1000.000  6.3568857100e-01  2.3448452000e-02 
1001.000  6.3929209300e-01  2.3455547330e-02 
1002.000  6.3869672400e-01  2.3244117740e-02 
1003.000  6.3116706300e-01  2.3003789900e-02 
1004.000  6.2573478800e-01  2.2899679180e-02 
1005.000  5.8458530200e-01  2.1431755070e-02 
1006.000  6.1506711900e-01  2.2558542250e-02 
1007.000  6.2633440400e-01  2.2929376600e-02 
1008.000  6.2922351100e-01  2.2885139470e-02 
1009.000  6.2571675100e-01  2.2575471880e-02 
1010.000  6.2791102900e-01  2.2724695210e-02 
1011.000  6.2419309200e-01  2.2778825760e-02 
1012.000  6.2423061600e-01  2.2854141240e-02 
1013.000  6.1961454100e-01  2.2744337080e-02 
1014.000  6.2352067200e-01  2.2943916320e-02 
1015.000  6.1199861600e-01  2.2557331090e-02 
1016.000  6.1586433700e-01  2.2762346270e-02 
1017.000  6.0973065200e-01  2.2570291520e-02 
1018.000  6.1779645000e-01  2.2877191540e-02 
1019.000  6.0392002400e-01  2.2318418500e-02 
1020.000  6.0257030400e-01  2.2259052280e-02 
1021.000  6.0839252500e-01  2.2458375930e-02 
1022.000  5.9955768600e-01  2.1972644810e-02 
1023.000  6.1132565200e-01  2.2261644360e-02 
1024.000  6.0838129300e-01  2.2044311520e-02 
1025.000  6.0766085800e-01  2.2076562880e-02 
1026.000  6.0812367000e-01  2.2133676530e-02 
1027.000  6.0456288700e-01  2.2019748690e-02 
1028.000  6.0589236200e-01  2.2131372450e-02 
1029.000  5.9643549400e-01  2.1877683640e-02 
1030.000  6.0218446600e-01  2.2195241930e-02 
1031.000  6.0015827100e-01  2.2197256090e-02 
1032.000  5.9794591500e-01  2.2166049960e-02 
1033.000  5.8690122300e-01  2.1736610410e-02 
1034.000  5.9305662700e-01  2.1955982210e-02 
1035.000  5.8665314100e-01  2.1717149730e-02 
1036.000  5.9435377000e-01  2.1954084400e-02 
1037.000  5.8182776400e-01  2.1467493060e-02 
1038.000  5.8754432700e-01  2.1655481340e-02 
1039.000  5.9005738100e-01  2.1713592530e-02 
1040.000  5.8316391800e-01  2.1428464890e-02 
1041.000  5.8629702100e-01  2.1514787670e-02 
1042.000  5.8806441100e-01  2.1554996490e-02 
1043.000  5.7792930000e-01  2.1160945890e-02 
1044.000  5.8374874600e-01  2.1346921920e-02 
1045.000  5.8141267400e-01  2.1290559770e-02 
1046.000  5.6461436100e-01  2.0715028760e-02 
1047.000  5.7512911800e-01  2.1139661790e-02 
1048.000  5.8102030300e-01  2.1396522520e-02 
1049.000  5.7745424800e-01  2.1307621000e-02 
1050.000  5.7418912800e-01  2.1218198780e-02 
1051.000  5.7451769600e-01  2.1199262620e-02 
1052.000  5.7201476700e-01  2.1066787720e-02 
1053.000  5.7229545100e-01  2.1060420990e-02 
1054.000  5.6669774800e-01  2.0795335770e-02 
1055.000  5.7114507800e-01  2.0909181590e-02 
1056.000  5.6986222800e-01  2.0819570540e-02 
1057.000  5.6944084000e-01  2.0754135130e-02 
1058.000  5.6448181900e-01  2.0498571400e-02 
1059.000  5.4667424400e-01  1.9873809810e-02 
1060.000  5.6587462000e-01  2.0636169430e-02 
1061.000  5.4616620400e-01  1.9921545030e-02 
1062.000  5.6193536800e-01  2.0456558230e-02 
1063.000  5.5266748600e-01  2.0089811330e-02 
1064.000  5.6009512400e-01  2.0270235060e-02 
1065.000  5.6000612600e-01  2.0166698460e-02 
1066.000  5.4279852900e-01  1.9509023670e-02 
1067.000  5.5598312100e-01  1.9926937100e-02 
1068.000  5.5464176600e-01  1.9741203310e-02 
1069.000  5.1327241400e-01  1.8210199360e-02 
1070.000  5.4359294800e-01  1.9327632900e-02 
1071.000  5.4500210200e-01  1.9357740400e-02 
1072.000  5.4736488200e-01  1.9422977450e-02 
1073.000  5.2945337800e-01  1.8810939790e-02 
1074.000  5.4793287200e-01  1.9511030200e-02 
1075.000  5.3018266500e-01  1.8984264370e-02 
1076.000  5.4232007300e-01  1.9384025570e-02 
1077.000  5.4173468600e-01  1.9313119890e-02 
1078.000  5.4386081400e-01  1.9331142430e-02 
1079.000  5.2302501300e-01  1.8595703120e-02 
1080.000  5.4043249600e-01  1.9048974990e-02 
1081.000  5.2064817400e-01  1.8335784910e-02 
1082.000  5.2648531900e-01  1.8571794510e-02 
1083.000  5.1320383300e-01  1.7972698210e-02 
1084.000  5.3383060800e-01  1.8558599470e-02 
1085.000  5.2922199100e-01  1.8155464170e-02 
1086.000  5.3557050900e-01  1.8375782010e-02 
1087.000  5.0027958500e-01  1.7350866320e-02 
1088.000  5.3049868100e-01  1.8453668590e-02 
1089.000  5.1327621900e-01  1.7628219600e-02 
1090.000  5.2501113300e-01  1.8022514340e-02 
1091.000  5.2781547000e-01  1.8212425230e-02 
1092.000  5.1705373200e-01  1.7760654450e-02 
1093.000  5.1392118700e-01  1.7423355100e-02 
1094.000  4.6890279800e-01  1.5767167090e-02 
1095.000  5.0731765500e-01  1.7040029530e-02 
1096.000  5.0805174000e-01  1.7048387530e-02 
1097.000  4.9884600800e-01  1.6646711350e-02 
1098.000  4.9789465200e-01  1.6005298610e-02 
1099.000  5.0238408400e-01  1.5602849010e-02 
1100.000  5.1079748300e-01  1.5898798940e-02 
1101.000  5.0921578900e-01  1.5917791370e-02 
1102.000  4.8829420200e-01  1.5224046710e-02 
1103.000  5.0733480700e-01  1.5857894900e-02 
1104.000  5.0408943900e-01  1.5664267540e-02 
1105.000  5.0444945700e-01  1.5459447860e-02 
1106.000  5.0133907100e-01  1.5165483470e-02 
1107.000  5.0044011000e-01  1.5174627300e-02 
1108.000  4.9860042600e-01  1.5137825970e-02 
1109.000  4.9991635100e-01  1.5325314520e-02 
1110.000  5.0248174300e-01  1.5353651050e-02 
1111.000  4.9644461700e-01  1.5062805180e-02 
1112.000  4.9203019600e-01  1.4536620140e-02 
1113.000  4.9030436100e-01  1.4012792590e-02 
1114.000  4.9561322200e-01  1.4015951160e-02 
1115.000  4.9062073000e-01  1.3409947400e-02 
1116.000  4.8441206300e-01  1.2993283270e-02 
1117.000  4.9015595300e-01  1.2645864490e-02 
1118.000  4.8502030500e-01  1.2105524060e-02 
1119.000  4.7145298800e-01  1.1584736820e-02 
1120.000  4.7240359100e-01  1.1402338980e-02 
1121.000  4.7540833200e-01  1.1431545260e-02 
1122.000  4.7320195100e-01  1.1175846100e-02 
1123.000  4.7542552900e-01  1.1343756680e-02 
1124.000  4.7634265300e-01  1.1442417140e-02 
1125.000  4.6641748800e-01  1.1165167810e-02 
1126.000  4.5749527900e-01  1.0935569760e-02 
1127.000  4.7298307700e-01  1.1320526120e-02 
1128.000  4.6433612700e-01  1.1142932890e-02 
1129.000  4.6723533200e-01  1.1415596010e-02 
1130.000  4.6815494900e-01  1.1970208170e-02 
1131.000  4.7328695000e-01  1.2266031270e-02 
1132.000  4.7428560700e-01  1.2063141820e-02 
1133.000  4.6203174600e-01  1.1369750020e-02 
1134.000  4.5662850200e-01  1.0626759530e-02 
1135.000  4.6261095800e-01  1.0809496880e-02 
1136.000  4.6453368100e-01  1.1479999540e-02 
1137.000  4.7133561300e-01  1.2046428680e-02 
1138.000  4.5527291700e-01  1.2049221990e-02 
1139.000  4.6549070900e-01  1.2479914670e-02 
1140.000  4.6671712100e-01  1.2424831390e-02 
1141.000  4.5322426400e-01  1.1904001240e-02 
1142.000  4.6549091600e-01  1.2163089750e-02 
1143.000  4.5710998600e-01  1.1758304600e-02 
1144.000  4.5383330500e-01  1.1476253510e-02 
1145.000  4.5645138700e-01  1.1275798800e-02 
1146.000  4.6112773900e-01  1.1448854450e-02 
1147.000  4.6346804000e-01  1.1721100810e-02 
1148.000  4.5906064800e-01  1.1809324260e-02 
1149.000  4.6053498200e-01  1.1931170460e-02 
1150.000  4.5858024500e-01  1.1894569400e-02 
1151.000  4.5723420800e-01  1.2000665660e-02 
1152.000  4.5638046000e-01  1.2049419400e-02 
1153.000  4.5558397400e-01  1.2133405690e-02 
1154.000  4.5906171900e-01  1.2209464070e-02 
1155.000  4.6064228700e-01  1.2469216350e-02 
1156.000  4.5439902300e-01  1.2546978000e-02 
1157.000  4.5865994700e-01  1.3240116120e-02 
1158.000  4.5873277000e-01  1.3551579480e-02 
1159.000  4.5224626700e-01  1.3659906390e-02 
1160.000  4.4650096800e-01  1.3624314310e-02 
1161.000  4.3687165100e-01  1.3653495790e-02 
1162.000  4.5268736600e-01  1.4420846940e-02 
1163.000  4.5456645400e-01  1.4798837660e-02 
1164.000  4.4533399500e-01  1.4562610630e-02 
1165.000  4.5392902700e-01  1.4896398540e-02 
1166.000  4.4215393100e-01  1.4590682980e-02 
1167.000  4.4932587000e-01  1.4878792760e-02 
1168.000  4.5325286700e-01  1.4996172900e-02 
1169.000  4.3757932300e-01  1.4527017590e-02 
1170.000  4.4934719300e-01  1.4961338040e-02 
1171.000  4.5142662000e-01  1.5130596160e-02 
1172.000  4.5001222800e-01  1.5022648810e-02 
1173.000  4.4687806200e-01  1.4861146930e-02 
1174.000  4.4710440600e-01  1.4870205880e-02 
1175.000  4.4187059600e-01  1.4846047400e-02 
1176.000  4.3120336900e-01  1.4624916080e-02 
1177.000  4.4451669200e-01  1.5003874780e-02 
1178.000  4.3700761900e-01  1.4610969540e-02 
1179.000  4.3504855000e-01  1.4543426510e-02 
1180.000  4.4115531100e-01  1.4694417950e-02 
1181.000  4.3890069100e-01  1.4493065830e-02 
1182.000  4.3945645800e-01  1.4381769180e-02 
1183.000  4.1394063200e-01  1.3554806710e-02 
1184.000  4.3259726000e-01  1.4229896550e-02 
1185.000  4.3832142700e-01  1.4586694720e-02 
1186.000  4.3571121700e-01  1.4441362380e-02 
1187.000  4.3586716000e-01  1.4263526920e-02 
1188.000  4.3362943000e-01  1.4133004190e-02 
1189.000  4.0826129500e-01  1.3384374620e-02 
1190.000  4.2833764300e-01  1.4283544540e-02 
1191.000  4.3501715800e-01  1.4553865430e-02 
1192.000  4.3264848300e-01  1.4560600280e-02 
1193.000  4.3281526100e-01  1.4502018930e-02 
1194.000  4.3200037800e-01  1.4448290820e-02 
1195.000  4.2715764700e-01  1.4171936990e-02 
1196.000  4.2688787700e-01  1.4178414340e-02 
1197.000  4.2677536300e-01  1.4119090080e-02 
1198.000  4.1244042200e-01  1.3632215500e-02 
1199.000  3.9711403000e-01  1.3061584470e-02 
1200.000  4.2214720800e-01  1.3920050620e-02 
1201.000  4.2517494900e-01  1.4036580090e-02 
1202.000  4.2599103900e-01  1.4082890510e-02 
1203.000  4.0520008300e-01  1.3366649630e-02 
1204.000  4.1191457000e-01  1.3618299480e-02 
1205.000  4.2146948400e-01  1.4131540300e-02 
1206.000  4.1890551400e-01  1.4138124470e-02 
1207.000  4.2171857600e-01  1.4271297450e-02 
1208.000  4.1557918800e-01  1.4033235550e-02 
1209.000  3.8961485100e-01  1.3108951570e-02 
1210.000  4.1689805200e-01  1.3946754460e-02 
1211.000  4.0297179100e-01  1.3471652030e-02 
1212.000  4.1558821800e-01  1.3922392850e-02 
1213.000  4.1712453700e-01  1.4062324520e-02 
1214.000  4.1533936400e-01  1.3999395370e-02 
1215.000  4.1676607900e-01  1.4086559300e-02 
1216.000  4.1553329800e-01  1.4182940480e-02 
1217.000  4.1466902900e-01  1.4267260550e-02 
1218.000  4.1321777700e-01  1.4263481140e-02 
1219.000  4.0935066900e-01  1.4152624130e-02 
1220.000  4.1210198600e-01  1.4236628530e-02 
1221.000  4.1124895500e-01  1.4208125110e-02 
1222.000  4.0897058200e-01  1.4122086520e-02 
1223.000  4.0696855800e-01  1.4076118470e-02 
1224.000  4.0991029600e-01  1.4268640520e-02 
1225.000  4.0758594500e-01  1.4216262820e-02 
1226.000  4.0891475800e-01  1.4300086020e-02 
1227.000  3.9488270200e-01  1.3863676070e-02 
1228.000  4.0698349700e-01  1.4355517390e-02 
1229.000  4.0630814000e-01  1.4378311160e-02 
1230.000  4.0467834500e-01  1.4375707630e-02 
1231.000  4.0454542400e-01  1.4403804780e-02 
1232.000  3.9994532400e-01  1.4253530500e-02 
1233.000  4.0306567800e-01  1.4373379710e-02 
1234.000  4.0159873900e-01  1.4395150180e-02 
1235.000  3.9872484000e-01  1.4314834590e-02 
1236.000  4.0098448700e-01  1.4402425770e-02 
1237.000  4.0087871100e-01  1.4423168180e-02 
1238.000  4.0059407700e-01  1.4419481280e-02 
1239.000  3.9600989000e-01  1.4256025310e-02 
1240.000  3.9423201900e-01  1.4226009370e-02 
1241.000  3.9784039700e-01  1.4384159090e-02 
1242.000  3.9562116100e-01  1.4328866960e-02 
1243.000  3.9129009700e-01  1.4198096280e-02 
1244.000  3.8794069200e-01  1.4090819360e-02 
1245.000  3.9472127300e-01  1.4347489360e-02 
1246.000  3.9178695200e-01  1.4195709230e-02 
1247.000  3.8999914000e-01  1.4084721570e-02 
1248.000  3.9316716700e-01  1.4150360110e-02 
1249.000  3.9183597900e-01  1.4065173150e-02 
1250.000  3.9044119000e-01  1.3969540600e-02 
1251.000  3.8790930100e-01  1.3844539640e-02 
1252.000  3.8691184000e-01  1.3770113950e-02 
1253.000  3.8388739500e-01  1.3621958730e-02 
1254.000  3.8521381500e-01  1.3597896580e-02 
1255.000  3.8480215200e-01  1.3533199310e-02 
1256.000  3.8420766000e-01  1.3469489100e-02 
1257.000  3.8009220400e-01  1.3243092540e-02 
1258.000  3.8208411700e-01  1.3170302390e-02 
1259.000  3.7818704600e-01  1.2917689320e-02 
1260.000  3.7900257800e-01  1.2821580890e-02 
1261.000  3.7855514600e-01  1.2679106710e-02 
1262.000  3.7045357900e-01  1.2245857240e-02 
1263.000  3.7494637200e-01  1.2368501660e-02 
1264.000  3.6910846610e-01  1.2167010310e-02 
1265.000  3.6978080530e-01  1.2196768760e-02 
1266.000  3.7216850490e-01  1.2243729590e-02 
1267.000  3.6519823640e-01  1.1979903220e-02 
1268.000  3.6160104990e-01  1.1816408160e-02 
1269.000  3.6498563770e-01  1.1905697820e-02 
1270.000  3.6899812620e-01  1.2178109170e-02 
1271.000  3.7104760100e-01  1.2315193180e-02 
1272.000  3.6995019840e-01  1.2344811440e-02 
1273.000  3.6963219560e-01  1.2402859690e-02 
1274.000  3.6742503110e-01  1.2402579310e-02 
1275.000  3.6958774420e-01  1.2505155560e-02 
1276.000  3.7018162110e-01  1.2536676410e-02 
1277.000  3.6990493870e-01  1.2525954250e-02 
1278.000  3.6884489960e-01  1.2485970500e-02 
1279.000  3.6637606890e-01  1.2424386020e-02 
1280.000  3.6421216570e-01  1.2437461850e-02 
1281.000  3.5382461100e-01  1.2165097240e-02 
1282.000  3.1420342530e-01  1.0875329020e-02 
1283.000  3.4483285650e-01  1.1992629050e-02 
1284.000  3.5906179290e-01  1.2523514750e-02 
1285.000  3.6169606820e-01  1.2634370800e-02 
1286.000  3.6157669150e-01  1.2598647120e-02 
1287.000  3.6378762430e-01  1.2621065140e-02 
1288.000  3.6150701980e-01  1.2366863250e-02 
1289.000  3.6366222300e-01  1.2389090540e-02 
1290.000  3.5532947440e-01  1.2089378360e-02 
1291.000  3.6019376480e-01  1.2243150710e-02 
1292.000  3.6169656000e-01  1.2320391650e-02 
1293.000  3.6201971490e-01  1.2300640110e-02 
1294.000  3.5627388270e-01  1.1999020580e-02 
1295.000  3.6010930600e-01  1.1994052890e-02 
1296.000  3.6037413520e-01  1.1901176450e-02 
1297.000  3.5815228800e-01  1.1767432210e-02 
1298.000  3.5495167690e-01  1.1667763710e-02 
1299.000  3.5851544160e-01  1.1788453100e-02 
1300.000  3.5707619980e-01  1.1744844440e-02 
1301.000  3.5650835070e-01  1.1704508780e-02 
1302.000  3.5193316760e-01  1.1472423550e-02 
1303.000  3.5004220600e-01  1.1237509730e-02 
1304.000  3.5027183690e-01  1.1155688290e-02 
1305.000  3.5242725970e-01  1.1174858090e-02 
1306.000  3.5276453500e-01  1.1131826400e-02 
1307.000  3.5172224600e-01  1.1059049610e-02 
1308.000  3.5142195060e-01  1.0960005760e-02 
1309.000  3.5110941390e-01  1.0825808530e-02 
1310.000  3.4965047060e-01  1.0773403170e-02 
1311.000  3.4858031190e-01  1.0744366650e-02 
1312.000  3.4749447200e-01  1.0565050130e-02 
1313.000  3.3465995800e-01  1.0007531170e-02 
1314.000  3.4510607280e-01  1.0167964940e-02 
1315.000  3.3348593110e-01  9.8937673570e-03 
1316.000  3.4124376230e-01  1.0231143000e-02 
1317.000  3.4491470860e-01  1.0339757920e-02 
1318.000  3.4003410290e-01  1.0015505790e-02 
1319.000  3.4469159380e-01  9.9231281280e-03 
1320.000  3.4214693500e-01  9.6159887310e-03 
1321.000  3.4064368830e-01  9.4884748460e-03 
1322.000  3.3996348960e-01  9.5986280440e-03 
1323.000  3.4071604490e-01  9.7694597240e-03 
1324.000  3.4089846910e-01  9.8611154560e-03 
1325.000  3.3980803130e-01  9.7671051030e-03 
1326.000  3.3821752990e-01  9.5640506740e-03 
1327.000  3.3551712220e-01  9.1824808120e-03 
1328.000  3.3640020870e-01  8.9259986880e-03 
1329.000  3.2412363010e-01  8.1740140910e-03 
1330.000  3.2919406870e-01  8.1543731690e-03 
1331.000  3.3066132020e-01  8.1005525590e-03 
1332.000  3.2311518550e-01  7.9444355960e-03 
1333.000  3.3165556350e-01  8.2336940770e-03 
1334.000  3.3207128900e-01  8.3561353680e-03 
1335.000  3.3235559730e-01  8.4455003740e-03 
1336.000  3.2875812020e-01  8.3830270770e-03 
1337.000  3.2982236160e-01  8.4218244550e-03 
1338.000  3.2957927250e-01  8.4744062420e-03 
1339.000  3.2603785810e-01  8.4003181460e-03 
1340.000  3.2369757990e-01  8.3894472120e-03 
1341.000  3.2858391300e-01  8.4729042050e-03 
1342.000  3.2777926860e-01  8.4586935040e-03 
1343.000  3.2775036470e-01  8.2805042270e-03 
1344.000  3.2625183270e-01  8.0739765170e-03 
1345.000  3.2374830200e-01  7.6518392560e-03 
1346.000  3.1857603600e-01  7.3436422350e-03 
1347.000  3.1918009570e-01  7.2208166120e-03 
1348.000  3.1560201600e-01  6.9937019350e-03 
1349.000  3.1345882360e-01  6.8678355220e-03 
1350.000  3.0705825820e-01  6.5733399390e-03 
1351.000  3.0488960610e-01  6.4183559420e-03 
1352.000  3.0544576650e-01  6.2667598720e-03 
1353.000  2.9959206870e-01  5.9439673420e-03 
1354.000  2.9597186890e-01  5.7528929710e-03 
1355.000  2.9032874570e-01  5.5117611890e-03 
1356.000  2.8605500150e-01  5.2846474650e-03 
1357.000  2.7935302360e-01  4.9787158970e-03 
1358.000  2.7974956760e-01  4.7879905700e-03 
1359.000  2.7202991690e-01  4.3229303360e-03 
1360.000  2.6205893540e-01  3.9581315520e-03 
1361.000  2.6425568660e-01  3.8570420740e-03 
1362.000  2.6199180930e-01  3.7861688140e-03 
1363.000  2.6225569520e-01  3.9946055410e-03 
1364.000  2.6752760360e-01  4.1445279120e-03 
1365.000  2.6739117310e-01  4.1803541180e-03 
1366.000  2.6926878190e-01  4.2899680140e-03 
1367.000  2.6431829840e-01  4.1075057980e-03 
1368.000  2.6434139810e-01  4.0123934750e-03 
1369.000  2.5957904680e-01  3.9624657630e-03 
1370.000  2.6509205650e-01  4.2868790630e-03 
1371.000  2.7287456410e-01  4.7489666940e-03 
1372.000  2.8371714570e-01  5.2849669460e-03 
1373.000  2.8782114330e-01  5.5679006580e-03 
1374.000  2.9110978210e-01  5.7382225990e-03 
1375.000  2.8702132320e-01  5.7045779230e-03 
1376.000  2.8273077700e-01  5.5835700040e-03 
1377.000  2.8530870600e-01  5.5576477050e-03 
1378.000  2.8040967170e-01  5.3148412700e-03 
1379.000  2.7855379510e-01  5.0527129170e-03 
1380.000  2.6856197510e-01  4.5537858010e-03 
1381.000  2.6250617490e-01  4.1449275020e-03 
1382.000  2.5435984380e-01  3.8508393760e-03 
1383.000  2.5658455620e-01  3.8655030730e-03 
1384.000  2.6228288170e-01  4.2012710570e-03 
1385.000  2.6436813130e-01  4.4311971660e-03 
1386.000  2.7234835480e-01  4.7993774410e-03 
1387.000  2.7625478240e-01  5.2133331300e-03 
1388.000  2.8204515230e-01  5.4751625060e-03 
1389.000  2.8429080350e-01  5.5836915970e-03 
1390.000  2.7928029470e-01  5.5044455530e-03 
1391.000  2.8201448630e-01  5.5051283840e-03 
1392.000  2.7757255620e-01  5.2619056700e-03 
1393.000  2.7302694880e-01  5.0206289290e-03 
1394.000  2.6697516790e-01  4.7618231770e-03 
1395.000  2.6827551480e-01  4.8513946530e-03 
1396.000  2.7420640190e-01  5.1344108580e-03 
1397.000  2.7727502900e-01  5.3290162090e-03 
1398.000  2.7748644350e-01  5.3482608800e-03 
1399.000  2.7567344370e-01  5.2669997220e-03 
1400.000  2.6766935130e-01  5.0910587310e-03 
1401.000  2.6888072320e-01  5.1255998610e-03 
1402.000  2.7544573110e-01  5.3533434870e-03 
1403.000  2.7474699420e-01  5.3989882470e-03 
1404.000  2.7266306590e-01  5.3187117580e-03 
1405.000  2.7283120350e-01  5.3240194320e-03 
1406.000  2.7244520020e-01  5.2659549710e-03 
1407.000  2.7271589320e-01  5.2649178500e-03 
1408.000  2.7355864470e-01  5.3758249280e-03 
1409.000  2.7647479970e-01  5.4983153340e-03 
1410.000  2.7766633980e-01  5.6363949780e-03 
1411.000  2.7973945430e-01  5.7542538640e-03 
1412.000  2.6880739240e-01  5.5163331030e-03 
1413.000  2.7399804290e-01  5.6417813300e-03 
1414.000  2.7758222820e-01  5.6802697180e-03 
1415.000  2.7742078490e-01  5.7130250930e-03 
1416.000  2.7691255490e-01  5.7360196110e-03 
1417.000  2.7893336360e-01  5.7619709970e-03 
1418.000  2.7904291450e-01  5.7526369090e-03 
1419.000  2.7506804840e-01  5.6541085240e-03 
1420.000  2.7446458810e-01  5.6425485610e-03 
1421.000  2.7902009030e-01  5.7786207200e-03 
1422.000  2.7278611420e-01  5.6592025760e-03 
1423.000  2.7112432190e-01  5.6087822910e-03 
1424.000  2.7136969140e-01  5.5857119560e-03 
1425.000  2.7660605620e-01  5.6417422290e-03 
1426.000  2.6541299540e-01  5.3928408620e-03 
1427.000  2.6955471890e-01  5.4816150670e-03 
1428.000  2.7540460070e-01  5.5994825360e-03 
1429.000  2.6894577790e-01  5.4681291580e-03 
1430.000  2.6310335750e-01  5.3147497180e-03 
1431.000  2.6249957230e-01  5.2154011730e-03 
1432.000  2.6727098900e-01  5.2511038780e-03 
1433.000  2.6740665980e-01  5.2277021410e-03 
1434.000  2.6201703100e-01  5.0835695270e-03 
1435.000  2.6521391630e-01  5.1640367510e-03 
1436.000  2.6524964200e-01  5.1581997870e-03 
1437.000  2.6629726370e-01  5.1624116900e-03 
1438.000  2.6564939450e-01  5.1718215940e-03 
1439.000  2.6879003370e-01  5.2159447670e-03 
1440.000  2.5215180370e-01  4.8898015020e-03 
1441.000  2.6485823890e-01  5.1197042470e-03 
1442.000  2.5869148840e-01  4.9614276890e-03 
1443.000  2.6298692700e-01  5.0165581700e-03 
1444.000  2.6426563690e-01  5.0284671780e-03 
1445.000  2.6346797660e-01  4.9908070560e-03 
1446.000  2.6629624270e-01  5.0463333130e-03 
1447.000  2.6507893560e-01  5.0238981250e-03 
1448.000  2.6710529970e-01  5.0386252400e-03 
1449.000  2.6699861800e-01  4.9926409720e-03 
1450.000  2.6520217020e-01  4.8999066350e-03 
1451.000  2.6349175520e-01  4.8477878570e-03 
1452.000  2.6024810850e-01  4.8001894950e-03 
1453.000  2.6520169680e-01  4.9465360640e-03 
1454.000  2.6623185340e-01  5.0328736310e-03 
1455.000  2.6286463060e-01  5.0081486700e-03 
1456.000  2.6274479730e-01  5.0462460520e-03 
1457.000  2.6526370230e-01  5.0690369610e-03 
1458.000  2.6889053630e-01  5.1160621640e-03 
1459.000  2.6988932120e-01  5.0397872920e-03 
1460.000  2.6529718700e-01  4.8699960710e-03 
1461.000  2.6471776550e-01  4.7968816760e-03 
1462.000  2.6182681810e-01  4.6461939810e-03 
1463.000  2.6007941950e-01  4.5807566640e-03 
1464.000  2.5990743800e-01  4.5269408230e-03 
1465.000  2.6291406060e-01  4.5044183730e-03 
1466.000  2.5665133090e-01  4.3168406490e-03 
1467.000  2.6280318720e-01  4.3574166300e-03 
1468.000  2.5633490140e-01  4.1855320930e-03 
1469.000  2.5916083780e-01  4.1511425970e-03 
1470.000  2.5766600150e-01  4.0787243840e-03 
1471.000  2.5359195180e-01  4.0380382540e-03 
1472.000  2.5512438070e-01  4.1089634900e-03 
1473.000  2.5736942810e-01  4.2328867910e-03 
1474.000  2.5028331110e-01  4.1877684590e-03 
1475.000  2.5560499320e-01  4.2455539700e-03 
1476.000  2.5600892660e-01  4.2226386070e-03 
1477.000  2.5676003180e-01  4.1723909380e-03 
1478.000  2.5304588700e-01  4.0514006610e-03 
1479.000  2.5594463210e-01  4.0285606380e-03 
1480.000  2.5734673170e-01  4.0449781420e-03 
1481.000  2.5351034270e-01  4.0147609710e-03 
1482.000  2.5666702740e-01  4.1022973060e-03 
1483.000  2.5138004340e-01  4.0177268980e-03 
1484.000  2.5370387240e-01  4.0408592220e-03 
1485.000  2.5853251700e-01  4.0942854880e-03 
1486.000  2.5427288960e-01  4.0618624690e-03 
1487.000  2.5456352920e-01  4.1639199260e-03 
1488.000  2.2253977270e-01  3.6368198390e-03 
1489.000  2.5552260640e-01  4.3214349750e-03 
1490.000  2.5611776800e-01  4.4688110350e-03 
1491.000  2.5866305430e-01  4.6170825960e-03 
1492.000  2.5265241700e-01  4.5280928610e-03 
1493.000  2.5833047070e-01  4.7032628060e-03 
1494.000  2.5734852400e-01  4.6917128560e-03 
1495.000  2.5554798140e-01  4.7267017360e-03 
1496.000  2.4799096960e-01  4.7053728100e-03 
1497.000  2.5381552610e-01  4.8101215360e-03 
1498.000  2.5638579660e-01  4.9702663420e-03 
1499.000  2.5207367910e-01  4.9900751110e-03 
1500.000  2.5637216380e-01  5.1504626270e-03 
1501.000  2.5600625470e-01  5.1104989050e-03 
1502.000  2.5402927730e-01  5.0240440370e-03 
1503.000  2.2810288380e-01  4.4783616070e-03 
1504.000  2.3764802700e-01  4.6903872490e-03 
1505.000  2.3690973250e-01  4.7747473720e-03 
1506.000  2.4010347000e-01  4.8658852580e-03 
1507.000  2.5111608850e-01  5.1866159440e-03 
1508.000  2.4719466200e-01  5.1666111950e-03 
1509.000  2.4826259620e-01  5.2562212940e-03 
1510.000  2.5209918720e-01  5.3743247990e-03 
1511.000  2.5324579240e-01  5.4539985660e-03 
1512.000  2.4849165190e-01  5.3916854860e-03 
1513.000  2.4807540990e-01  5.4177317620e-03 
1514.000  2.4467946230e-01  5.3647437100e-03 
1515.000  2.4948780730e-01  5.4925489430e-03 
1516.000  2.4717278690e-01  5.4267559050e-03 
1517.000  2.4570896500e-01  5.3908109660e-03 
1518.000  2.5023752860e-01  5.5088391300e-03 
1519.000  2.4652399080e-01  5.4506664280e-03 
1520.000  2.4804053520e-01  5.5509333610e-03 
1521.000  2.4331593480e-01  5.5241646770e-03 
1522.000  2.4189178430e-01  5.5338172910e-03 
1523.000  2.4777934680e-01  5.7241454120e-03 
1524.000  2.4602078200e-01  5.7111845020e-03 
1525.000  2.4053820580e-01  5.5983471870e-03 
1526.000  2.4731372000e-01  5.7468667030e-03 
1527.000  2.4464095940e-01  5.6910662650e-03 
1528.000  2.4612442980e-01  5.7385191920e-03 
1529.000  2.4534571180e-01  5.7068295480e-03 
1530.000  2.2951332090e-01  5.3455576900e-03 
1531.000  2.4523873300e-01  5.7002229690e-03 
1532.000  2.4366550920e-01  5.6541886330e-03 
1533.000  2.4243456400e-01  5.6069002150e-03 
1534.000  2.3858197740e-01  5.4986991880e-03 
1535.000  2.3919616160e-01  5.4948005680e-03 
1536.000  2.4239484490e-01  5.6029357910e-03 
1537.000  2.4295768630e-01  5.6643958090e-03 
1538.000  2.3611268660e-01  5.5539398190e-03 
1539.000  2.4094058810e-01  5.7152667050e-03 
1540.000  2.3211218750e-01  5.5454273220e-03 
1541.000  2.3687449190e-01  5.6708049770e-03 
1542.000  2.3828321940e-01  5.7071466450e-03 
1543.000  2.3739675690e-01  5.6960821150e-03 
1544.000  2.4008200040e-01  5.7752318380e-03 
1545.000  2.4048378200e-01  5.8073139190e-03 
1546.000  2.4027678130e-01  5.8359389310e-03 
1547.000  2.3762464070e-01  5.8018612860e-03 
1548.000  2.3041929870e-01  5.6549863820e-03 
1549.000  2.3632500570e-01  5.8206315040e-03 
1550.000  2.3501286320e-01  5.8069138530e-03 
1551.000  2.3378267950e-01  5.7754397390e-03 
1552.000  2.3775649080e-01  5.8632760050e-03 
1553.000  2.3641515120e-01  5.8248038290e-03 
1554.000  2.2775297190e-01  5.6008272170e-03 
1555.000  2.3140569690e-01  5.6880793570e-03 
1556.000  2.2690036520e-01  5.6034369470e-03 
1557.000  2.3426564010e-01  5.8357830050e-03 
1558.000  2.3247131870e-01  5.8339934350e-03 
1559.000  2.3258245670e-01  5.8776812550e-03 
1560.000  2.2856607110e-01  5.8218898770e-03 
1561.000  2.3400406390e-01  5.9777665140e-03 
1562.000  2.3407921070e-01  5.9650316240e-03 
1563.000  2.3073921310e-01  5.8727374080e-03 
1564.000  2.2639623360e-01  5.7454552650e-03 
1565.000  2.3031000670e-01  5.8211202620e-03 
1566.000  2.2594588330e-01  5.7232289310e-03 
1567.000  2.2659849420e-01  5.7449564930e-03 
1568.000  2.2278899510e-01  5.6414189340e-03 
1569.000  2.2461744360e-01  5.6768865590e-03 
1570.000  2.1957982240e-01  5.5510907170e-03 
1571.000  2.2546350520e-01  5.7300558090e-03 
1572.000  2.2566613580e-01  5.7502045630e-03 
1573.000  2.2188957590e-01  5.6878256800e-03 
1574.000  2.2211123500e-01  5.7359895710e-03 
1575.000  2.0599074060e-01  5.3526897430e-03 
1576.000  2.2130233900e-01  5.7605791090e-03 
1577.000  1.9974017800e-01  5.1804571150e-03 
1578.000  2.1845789160e-01  5.6457419400e-03 
1579.000  2.1939181070e-01  5.6555595400e-03 
1580.000  2.2329784400e-01  5.7513260840e-03 
1581.000  2.2181716580e-01  5.6934237480e-03 
1582.000  2.1671935790e-01  5.6003298760e-03 
1583.000  2.1880849650e-01  5.6909418110e-03 
1584.000  2.1634607630e-01  5.6632900240e-03 
1585.000  2.2237008340e-01  5.8521637920e-03 
1586.000  2.1957713940e-01  5.7938675880e-03 
1587.000  2.1690169960e-01  5.7543115620e-03 
1588.000  2.1343204430e-01  5.6905193330e-03 
1589.000  1.9521795100e-01  5.2175707820e-03 
1590.000  2.1037117300e-01  5.6389856340e-03 
1591.000  2.0565787190e-01  5.5299978260e-03 
1592.000  2.1656574330e-01  5.8355011940e-03 
1593.000  2.2148387990e-01  5.9762792590e-03 
1594.000  2.1992943010e-01  5.9413676260e-03 
1595.000  2.2139411350e-01  5.9865655900e-03 
1596.000  2.0738765730e-01  5.6273317340e-03 
1597.000  2.1584594990e-01  5.8543825150e-03 
1598.000  2.1991904580e-01  5.9534778590e-03 
1599.000  2.1255691310e-01  5.7377758030e-03 
1600.000  2.1609919710e-01  5.8250622750e-03 
1601.000  2.0700219920e-01  5.5970487590e-03 
1602.000  2.1229565910e-01  5.7710995670e-03 
1603.000  2.1068533150e-01  5.7755651470e-03 
1604.000  2.1327264250e-01  5.9018659590e-03 
1605.000  2.1011943450e-01  5.8512635230e-03 
1606.000  2.0926391280e-01  5.8670759200e-03 
1607.000  2.1014356020e-01  5.8677616120e-03 
1608.000  2.1253791920e-01  5.9116535190e-03 
1609.000  2.1172088020e-01  5.8717770580e-03 
1610.000  1.9850966020e-01  5.4932308200e-03 
1611.000  2.0421651730e-01  5.6532478330e-03 
1612.000  2.0596277670e-01  5.7063589100e-03 
1613.000  2.1035881850e-01  5.8314785960e-03 
1614.000  2.0829432190e-01  5.7531661990e-03 
1615.000  2.1155870870e-01  5.8412036900e-03 
1616.000  1.9821686130e-01  5.4677495960e-03 
1617.000  2.0392991050e-01  5.6681990620e-03 
1618.000  2.1028396280e-01  5.8695144650e-03 
1619.000  2.0953984220e-01  5.8930568700e-03 
1620.000  2.0418909180e-01  5.7852964400e-03 
1621.000  2.0112822350e-01  5.7331466670e-03 
1622.000  2.0619070350e-01  5.8845062260e-03 
1623.000  2.1031912810e-01  6.0185532570e-03 
1624.000  2.1177260760e-01  6.0714306830e-03 
1625.000  2.0645432960e-01  5.9450631140e-03 
1626.000  2.0898586090e-01  6.0098967550e-03 
1627.000  2.0871625910e-01  6.0207953450e-03 
1628.000  2.1039348440e-01  6.0792751310e-03 
1629.000  2.1036297900e-01  6.0868253710e-03 
1630.000  2.0465171570e-01  5.9232511520e-03 
1631.000  2.0785245310e-01  6.0275974270e-03 
1632.000  2.0790503000e-01  5.9838180540e-03 
1633.000  2.0522935510e-01  5.8752088550e-03 
1634.000  2.0042709570e-01  5.7042646410e-03 
1635.000  2.0580075510e-01  5.8285365100e-03 
1636.000  2.0525605620e-01  5.7772469520e-03 
1637.000  1.9611768170e-01  5.4872393610e-03 
1638.000  1.9468469400e-01  5.4236407280e-03 
1639.000  1.9274480130e-01  5.3321771620e-03 
1640.000  1.9390089370e-01  5.3349847790e-03 
1641.000  1.9270101310e-01  5.2845468520e-03 
1642.000  1.9246067170e-01  5.3354620930e-03 
1643.000  1.9740722260e-01  5.5272464750e-03 
1644.000  1.9435237150e-01  5.4941058160e-03 
1645.000  1.9478542270e-01  5.5554504390e-03 
1646.000  1.9712639570e-01  5.6705040930e-03 
1647.000  1.9897730940e-01  5.7243442540e-03 
1648.000  1.9820893940e-01  5.6963996890e-03 
1649.000  1.9368070260e-01  5.5657711030e-03 
1650.000  1.9858858110e-01  5.7083563800e-03 
1651.000  1.9411405590e-01  5.5806593890e-03 
1652.000  1.9798829260e-01  5.6913199420e-03 
1653.000  1.9576503410e-01  5.6373424530e-03 
1654.000  1.9796151800e-01  5.7048692700e-03 
1655.000  1.9399389220e-01  5.6028146740e-03 
1656.000  1.9772036270e-01  5.7195773120e-03 
1657.000  1.9628692550e-01  5.6808733940e-03 
1658.000  1.9734712870e-01  5.7221102710e-03 
1659.000  1.9371218510e-01  5.6203498840e-03 
1660.000  1.9607618390e-01  5.6851000790e-03 
1661.000  1.9684502510e-01  5.6950445180e-03 
1662.000  1.9552290140e-01  5.6082291600e-03 
1663.000  1.9429226960e-01  5.5310263630e-03 
1664.000  1.9346953860e-01  5.4649100300e-03 
1665.000  1.9149459340e-01  5.3669891360e-03 
1666.000  1.9056233830e-01  5.3373966220e-03 
1667.000  1.9208501760e-01  5.4321985240e-03 
1668.000  1.8883058000e-01  5.3745059970e-03 
1669.000  1.8913285470e-01  5.4256424900e-03 
1670.000  1.9320510880e-01  5.5871925350e-03 
1671.000  1.9172972060e-01  5.5866065030e-03 
1672.000  1.8264849900e-01  5.3713517190e-03 
1673.000  1.8802962840e-01  5.5702829360e-03 
1674.000  1.8890331040e-01  5.6405711170e-03 
1675.000  1.8715222850e-01  5.6386628150e-03 
1676.000  1.8417156910e-01  5.5665535930e-03 
1677.000  1.8505716770e-01  5.5943160060e-03 
1678.000  1.8592525830e-01  5.6276350020e-03 
1679.000  1.8345303260e-01  5.5499701500e-03 
1680.000  1.7704403560e-01  5.3616242410e-03 
1681.000  1.7083782890e-01  5.1774559020e-03 
1682.000  1.7577154080e-01  5.3274812700e-03 
1683.000  1.8016475540e-01  5.4574728010e-03 
1684.000  1.8352600980e-01  5.5570774080e-03 
1685.000  1.8424503530e-01  5.5662503240e-03 
1686.000  1.8202219430e-01  5.4907755850e-03 
1687.000  1.8303809390e-01  5.4891157150e-03 
1688.000  1.8338024020e-01  5.4719624520e-03 
1689.000  1.8117016490e-01  5.3940987590e-03 
1690.000  1.8133360310e-01  5.3692212100e-03 
1691.000  1.8370668220e-01  5.4481902120e-03 
1692.000  1.8404078890e-01  5.4736461640e-03 
1693.000  1.8334070840e-01  5.4714870450e-03 
1694.000  1.8306341360e-01  5.4790139200e-03 
1695.000  1.8327293650e-01  5.4901752470e-03 
1696.000  1.8220115580e-01  5.4296436310e-03 
1697.000  1.8116010270e-01  5.3601098060e-03 
1698.000  1.8225346750e-01  5.3573751450e-03 
1699.000  1.8107598700e-01  5.2907547950e-03 
1700.000  1.7875496060e-01  5.1932406430e-03 
