 lambda   Irr_dw            Rad_up 
 550.000  1.5535084800e+00  4.6943592070e-02 
 551.000  1.5432482600e+00  4.6476352690e-02 
 552.000  1.6091280700e+00  4.8425594330e-02 
 553.000  1.5455635700e+00  4.6329456330e-02 
 554.000  1.5955278700e+00  4.7767211910e-02 
 555.000  1.5995122300e+00  4.7664848330e-02 
 556.000  1.5549746000e+00  4.6127140050e-02 
 557.000  1.5084740900e+00  4.4700660710e-02 
 558.000  1.5654163300e+00  4.6178192140e-02 
 559.000  1.4793505500e+00  4.3508399960e-02 
 560.000  1.4856123700e+00  4.3639221190e-02 
 561.000  1.6325552500e+00  4.7722915650e-02 
 562.000  1.4987426100e+00  4.3727996830e-02 
 563.000  1.5679466300e+00  4.5535095210e-02 
 564.000  1.5459612600e+00  4.4620323180e-02 
 565.000  1.5647100900e+00  4.5088214870e-02 
 566.000  1.4427330900e+00  4.1378582000e-02 
 567.000  1.5489059000e+00  4.4102802280e-02 
 568.000  1.5494780500e+00  4.3524971010e-02 
 569.000  1.5280994800e+00  4.1742141720e-02 
 570.000  1.5346335600e+00  4.1912117000e-02 
 571.000  1.4737315700e+00  4.0808238980e-02 
 572.000  1.5644989100e+00  4.2574718480e-02 
 573.000  1.5793489500e+00  4.3061614990e-02 
 574.000  1.5702992200e+00  4.2710075380e-02 
 575.000  1.5325099800e+00  4.1485759740e-02 
 576.000  1.5049226900e+00  4.0604949950e-02 
 577.000  1.5655363900e+00  4.2243545530e-02 
 578.000  1.5171295800e+00  4.1186786650e-02 
 579.000  1.5033251800e+00  4.0794883730e-02 
 580.000  1.5531442600e+00  4.2344188690e-02 
 581.000  1.5220483400e+00  4.1618095400e-02 
 582.000  1.5429937100e+00  4.2056617740e-02 
 583.000  1.5528934200e+00  4.2374950410e-02 
 584.000  1.5472432700e+00  4.2020339970e-02 
 585.000  1.5366404400e+00  4.1572753910e-02 
 586.000  1.4702959600e+00  3.9727416990e-02 
 587.000  1.5308629700e+00  4.0800231930e-02 
 588.000  1.5289863400e+00  3.9392147060e-02 
 589.000  1.3746104600e+00  3.3784698490e-02 
 590.000  1.4364855700e+00  3.5194355010e-02 
 591.000  1.5117665800e+00  3.8015880580e-02 
 592.000  1.4903981900e+00  3.6706668850e-02 
 593.000  1.4896731200e+00  3.7817173000e-02 
 594.000  1.5069528300e+00  3.7917781830e-02 
 595.000  1.4896163700e+00  3.6498428340e-02 
 596.000  1.5098548000e+00  3.8214210510e-02 
 597.000  1.5179067900e+00  3.7927066800e-02 
 598.000  1.4800181400e+00  3.7477252960e-02 
 599.000  1.4775492500e+00  3.7567314150e-02 
 600.000  1.4716697900e+00  3.7875953670e-02 
 601.000  1.4592654800e+00  3.7908290860e-02 
 602.000  1.4418183200e+00  3.7448257450e-02 
 603.000  1.4490593700e+00  3.7749591830e-02 
 604.000  1.4937015400e+00  3.9063106540e-02 
 605.000  1.4892810400e+00  3.8791072850e-02 
 606.000  1.4718043500e+00  3.8383541110e-02 
 607.000  1.4633485200e+00  3.8057987210e-02 
 608.000  1.4578590200e+00  3.7778812410e-02 
 609.000  1.4428146000e+00  3.7358058930e-02 
 610.000  1.4196113100e+00  3.6629539490e-02 
 611.000  1.4425815000e+00  3.7168796540e-02 
 612.000  1.4237585900e+00  3.6641193390e-02 
 613.000  1.4029285300e+00  3.5990406040e-02 
 614.000  1.3517903500e+00  3.4660606380e-02 
 615.000  1.4170806600e+00  3.6174037930e-02 
 616.000  1.3473899100e+00  3.4388290410e-02 
 617.000  1.3550745300e+00  3.4533992770e-02 
 618.000  1.4191166900e+00  3.5977268220e-02 
 619.000  1.4063046700e+00  3.5675319670e-02 
 620.000  1.4273018200e+00  3.6016632080e-02 
 621.000  1.4521577300e+00  3.6602443700e-02 
 622.000  1.3758932600e+00  3.4574466710e-02 
 623.000  1.3871067000e+00  3.4636425020e-02 
 624.000  1.3890546900e+00  3.4734645840e-02 
 625.000  1.3518665400e+00  3.3770114900e-02 
 626.000  1.3597878500e+00  3.3721160890e-02 
 627.000  1.3882296300e+00  3.3897006990e-02 
 628.000  1.3948117300e+00  3.2601985930e-02 
 629.000  1.4156769200e+00  3.3639759060e-02 
 630.000  1.3648767300e+00  3.2822631840e-02 
 631.000  1.4106359300e+00  3.4012245180e-02 
 632.000  1.3161404500e+00  3.1491291050e-02 
 633.000  1.4062159200e+00  3.4010108950e-02 
 634.000  1.3616673000e+00  3.3090408330e-02 
 635.000  1.3861475600e+00  3.3703495030e-02 
 636.000  1.3359615500e+00  3.2551586150e-02 
 637.000  1.3792347500e+00  3.3657192230e-02 
 638.000  1.3979593800e+00  3.4248001100e-02 
 639.000  1.3861277300e+00  3.3784748080e-02 
 640.000  1.3412195100e+00  3.2939388280e-02 
 641.000  1.3604449700e+00  3.3350616460e-02 
 642.000  1.3431128500e+00  3.2936744690e-02 
 643.000  1.3682794800e+00  3.3365852360e-02 
 644.000  1.3525093500e+00  3.2835495000e-02 
 645.000  1.3667230300e+00  3.3012577060e-02 
 646.000  1.3245418000e+00  3.0994413380e-02 
 647.000  1.3497835100e+00  3.0900365830e-02 
 648.000  1.3553513600e+00  3.0519645690e-02 
 649.000  1.3753440800e+00  3.1273096080e-02 
 650.000  1.2621552900e+00  2.9632909770e-02 
 651.000  1.3596956900e+00  3.1888717650e-02 
 652.000  1.3451395000e+00  3.0638786320e-02 
 653.000  1.3588049700e+00  3.1927505490e-02 
 654.000  1.3425891600e+00  3.1256002430e-02 
 655.000  1.3119961900e+00  3.0132171630e-02 
 656.000  1.1125575300e+00  2.5602819440e-02 
 657.000  1.1852015000e+00  2.7434953690e-02 
 658.000  1.3157845600e+00  3.0874841690e-02 
 659.000  1.3164486600e+00  3.1020385740e-02 
 660.000  1.3257342000e+00  3.1325000760e-02 
 661.000  1.3283446400e+00  3.1687810900e-02 
 662.000  1.3460157200e+00  3.2201187130e-02 
 663.000  1.3314624000e+00  3.1724582670e-02 
 664.000  1.3097997700e+00  3.1206573490e-02 
 665.000  1.3151454300e+00  3.1307598110e-02 
 666.000  1.3304180000e+00  3.1794828410e-02 
 667.000  1.3036128600e+00  3.1044630050e-02 
 668.000  1.3104779000e+00  3.1324693680e-02 
 669.000  1.3290782500e+00  3.1812641140e-02 
 670.000  1.3130652800e+00  3.1256317140e-02 
 671.000  1.2989898500e+00  3.0939867020e-02 
 672.000  1.2946990400e+00  3.0795270920e-02 
 673.000  1.3039100600e+00  3.0953397750e-02 
 674.000  1.3063781900e+00  3.1004087450e-02 
 675.000  1.2863634400e+00  3.0447265620e-02 
 676.000  1.3105865600e+00  3.1014148710e-02 
 677.000  1.2844587200e+00  3.0396934510e-02 
 678.000  1.3056541500e+00  3.0833793640e-02 
 679.000  1.2872454500e+00  3.0298679350e-02 
 680.000  1.2778094600e+00  3.0038991930e-02 
 681.000  1.2797942800e+00  2.9986249920e-02 
 682.000  1.2773592600e+00  2.9791364670e-02 
 683.000  1.2860495400e+00  2.9863607410e-02 
 684.000  1.2638517700e+00  2.9313972470e-02 
 685.000  1.2775198200e+00  2.9559564590e-02 
 686.000  1.2243567300e+00  2.7912639620e-02 
 687.000  1.2254217800e+00  2.4090538020e-02 
 688.000  1.2263135100e+00  2.5055223460e-02 
 689.000  1.2298629500e+00  2.4917823790e-02 
 690.000  1.2357997900e+00  2.5547145840e-02 
 691.000  1.2407495900e+00  2.6320022580e-02 
 692.000  1.2332668000e+00  2.6476751330e-02 
 693.000  1.2414101100e+00  2.5690557480e-02 
 694.000  1.2550375200e+00  2.5251588820e-02 
 695.000  1.2320560400e+00  2.5167097090e-02 
 696.000  1.2458522900e+00  2.5694858550e-02 
 697.000  1.2447846600e+00  2.7312723160e-02 
 698.000  1.2225104600e+00  2.6368730550e-02 
 699.000  1.2483579500e+00  2.5548608780e-02 
 700.000  1.2334271000e+00  2.5403594970e-02 
 701.000  1.2065282900e+00  2.4496316910e-02 
 702.000  1.2003241000e+00  2.4564933780e-02 
 703.000  1.2149261400e+00  2.5889434810e-02 
 704.000  1.2184791000e+00  2.6028385160e-02 
 705.000  1.2289045300e+00  2.5751588820e-02 
 706.000  1.2157895300e+00  2.5558032990e-02 
 707.000  1.1971906700e+00  2.5328878400e-02 
 708.000  1.2315432700e+00  2.6240697860e-02 
 709.000  1.1871825300e+00  2.5631479260e-02 
 710.000  1.2154298400e+00  2.5745227810e-02 
 711.000  1.2024249500e+00  2.5839866640e-02 
 712.000  1.1850280600e+00  2.5845485690e-02 
 713.000  1.1806248300e+00  2.5403490070e-02 
 714.000  1.2009211800e+00  2.5635860440e-02 
 715.000  1.1598413500e+00  2.4234849930e-02 
 716.000  1.1910215700e+00  2.4348443980e-02 
 717.000  1.1612816600e+00  2.1260442730e-02 
 718.000  1.1551307300e+00  1.9696258540e-02 
 719.000  1.1418329400e+00  1.8856927870e-02 
 720.000  1.1501655500e+00  1.8327167510e-02 
 721.000  1.1485076600e+00  2.1537475590e-02 
 722.000  1.1645861700e+00  2.2944919590e-02 
 723.000  1.1622329100e+00  2.2146444320e-02 
 724.000  1.1692780400e+00  2.0347200390e-02 
 725.000  1.1565217400e+00  2.0390140530e-02 
 726.000  1.1544039500e+00  2.0266355510e-02 
 727.000  1.1714833800e+00  2.0759412770e-02 
 728.000  1.1513612600e+00  2.0166402820e-02 
 729.000  1.1056023900e+00  1.9997819900e-02 
 730.000  1.1464623500e+00  2.0612075810e-02 
 731.000  1.1275642900e+00  2.0208591460e-02 
 732.000  1.1486664100e+00  2.1711040500e-02 
 733.000  1.1308300500e+00  2.2649896620e-02 
 734.000  1.1540284200e+00  2.3698976520e-02 
 735.000  1.1448260600e+00  2.3221340180e-02 
 736.000  1.1238121700e+00  2.2402126310e-02 
 737.000  1.1384009700e+00  2.2932577130e-02 
 738.000  1.1349472800e+00  2.3286174770e-02 
 739.000  1.0980997700e+00  2.2750875470e-02 
 740.000  1.1080715900e+00  2.3378618240e-02 
 741.000  1.0989929200e+00  2.3535205840e-02 
 742.000  1.0808447000e+00  2.3273618700e-02 
 743.000  1.1122950600e+00  2.4240610120e-02 
 744.000  1.1227224100e+00  2.4618703840e-02 
 745.000  1.0934088100e+00  2.4103559490e-02 
 746.000  1.1085381000e+00  2.4462150570e-02 
 747.000  1.1251444500e+00  2.4791936870e-02 
 748.000  1.1049231700e+00  2.4334119800e-02 
 749.000  1.1051218700e+00  2.4353067400e-02 
 750.000  1.0889797800e+00  2.3900251390e-02 
 751.000  1.0861786600e+00  2.3823814390e-02 
 752.000  1.1026364400e+00  2.4229663850e-02 
 753.000  1.0922019200e+00  2.4000944140e-02 
 754.000  1.1093000400e+00  2.4371032710e-02 
 755.000  1.1029378900e+00  2.4217206950e-02 
 756.000  1.0813450200e+00  2.3729623790e-02 
 757.000  1.0893378700e+00  2.3888582230e-02 
 758.000  1.0882091200e+00  2.3785840990e-02 
 759.000  1.0470417900e+00  2.0958318710e-02 
 760.000  8.2382101600e-01  8.3727636340e-03 
 761.000  7.9392459000e-01  7.4043974880e-03 
 762.000  9.2600556300e-01  1.3500280380e-02 
 763.000  9.1115589600e-01  1.1641951560e-02 
 764.000  9.3452714300e-01  1.2725542070e-02 
 765.000  9.8080886600e-01  1.5496003150e-02 
 766.000  9.7249961600e-01  1.7819162370e-02 
 767.000  1.0023585310e+00  1.9551982880e-02 
 768.000  1.0512581400e+00  2.1461050030e-02 
 769.000  1.0527101600e+00  2.2219417570e-02 
 770.000  1.0500243700e+00  2.2535369870e-02 
 771.000  1.0514623500e+00  2.2775207520e-02 
 772.000  1.0475965800e+00  2.2729671480e-02 
 773.000  1.0432787700e+00  2.2642591480e-02 
 774.000  1.0542877800e+00  2.2891500470e-02 
 775.000  1.0145780300e+00  2.2029117580e-02 
 776.000  1.0562921000e+00  2.2976205830e-02 
 777.000  1.0489768500e+00  2.2787361150e-02 
 778.000  1.0434335600e+00  2.2612611770e-02 
 779.000  1.0469074000e+00  2.2618352890e-02 
 780.000  1.0340382000e+00  2.2356098180e-02 
 781.000  1.0321793800e+00  2.2300764080e-02 
 782.000  1.0447138800e+00  2.2478359220e-02 
 783.000  1.0203787060e+00  2.2042999270e-02 
 784.000  1.0262886120e+00  2.2110879900e-02 
 785.000  1.0296649490e+00  2.1969909670e-02 
 786.000  1.0128037800e+00  2.1465982440e-02 
 787.000  1.0296867710e+00  2.1338977810e-02 
 788.000  1.0152192760e+00  2.0869695660e-02 
 789.000  1.0243530240e+00  2.0405412670e-02 
 790.000  1.0143141340e+00  2.0099899290e-02 
 791.000  1.0085825150e+00  2.0112104420e-02 
 792.000  9.9213046400e-01  1.9820074080e-02 
 793.000  9.9007716000e-01  2.0004056930e-02 
 794.000  9.7731839400e-01  2.0317131040e-02 
 795.000  9.7361473500e-01  1.9767509460e-02 
 796.000  9.9432517300e-01  1.9470518110e-02 
 797.000  9.9946736800e-01  1.9817029950e-02 
 798.000  9.9744152500e-01  2.0273399350e-02 
 799.000  9.9725523700e-01  2.0083921430e-02 
 800.000  9.7310589200e-01  1.9199365620e-02 
 801.000  9.9112531200e-01  1.9590585710e-02 
 802.000  9.8935724700e-01  1.9465244290e-02 
 803.000  9.7505295400e-01  1.9251653670e-02 
 804.000  9.8303977000e-01  1.9637105940e-02 
 805.000  9.5458744400e-01  1.9431722640e-02 
 806.000  9.7951826100e-01  2.0095008850e-02 
 807.000  9.7345906900e-01  2.0012834550e-02 
 808.000  9.6831537500e-01  1.9729877470e-02 
 809.000  9.5251858400e-01  1.9231372830e-02 
 810.000  9.4888639000e-01  1.8956546780e-02 
 811.000  9.6530354800e-01  1.8955625530e-02 
 812.000  9.6354456800e-01  1.8566804890e-02 
 813.000  9.6101663400e-01  1.7989406590e-02 
 814.000  9.6165343600e-01  1.7521953580e-02 
 815.000  9.5343893300e-01  1.6783498760e-02 
 816.000  9.4735638000e-01  1.5972160340e-02 
 817.000  9.5294880100e-01  1.6081449510e-02 
 818.000  9.4695309500e-01  1.5942105290e-02 
 819.000  9.2080921700e-01  1.5790521620e-02 
 820.000  9.0117739000e-01  1.6206396100e-02 
 821.000  9.2897291000e-01  1.7615406040e-02 
 822.000  9.0436437800e-01  1.6326324460e-02 
 823.000  9.2058813600e-01  1.4881852150e-02 
 824.000  9.3116519300e-01  1.6530975340e-02 
 825.000  9.2725164600e-01  1.7737680440e-02 
 826.000  9.3355297900e-01  1.7569576260e-02 
 827.000  9.3090457700e-01  1.7323274610e-02 
 828.000  9.3078250700e-01  1.6544979100e-02 
 829.000  9.2971071600e-01  1.6739339830e-02 
 830.000  9.1424461900e-01  1.6752204900e-02 
 831.000  8.9802232300e-01  1.6507583620e-02 
 832.000  9.1631328400e-01  1.6837591170e-02 
 833.000  8.8736808800e-01  1.6577648160e-02 
 834.000  8.9984744400e-01  1.7031250000e-02 
 835.000  8.9979273000e-01  1.7326719280e-02 
 836.000  9.1092035600e-01  1.7548610690e-02 
 837.000  9.0348681200e-01  1.7342748640e-02 
 838.000  9.0571356200e-01  1.7629833220e-02 
 839.000  8.7679639600e-01  1.7162872310e-02 
 840.000  9.0000710200e-01  1.7598691940e-02 
 841.000  9.0332655900e-01  1.7488916400e-02 
 842.000  8.9684463800e-01  1.7457485200e-02 
 843.000  8.8861741400e-01  1.7730394360e-02 
 844.000  8.7293303800e-01  1.7580638890e-02 
 845.000  8.8570350200e-01  1.7906188960e-02 
 846.000  8.9305690900e-01  1.8196746830e-02 
 847.000  8.6167742200e-01  1.7708686830e-02 
 848.000  8.8817143900e-01  1.8051311490e-02 
 849.000  8.8968842100e-01  1.8189516070e-02 
 850.000  7.6972096100e-01  1.5582165720e-02 
 851.000  8.8253458100e-01  1.7720682140e-02 
 852.000  8.4902627000e-01  1.7118711470e-02 
 853.000  8.5772551600e-01  1.7335416790e-02 
 854.000  6.8964423500e-01  1.3968969350e-02 
 855.000  7.5863792500e-01  1.5475360870e-02 
 856.000  8.5951636800e-01  1.7572589870e-02 
 857.000  8.7262101200e-01  1.7994686130e-02 
 858.000  8.5833994400e-01  1.7694278720e-02 
 859.000  8.5746848700e-01  1.7728111270e-02 
 860.000  8.4942726000e-01  1.7650800700e-02 
 861.000  8.4927611800e-01  1.7625078200e-02 
 862.000  8.4626954100e-01  1.7497415540e-02 
 863.000  8.6244124400e-01  1.7935585020e-02 
 864.000  8.6056871400e-01  1.7741865160e-02 
 865.000  8.4442334900e-01  1.7545372010e-02 
 866.000  7.0828657500e-01  1.4762568470e-02 
 867.000  7.5429757000e-01  1.5502834320e-02 
 868.000  8.1807625600e-01  1.6904708860e-02 
 869.000  8.0657738600e-01  1.6654459000e-02 
 870.000  8.3990455500e-01  1.7463159560e-02 
 871.000  8.3870384200e-01  1.7364915850e-02 
 872.000  8.3524084800e-01  1.7055727010e-02 
 873.000  8.3872674000e-01  1.7258274080e-02 
 874.000  8.2042423200e-01  1.6794803620e-02 
 875.000  8.1291768700e-01  1.6793037410e-02 
 876.000  8.1988056200e-01  1.6848005290e-02 
 877.000  8.3634178700e-01  1.7028324130e-02 
 878.000  8.2257953700e-01  1.6824398040e-02 
 879.000  8.2453678800e-01  1.6922821040e-02 
 880.000  8.2028794600e-01  1.6638980870e-02 
 881.000  7.7792460900e-01  1.5824108120e-02 
 882.000  8.2117545000e-01  1.6498090740e-02 
 883.000  8.0220061600e-01  1.6308681490e-02 
 884.000  8.0892944400e-01  1.6666770940e-02 
 885.000  8.1827908700e-01  1.6370548250e-02 
 886.000  7.9278637800e-01  1.5889994620e-02 
 887.000  7.8371604500e-01  1.5694664000e-02 
 888.000  8.0725824100e-01  1.5971961980e-02 
 889.000  8.1238714500e-01  1.6369203570e-02 
 890.000  8.1055609700e-01  1.6230278020e-02 
 891.000  8.0751868600e-01  1.5933069230e-02 
 892.000  8.0686629500e-01  1.5682029720e-02 
 893.000  7.8128613700e-01  1.4309646610e-02 
 894.000  8.0970107500e-01  1.4559411050e-02 
 895.000  7.7472038300e-01  1.3253837590e-02 
 896.000  8.0544733800e-01  1.2891707420e-02 
 897.000  7.8692941400e-01  1.2085999490e-02 
 898.000  7.8828237300e-01  1.1710313800e-02 
 899.000  7.8757357200e-01  1.0782043460e-02 
 900.000  7.6790767800e-01  1.0516368870e-02 
 901.000  7.5145732900e-01  1.0108611110e-02 
 902.000  7.3762622300e-01  9.9599313740e-03 
 903.000  7.7371155700e-01  1.1786735530e-02 
 904.000  7.8807646900e-01  1.2823704720e-02 
 905.000  7.8598805100e-01  1.3045548440e-02 
 906.000  7.6517530600e-01  1.2161958690e-02 
 907.000  7.7814324000e-01  1.1342673300e-02 
 908.000  7.5911135300e-01  1.0378969190e-02 
 909.000  7.4422002100e-01  1.0178824420e-02 
 910.000  7.5302374000e-01  1.0378080370e-02 
 911.000  7.5102727900e-01  1.0926329610e-02 
 912.000  7.5265399200e-01  1.0505078320e-02 
 913.000  7.7027081000e-01  9.9735431670e-03 
 914.000  7.6531320000e-01  1.0255838390e-02 
 915.000  7.5268138300e-01  1.0615459440e-02 
 916.000  7.6103742100e-01  1.0748883250e-02 
 917.000  7.4912763000e-01  1.0734322550e-02 
 918.000  7.4532326000e-01  1.0912682530e-02 
 919.000  7.5515462800e-01  1.2251572610e-02 
 920.000  7.4794836000e-01  1.2473204610e-02 
 921.000  7.3157117600e-01  1.2042212490e-02 
 922.000  7.2503581800e-01  1.2029624940e-02 
 923.000  6.9464319800e-01  1.0986646650e-02 
 924.000  7.2402724300e-01  1.1370147710e-02 
 925.000  7.3364140400e-01  1.1410894390e-02 
 926.000  7.0744791800e-01  1.0834995270e-02 
 927.000  7.3380124200e-01  1.1038567540e-02 
 928.000  7.3832066100e-01  1.0231216430e-02 
 929.000  7.2800698900e-01  8.9874563220e-03 
 930.000  7.2618021400e-01  7.7853841780e-03 
 931.000  7.2588444600e-01  6.8918294910e-03 
 932.000  7.1877435500e-01  5.8709383010e-03 
 933.000  7.2073797200e-01  5.3351273540e-03 
 934.000  7.1442980300e-01  4.8286757470e-03 
 935.000  7.0384330400e-01  4.7094645500e-03 
 936.000  6.9877605300e-01  4.8263030050e-03 
 937.000  7.1437354800e-01  4.8958339690e-03 
 938.000  7.0687765800e-01  5.3788108830e-03 
 939.000  7.1313903500e-01  7.2804064750e-03 
 940.000  7.0949969400e-01  7.6348991390e-03 
 941.000  6.9337025800e-01  7.1488080020e-03 
 942.000  6.6683833800e-01  6.2277908330e-03 
 943.000  7.0261550400e-01  5.6428689960e-03 
 944.000  6.8330177700e-01  5.4208507540e-03 
 945.000  6.8984896100e-01  5.7561378480e-03 
 946.000  6.9920520500e-01  5.8568091390e-03 
 947.000  6.9497546300e-01  6.1205668450e-03 
 948.000  6.9917871100e-01  6.3411240580e-03 
 949.000  7.0139369500e-01  6.3474459650e-03 
 950.000  6.9677030800e-01  6.3545126910e-03 
 951.000  6.9263375200e-01  6.7578358650e-03 
 952.000  6.9256188600e-01  6.3076472280e-03 
 953.000  6.9065012600e-01  6.6239547730e-03 
 954.000  6.8397831700e-01  6.9565887450e-03 
 955.000  6.3887455000e-01  6.2232475280e-03 
 956.000  6.8152923700e-01  6.6021146770e-03 
 957.000  6.8117633400e-01  7.6919813160e-03 
 958.000  6.8642773700e-01  7.9414086340e-03 
 959.000  6.8908145500e-01  7.7710328100e-03 
 960.000  6.8257116900e-01  7.6483092310e-03 
 961.000  6.7524957800e-01  7.4709582330e-03 
 962.000  6.7861138700e-01  7.6059484480e-03 
 963.000  6.7720989400e-01  8.3402309420e-03 
 964.000  6.6946074000e-01  8.3661870960e-03 
 965.000  6.7764432300e-01  8.3945989610e-03 
 966.000  6.5808459600e-01  8.2022895810e-03 
 967.000  6.7765524300e-01  9.0764532090e-03 
 968.000  6.7018693700e-01  9.9991302490e-03 
 969.000  6.7428345300e-01  1.0510172840e-02 
 970.000  6.7611296400e-01  1.0563126560e-02 
 971.000  6.7012758600e-01  1.0451432230e-02 
 972.000  6.7487381900e-01  1.0383326530e-02 
 973.000  6.6863915300e-01  9.9887866970e-03 
 974.000  6.5838924900e-01  9.4835720060e-03 
 975.000  6.6168139300e-01  9.2924032210e-03 
 976.000  6.6968998200e-01  9.6791362760e-03 
 977.000  6.5271253900e-01  9.8643121720e-03 
 978.000  6.6885790900e-01  1.0071697240e-02 
 979.000  6.4942210600e-01  9.8929204940e-03 
 980.000  6.5858485700e-01  1.0506824490e-02 
 981.000  6.6306926200e-01  1.0694584850e-02 
 982.000  6.6163979600e-01  1.0555537220e-02 
 983.000  6.5984723100e-01  1.0800837520e-02 
 984.000  6.5542838000e-01  1.1037370680e-02 
 985.000  6.5511546500e-01  1.1221715930e-02 
 986.000  6.4977150300e-01  1.1396548270e-02 
 987.000  6.5716014300e-01  1.1647566800e-02 
 988.000  6.4905887000e-01  1.1526752470e-02 
 989.000  6.4081820400e-01  1.1390776630e-02 
 990.000  6.4628063100e-01  1.1510801320e-02 
 991.000  6.5152267200e-01  1.1706594470e-02 
 992.000  6.4549382500e-01  1.1617228510e-02 
 993.000  6.4544821000e-01  1.1613603590e-02 
 994.000  6.4868310800e-01  1.1757862090e-02 
 995.000  6.4387355400e-01  1.1739007000e-02 
 996.000  6.4375652100e-01  1.1720239640e-02 
 997.000  6.4447329300e-01  1.1663804050e-02 
 998.000  6.4211338100e-01  1.1556027410e-02 
 999.000  6.4054548500e-01  1.1491436960e-02 
1000.000  6.3543309500e-01  1.1400654790e-02 
1001.000  6.3909254500e-01  1.1342513080e-02 
1002.000  6.3843995200e-01  1.1148912430e-02 
1003.000  6.3091373700e-01  1.1046551700e-02 
1004.000  6.2547905600e-01  1.1038005830e-02 
1005.000  5.8433878200e-01  1.0344840050e-02 
1006.000  6.1482852900e-01  1.0889710430e-02 
1007.000  6.2608408200e-01  1.1045950890e-02 
1008.000  6.2897447000e-01  1.0950292590e-02 
1009.000  6.2547050800e-01  1.0709508900e-02 
1010.000  6.2766338200e-01  1.0812333110e-02 
1011.000  6.2395137700e-01  1.0925999640e-02 
1012.000  6.2398592900e-01  1.0992648120e-02 
1013.000  6.1937707600e-01  1.0962867740e-02 
1014.000  6.2327695200e-01  1.1090568540e-02 
1015.000  6.1176192000e-01  1.0927160260e-02 
1016.000  6.1562655000e-01  1.1061237340e-02 
1017.000  6.0949668800e-01  1.0994777680e-02 
1018.000  6.1755863700e-01  1.1150326730e-02 
1019.000  6.0368861900e-01  1.0864478110e-02 
1020.000  6.0233819900e-01  1.0818644520e-02 
1021.000  6.0816688200e-01  1.0888484950e-02 
1022.000  5.9933114600e-01  1.0562007900e-02 
1023.000  6.1109433900e-01  1.0615848540e-02 
1024.000  6.0815253100e-01  1.0441668510e-02 
1025.000  6.0743376700e-01  1.0465024950e-02 
1026.000  6.0789750900e-01  1.0505459790e-02 
1027.000  6.0433560800e-01  1.0471219060e-02 
1028.000  6.0566363000e-01  1.0565140720e-02 
1029.000  5.9621472500e-01  1.0500826840e-02 
1030.000  6.0196283000e-01  1.0711146350e-02 
1031.000  5.9994256300e-01  1.0756322860e-02 
1032.000  5.9772634600e-01  1.0769325260e-02 
1033.000  5.8669257500e-01  1.0543449400e-02 
1034.000  5.9283374400e-01  1.0622397420e-02 
1035.000  5.8644686800e-01  1.0499901770e-02 
1036.000  5.9413872700e-01  1.0596133230e-02 
1037.000  5.8161980800e-01  1.0342710490e-02 
1038.000  5.8733882500e-01  1.0413958550e-02 
1039.000  5.8984852100e-01  1.0419258120e-02 
1040.000  5.8295725300e-01  1.0260759350e-02 
1041.000  5.8609000400e-01  1.0281213760e-02 
1042.000  5.8785758700e-01  1.0280653950e-02 
1043.000  5.7772540500e-01  1.0074320790e-02 
1044.000  5.8354304600e-01  1.0142350200e-02 
1045.000  5.8121134200e-01  1.0140367510e-02 
1046.000  5.6441755600e-01  9.8967819210e-03 
1047.000  5.7492994500e-01  1.0130360600e-02 
1048.000  5.8081981500e-01  1.0285729410e-02 
1049.000  5.7725571000e-01  1.0275947570e-02 
1050.000  5.7399312700e-01  1.0246603010e-02 
1051.000  5.7432205800e-01  1.0234004020e-02 
1052.000  5.7182009200e-01  1.0143630980e-02 
1053.000  5.7210221400e-01  1.0120499610e-02 
1054.000  5.6650600600e-01  9.9625244140e-03 
1055.000  5.7095261300e-01  9.9872112270e-03 
1056.000  5.6967124000e-01  9.9167566300e-03 
1057.000  5.6925040300e-01  9.8639650340e-03 
1058.000  5.6429332200e-01  9.7145223620e-03 
1059.000  5.4649250900e-01  9.4313058850e-03 
1060.000  5.6568743900e-01  9.8234405520e-03 
1061.000  5.4598598300e-01  9.4887504580e-03 
1062.000  5.6175041100e-01  9.7306909560e-03 
1063.000  5.5248632400e-01  9.5388374330e-03 
1064.000  5.5991191200e-01  9.5725107190e-03 
1065.000  5.5982304400e-01  9.4640178680e-03 
1066.000  5.4262157100e-01  9.1240262990e-03 
1067.000  5.5580242000e-01  9.2757186890e-03 
1068.000  5.5446001300e-01  9.1095218660e-03 
1069.000  5.1310560000e-01  8.3675689700e-03 
1070.000  5.4341477300e-01  8.9079647060e-03 
1071.000  5.4482736000e-01  8.9157047270e-03 
1072.000  5.4718925300e-01  8.9403057100e-03 
1073.000  5.2928326700e-01  8.6746149060e-03 
1074.000  5.4775561200e-01  9.0235538480e-03 
1075.000  5.3001080100e-01  8.8362798690e-03 
1076.000  5.4215275400e-01  9.0034284590e-03 
1077.000  5.4156544100e-01  8.9435873030e-03 
1078.000  5.4368935000e-01  8.9204626080e-03 
1079.000  5.2286063000e-01  8.5821981430e-03 
1080.000  5.4026193300e-01  8.7009735110e-03 
1081.000  5.2048098500e-01  8.3691301350e-03 
1082.000  5.2631734200e-01  8.4880723950e-03 
1083.000  5.1304265800e-01  8.1378345490e-03 
1084.000  5.3366032400e-01  8.3221349720e-03 
1085.000  5.2905562600e-01  8.0009756090e-03 
1086.000  5.3540268900e-01  8.0944938660e-03 
1087.000  5.0012639100e-01  7.7462458610e-03 
1088.000  5.3033527300e-01  8.2839660640e-03 
1089.000  5.1312068300e-01  7.8028330800e-03 
1090.000  5.2485032000e-01  7.9860143660e-03 
1091.000  5.2765183900e-01  8.1339511870e-03 
1092.000  5.1689581400e-01  7.8967366220e-03 
1093.000  5.1377047300e-01  7.6268243790e-03 
1094.000  4.6876120200e-01  6.8224267960e-03 
1095.000  5.0716339900e-01  7.3537411690e-03 
1096.000  5.0789909600e-01  7.3382048610e-03 
1097.000  4.9869490300e-01  7.1055045130e-03 
1098.000  4.9774396000e-01  6.4911060330e-03 
1099.000  5.0223417800e-01  6.0015282630e-03 
1100.000  5.1064892100e-01  6.1364240650e-03 
1101.000  5.0906698700e-01  6.1860651970e-03 
1102.000  4.8815578400e-01  5.8928623200e-03 
1103.000  5.0718972200e-01  6.1637096410e-03 
1104.000  5.0394349700e-01  6.0330796240e-03 
1105.000  5.0430464800e-01  5.8219609260e-03 
1106.000  5.0119373200e-01  5.5896310810e-03 
1107.000  5.0029683800e-01  5.6154599190e-03 
1108.000  4.9845606600e-01  5.6132926940e-03 
1109.000  4.9977095800e-01  5.7744703290e-03 
1110.000  5.0233470600e-01  5.7516136170e-03 
1111.000  4.9630080000e-01  5.5742459300e-03 
1112.000  4.9188784000e-01  5.1306514740e-03 
1113.000  4.9016559100e-01  4.6421790120e-03 
1114.000  4.9547319900e-01  4.5374183650e-03 
1115.000  4.9048360900e-01  4.0438423160e-03 
1116.000  4.8427843000e-01  3.7644126420e-03 
1117.000  4.9002310900e-01  3.3767545220e-03 
1118.000  4.8489125400e-01  3.0095944400e-03 
1119.000  4.7133379500e-01  2.7857289310e-03 
1120.000  4.7228296700e-01  2.6579296590e-03 
1121.000  4.7529015000e-01  2.6487944130e-03 
1122.000  4.7308622400e-01  2.5359652040e-03 
1123.000  4.7530824300e-01  2.5983829500e-03 
1124.000  4.7622221300e-01  2.6400415900e-03 
1125.000  4.6629954000e-01  2.5652282240e-03 
1126.000  4.5738199400e-01  2.5088372230e-03 
1127.000  4.7286709100e-01  2.6028993130e-03 
1128.000  4.6422204400e-01  2.5734322070e-03 
1129.000  4.6711646500e-01  2.7077605720e-03 
1130.000  4.6803263500e-01  3.0824177270e-03 
1131.000  4.7316174700e-01  3.2426629070e-03 
1132.000  4.7416162500e-01  3.0732455250e-03 
1133.000  4.6191646600e-01  2.7305860520e-03 
1134.000  4.5652028700e-01  2.3852274420e-03 
1135.000  4.6250237500e-01  2.4344356060e-03 
1136.000  4.6441718400e-01  2.7853252890e-03 
1137.000  4.7121333100e-01  3.1187837120e-03 
1138.000  4.5515344900e-01  3.3539984230e-03 
1139.000  4.6536604000e-01  3.5856406690e-03 
1140.000  4.6659366200e-01  3.5210132600e-03 
1141.000  4.5310623500e-01  3.2915134430e-03 
1142.000  4.6537090300e-01  3.3274846080e-03 
1143.000  4.5699477300e-01  3.1141583920e-03 
1144.000  4.5372025900e-01  2.9364035130e-03 
1145.000  4.5633863600e-01  2.7543866630e-03 
1146.000  4.6101676600e-01  2.8251681330e-03 
1147.000  4.6335392000e-01  3.0021350380e-03 
1148.000  4.5894725300e-01  3.1346409320e-03 
1149.000  4.6041984700e-01  3.2188239100e-03 
1150.000  4.5846454600e-01  3.2253694530e-03 
1151.000  4.5711982800e-01  3.3456137180e-03 
1152.000  4.5626525500e-01  3.4065983300e-03 
1153.000  4.5546766700e-01  3.4981904030e-03 
1154.000  4.5894721300e-01  3.5202295780e-03 
1155.000  4.6052593100e-01  3.7388799190e-03 
1156.000  4.5428331000e-01  3.9190809730e-03 
1157.000  4.5854163000e-01  4.5115232470e-03 
1158.000  4.5861306800e-01  4.8283567430e-03 
1159.000  4.5213041900e-01  5.0700678830e-03 
1160.000  4.4638652000e-01  5.1496744160e-03 
1161.000  4.3675895700e-01  5.3674016000e-03 
1162.000  4.5256987400e-01  5.8385944370e-03 
1163.000  4.5444981000e-01  6.1799521450e-03 
1164.000  4.4521846900e-01  6.1187896730e-03 
1165.000  4.5381229000e-01  6.2918462750e-03 
1166.000  4.4204161700e-01  6.2100586890e-03 
1167.000  4.4921057900e-01  6.3632459640e-03 
1168.000  4.5313688100e-01  6.4078731540e-03 
1169.000  4.3746809300e-01  6.2364540100e-03 
1170.000  4.4923226100e-01  6.4485607150e-03 
1171.000  4.5131091900e-01  6.5806813240e-03 
1172.000  4.4989955600e-01  6.5043382640e-03 
1173.000  4.4676566700e-01  6.4071612360e-03 
1174.000  4.4699230500e-01  6.4156398770e-03 
1175.000  4.4175936400e-01  6.4919586180e-03 
1176.000  4.3109409000e-01  6.4757590290e-03 
1177.000  4.4440591600e-01  6.6070790290e-03 
1178.000  4.3689940000e-01  6.3603577610e-03 
1179.000  4.3493965500e-01  6.3343086240e-03 
1180.000  4.4104566300e-01  6.3746576310e-03 
1181.000  4.3879294400e-01  6.2198796270e-03 
1182.000  4.3934761900e-01  6.1020836830e-03 
1183.000  4.1383914900e-01  5.7555432320e-03 
1184.000  4.3249096000e-01  6.0776648520e-03 
1185.000  4.3821335400e-01  6.3232870100e-03 
1186.000  4.3560599000e-01  6.2278819080e-03 
1187.000  4.3575965400e-01  6.0510473250e-03 
1188.000  4.3352457800e-01  5.9606819150e-03 
1189.000  4.0816155100e-01  5.6823992730e-03 
1190.000  4.2823347500e-01  6.1914582250e-03 
1191.000  4.3491017400e-01  6.3310837750e-03 
1192.000  4.3254260500e-01  6.3782434460e-03 
1193.000  4.3270899000e-01  6.3123569490e-03 
1194.000  4.3189666000e-01  6.2767310140e-03 
1195.000  4.2705487700e-01  6.0978598590e-03 
1196.000  4.2678569000e-01  6.1141457560e-03 
1197.000  4.2667233500e-01  6.0626845360e-03 
1198.000  4.1234247000e-01  5.8513836860e-03 
1199.000  3.9701913800e-01  5.5757241250e-03 
1200.000  4.2204726300e-01  5.9659190180e-03 
1201.000  4.2507595300e-01  6.0288968090e-03 
1202.000  4.2589164400e-01  6.0687055590e-03 
1203.000  4.0510607200e-01  5.7514548300e-03 
1204.000  4.1181957800e-01  5.8824219700e-03 
1205.000  4.2137234700e-01  6.2157635690e-03 
1206.000  4.1880884200e-01  6.2708053590e-03 
1207.000  4.2162126800e-01  6.3523645400e-03 
1208.000  4.1548383900e-01  6.2298083310e-03 
1209.000  3.8952572900e-01  5.7938666340e-03 
1210.000  4.1680229200e-01  6.1184797290e-03 
1211.000  4.0287912600e-01  5.9091005330e-03 
1212.000  4.1549354900e-01  6.1294116970e-03 
1213.000  4.1702887100e-01  6.2468023300e-03 
1214.000  4.1524453000e-01  6.2242417340e-03 
1215.000  4.1667084500e-01  6.2923197750e-03 
1216.000  4.1543922400e-01  6.4233970640e-03 
1217.000  4.1457534600e-01  6.5322008130e-03 
1218.000  4.1312512400e-01  6.5613389020e-03 
1219.000  4.0925934700e-01  6.5275287630e-03 
1220.000  4.1201016100e-01  6.5616245270e-03 
1221.000  4.1115711900e-01  6.5487594600e-03 
1222.000  4.0887984500e-01  6.5046300890e-03 
1223.000  4.0687845200e-01  6.5022978780e-03 
1224.000  4.0981908800e-01  6.6461429600e-03 
1225.000  4.0749580500e-01  6.6430315970e-03 
1226.000  4.0882391100e-01  6.7086219790e-03 
1227.000  3.9479594300e-01  6.5387287140e-03 
1228.000  4.0689440500e-01  6.8117156030e-03 
1229.000  4.0621801900e-01  6.8503437040e-03 
1230.000  4.0458985500e-01  6.8808875080e-03 
1231.000  4.0445742400e-01  6.9138031010e-03 
1232.000  3.9985887800e-01  6.8512849810e-03 
1233.000  4.0297814400e-01  6.9162521360e-03 
1234.000  4.0151114600e-01  6.9644846920e-03 
1235.000  3.9863968700e-01  6.9369544980e-03 
1236.000  4.0089810600e-01  6.9860949520e-03 
1237.000  4.0079257900e-01  7.0069255830e-03 
1238.000  4.0050822500e-01  7.0080866810e-03 
1239.000  3.9592520800e-01  6.9296774860e-03 
1240.000  3.9414814800e-01  6.9421648980e-03 
1241.000  3.9775605300e-01  7.0464015010e-03 
1242.000  3.9553760200e-01  7.0447959900e-03 
1243.000  3.9120770800e-01  7.0062732700e-03 
1244.000  3.8785942900e-01  6.9740786550e-03 
1245.000  3.9463882100e-01  7.1167373660e-03 
1246.000  3.9170523200e-01  7.0168795590e-03 
1247.000  3.8991806200e-01  6.9364166260e-03 
1248.000  3.9308566100e-01  6.9438362120e-03 
1249.000  3.9175500200e-01  6.8807859420e-03 
1250.000  3.9036082900e-01  6.8094220160e-03 
1251.000  3.8782969700e-01  6.7306261060e-03 
1252.000  3.8683284300e-01  6.6764578820e-03 
1253.000  3.8380920400e-01  6.5857520100e-03 
1254.000  3.8513570300e-01  6.5421609880e-03 
1255.000  3.8472445430e-01  6.4883346560e-03 
1256.000  3.8413051310e-01  6.4387545590e-03 
1257.000  3.8001611080e-01  6.2806711200e-03 
1258.000  3.8200852960e-01  6.1711492540e-03 
1259.000  3.7811309890e-01  5.9872012140e-03 
1260.000  3.7892969630e-01  5.8737287520e-03 
1261.000  3.7848245540e-01  5.7388353350e-03 
1262.000  3.7038450870e-01  5.4633498190e-03 
1263.000  3.7487685170e-01  5.5184869770e-03 
1264.000  3.6904028930e-01  5.4365167620e-03 
1265.000  3.6971271920e-01  5.4634490010e-03 
1266.000  3.7210055300e-01  5.4798555370e-03 
1267.000  3.6513182260e-01  5.3568081860e-03 
1268.000  3.6153630860e-01  5.2722997670e-03 
1269.000  3.6492066990e-01  5.3075175290e-03 
1270.000  3.6893085460e-01  5.4867768290e-03 
1271.000  3.7097903410e-01  5.5767297740e-03 
1272.000  3.6988202800e-01  5.6201071740e-03 
1273.000  3.6956373280e-01  5.6810536380e-03 
1274.000  3.6735648780e-01  5.7140393260e-03 
1275.000  3.6951827550e-01  5.7711796760e-03 
1276.000  3.7011141100e-01  5.7857985500e-03 
1277.000  3.6983514300e-01  5.7732915880e-03 
1278.000  3.6877475120e-01  5.7444667820e-03 
1279.000  3.6630612710e-01  5.7272415160e-03 
1280.000  3.6414281890e-01  5.7867574690e-03 
1281.000  3.5375729870e-01  5.7107653620e-03 
1282.000  3.1414338530e-01  5.1505303380e-03 
1283.000  3.4476653620e-01  5.7156014440e-03 
1284.000  3.5899342390e-01  5.9950561520e-03 
1285.000  3.6162573460e-01  6.0583839420e-03 
1286.000  3.6150762050e-01  6.0232644080e-03 
1287.000  3.6371872420e-01  6.0034823420e-03 
1288.000  3.6143853250e-01  5.7835621830e-03 
1289.000  3.6359306340e-01  5.7634019850e-03 
1290.000  3.5526214170e-01  5.6126518250e-03 
1291.000  3.6012501080e-01  5.6661043170e-03 
1292.000  3.6162800460e-01  5.7050905230e-03 
1293.000  3.6195132960e-01  5.6664438250e-03 
1294.000  3.5620651450e-01  5.4551610950e-03 
1295.000  3.6004159920e-01  5.3637247090e-03 
1296.000  3.6030649680e-01  5.2588448520e-03 
1297.000  3.5808514940e-01  5.1642580030e-03 
1298.000  3.5488603960e-01  5.1233596800e-03 
1299.000  3.5844917320e-01  5.1782279010e-03 
1300.000  3.5700977250e-01  5.1615047450e-03 
1301.000  3.5644089340e-01  5.1351571080e-03 
1302.000  3.5186873020e-01  4.9816384320e-03 
1303.000  3.4997958680e-01  4.7762141230e-03 
1304.000  3.5020705260e-01  4.6859631540e-03 
1305.000  3.5236457540e-01  4.6614632610e-03 
1306.000  3.5269950150e-01  4.6078677180e-03 
1307.000  3.5165843190e-01  4.5559277530e-03 
1308.000  3.5135926110e-01  4.4685640340e-03 
1309.000  3.5104585410e-01  4.3453812600e-03 
1310.000  3.4958867440e-01  4.3251686100e-03 
1311.000  3.4851733820e-01  4.3188481330e-03 
1312.000  3.4743188930e-01  4.1623482700e-03 
1313.000  3.3459990600e-01  3.8349742890e-03 
1314.000  3.4504464470e-01  3.8066661360e-03 
1315.000  3.3342671050e-01  3.7498404980e-03 
1316.000  3.4118299930e-01  3.9477686880e-03 
1317.000  3.4485365720e-01  3.9905819890e-03 
1318.000  3.3997392050e-01  3.7517359260e-03 
1319.000  3.4463134930e-01  3.5691001420e-03 
1320.000  3.4208743110e-01  3.3066074850e-03 
1321.000  3.4058492220e-01  3.2085320950e-03 
1322.000  3.3990469450e-01  3.3307373520e-03 
1323.000  3.4065681880e-01  3.4889540670e-03 
1324.000  3.4083733490e-01  3.5808341500e-03 
1325.000  3.3974822080e-01  3.5054023270e-03 
1326.000  3.3815964890e-01  3.3311100010e-03 
1327.000  3.3545943220e-01  3.0001866820e-03 
1328.000  3.3634534580e-01  2.7403581140e-03 
1329.000  3.2406982710e-01  2.2535758020e-03 
1330.000  3.2914444440e-01  2.1577744480e-03 
1331.000  3.3061025010e-01  2.0911517140e-03 
1332.000  3.2306443050e-01  2.0647387500e-03 
1333.000  3.3160232490e-01  2.1875753400e-03 
1334.000  3.3201671250e-01  2.2843418120e-03 
1335.000  3.3230217930e-01  2.3569471840e-03 
1336.000  3.2870457130e-01  2.3547132020e-03 
1337.000  3.2976891380e-01  2.3655099870e-03 
1338.000  3.2952527370e-01  2.4163725380e-03 
1339.000  3.2598461680e-01  2.3920230870e-03 
1340.000  3.2364467380e-01  2.4191801550e-03 
1341.000  3.2852952160e-01  2.3938245770e-03 
1342.000  3.2772588030e-01  2.3943817620e-03 
1343.000  3.2769720420e-01  2.2073833940e-03 
1344.000  3.2619962460e-01  2.0464167590e-03 
1345.000  3.2370055890e-01  1.7685250040e-03 
1346.000  3.1852937790e-01  1.6281985040e-03 
1347.000  3.1913536390e-01  1.5805141930e-03 
1348.000  3.1555820800e-01  1.5127137900e-03 
1349.000  3.1341625160e-01  1.4819084410e-03 
1350.000  3.0701838280e-01  1.4118832350e-03 
1351.000  3.0485050340e-01  1.3761937620e-03 
1352.000  3.0540820840e-01  1.3405005930e-03 
1353.000  2.9955579060e-01  1.2694064380e-03 
1354.000  2.9593841330e-01  1.2280217410e-03 
1355.000  2.9029871420e-01  1.1765915160e-03 
1356.000  2.8602474860e-01  1.1288807390e-03 
1357.000  2.7932614800e-01  1.0653486250e-03 
1358.000  2.7972390870e-01  1.0273091790e-03 
1359.000  2.7200768010e-01  9.3203568460e-04 
1360.000  2.6203999960e-01  8.5570186380e-04 
1361.000  2.6423777340e-01  8.3524400000e-04 
1362.000  2.6197420110e-01  8.2025575640e-04 
1363.000  2.6223700040e-01  8.6330515150e-04 
1364.000  2.6750712980e-01  8.9486658570e-04 
1365.000  2.6737049740e-01  9.0213400130e-04 
1366.000  2.6924837680e-01  9.2470049860e-04 
1367.000  2.6429848610e-01  8.8679420950e-04 
1368.000  2.6432253830e-01  8.6742550130e-04 
1369.000  2.5956008040e-01  8.5640603300e-04 
1370.000  2.6507146010e-01  9.2333692310e-04 
1371.000  2.7285106010e-01  1.0174453260e-03 
1372.000  2.8368866170e-01  1.1277602910e-03 
1373.000  2.8779166090e-01  1.1872284410e-03 
1374.000  2.9107919320e-01  1.2237323520e-03 
1375.000  2.8698846540e-01  1.2167080640e-03 
1376.000  2.8269981230e-01  1.1907442810e-03 
1377.000  2.8527901130e-01  1.1849550010e-03 
1378.000  2.8038081720e-01  1.1333192590e-03 
1379.000  2.7852693980e-01  1.0792816880e-03 
1380.000  2.6853922440e-01  9.7725492720e-04 
1381.000  2.6248551400e-01  8.9388036730e-04 
1382.000  2.5434170130e-01  8.3245736360e-04 
1383.000  2.5656697330e-01  8.3586072920e-04 
1384.000  2.6226296800e-01  9.0527063610e-04 
1385.000  2.6434595190e-01  9.5178997520e-04 
1386.000  2.7232422410e-01  1.0271724460e-03 
1387.000  2.7622649640e-01  1.1120995280e-03 
1388.000  2.8201687070e-01  1.1678389310e-03 
1389.000  2.8426186090e-01  1.1912318470e-03 
1390.000  2.7924956280e-01  1.1744464640e-03 
1391.000  2.8198575830e-01  1.1744335890e-03 
1392.000  2.7754507590e-01  1.1225268840e-03 
1393.000  2.7300179510e-01  1.0720436570e-03 
1394.000  2.6695030030e-01  1.0184113980e-03 
1395.000  2.6825113990e-01  1.0366978650e-03 
1396.000  2.7418021260e-01  1.0955164430e-03 
1397.000  2.7724763030e-01  1.1366099120e-03 
1398.000  2.7745907420e-01  1.1407217980e-03 
1399.000  2.7564573380e-01  1.1233828070e-03 
1400.000  2.6764235490e-01  1.0858657360e-03 
1401.000  2.6885458070e-01  1.0936053990e-03 
1402.000  2.7541882240e-01  1.1426165100e-03 
1403.000  2.7471918870e-01  1.1530749800e-03 
1404.000  2.7263683590e-01  1.1361107830e-03 
1405.000  2.7280215360e-01  1.1376979350e-03 
1406.000  2.7241824010e-01  1.1254901890e-03 
1407.000  2.7268859030e-01  1.1256784200e-03 
1408.000  2.7353047690e-01  1.1503443720e-03 
1409.000  2.7644552340e-01  1.1777652500e-03 
1410.000  2.7763687870e-01  1.2093015910e-03 
1411.000  2.7970801950e-01  1.2371079920e-03 
1412.000  2.6877838530e-01  1.1865819690e-03 
1413.000  2.7396884140e-01  1.2154906990e-03 
1414.000  2.7755167550e-01  1.2239285710e-03 
1415.000  2.7739076440e-01  1.2337405680e-03 
1416.000  2.7688182600e-01  1.2410486940e-03 
1417.000  2.7890306110e-01  1.2484116550e-03 
1418.000  2.7901176830e-01  1.2472112180e-03 
1419.000  2.7503814790e-01  1.2273995880e-03 
1420.000  2.7443450860e-01  1.2263896470e-03 
1421.000  2.7898915970e-01  1.2632597680e-03 
1422.000  2.7275527830e-01  1.2415573600e-03 
1423.000  2.7109488030e-01  1.2341911790e-03 
1424.000  2.7133989670e-01  1.2299712900e-03 
1425.000  2.7657568500e-01  1.2418061490e-03 
1426.000  2.6538441980e-01  1.1885654930e-03 
1427.000  2.6952520040e-01  1.2136595250e-03 
1428.000  2.7537521090e-01  1.2447869780e-03 
1429.000  2.6891688580e-01  1.2225742340e-03 
1430.000  2.6307563710e-01  1.1896514890e-03 
1431.000  2.6247271860e-01  1.1610150340e-03 
1432.000  2.6724410310e-01  1.1663874390e-03 
1433.000  2.6737990010e-01  1.1621959210e-03 
1434.000  2.6199107450e-01  1.1290240290e-03 
1435.000  2.6518749650e-01  1.1535314320e-03 
1436.000  2.6522326670e-01  1.1561859850e-03 
1437.000  2.6627097560e-01  1.1599479910e-03 
1438.000  2.6562302770e-01  1.1721438170e-03 
1439.000  2.6876346300e-01  1.1846233610e-03 
1440.000  2.5212688330e-01  1.1152955290e-03 
1441.000  2.6483202910e-01  1.1713862420e-03 
1442.000  2.5866607920e-01  1.1329610350e-03 
1443.000  2.6296139140e-01  1.1475179200e-03 
1444.000  2.6424012270e-01  1.1550877090e-03 
1445.000  2.6344258540e-01  1.1489900350e-03 
1446.000  2.6627055110e-01  1.1715043780e-03 
1447.000  2.6505325230e-01  1.1766629220e-03 
1448.000  2.6707969010e-01  1.1835978030e-03 
1449.000  2.6697345590e-01  1.1684330700e-03 
1450.000  2.6517715140e-01  1.1400703190e-03 
1451.000  2.6346738830e-01  1.1339536910e-03 
1452.000  2.6022343730e-01  1.1433421370e-03 
1453.000  2.6517627820e-01  1.2204470630e-03 
1454.000  2.6620682600e-01  1.3050020930e-03 
1455.000  2.6283977130e-01  1.3479375840e-03 
1456.000  2.6271962740e-01  1.4150873420e-03 
1457.000  2.6523873660e-01  1.4326119420e-03 
1458.000  2.6886555890e-01  1.4630677700e-03 
1459.000  2.6986447660e-01  1.4058313370e-03 
1460.000  2.6527318290e-01  1.3305124040e-03 
1461.000  2.6469354460e-01  1.2964619400e-03 
1462.000  2.6180279130e-01  1.2172583340e-03 
1463.000  2.6005720510e-01  1.2028725150e-03 
1464.000  2.5988614080e-01  1.1800500150e-03 
1465.000  2.6289131260e-01  1.1519014840e-03 
1466.000  2.5663011520e-01  1.0811223980e-03 
1467.000  2.6278119150e-01  1.0778506990e-03 
1468.000  2.5631422440e-01  1.0231598620e-03 
1469.000  2.5914078030e-01  9.9826937910e-04 
1470.000  2.5764605770e-01  9.7716534140e-04 
1471.000  2.5357172620e-01  9.8867678640e-04 
1472.000  2.5510404470e-01  1.0441284180e-03 
1473.000  2.5734865570e-01  1.1500978470e-03 
1474.000  2.5026323380e-01  1.2102541920e-03 
1475.000  2.5558433580e-01  1.2316381930e-03 
1476.000  2.5598856330e-01  1.2280827760e-03 
1477.000  2.5673981080e-01  1.1948895450e-03 
1478.000  2.5302635410e-01  1.1429910660e-03 
1479.000  2.5592511870e-01  1.1109085080e-03 
1480.000  2.5732749930e-01  1.1380810740e-03 
1481.000  2.5349123200e-01  1.1643145080e-03 
1482.000  2.5664715800e-01  1.2354350090e-03 
1483.000  2.5136125060e-01  1.2233986850e-03 
1484.000  2.5368456160e-01  1.2374813560e-03 
1485.000  2.5851383560e-01  1.2495692970e-03 
1486.000  2.5425387960e-01  1.2863440510e-03 
1487.000  2.5454476900e-01  1.4119077920e-03 
1488.000  2.2252309670e-01  1.2464298010e-03 
1489.000  2.5550367870e-01  1.6179405450e-03 
1490.000  2.5609833210e-01  1.8032363650e-03 
1491.000  2.5864398160e-01  1.9539015290e-03 
1492.000  2.5263408490e-01  1.9324880840e-03 
1493.000  2.5831125580e-01  2.0718872550e-03 
1494.000  2.5733027080e-01  2.0726439950e-03 
1495.000  2.5552972650e-01  2.1435120110e-03 
1496.000  2.4797316450e-01  2.2280647750e-03 
1497.000  2.5379719460e-01  2.2711629870e-03 
1498.000  2.5636784690e-01  2.4329903130e-03 
1499.000  2.5205586540e-01  2.5186402800e-03 
1500.000  2.5635435070e-01  2.6536412240e-03 
1501.000  2.5598829050e-01  2.5974695680e-03 
1502.000  2.5401102590e-01  2.5081205370e-03 
1503.000  2.2808722550e-01  2.2008280750e-03 
1504.000  2.3763112100e-01  2.3131945130e-03 
1505.000  2.3689292030e-01  2.4222085480e-03 
1506.000  2.4008685190e-01  2.4833395480e-03 
1507.000  2.5109806050e-01  2.7121508120e-03 
1508.000  2.4717746590e-01  2.7398123740e-03 
1509.000  2.4824520340e-01  2.8298747540e-03 
1510.000  2.5208125310e-01  2.9139256480e-03 
1511.000  2.5322752200e-01  2.9914062020e-03 
1512.000  2.4847402760e-01  2.9807367320e-03 
1513.000  2.4805815850e-01  3.0149888990e-03 
1514.000  2.4466275560e-01  2.9957323070e-03 
1515.000  2.4947054650e-01  3.0732345580e-03 
1516.000  2.4715561060e-01  3.0131256580e-03 
1517.000  2.4569188220e-01  2.9773042200e-03 
1518.000  2.5022015380e-01  3.0420403480e-03 
1519.000  2.4650693620e-01  3.0131456850e-03 
1520.000  2.4802336690e-01  3.1061627860e-03 
1521.000  2.4329928160e-01  3.1429193020e-03 
1522.000  2.4187536070e-01  3.1739592550e-03 
1523.000  2.4776295170e-01  3.3178129200e-03 
1524.000  2.4600424660e-01  3.3261399270e-03 
1525.000  2.4052207540e-01  3.2645990850e-03 
1526.000  2.4729715870e-01  3.3327262400e-03 
1527.000  2.4462442700e-01  3.2921330930e-03 
1528.000  2.4610763640e-01  3.3160283570e-03 
1529.000  2.4532889930e-01  3.2755911350e-03 
1530.000  2.2949781580e-01  3.0613200660e-03 
1531.000  2.4522218160e-01  3.2387456890e-03 
1532.000  2.4364913360e-01  3.1881244180e-03 
1533.000  2.4241831370e-01  3.1304228310e-03 
1534.000  2.3856588270e-01  3.0381939410e-03 
1535.000  2.3918013380e-01  3.0041351320e-03 
1536.000  2.4237857030e-01  3.0796513560e-03 
1537.000  2.4294126760e-01  3.1380727290e-03 
1538.000  2.3609678510e-01  3.1020662780e-03 
1539.000  2.4092467940e-01  3.2163422110e-03 
1540.000  2.3209658830e-01  3.1397795680e-03 
1541.000  2.3685878450e-01  3.2056121830e-03 
1542.000  2.3826717400e-01  3.2149028780e-03 
1543.000  2.3738079580e-01  3.2012403010e-03 
1544.000  2.4006564870e-01  3.2407445910e-03 
1545.000  2.4046704350e-01  3.2582881450e-03 
1546.000  2.4026042370e-01  3.2837598320e-03 
1547.000  2.3760838320e-01  3.2745866780e-03 
1548.000  2.3040350660e-01  3.1997506620e-03 
1549.000  2.3630872750e-01  3.2968683240e-03 
1550.000  2.3499672600e-01  3.2912054060e-03 
1551.000  2.3376654720e-01  3.2596778870e-03 
1552.000  2.3774003480e-01  3.2873907090e-03 
1553.000  2.3639875060e-01  3.2467865940e-03 
1554.000  2.2773712920e-01  3.1005721090e-03 
1555.000  2.3138958580e-01  3.1316430570e-03 
1556.000  2.2688460110e-01  3.0925781730e-03 
1557.000  2.3424951070e-01  3.2484231000e-03 
1558.000  2.3245519800e-01  3.2706084250e-03 
1559.000  2.3256632800e-01  3.3169827460e-03 
1560.000  2.2855022110e-01  3.3096518520e-03 
1561.000  2.3398783580e-01  3.3984744550e-03 
1562.000  2.3406292470e-01  3.3667933940e-03 
1563.000  2.3072371400e-01  3.2936069970e-03 
1564.000  2.2638055860e-01  3.1978971960e-03 
1565.000  2.3029398230e-01  3.2124271390e-03 
1566.000  2.2593025690e-01  3.1537408830e-03 
1567.000  2.2658300480e-01  3.1661143300e-03 
1568.000  2.2277404230e-01  3.1036214830e-03 
1569.000  2.2460255000e-01  3.1157448290e-03 
1570.000  2.1956540730e-01  3.0450727940e-03 
1571.000  2.2544861570e-01  3.1540262700e-03 
1572.000  2.2565138110e-01  3.1669487950e-03 
1573.000  2.2187501880e-01  3.1431212430e-03 
1574.000  2.2209655610e-01  3.1841545100e-03 
1575.000  2.0597706610e-01  2.9814767840e-03 
1576.000  2.2128763990e-01  3.2028121950e-03 
1577.000  1.9972686120e-01  2.8509645460e-03 
1578.000  2.1844313900e-01  3.0748827460e-03 
1579.000  2.1937700910e-01  3.0505185130e-03 
1580.000  2.2328263250e-01  3.0762891770e-03 
1581.000  2.2180199960e-01  3.0174458030e-03 
1582.000  2.1670434770e-01  2.9788017270e-03 
1583.000  2.1879319930e-01  3.0369110110e-03 
1584.000  2.1633082670e-01  3.0323534010e-03 
1585.000  2.2235449680e-01  3.1408629420e-03 
1586.000  2.1956157150e-01  3.1101210120e-03 
1587.000  2.1688605130e-01  3.0975286960e-03 
1588.000  2.1341682570e-01  3.0708556180e-03 
1589.000  1.9520389310e-01  2.8167347910e-03 
1590.000  2.1035644930e-01  3.0446572300e-03 
1591.000  2.0564316370e-01  2.9884557720e-03 
1592.000  2.1655015890e-01  3.1533727650e-03 
1593.000  2.2146778100e-01  3.2271237370e-03 
1594.000  2.1991340750e-01  3.2058889870e-03 
1595.000  2.2137844440e-01  3.2280414100e-03 
1596.000  2.0737289530e-01  3.0384700300e-03 
1597.000  2.1583063420e-01  3.1557669640e-03 
1598.000  2.1990382620e-01  3.2001681330e-03 
1599.000  2.1254226080e-01  3.0730054380e-03 
1600.000  2.1608452360e-01  3.1117255690e-03 
1601.000  2.0698821140e-01  2.9964118000e-03 
1602.000  2.1228133580e-01  3.1097557540e-03 
1603.000  2.1067116710e-01  3.1399130820e-03 
1604.000  2.1325823830e-01  3.2391285900e-03 
1605.000  2.1010527160e-01  3.2326114180e-03 
1606.000  2.0924983640e-01  3.2626729010e-03 
1607.000  2.1012937450e-01  3.2385213380e-03 
1608.000  2.1252360380e-01  3.2383582590e-03 
1609.000  2.1170656600e-01  3.1953759190e-03 
1610.000  1.9849625920e-01  2.9709546570e-03 
1611.000  2.0420256020e-01  3.0471038820e-03 
1612.000  2.0594862250e-01  3.0654506680e-03 
1613.000  2.1034419720e-01  3.1213133340e-03 
1614.000  2.0827981970e-01  3.0571446420e-03 
1615.000  2.1154387790e-01  3.0898203850e-03 
1616.000  1.9820289940e-01  2.8781058790e-03 
1617.000  2.0391547810e-01  3.0064573290e-03 
1618.000  2.1026901380e-01  3.1273031230e-03 
1619.000  2.0952521410e-01  3.1632168290e-03 
1620.000  2.0417467120e-01  3.1277754310e-03 
1621.000  2.0111393920e-01  3.1193683150e-03 
1622.000  2.0617610240e-01  3.2034776210e-03 
1623.000  2.1030424060e-01  3.2820532320e-03 
1624.000  2.1175762040e-01  3.3144013880e-03 
1625.000  2.0643977740e-01  3.2563924790e-03 
1626.000  2.0897114390e-01  3.2863831520e-03 
1627.000  2.0870154640e-01  3.3022739890e-03 
1628.000  2.1037863790e-01  3.3400275710e-03 
1629.000  2.1034813440e-01  3.3489930630e-03 
1630.000  2.0463730220e-01  3.2603654860e-03 
1631.000  2.0783794310e-01  3.3237481120e-03 
1632.000  2.0789038650e-01  3.2662968640e-03 
1633.000  2.0521489740e-01  3.1807620530e-03 
1634.000  2.0041291800e-01  3.0600538250e-03 
1635.000  2.0578606230e-01  3.1014037130e-03 
1636.000  2.0524191520e-01  3.0460054870e-03 
1637.000  1.9610425410e-01  2.8679161070e-03 
1638.000  1.9467126760e-01  2.8132474420e-03 
1639.000  1.9273126590e-01  2.7379186150e-03 
1640.000  1.9388730150e-01  2.7156176570e-03 
1641.000  1.9268743570e-01  2.6726813320e-03 
1642.000  1.9244729120e-01  2.7397491930e-03 
1643.000  1.9739352420e-01  2.8775010110e-03 
1644.000  1.9433877640e-01  2.8973624710e-03 
1645.000  1.9477198100e-01  2.9646122460e-03 
1646.000  1.9711297220e-01  3.0582323070e-03 
1647.000  1.9896371480e-01  3.0823075770e-03 
1648.000  1.9819510370e-01  3.0587024690e-03 
1649.000  1.9366744820e-01  2.9829928870e-03 
1650.000  1.9857491520e-01  3.0550274850e-03 
1651.000  1.9410086180e-01  2.9828405380e-03 
1652.000  1.9797467510e-01  3.0374703410e-03 
1653.000  1.9575173510e-01  3.0101690290e-03 
1654.000  1.9794806330e-01  3.0453293320e-03 
1655.000  1.9398046090e-01  2.9937708380e-03 
1656.000  1.9770622850e-01  3.0572659970e-03 
1657.000  1.9627320950e-01  3.0345463750e-03 
1658.000  1.9733376780e-01  3.0583255290e-03 
1659.000  1.9369884370e-01  3.0021607880e-03 
1660.000  1.9606266680e-01  3.0311603550e-03 
1661.000  1.9683235950e-01  3.0225131510e-03 
1662.000  1.9550969260e-01  2.9363121990e-03 
1663.000  1.9427903640e-01  2.8595364090e-03 
1664.000  1.9345677380e-01  2.7884216310e-03 
1665.000  1.9148112800e-01  2.7006523610e-03 
1666.000  1.9054912670e-01  2.6770575050e-03 
1667.000  1.9207170430e-01  2.7572011950e-03 
1668.000  1.8881749990e-01  2.7512881760e-03 
1669.000  1.8911988770e-01  2.8040859700e-03 
1670.000  1.9319207240e-01  2.9133548740e-03 
1671.000  1.9171704070e-01  2.9437265400e-03 
1672.000  1.8263626190e-01  2.8646759990e-03 
1673.000  1.8801652710e-01  3.0004165170e-03 
1674.000  1.8889020800e-01  3.0695152280e-03 
1675.000  1.8714023800e-01  3.1024785040e-03 
1676.000  1.8415910660e-01  3.0727977750e-03 
1677.000  1.8504426870e-01  3.0839293000e-03 
1678.000  1.8591295140e-01  3.1013653280e-03 
1679.000  1.8344042370e-01  3.0521574020e-03 
1680.000  1.7703165380e-01  2.9469227790e-03 
1681.000  1.7082633350e-01  2.8436598780e-03 
1682.000  1.7575942000e-01  2.9224944110e-03 
1683.000  1.8015259270e-01  2.9883353710e-03 
1684.000  1.8351367090e-01  3.0376772880e-03 
1685.000  1.8423248540e-01  3.0319917200e-03 
1686.000  1.8200971960e-01  2.9805011750e-03 
1687.000  1.8302592320e-01  2.9555687900e-03 
1688.000  1.8336767400e-01  2.9246752260e-03 
1689.000  1.8115770270e-01  2.8700339790e-03 
1690.000  1.8132096910e-01  2.8337807660e-03 
1691.000  1.8369379970e-01  2.8805303570e-03 
1692.000  1.8402811040e-01  2.9040749070e-03 
1693.000  1.8332863380e-01  2.9147305490e-03 
1694.000  1.8305120000e-01  2.9287917610e-03 
1695.000  1.8326035420e-01  2.9385576250e-03 
1696.000  1.8218863840e-01  2.8825368880e-03 
1697.000  1.8114802200e-01  2.8153245450e-03 
1698.000  1.8224133920e-01  2.7851676940e-03 
1699.000  1.8106355700e-01  2.7236852650e-03 
1700.000  1.7874252140e-01  2.6480860710e-03 
