 lambda   Irr_dw            Rad_up 
 550.000  1.5575543000e+00  7.8021087650e-02 
 551.000  1.5472413700e+00  7.7345375060e-02 
 552.000  1.6132623100e+00  8.0585876460e-02 
 553.000  1.5495097400e+00  7.7219772340e-02 
 554.000  1.5995728800e+00  7.9634521480e-02 
 555.000  1.6035443400e+00  7.9618652340e-02 
 556.000  1.5588677900e+00  7.7197761540e-02 
 557.000  1.5122250800e+00  7.4818382260e-02 
 558.000  1.5692839500e+00  7.7437469480e-02 
 559.000  1.4829807600e+00  7.3040672300e-02 
 560.000  1.4892335700e+00  7.3273475650e-02 
 561.000  1.6365117200e+00  8.0298812870e-02 
 562.000  1.5023496200e+00  7.3610618590e-02 
 563.000  1.5717003600e+00  7.6804626460e-02 
 564.000  1.5496412300e+00  7.5466384890e-02 
 565.000  1.5684106800e+00  7.6279373170e-02 
 566.000  1.4461223700e+00  7.0143218990e-02 
 567.000  1.5525255300e+00  7.4974838260e-02 
 568.000  1.5530947000e+00  7.4344261170e-02 
 569.000  1.5316617500e+00  7.2127922060e-02 
 570.000  1.5381873300e+00  7.2426116940e-02 
 571.000  1.4771102400e+00  7.0150070190e-02 
 572.000  1.5680788100e+00  7.3724327090e-02 
 573.000  1.5829387900e+00  7.4536026000e-02 
 574.000  1.5738463600e+00  7.4041671750e-02 
 575.000  1.5359559000e+00  7.2096115110e-02 
 576.000  1.5082904400e+00  7.0695243840e-02 
 577.000  1.5690199400e+00  7.3584381100e-02 
 578.000  1.5204813200e+00  7.1604202270e-02 
 579.000  1.5066304200e+00  7.1012756350e-02 
 580.000  1.5565376500e+00  7.3589927670e-02 
 581.000  1.5253548600e+00  7.2276229860e-02 
 582.000  1.5463298500e+00  7.3187828060e-02 
 583.000  1.5562355300e+00  7.3693000790e-02 
 584.000  1.5505583300e+00  7.3255851750e-02 
 585.000  1.5399199300e+00  7.2608863830e-02 
 586.000  1.4734199800e+00  6.9419067380e-02 
 587.000  1.5341073800e+00  7.1729209900e-02 
 588.000  1.5322352900e+00  7.0254646300e-02 
 589.000  1.3775370200e+00  6.1549182890e-02 
 590.000  1.4395283000e+00  6.4197525020e-02 
 591.000  1.5149367500e+00  6.8535797120e-02 
 592.000  1.4935149600e+00  6.6823471070e-02 
 593.000  1.4927526100e+00  6.7923172000e-02 
 594.000  1.5100566300e+00  6.8366127010e-02 
 595.000  1.4926791100e+00  6.6607925420e-02 
 596.000  1.5129204600e+00  6.8724296570e-02 
 597.000  1.5209777200e+00  6.8623458860e-02 
 598.000  1.4829827900e+00  6.7406150820e-02 
 599.000  1.4804854300e+00  6.7452056880e-02 
 600.000  1.4745674900e+00  6.7659645080e-02 
 601.000  1.4621099800e+00  6.7434333800e-02 
 602.000  1.4446085400e+00  6.6646820070e-02 
 603.000  1.4518447500e+00  6.7098701480e-02 
 604.000  1.4965556100e+00  6.9305091860e-02 
 605.000  1.4921118900e+00  6.8969635010e-02 
 606.000  1.4745859900e+00  6.8184890750e-02 
 607.000  1.4661020800e+00  6.7692550660e-02 
 608.000  1.4605874600e+00  6.7310852050e-02 
 609.000  1.4455019200e+00  6.6573608400e-02 
 610.000  1.4222441700e+00  6.5381805420e-02 
 611.000  1.4452452200e+00  6.6382972720e-02 
 612.000  1.4263723800e+00  6.5468971250e-02 
 613.000  1.4054913300e+00  6.4403327940e-02 
 614.000  1.3542478600e+00  6.2027870180e-02 
 615.000  1.4196460900e+00  6.4878707890e-02 
 616.000  1.3498184600e+00  6.1668777470e-02 
 617.000  1.3575024500e+00  6.1964138030e-02 
 618.000  1.4216513400e+00  6.4721878050e-02 
 619.000  1.4088020100e+00  6.4138458250e-02 
 620.000  1.4298254700e+00  6.4919792180e-02 
 621.000  1.4547138500e+00  6.5986671450e-02 
 622.000  1.3783032000e+00  6.2404899600e-02 
 623.000  1.3895258200e+00  6.2700866700e-02 
 624.000  1.3914627000e+00  6.2797790530e-02 
 625.000  1.3541992300e+00  6.1055404660e-02 
 626.000  1.3621233900e+00  6.1161968230e-02 
 627.000  1.3906103800e+00  6.1850772860e-02 
 628.000  1.3971200600e+00  6.0466175080e-02 
 629.000  1.4180583600e+00  6.2047924040e-02 
 630.000  1.3671535800e+00  6.0186473850e-02 
 631.000  1.4129897600e+00  6.2355922700e-02 
 632.000  1.3183410900e+00  5.7931434630e-02 
 633.000  1.4085567400e+00  6.2316165920e-02 
 634.000  1.3639256000e+00  6.0504306790e-02 
 635.000  1.3884387200e+00  6.1604213710e-02 
 636.000  1.3381608500e+00  5.9453262330e-02 
 637.000  1.3814909200e+00  6.1433834080e-02 
 638.000  1.4002369200e+00  6.2444534300e-02 
 639.000  1.3883780400e+00  6.1771911620e-02 
 640.000  1.3433840800e+00  6.0004577640e-02 
 641.000  1.3626310700e+00  6.0809120180e-02 
 642.000  1.3452617300e+00  6.0065216060e-02 
 643.000  1.3704634000e+00  6.0978294370e-02 
 644.000  1.3546606200e+00  6.0150119780e-02 
 645.000  1.3688900400e+00  6.0590988160e-02 
 646.000  1.3266477400e+00  5.7714836120e-02 
 647.000  1.3519265800e+00  5.8147174840e-02 
 648.000  1.3574980500e+00  5.7863716130e-02 
 649.000  1.3775088200e+00  5.9048519130e-02 
 650.000  1.2641207200e+00  5.5129924770e-02 
 651.000  1.3618050200e+00  5.9348117830e-02 
 652.000  1.3472278200e+00  5.7784198760e-02 
 653.000  1.3608957100e+00  5.9361152650e-02 
 654.000  1.3446434100e+00  5.8377357480e-02 
 655.000  1.3140001200e+00  5.6622127530e-02 
 656.000  1.1142482500e+00  4.8067531590e-02 
 657.000  1.1869917100e+00  5.1362224580e-02 
 658.000  1.3177619600e+00  5.7427368160e-02 
 659.000  1.3184132000e+00  5.7601402280e-02 
 660.000  1.3277018000e+00  5.8087635040e-02 
 661.000  1.3302974800e+00  5.8509639740e-02 
 662.000  1.3479864500e+00  5.9398246770e-02 
 663.000  1.3334035800e+00  5.8632480620e-02 
 664.000  1.3117041600e+00  5.7684551240e-02 
 665.000  1.3170461700e+00  5.7901847840e-02 
 666.000  1.3323331900e+00  5.8684394840e-02 
 667.000  1.3054821900e+00  5.7417453770e-02 
 668.000  1.3123408800e+00  5.7823856350e-02 
 669.000  1.3309587700e+00  5.8675418850e-02 
 670.000  1.3149164700e+00  5.7832389830e-02 
 671.000  1.3008169100e+00  5.7209758760e-02 
 672.000  1.2965089500e+00  5.6970848080e-02 
 673.000  1.3057260800e+00  5.7309341430e-02 
 674.000  1.3081928000e+00  5.7394577030e-02 
 675.000  1.2881382500e+00  5.6432353970e-02 
 676.000  1.3123895300e+00  5.7473358150e-02 
 677.000  1.2862195900e+00  5.6312038420e-02 
 678.000  1.3074233500e+00  5.7173084260e-02 
 679.000  1.2889944600e+00  5.6266651150e-02 
 680.000  1.2795383900e+00  5.5791099550e-02 
 681.000  1.2815212800e+00  5.5773567200e-02 
 682.000  1.2790664700e+00  5.5544322970e-02 
 683.000  1.2877648600e+00  5.5800666810e-02 
 684.000  1.2655335600e+00  5.4775817870e-02 
 685.000  1.2792185900e+00  5.5323722840e-02 
 686.000  1.2259621000e+00  5.2598342900e-02 
 687.000  1.2268612800e+00  4.8166164400e-02 
 688.000  1.2277835700e+00  4.9325817110e-02 
 689.000  1.2313198500e+00  4.9185882570e-02 
 690.000  1.2372779200e+00  5.0021831510e-02 
 691.000  1.2422640900e+00  5.1026832580e-02 
 692.000  1.2348017300e+00  5.1136367800e-02 
 693.000  1.2429795400e+00  5.0618961330e-02 
 694.000  1.2566410800e+00  5.0489299770e-02 
 695.000  1.2336312600e+00  4.9970760350e-02 
 696.000  1.2474424300e+00  5.0791332240e-02 
 697.000  1.2463752300e+00  5.2379482270e-02 
 698.000  1.2240659400e+00  5.0996704100e-02 
 699.000  1.2499327400e+00  5.0694873810e-02 
 700.000  1.2349749600e+00  5.0254898070e-02 
 701.000  1.2080397000e+00  4.8812973020e-02 
 702.000  1.2018222800e+00  4.8746051790e-02 
 703.000  1.2164073100e+00  5.0365356450e-02 
 704.000  1.2199399600e+00  5.0563438420e-02 
 705.000  1.2304267600e+00  5.0493194580e-02 
 706.000  1.2172884700e+00  5.0026439670e-02 
 707.000  1.1986097000e+00  4.9415050510e-02 
 708.000  1.2331371200e+00  5.1012138370e-02 
 709.000  1.1886137700e+00  4.9511367800e-02 
 710.000  1.2168647100e+00  5.0192985530e-02 
 711.000  1.2038798600e+00  5.0038528440e-02 
 712.000  1.1864364000e+00  4.9699714660e-02 
 713.000  1.1820211300e+00  4.9167072300e-02 
 714.000  1.2023410600e+00  4.9823093410e-02 
 715.000  1.1612003300e+00  4.7600482940e-02 
 716.000  1.1923843100e+00  4.8351676940e-02 
 717.000  1.1626517800e+00  4.4679393770e-02 
 718.000  1.1564918800e+00  4.2994331360e-02 
 719.000  1.1431737100e+00  4.1913631440e-02 
 720.000  1.1515090800e+00  4.1553840640e-02 
 721.000  1.1498451800e+00  4.4699729920e-02 
 722.000  1.1659326000e+00  4.6430351260e-02 
 723.000  1.1635667700e+00  4.5580070500e-02 
 724.000  1.1706188800e+00  4.3906753540e-02 
 725.000  1.1578385700e+00  4.3673824310e-02 
 726.000  1.1557164000e+00  4.3489799500e-02 
 727.000  1.1728081200e+00  4.4324291230e-02 
 728.000  1.1526580100e+00  4.3298568730e-02 
 729.000  1.1068466100e+00  4.2207126620e-02 
 730.000  1.1477378900e+00  4.3626625060e-02 
 731.000  1.1288136900e+00  4.2822605130e-02 
 732.000  1.1499096300e+00  4.4762146000e-02 
 733.000  1.1320668300e+00  4.5317382810e-02 
 734.000  1.1552840000e+00  4.6838661190e-02 
 735.000  1.1460709900e+00  4.6182437900e-02 
 736.000  1.1250284500e+00  4.4932727810e-02 
 737.000  1.1396206000e+00  4.5760864260e-02 
 738.000  1.1361639000e+00  4.6042110440e-02 
 739.000  1.0992640000e+00  4.4756862640e-02 
 740.000  1.1092442600e+00  4.5594116210e-02 
 741.000  1.1001619700e+00  4.5565013890e-02 
 742.000  1.0819749900e+00  4.4941532140e-02 
 743.000  1.1134501500e+00  4.6555095670e-02 
 744.000  1.1238872400e+00  4.7137660980e-02 
 745.000  1.0945369800e+00  4.6041240690e-02 
 746.000  1.1096716500e+00  4.6723064420e-02 
 747.000  1.1262825300e+00  4.7392749790e-02 
 748.000  1.1060432100e+00  4.6552616120e-02 
 749.000  1.1062345500e+00  4.6578281400e-02 
 750.000  1.0900751900e+00  4.5805473330e-02 
 751.000  1.0872669400e+00  4.5669330600e-02 
 752.000  1.1037335200e+00  4.6410320280e-02 
 753.000  1.0932846200e+00  4.5972183230e-02 
 754.000  1.1103974100e+00  4.6682430270e-02 
 755.000  1.1040233500e+00  4.6397201540e-02 
 756.000  1.0824059100e+00  4.5473274230e-02 
 757.000  1.0904000400e+00  4.5790496830e-02 
 758.000  1.0892620100e+00  4.5644748690e-02 
 759.000  1.0479875400e+00  4.1647155760e-02 
 760.000  8.2435566300e-01  2.2963087080e-02 
 761.000  7.9439881300e-01  2.1181034090e-02 
 762.000  9.2673725600e-01  3.0935132980e-02 
 763.000  9.1184159400e-01  2.8518440250e-02 
 764.000  9.3524521900e-01  3.0182493210e-02 
 765.000  9.8158950000e-01  3.4145111080e-02 
 766.000  9.7330827000e-01  3.6767322540e-02 
 767.000  1.0032223000e+00  3.9294868470e-02 
 768.000  1.0521894500e+00  4.2315773010e-02 
 769.000  1.0536678500e+00  4.3227993010e-02 
 770.000  1.0509882800e+00  4.3567848210e-02 
 771.000  1.0524446700e+00  4.3876964570e-02 
 772.000  1.0485581300e+00  4.3758132930e-02 
 773.000  1.0442369100e+00  4.3584087370e-02 
 774.000  1.0552539100e+00  4.4053352360e-02 
 775.000  1.0155072900e+00  4.2390472410e-02 
 776.000  1.0572516700e+00  4.4161651610e-02 
 777.000  1.0499274200e+00  4.3822334290e-02 
 778.000  1.0443745400e+00  4.3532234190e-02 
 779.000  1.0478493300e+00  4.3609706880e-02 
 780.000  1.0349629800e+00  4.3073532100e-02 
 781.000  1.0330989800e+00  4.2986316680e-02 
 782.000  1.0456419600e+00  4.3424671170e-02 
 783.000  1.0212808700e+00  4.2478855130e-02 
 784.000  1.0271919600e+00  4.2663402560e-02 
 785.000  1.0305697600e+00  4.2583274840e-02 
 786.000  1.0136960600e+00  4.1716220860e-02 
 787.000  1.0305933200e+00  4.1918163300e-02 
 788.000  1.0161128900e+00  4.1144138340e-02 
 789.000  1.0252541000e+00  4.0855945590e-02 
 790.000  1.0151959400e+00  4.0355716710e-02 
 791.000  1.0094564400e+00  4.0241321560e-02 
 792.000  9.9298860000e-01  3.9626041410e-02 
 793.000  9.9089527000e-01  3.9764633180e-02 
 794.000  9.7815067900e-01  3.9830173490e-02 
 795.000  9.7444338000e-01  3.9210655210e-02 
 796.000  9.9517071000e-01  3.9295265200e-02 
 797.000  1.0003110300e+00  3.9730674740e-02 
 798.000  9.9828095000e-01  4.0148059840e-02 
 799.000  9.9811059800e-01  3.9957061770e-02 
 800.000  9.7392291400e-01  3.8587100980e-02 
 801.000  9.9194935200e-01  3.9330596920e-02 
 802.000  9.9017942700e-01  3.9172443390e-02 
 803.000  9.7585748300e-01  3.8663070680e-02 
 804.000  9.8384910300e-01  3.9190269470e-02 
 805.000  9.5537791300e-01  3.8411083220e-02 
 806.000  9.8031629400e-01  3.9581577300e-02 
 807.000  9.7424968700e-01  3.9365398410e-02 
 808.000  9.6909851600e-01  3.8976715090e-02 
 809.000  9.5329888800e-01  3.8158538820e-02 
 810.000  9.4965140500e-01  3.7809806820e-02 
 811.000  9.6607437100e-01  3.8132301330e-02 
 812.000  9.6431529000e-01  3.7699554440e-02 
 813.000  9.6178602400e-01  3.7090141300e-02 
 814.000  9.6241876700e-01  3.6627902980e-02 
 815.000  9.5419632000e-01  3.5721076970e-02 
 816.000  9.4810610900e-01  3.4780513760e-02 
 817.000  9.5369542200e-01  3.4998466490e-02 
 818.000  9.4769451600e-01  3.4756660460e-02 
 819.000  9.2152914300e-01  3.4072269440e-02 
 820.000  9.0187666000e-01  3.4094688420e-02 
 821.000  9.2969131500e-01  3.6063240050e-02 
 822.000  9.0506320300e-01  3.4314350130e-02 
 823.000  9.2129895100e-01  3.3173294070e-02 
 824.000  9.3188085900e-01  3.5059597020e-02 
 825.000  9.2795937100e-01  3.6151992800e-02 
 826.000  9.3426591000e-01  3.6134578700e-02 
 827.000  9.3160924900e-01  3.5851051330e-02 
 828.000  9.3148610300e-01  3.5093139650e-02 
 829.000  9.3040963900e-01  3.5275047300e-02 
 830.000  9.1492949000e-01  3.4980205540e-02 
 831.000  8.9869568400e-01  3.4413467410e-02 
 832.000  9.1699858800e-01  3.5115684510e-02 
 833.000  8.8802712700e-01  3.4254993440e-02 
 834.000  9.0051383600e-01  3.4952938080e-02 
 835.000  9.0045419800e-01  3.5273845670e-02 
 836.000  9.1159047700e-01  3.5685153960e-02 
 837.000  9.0414770700e-01  3.5339675900e-02 
 838.000  9.0637359800e-01  3.5666526790e-02 
 839.000  8.7743023900e-01  3.4631313320e-02 
 840.000  9.0066070400e-01  3.5541080470e-02 
 841.000  9.0397738800e-01  3.5500514980e-02 
 842.000  8.9749039800e-01  3.5350921630e-02 
 843.000  8.8925033300e-01  3.5452903750e-02 
 844.000  8.7355148400e-01  3.4998630520e-02 
 845.000  8.8633016900e-01  3.5587013240e-02 
 846.000  8.9368575700e-01  3.6020210270e-02 
 847.000  8.6228356700e-01  3.4903335570e-02 
 848.000  8.8879230200e-01  3.5770908360e-02 
 849.000  8.9030780700e-01  3.5924949650e-02 
 850.000  7.7025738300e-01  3.0938331600e-02 
 851.000  8.8314497500e-01  3.5331607820e-02 
 852.000  8.4961083800e-01  3.4047786710e-02 
 853.000  8.5831341500e-01  3.4463085170e-02 
 854.000  6.9011660200e-01  2.7731903080e-02 
 855.000  7.5915618700e-01  3.0609735490e-02 
 856.000  8.6010048100e-01  3.4744133000e-02 
 857.000  8.7321146700e-01  3.5421371460e-02 
 858.000  8.5891615400e-01  3.4845966340e-02 
 859.000  8.5804212200e-01  3.4877933500e-02 
 860.000  8.4999362000e-01  3.4635257720e-02 
 861.000  8.4984149300e-01  3.4612491610e-02 
 862.000  8.4683033300e-01  3.4444068910e-02 
 863.000  8.6301084200e-01  3.5188114170e-02 
 864.000  8.6113457200e-01  3.4989852910e-02 
 865.000  8.4497555200e-01  3.4449417110e-02 
 866.000  7.0874951000e-01  2.8933626170e-02 
 867.000  7.5478906200e-01  3.0634124760e-02 
 868.000  8.1860635800e-01  3.3300323490e-02 
 869.000  8.0709786400e-01  3.2822521210e-02 
 870.000  8.4044520500e-01  3.4276168820e-02 
 871.000  8.3924110800e-01  3.4162693020e-02 
 872.000  8.3577676100e-01  3.3825698850e-02 
 873.000  8.3926141300e-01  3.4065578460e-02 
 874.000  8.2094429400e-01  3.3244491580e-02 
 875.000  8.1343141500e-01  3.3059349060e-02 
 876.000  8.2039671300e-01  3.3259475710e-02 
 877.000  8.3686766800e-01  3.3789524080e-02 
 878.000  8.2309377500e-01  3.3274295810e-02 
 879.000  8.2505048300e-01  3.3395034790e-02 
 880.000  8.2079663100e-01  3.3042865750e-02 
 881.000  7.7840794400e-01  3.1359760280e-02 
 882.000  8.2168572100e-01  3.2921566010e-02 
 883.000  8.0269609400e-01  3.2318958280e-02 
 884.000  8.0942627800e-01  3.2768173220e-02 
 885.000  8.1877746400e-01  3.2714500430e-02 
 886.000  7.9327056100e-01  3.1692928310e-02 
 887.000  7.8418564700e-01  3.1326108930e-02 
 888.000  8.0775113900e-01  3.2100341800e-02 
 889.000  8.1287284100e-01  3.2548294070e-02 
 890.000  8.1104309800e-01  3.2378303530e-02 
 891.000  8.0800365300e-01  3.2023784640e-02 
 892.000  8.0735589000e-01  3.1734468460e-02 
 893.000  7.8175468900e-01  2.9872819900e-02 
 894.000  8.1018541400e-01  3.0674499510e-02 
 895.000  7.7518169000e-01  2.8653205870e-02 
 896.000  8.0597420700e-01  2.8939737320e-02 
 897.000  7.8739265200e-01  2.7719429020e-02 
 898.000  7.8874578900e-01  2.7378108980e-02 
 899.000  7.8803295300e-01  2.6443143840e-02 
 900.000  7.6835277600e-01  2.5803838730e-02 
 901.000  7.5189363800e-01  2.5063293460e-02 
 902.000  7.3805156500e-01  2.4641511920e-02 
 903.000  7.7416004700e-01  2.7185495380e-02 
 904.000  7.8853674800e-01  2.8536348340e-02 
 905.000  7.8644233400e-01  2.8660131450e-02 
 906.000  7.6561767400e-01  2.7365152360e-02 
 907.000  7.7858601200e-01  2.6810272220e-02 
 908.000  7.5953986700e-01  2.5484006880e-02 
 909.000  7.4463864300e-01  2.4988250730e-02 
 910.000  7.5344687500e-01  2.5363731380e-02 
 911.000  7.5144789700e-01  2.5831682210e-02 
 912.000  7.5307198600e-01  2.5492111210e-02 
 913.000  7.7069903100e-01  2.5300125120e-02 
 914.000  7.6573869100e-01  2.5490930560e-02 
 915.000  7.5309814100e-01  2.5552825930e-02 
 916.000  7.6145590000e-01  2.5862798690e-02 
 917.000  7.4953588900e-01  2.5615638730e-02 
 918.000  7.4573105400e-01  2.5717460630e-02 
 919.000  7.5556624000e-01  2.7174106600e-02 
 920.000  7.4835562800e-01  2.7304870610e-02 
 921.000  7.3197580500e-01  2.6554119110e-02 
 922.000  7.2542512200e-01  2.6387855530e-02 
 923.000  6.9501887200e-01  2.4816947940e-02 
 924.000  7.2441603300e-01  2.5718509670e-02 
 925.000  7.3403322500e-01  2.5957662580e-02 
 926.000  7.0782825100e-01  2.4882316590e-02 
 927.000  7.3419270400e-01  2.5542394640e-02 
 928.000  7.3871127100e-01  2.4847541810e-02 
 929.000  7.2839138800e-01  2.3435256960e-02 
 930.000  7.2655753500e-01  2.2239721300e-02 
 931.000  7.2625465000e-01  2.1320745470e-02 
 932.000  7.1913658600e-01  2.0109478000e-02 
 933.000  7.2109155200e-01  1.9542411800e-02 
 934.000  7.1477319300e-01  1.8812440870e-02 
 935.000  7.0418068800e-01  1.8477985380e-02 
 936.000  6.9911331000e-01  1.8545141220e-02 
 937.000  7.1471611900e-01  1.8906036380e-02 
 938.000  7.0722081700e-01  1.9340860370e-02 
 939.000  7.1350230700e-01  2.1529819490e-02 
 940.000  7.0985912700e-01  2.1813144680e-02 
 941.000  6.9372055000e-01  2.0999023440e-02 
 942.000  6.6716975200e-01  1.9519533160e-02 
 943.000  7.0295446900e-01  1.9550209050e-02 
 944.000  6.8363184400e-01  1.8940530780e-02 
 945.000  6.9018254500e-01  1.9448965070e-02 
 946.000  6.9954067400e-01  1.9734287260e-02 
 947.000  6.9531290100e-01  1.9940263750e-02 
 948.000  6.9951532600e-01  2.0258567810e-02 
 949.000  7.0173080300e-01  2.0302970890e-02 
 950.000  6.9710465400e-01  2.0220464710e-02 
 951.000  6.9296925600e-01  2.0566583630e-02 
 952.000  6.9289064100e-01  2.0077503200e-02 
 953.000  6.9097998100e-01  2.0373592380e-02 
 954.000  6.8430657600e-01  2.0584903720e-02 
 955.000  6.3917689600e-01  1.8935400010e-02 
 956.000  6.8185186500e-01  2.0149593350e-02 
 957.000  6.8150185500e-01  2.1256591800e-02 
 958.000  6.8675532100e-01  2.1605695720e-02 
 959.000  6.8940754200e-01  2.1484231950e-02 
 960.000  6.8289327000e-01  2.1228012080e-02 
 961.000  6.7556712600e-01  2.0898042680e-02 
 962.000  6.7892843300e-01  2.1094829560e-02 
 963.000  6.7752625500e-01  2.1794178010e-02 
 964.000  6.6977473500e-01  2.1659814830e-02 
 965.000  6.7796081100e-01  2.1846057890e-02 
 966.000  6.5838879200e-01  2.1260047910e-02 
 967.000  6.7796891800e-01  2.2513381960e-02 
 968.000  6.7049905200e-01  2.3298938750e-02 
 969.000  6.7459312600e-01  2.3893623350e-02 
 970.000  6.7642681000e-01  2.3979013440e-02 
 971.000  6.7043695800e-01  2.3746068950e-02 
 972.000  6.7518370300e-01  2.3769323350e-02 
 973.000  6.6894338300e-01  2.3242401120e-02 
 974.000  6.5868751000e-01  2.2522928240e-02 
 975.000  6.6198145700e-01  2.2389244080e-02 
 976.000  6.6999337600e-01  2.2938404080e-02 
 977.000  6.5300697600e-01  2.2795587540e-02 
 978.000  6.6915651800e-01  2.3319543840e-02 
 979.000  6.4971194800e-01  2.2756073000e-02 
 980.000  6.5888087800e-01  2.3551998140e-02 
 981.000  6.6336365400e-01  2.3827384950e-02 
 982.000  6.6192913800e-01  2.3660532000e-02 
 983.000  6.6014019800e-01  2.3868436810e-02 
 984.000  6.5571848900e-01  2.4014841080e-02 
 985.000  6.5540617400e-01  2.4192840580e-02 
 986.000  6.5005879300e-01  2.4265300750e-02 
 987.000  6.5744709100e-01  2.4666103360e-02 
 988.000  6.4934084700e-01  2.4385282520e-02 
 989.000  6.4109610900e-01  2.4086977010e-02 
 990.000  6.4655993700e-01  2.4316291810e-02 
 991.000  6.5180034100e-01  2.4603740690e-02 
 992.000  6.4576810400e-01  2.4377796170e-02 
 993.000  6.4572580200e-01  2.4355667110e-02 
 994.000  6.4896075100e-01  2.4547317500e-02 
 995.000  6.4413664100e-01  2.4425426480e-02 
 996.000  6.4402376900e-01  2.4385252000e-02 
 997.000  6.4474552100e-01  2.4318065640e-02 
 998.000  6.4238205100e-01  2.4146110530e-02 
 999.000  6.4081055600e-01  2.4030738830e-02 
1000.000  6.3569483800e-01  2.3822906490e-02 
1001.000  6.3932839000e-01  2.3832723620e-02 
1002.000  6.3870309900e-01  2.3620792390e-02 
1003.000  6.3117300100e-01  2.3376626970e-02 
1004.000  6.2574074000e-01  2.3269594190e-02 
1005.000  5.8458898300e-01  2.1777894970e-02 
1006.000  6.1506802700e-01  2.2923067090e-02 
1007.000  6.2633301900e-01  2.3300968170e-02 
1008.000  6.2922889800e-01  2.3258794780e-02 
1009.000  6.2572345800e-01  2.2947153090e-02 
1010.000  6.2791647600e-01  2.3098226550e-02 
1011.000  6.2419831900e-01  2.3150638580e-02 
1012.000  6.2424156600e-01  2.3226484300e-02 
1013.000  6.1962078400e-01  2.3114049910e-02 
1014.000  6.2352395300e-01  2.3316223140e-02 
1015.000  6.1200529500e-01  2.2922832490e-02 
1016.000  6.1586680600e-01  2.3130405430e-02 
1017.000  6.0973523200e-01  2.2934728620e-02 
1018.000  6.1780029600e-01  2.3246629710e-02 
1019.000  6.0392586800e-01  2.2679656980e-02 
1020.000  6.0257612400e-01  2.2619703290e-02 
1021.000  6.0839724000e-01  2.2823001860e-02 
1022.000  5.9956091100e-01  2.2332197190e-02 
1023.000  6.1133103600e-01  2.2628490450e-02 
1024.000  6.0838758200e-01  2.2409862520e-02 
1025.000  6.0766586000e-01  2.2441963200e-02 
1026.000  6.0812967100e-01  2.2499395370e-02 
1027.000  6.0456787400e-01  2.2383022310e-02 
1028.000  6.0589771400e-01  2.2495203020e-02 
1029.000  5.9643923400e-01  2.2235517500e-02 
1030.000  6.0219060800e-01  2.2556373600e-02 
1031.000  6.0016224100e-01  2.2557147980e-02 
1032.000  5.9794711000e-01  2.2525220870e-02 
1033.000  5.8690688600e-01  2.2089887620e-02 
1034.000  5.9305004800e-01  2.2302698140e-02 
1035.000  5.8666005500e-01  2.2058918000e-02 
1036.000  5.9435921800e-01  2.2313169480e-02 
1037.000  5.8183714700e-01  2.1819934840e-02 
1038.000  5.8754942900e-01  2.2011920930e-02 
1039.000  5.9006291200e-01  2.2072076800e-02 
1040.000  5.8316954500e-01  2.1783000950e-02 
1041.000  5.8630053600e-01  2.1871654510e-02 
1042.000  5.8807101800e-01  2.1913101200e-02 
1043.000  5.7793431800e-01  2.1513019560e-02 
1044.000  5.8375309100e-01  2.1702732090e-02 
1045.000  5.8141812400e-01  2.1644845960e-02 
1046.000  5.6461879800e-01  2.1058851240e-02 
1047.000  5.7513355800e-01  2.1489435200e-02 
1048.000  5.8102495000e-01  2.1749738690e-02 
1049.000  5.7745842900e-01  2.1658243180e-02 
1050.000  5.7419423600e-01  2.1574489590e-02 
1051.000  5.7452225200e-01  2.1547950740e-02 
1052.000  5.7201950100e-01  2.1414190290e-02 
1053.000  5.7229987200e-01  2.1394601820e-02 
1054.000  5.6670185200e-01  2.1139801030e-02 
1055.000  5.7114917500e-01  2.1256616590e-02 
1056.000  5.6986690500e-01  2.1166118620e-02 
1057.000  5.6944520000e-01  2.1100986480e-02 
1058.000  5.6448614200e-01  2.0841831210e-02 
1059.000  5.4667828000e-01  2.0206535340e-02 
1060.000  5.6587875900e-01  2.0980613710e-02 
1061.000  5.4617035000e-01  2.0253894810e-02 
1062.000  5.6193951700e-01  2.0798097610e-02 
1063.000  5.5267179600e-01  2.0426092150e-02 
1064.000  5.6009926300e-01  2.0611207960e-02 
1065.000  5.6001034100e-01  2.0507684710e-02 
1066.000  5.4280253900e-01  1.9839857100e-02 
1067.000  5.5598727500e-01  2.0266244890e-02 
1068.000  5.5464583500e-01  2.0079782490e-02 
1069.000  5.1327625900e-01  1.8523782730e-02 
1070.000  5.4359708000e-01  1.9659597400e-02 
1071.000  5.4500601400e-01  1.9690490720e-02 
1072.000  5.4736891800e-01  1.9757242200e-02 
1073.000  5.2945709400e-01  1.9134279250e-02 
1074.000  5.4793692600e-01  1.9845708850e-02 
1075.000  5.3018653900e-01  1.9307985310e-02 
1076.000  5.4232380500e-01  1.9715425490e-02 
1077.000  5.4173872500e-01  1.9644323350e-02 
1078.000  5.4386465900e-01  1.9663784030e-02 
1079.000  5.2302860300e-01  1.8915775300e-02 
1080.000  5.4043613700e-01  1.9379806520e-02 
1081.000  5.2065203000e-01  1.8654653550e-02 
1082.000  5.2648906400e-01  1.8894704820e-02 
1083.000  5.1320730200e-01  1.8287767410e-02 
1084.000  5.3383424400e-01  1.8886663440e-02 
1085.000  5.2922549600e-01  1.8480953220e-02 
1086.000  5.3557437800e-01  1.8705795290e-02 
1087.000  5.0028316900e-01  1.7659524920e-02 
1088.000  5.3050227800e-01  1.8780733110e-02 
1089.000  5.1327996400e-01  1.7944484710e-02 
1090.000  5.2501480100e-01  1.8345819470e-02 
1091.000  5.2781905900e-01  1.8537111280e-02 
1092.000  5.1705717300e-01  1.8078245160e-02 
1093.000  5.1392478700e-01  1.7738719940e-02 
1094.000  4.6890610800e-01  1.6054845810e-02 
1095.000  5.0732131100e-01  1.7351352690e-02 
1096.000  5.0805556700e-01  1.7360406880e-02 
1097.000  4.9884951900e-01  1.6953147890e-02 
1098.000  4.9789816500e-01  1.6310651780e-02 
1099.000  5.0238768100e-01  1.5910912510e-02 
1100.000  5.1080094200e-01  1.6211818700e-02 
1101.000  5.0921903300e-01  1.6229927060e-02 
1102.000  4.8829773800e-01  1.5523519520e-02 
1103.000  5.0733801200e-01  1.6169147490e-02 
1104.000  5.0409269600e-01  1.5973624230e-02 
1105.000  5.0445278900e-01  1.5769088750e-02 
1106.000  5.0134241300e-01  1.5473180770e-02 
1107.000  5.0044351300e-01  1.5481996540e-02 
1108.000  4.9860368100e-01  1.5444182400e-02 
1109.000  4.9991971700e-01  1.5632632260e-02 
1110.000  5.0248493600e-01  1.5662715910e-02 
1111.000  4.9644789600e-01  1.5368325230e-02 
1112.000  4.9203351600e-01  1.4839370730e-02 
1113.000  4.9030756000e-01  1.4314176560e-02 
1114.000  4.9561644200e-01  1.4320894240e-02 
1115.000  4.9062394500e-01  1.3710950850e-02 
1116.000  4.8441516300e-01  1.3289823530e-02 
1117.000  4.9015907400e-01  1.2943375590e-02 
1118.000  4.8502335600e-01  1.2397347450e-02 
1119.000  4.7145577600e-01  1.1866936680e-02 
1120.000  4.7240643100e-01  1.1682781220e-02 
1121.000  4.7541109900e-01  1.1713149070e-02 
1122.000  4.7320469400e-01  1.1452861790e-02 
1123.000  4.7542829700e-01  1.1624095920e-02 
1124.000  4.7634551500e-01  1.1724609380e-02 
1125.000  4.6642027400e-01  1.1440864560e-02 
1126.000  4.5749794800e-01  1.1205729480e-02 
1127.000  4.7298577300e-01  1.1599968910e-02 
1128.000  4.6433880500e-01  1.1417624470e-02 
1129.000  4.6723814000e-01  1.1694789890e-02 
1130.000  4.6815777800e-01  1.2255346300e-02 
1131.000  4.7328984600e-01  1.2555624960e-02 
1132.000  4.7428850400e-01  1.2351458550e-02 
1133.000  4.6203437200e-01  1.1646570210e-02 
1134.000  4.5663108100e-01  1.0890769960e-02 
1135.000  4.6261354100e-01  1.1077688220e-02 
1136.000  4.6453645400e-01  1.1758437160e-02 
1137.000  4.7133846200e-01  1.2332503320e-02 
1138.000  4.5527569000e-01  1.2328104020e-02 
1139.000  4.6549366900e-01  1.2765284540e-02 
1140.000  4.6671997800e-01  1.2710353850e-02 
1141.000  4.5322701000e-01  1.2180253030e-02 
1142.000  4.6549371100e-01  1.2446600910e-02 
1143.000  4.5711265300e-01  1.2035580640e-02 
1144.000  4.5383593700e-01  1.1750175480e-02 
1145.000  4.5645402400e-01  1.1549051280e-02 
1146.000  4.6113033000e-01  1.1725605010e-02 
1147.000  4.6347066200e-01  1.2001150130e-02 
1148.000  4.5906333200e-01  1.2088150020e-02 
1149.000  4.6053766500e-01  1.2211448670e-02 
1150.000  4.5858294700e-01  1.2173543930e-02 
1151.000  4.5723685200e-01  1.2279253010e-02 
1152.000  4.5638312100e-01  1.2327480320e-02 
1153.000  4.5558670600e-01  1.2411241530e-02 
1154.000  4.5906437600e-01  1.2488992690e-02 
1155.000  4.6064506200e-01  1.2750023840e-02 
1156.000  4.5440168500e-01  1.2824562070e-02 
1157.000  4.5866264100e-01  1.3521223070e-02 
1158.000  4.5873542700e-01  1.3832692150e-02 
1159.000  4.5224896000e-01  1.3936723710e-02 
1160.000  4.4650347400e-01  1.3897272110e-02 
1161.000  4.3687424100e-01  1.3920517920e-02 
1162.000  4.5268995500e-01  1.4697216990e-02 
1163.000  4.5456889100e-01  1.5076270100e-02 
1164.000  4.4533665500e-01  1.4834355350e-02 
1165.000  4.5393157200e-01  1.5173171040e-02 
1166.000  4.4215645700e-01  1.4860178950e-02 
1167.000  4.4932839300e-01  1.5152464870e-02 
1168.000  4.5325547400e-01  1.5272134780e-02 
1169.000  4.3758211700e-01  1.4793231010e-02 
1170.000  4.4934966600e-01  1.5234565730e-02 
1171.000  4.5142912600e-01  1.5405321120e-02 
1172.000  4.5001501200e-01  1.5296680450e-02 
1173.000  4.4688068000e-01  1.5133495330e-02 
1174.000  4.4710700700e-01  1.5142886160e-02 
1175.000  4.4187362400e-01  1.5115832330e-02 
1176.000  4.3120572400e-01  1.4888479230e-02 
1177.000  4.4451945800e-01  1.5275804520e-02 
1178.000  4.3701005400e-01  1.4878500940e-02 
1179.000  4.3505080200e-01  1.4809462550e-02 
1180.000  4.4115774200e-01  1.4964854240e-02 
1181.000  4.3890328400e-01  1.4762002940e-02 
1182.000  4.3945884700e-01  1.4651026730e-02 
1183.000  4.1394301300e-01  1.3808525090e-02 
1184.000  4.3259964900e-01  1.4495203020e-02 
1185.000  4.3832386400e-01  1.4855830190e-02 
1186.000  4.3571378200e-01  1.4708938600e-02 
1187.000  4.3586946200e-01  1.4531166080e-02 
1188.000  4.3363192200e-01  1.4399302480e-02 
1189.000  4.0826358700e-01  1.3635451320e-02 
1190.000  4.2833958400e-01  1.4547440530e-02 
1191.000  4.3501925800e-01  1.4822157860e-02 
1192.000  4.3265062300e-01  1.4827704430e-02 
1193.000  4.3281756700e-01  1.4769315720e-02 
1194.000  4.3200247200e-01  1.4715160370e-02 
1195.000  4.2716008700e-01  1.4435770990e-02 
1196.000  4.2689015600e-01  1.4442034720e-02 
1197.000  4.2677779400e-01  1.4382503510e-02 
1198.000  4.1244291100e-01  1.3886792180e-02 
1199.000  3.9711620800e-01  1.3306633950e-02 
1200.000  4.2214944700e-01  1.4180552480e-02 
1201.000  4.2517766500e-01  1.4298963550e-02 
1202.000  4.2599310800e-01  1.4345571520e-02 
1203.000  4.0520216300e-01  1.3616497990e-02 
1204.000  4.1191677700e-01  1.3872154240e-02 
1205.000  4.2147178300e-01  1.4391430850e-02 
1206.000  4.1890790400e-01  1.4396423340e-02 
1207.000  4.2172085500e-01  1.4531527520e-02 
1208.000  4.1558171800e-01  1.4289665220e-02 
1209.000  3.8961685000e-01  1.3349431040e-02 
1210.000  4.1690044400e-01  1.4204115870e-02 
1211.000  4.0297370800e-01  1.3720447540e-02 
1212.000  4.1559044700e-01  1.4178858760e-02 
1213.000  4.1712665400e-01  1.4319706920e-02 
1214.000  4.1534127800e-01  1.4255552290e-02 
1215.000  4.1676829300e-01  1.4343505860e-02 
1216.000  4.1553575500e-01  1.4438988690e-02 
1217.000  4.1467131700e-01  1.4522588730e-02 
1218.000  4.1321993100e-01  1.4517848970e-02 
1219.000  4.0935268500e-01  1.4404578210e-02 
1220.000  4.1210426700e-01  1.4490286830e-02 
1221.000  4.1125104100e-01  1.4461348530e-02 
1222.000  4.0897268400e-01  1.4373916630e-02 
1223.000  4.0697080000e-01  1.4326763150e-02 
1224.000  4.0991245700e-01  1.4521092410e-02 
1225.000  4.0758802400e-01  1.4467192650e-02 
1226.000  4.0891688000e-01  1.4551802640e-02 
1227.000  3.9488489200e-01  1.4106683730e-02 
1228.000  4.0698544800e-01  1.4605912210e-02 
1229.000  4.0631021100e-01  1.4628309250e-02 
1230.000  4.0468031200e-01  1.4624721530e-02 
1231.000  4.0454749000e-01  1.4652797700e-02 
1232.000  3.9994724600e-01  1.4499730110e-02 
1233.000  4.0306771000e-01  1.4621595380e-02 
1234.000  4.0160070500e-01  1.4642528530e-02 
1235.000  3.9872687000e-01  1.4560530660e-02 
1236.000  4.0098661600e-01  1.4649678230e-02 
1237.000  4.0088061900e-01  1.4670567510e-02 
1238.000  4.0059606600e-01  1.4666683200e-02 
1239.000  3.9601174700e-01  1.4500494960e-02 
1240.000  3.9423394900e-01  1.4469424250e-02 
1241.000  3.9784237300e-01  1.4629423140e-02 
1242.000  3.9562309800e-01  1.4572417260e-02 
1243.000  3.9129201400e-01  1.4438730240e-02 
1244.000  3.8794261900e-01  1.4329112050e-02 
1245.000  3.9472318000e-01  1.4589770320e-02 
1246.000  3.9178884500e-01  1.4436257360e-02 
1247.000  3.9000102400e-01  1.4324167250e-02 
1248.000  3.9316904000e-01  1.4391826630e-02 
1249.000  3.9183790100e-01  1.4305886270e-02 
1250.000  3.9044313200e-01  1.4209486010e-02 
1251.000  3.8791115100e-01  1.4082858090e-02 
1252.000  3.8691371300e-01  1.4007719040e-02 
1253.000  3.8388925400e-01  1.3857561110e-02 
1254.000  3.8521568100e-01  1.3833995820e-02 
1255.000  3.8480404300e-01  1.3768882750e-02 
1256.000  3.8420944300e-01  1.3704658510e-02 
1257.000  3.8009400600e-01  1.3475811000e-02 
1258.000  3.8208593200e-01  1.3404099460e-02 
1259.000  3.7818882600e-01  1.3149023060e-02 
1260.000  3.7900432700e-01  1.3053329470e-02 
1261.000  3.7855688300e-01  1.2910695080e-02 
1262.000  3.7045519400e-01  1.2472330090e-02 
1263.000  3.7494803100e-01  1.2597411160e-02 
1264.000  3.6911007610e-01  1.2392135620e-02 
1265.000  3.6978244470e-01  1.2422219280e-02 
1266.000  3.7217010540e-01  1.2470381740e-02 
1267.000  3.6519982980e-01  1.2202047350e-02 
1268.000  3.6160261000e-01  1.2036118510e-02 
1269.000  3.6498719920e-01  1.2127450940e-02 
1270.000  3.6899974350e-01  1.2403196330e-02 
1271.000  3.7104920990e-01  1.2541785240e-02 
1272.000  3.6995180920e-01  1.2570819850e-02 
1273.000  3.6963384940e-01  1.2628706930e-02 
1274.000  3.6742665760e-01  1.2627176280e-02 
1275.000  3.6958940030e-01  1.2731107710e-02 
1276.000  3.7018326770e-01  1.2763069150e-02 
1277.000  3.6990659200e-01  1.2752145770e-02 
1278.000  3.6884655970e-01  1.2711606030e-02 
1279.000  3.6637771090e-01  1.2648443220e-02 
1280.000  3.6421379010e-01  1.2659960750e-02 
1281.000  3.5382613230e-01  1.2381082530e-02 
1282.000  3.1420482510e-01  1.1066862110e-02 
1283.000  3.4483442100e-01  1.2202747340e-02 
1284.000  3.5906340490e-01  1.2742099760e-02 
1285.000  3.6169772130e-01  1.2854471210e-02 
1286.000  3.6157831650e-01  1.2818777080e-02 
1287.000  3.6378922690e-01  1.2842676160e-02 
1288.000  3.6150863200e-01  1.2586952210e-02 
1289.000  3.6366388250e-01  1.2610534670e-02 
1290.000  3.5533101640e-01  1.2305763240e-02 
1291.000  3.6019538500e-01  1.2462596890e-02 
1292.000  3.6169817680e-01  1.2540853500e-02 
1293.000  3.6202133470e-01  1.2521429060e-02 
1294.000  3.5627544190e-01  1.2216522220e-02 
1295.000  3.6011083000e-01  1.2213936810e-02 
1296.000  3.6037571780e-01  1.2121111870e-02 
1297.000  3.5815386210e-01  1.1985856060e-02 
1298.000  3.5495316370e-01  1.1884095190e-02 
1299.000  3.5851696940e-01  1.2006702420e-02 
1300.000  3.5707779420e-01  1.1962059020e-02 
1301.000  3.5650995190e-01  1.1921369550e-02 
1302.000  3.5193457830e-01  1.1686581610e-02 
1303.000  3.5004361900e-01  1.1450641630e-02 
1304.000  3.5027335680e-01  1.1369067190e-02 
1305.000  3.5242866600e-01  1.1389744760e-02 
1306.000  3.5276605400e-01  1.1347051620e-02 
1307.000  3.5172370200e-01  1.1273612980e-02 
1308.000  3.5142337010e-01  1.1174253460e-02 
1309.000  3.5111090310e-01  1.1039730070e-02 
1310.000  3.4965189970e-01  1.0986405370e-02 
1311.000  3.4858175290e-01  1.0956574440e-02 
1312.000  3.4749590310e-01  1.0776247980e-02 
1313.000  3.3466132200e-01  1.0210856440e-02 
1314.000  3.4510751130e-01  1.0377296450e-02 
1315.000  3.3348723860e-01  1.0095933910e-02 
1316.000  3.4124516630e-01  1.0437891960e-02 
1317.000  3.4491613000e-01  1.0548622130e-02 
1318.000  3.4003549010e-01  1.0221270560e-02 
1319.000  3.4469299710e-01  1.0131501200e-02 
1320.000  3.4214832310e-01  9.8225326540e-03 
1321.000  3.4064503060e-01  9.6939878460e-03 
1322.000  3.3996483400e-01  9.8039455410e-03 
1323.000  3.4071743570e-01  9.9754371640e-03 
1324.000  3.4089990920e-01  1.0067274090e-02 
1325.000  3.3980938140e-01  9.9725761410e-03 
1326.000  3.3821887800e-01  9.7684679030e-03 
1327.000  3.3551845620e-01  9.3849210740e-03 
1328.000  3.3640143860e-01  9.1282691960e-03 
1329.000  3.2412484120e-01  8.3672094350e-03 
1330.000  3.2919518650e-01  8.3498544690e-03 
1331.000  3.3066250090e-01  8.2962837220e-03 
1332.000  3.2311637760e-01  8.1359024050e-03 
1333.000  3.3165679700e-01  8.4305992130e-03 
1334.000  3.3207254470e-01  8.5539016720e-03 
1335.000  3.3235681710e-01  8.6438140870e-03 
1336.000  3.2875934730e-01  8.5793542860e-03 
1337.000  3.2982355470e-01  8.6189937590e-03 
1338.000  3.2958048120e-01  8.6716213230e-03 
1339.000  3.2603905460e-01  8.5958852770e-03 
1340.000  3.2369878170e-01  8.5836486820e-03 
1341.000  3.2858515760e-01  8.6706457140e-03 
1342.000  3.2778047670e-01  8.6558837890e-03 
1343.000  3.2775159840e-01  8.4776086810e-03 
1344.000  3.2625303430e-01  8.2692203520e-03 
1345.000  3.2374941320e-01  7.8420515060e-03 
1346.000  3.1857713140e-01  7.5281906130e-03 
1347.000  3.1918114180e-01  7.4028739930e-03 
1348.000  3.1560304310e-01  7.1705727580e-03 
1349.000  3.1345982420e-01  7.0416216850e-03 
1350.000  3.0705918430e-01  6.7399063110e-03 
1351.000  3.0489052550e-01  6.5810928340e-03 
1352.000  3.0544667420e-01  6.4258894920e-03 
1353.000  2.9959295410e-01  6.0950293540e-03 
1354.000  2.9597269190e-01  5.8991603850e-03 
1355.000  2.9032948000e-01  5.6519460680e-03 
1356.000  2.8605575200e-01  5.4190406800e-03 
1357.000  2.7935371300e-01  5.1053280830e-03 
1358.000  2.7975022760e-01  4.9097104070e-03 
1359.000  2.7203051700e-01  4.4328589440e-03 
1360.000  2.6205944440e-01  4.0588498120e-03 
1361.000  2.6425617040e-01  3.9552509780e-03 
1362.000  2.6199228300e-01  3.8826067450e-03 
1363.000  2.6225619250e-01  4.0962805750e-03 
1364.000  2.6752816080e-01  4.2500200270e-03 
1365.000  2.6739172020e-01  4.2867727280e-03 
1366.000  2.6926931410e-01  4.3991742130e-03 
1367.000  2.6431882840e-01  4.2121105190e-03 
1368.000  2.6434190030e-01  4.1146168710e-03 
1369.000  2.5957955620e-01  4.0634245870e-03 
1370.000  2.6509260800e-01  4.3960871700e-03 
1371.000  2.7287516900e-01  4.8699846270e-03 
1372.000  2.8371785540e-01  5.4197621350e-03 
1373.000  2.8782186180e-01  5.7099156380e-03 
1374.000  2.9111052020e-01  5.8845629690e-03 
1375.000  2.8702212810e-01  5.8500595090e-03 
1376.000  2.8273152940e-01  5.7259740830e-03 
1377.000  2.8530943550e-01  5.6994357110e-03 
1378.000  2.8041039030e-01  5.4504799840e-03 
1379.000  2.7855448220e-01  5.1816153530e-03 
1380.000  2.6856256570e-01  4.6698942180e-03 
1381.000  2.6250673790e-01  4.2505793570e-03 
1382.000  2.5436033720e-01  3.9489889140e-03 
1383.000  2.5658502760e-01  3.9639825820e-03 
1384.000  2.6228340920e-01  4.3082084660e-03 
1385.000  2.6436871470e-01  4.5439510350e-03 
1386.000  2.7234896960e-01  4.9215035440e-03 
1387.000  2.7625548720e-01  5.3460192680e-03 
1388.000  2.8204584380e-01  5.6144514080e-03 
1389.000  2.8429150130e-01  5.7256197930e-03 
1390.000  2.7928104810e-01  5.6443109510e-03 
1391.000  2.8201519070e-01  5.6451206210e-03 
1392.000  2.7757323200e-01  5.3958048820e-03 
1393.000  2.7302757440e-01  5.1484375000e-03 
1394.000  2.6697579610e-01  4.8830614090e-03 
1395.000  2.6827612860e-01  4.9749841690e-03 
1396.000  2.7420705380e-01  5.2652978900e-03 
1397.000  2.7727569200e-01  5.4649338720e-03 
1398.000  2.7748710380e-01  5.4847407340e-03 
1399.000  2.7567412150e-01  5.4014825820e-03 
1400.000  2.6767001290e-01  5.2211050990e-03 
1401.000  2.6888135500e-01  5.2569599150e-03 
1402.000  2.7544637910e-01  5.4909629820e-03 
1403.000  2.7474766490e-01  5.5381999020e-03 
1404.000  2.7266371300e-01  5.4562973980e-03 
1405.000  2.7283193970e-01  5.4621973040e-03 
1406.000  2.7244586990e-01  5.4030790330e-03 
1407.000  2.7271658050e-01  5.4024386410e-03 
1408.000  2.7355934850e-01  5.5166640280e-03 
1409.000  2.7647553300e-01  5.6428685190e-03 
1410.000  2.7766706350e-01  5.7848629950e-03 
1411.000  2.7974024620e-01  5.9066495900e-03 
1412.000  2.6880811740e-01  5.6632523540e-03 
1413.000  2.7399877330e-01  5.7928919790e-03 
1414.000  2.7758299970e-01  5.8332610130e-03 
1415.000  2.7742154710e-01  5.8677048680e-03 
1416.000  2.7691334940e-01  5.8921732900e-03 
1417.000  2.7893415200e-01  5.9196891780e-03 
1418.000  2.7904372710e-01  5.9109792710e-03 
1419.000  2.7506884000e-01  5.8106589320e-03 
1420.000  2.7446537280e-01  5.7995848660e-03 
1421.000  2.7902091160e-01  5.9405837060e-03 
1422.000  2.7278694360e-01  5.8190779690e-03 
1423.000  2.7112512860e-01  5.7684288020e-03 
1424.000  2.7137051850e-01  5.7460412980e-03 
1425.000  2.7660691090e-01  5.8050680160e-03 
1426.000  2.6541380400e-01  5.5502882000e-03 
1427.000  2.6955555260e-01  5.6427860260e-03 
1428.000  2.7540545870e-01  5.7653231620e-03 
1429.000  2.6894662240e-01  5.6312146190e-03 
1430.000  2.6310418860e-01  5.4745435710e-03 
1431.000  2.6250038510e-01  5.3736720090e-03 
1432.000  2.6727181510e-01  5.4118180270e-03 
1433.000  2.6740747670e-01  5.3889822960e-03 
1434.000  2.6201783380e-01  5.2416744230e-03 
1435.000  2.6521474450e-01  5.3257164960e-03 
1436.000  2.6525046050e-01  5.3208503720e-03 
1437.000  2.6629811910e-01  5.3263893130e-03 
1438.000  2.6565024880e-01  5.3370499610e-03 
1439.000  2.6879091170e-01  5.3837971690e-03 
1440.000  2.5215262540e-01  5.0482816700e-03 
1441.000  2.6485911810e-01  5.2869353290e-03 
1442.000  2.5869233700e-01  5.1249122620e-03 
1443.000  2.6298779840e-01  5.1831994060e-03 
1444.000  2.6426650810e-01  5.1967701910e-03 
1445.000  2.6346886270e-01  5.1591610910e-03 
1446.000  2.6629715290e-01  5.2176685330e-03 
1447.000  2.6507984930e-01  5.1955585480e-03 
1448.000  2.6710621600e-01  5.2121343610e-03 
1449.000  2.6699953160e-01  5.1661233900e-03 
1450.000  2.6520308570e-01  5.0717959400e-03 
1451.000  2.6349266290e-01  5.0195474620e-03 
1452.000  2.6024905250e-01  4.9714126590e-03 
1453.000  2.6520266510e-01  5.1234922410e-03 
1454.000  2.6623284080e-01  5.2127418520e-03 
1455.000  2.6286560400e-01  5.1873583790e-03 
1456.000  2.6274581470e-01  5.2268300060e-03 
1457.000  2.6526471280e-01  5.2520451550e-03 
1458.000  2.6889157040e-01  5.3021688460e-03 
1459.000  2.6989034430e-01  5.2263603210e-03 
1460.000  2.6529820110e-01  5.0532345770e-03 
1461.000  2.6471879010e-01  4.9796309470e-03 
1462.000  2.6182786440e-01  4.8263010980e-03 
1463.000  2.6008037420e-01  4.7599401470e-03 
1464.000  2.5990838360e-01  4.7060337070e-03 
1465.000  2.6291508410e-01  4.6851325040e-03 
1466.000  2.5665229700e-01  4.4924864770e-03 
1467.000  2.6280419840e-01  4.5368671420e-03 
1468.000  2.5633586350e-01  4.3599514960e-03 
1469.000  2.5916177040e-01  4.3263201710e-03 
1470.000  2.5766694170e-01  4.2525801660e-03 
1471.000  2.5359292960e-01  4.2108058930e-03 
1472.000  2.5512535790e-01  4.2848105430e-03 
1473.000  2.5737045010e-01  4.4127793310e-03 
1474.000  2.5028429880e-01  4.3644833560e-03 
1475.000  2.5560601920e-01  4.4259934430e-03 
1476.000  2.5600995420e-01  4.4034795760e-03 
1477.000  2.5676107030e-01  4.3532266620e-03 
1478.000  2.5304689400e-01  4.2290697100e-03 
1479.000  2.5594566160e-01  4.2076282500e-03 
1480.000  2.5734775310e-01  4.2253842350e-03 
1481.000  2.5351134390e-01  4.1931848530e-03 
1482.000  2.5666809680e-01  4.2835521700e-03 
1483.000  2.5138104890e-01  4.1954307560e-03 
1484.000  2.5370492730e-01  4.2199997900e-03 
1485.000  2.5853352880e-01  4.2767038350e-03 
1486.000  2.5427391830e-01  4.2417359350e-03 
1487.000  2.5456458550e-01  4.3453884120e-03 
1488.000  2.2254070290e-01  3.7954025270e-03 
1489.000  2.5552367530e-01  4.5051374440e-03 
1490.000  2.5611887620e-01  4.6544103620e-03 
1491.000  2.5866414990e-01  4.8051285740e-03 
1492.000  2.5265349030e-01  4.7118177410e-03 
1493.000  2.5833161450e-01  4.8914327620e-03 
1494.000  2.5734957950e-01  4.8791623120e-03 
1495.000  2.5554904700e-01  4.9132637980e-03 
1496.000  2.4799203650e-01  4.8872933390e-03 
1497.000  2.5381662610e-01  4.9962725640e-03 
1498.000  2.5638689920e-01  5.1590967180e-03 
1499.000  2.5207477020e-01  5.1765594480e-03 
1500.000  2.5637321480e-01  5.3406996730e-03 
1501.000  2.5600738510e-01  5.3003749850e-03 
1502.000  2.5403040050e-01  5.2122197150e-03 
1503.000  2.2810380460e-01  4.6471476550e-03 
1504.000  2.3764905950e-01  4.8665232660e-03 
1505.000  2.3691077420e-01  4.9509792330e-03 
1506.000  2.4010445970e-01  5.0445427890e-03 
1507.000  2.5111717400e-01  5.3740653990e-03 
1508.000  2.4719575040e-01  5.3514332770e-03 
1509.000  2.4826367300e-01  5.4422044750e-03 
1510.000  2.5210032000e-01  5.5632719990e-03 
1511.000  2.5324691560e-01  5.6439704900e-03 
1512.000  2.4849271260e-01  5.5781469350e-03 
1513.000  2.4807648530e-01  5.6038918500e-03 
1514.000  2.4468053840e-01  5.5482425690e-03 
1515.000  2.4948886250e-01  5.6797842980e-03 
1516.000  2.4717382860e-01  5.6122856140e-03 
1517.000  2.4571004850e-01  5.5753517150e-03 
1518.000  2.5023857670e-01  5.6970596310e-03 
1519.000  2.4652511840e-01  5.6363744740e-03 
1520.000  2.4804159010e-01  5.7381601330e-03 
1521.000  2.4331684840e-01  5.7079534530e-03 
1522.000  2.4189281450e-01  5.7164411540e-03 
1523.000  2.4778032360e-01  5.9112162590e-03 
1524.000  2.4602179660e-01  5.8967380520e-03 
1525.000  2.4053926140e-01  5.7796106340e-03 
1526.000  2.4731472770e-01  5.9332256320e-03 
1527.000  2.4464199150e-01  5.8754625320e-03 
1528.000  2.4612546760e-01  5.9241533280e-03 
1529.000  2.4534673820e-01  5.8918485640e-03 
1530.000  2.2951435340e-01  5.5187392230e-03 
1531.000  2.4523968800e-01  5.8853259090e-03 
1532.000  2.4366657780e-01  5.8382086750e-03 
1533.000  2.4243557840e-01  5.7899656300e-03 
1534.000  2.3858290310e-01  5.6789402960e-03 
1535.000  2.3919711760e-01  5.6755990980e-03 
1536.000  2.4239576060e-01  5.7860822680e-03 
1537.000  2.4295864770e-01  5.8479928970e-03 
1538.000  2.3611363200e-01  5.7323927880e-03 
1539.000  2.4094163020e-01  5.8973817830e-03 
1540.000  2.3211316770e-01  5.7208065990e-03 
1541.000  2.3687549090e-01  5.8496980670e-03 
1542.000  2.3828411620e-01  5.8869428630e-03 
1543.000  2.3739771370e-01  5.8751573560e-03 
1544.000  2.4008287810e-01  5.9563317300e-03 
1545.000  2.4048454400e-01  5.9887661930e-03 
1546.000  2.4027774440e-01  6.0172581670e-03 
1547.000  2.3762555750e-01  5.9810409550e-03 
1548.000  2.3042020340e-01  5.8286728860e-03 
1549.000  2.3632591730e-01  5.9986038210e-03 
1550.000  2.3501381820e-01  5.9837207790e-03 
1551.000  2.3378354890e-01  5.9513368610e-03 
1552.000  2.3775744050e-01  6.0421881680e-03 
1553.000  2.3641609580e-01  6.0027995110e-03 
1554.000  2.2775383470e-01  5.7723312380e-03 
1555.000  2.3140654150e-01  5.8624501230e-03 
1556.000  2.2690127140e-01  5.7744531630e-03 
1557.000  2.3426670470e-01  6.0123467450e-03 
1558.000  2.3247216720e-01  6.0091099740e-03 
1559.000  2.3258335360e-01  6.0527896880e-03 
1560.000  2.2856693680e-01  5.9939174650e-03 
1561.000  2.3400488580e-01  6.1535668370e-03 
1562.000  2.3408011370e-01  6.1405749320e-03 
1563.000  2.3074013870e-01  6.0455570220e-03 
1564.000  2.2639713660e-01  5.9146590230e-03 
1565.000  2.3031083800e-01  5.9929509160e-03 
1566.000  2.2594669980e-01  5.8914113040e-03 
1567.000  2.2659932490e-01  5.9129471780e-03 
1568.000  2.2278975580e-01  5.8057808880e-03 
1569.000  2.2461820940e-01  5.8417568210e-03 
1570.000  2.1958056890e-01  5.7116017340e-03 
1571.000  2.2546427170e-01  5.8946971890e-03 
1572.000  2.2566688520e-01  5.9147267340e-03 
1573.000  2.2189029760e-01  5.8495407100e-03 
1574.000  2.2211194460e-01  5.8979258540e-03 
1575.000  2.0599146050e-01  5.5028471950e-03 
1576.000  2.2130309060e-01  5.9217724800e-03 
1577.000  1.9974085110e-01  5.3259291650e-03 
1578.000  2.1845858190e-01  5.8048686980e-03 
1579.000  2.1939253100e-01  5.8154439930e-03 
1580.000  2.2329859590e-01  5.9142527580e-03 
1581.000  2.2181790460e-01  5.8552050590e-03 
1582.000  2.1672009180e-01  5.7585067750e-03 
1583.000  2.1880923580e-01  5.8507676120e-03 
1584.000  2.1634676950e-01  5.8214201930e-03 
1585.000  2.2237084810e-01  6.0147328380e-03 
1586.000  2.1957792790e-01  5.9542365070e-03 
1587.000  2.1690224580e-01  5.9127120970e-03 
1588.000  2.1343265350e-01  5.8463263510e-03 
1589.000  1.9521856980e-01  5.3598933220e-03 
1590.000  2.1037188130e-01  5.7922263150e-03 
1591.000  2.0565860670e-01  5.6797075270e-03 
1592.000  2.1656662650e-01  5.9929885860e-03 
1593.000  2.2148436110e-01  6.1371269230e-03 
1594.000  2.1992998690e-01  6.1008162500e-03 
1595.000  2.2139478680e-01  6.1467671390e-03 
1596.000  2.0738822690e-01  5.7772884370e-03 
1597.000  2.1584661490e-01  6.0100674630e-03 
1598.000  2.1991975400e-01  6.1115851400e-03 
1599.000  2.1255755480e-01  5.8900151250e-03 
1600.000  2.1609986210e-01  5.9794478420e-03 
1601.000  2.0700282090e-01  5.7447919850e-03 
1602.000  2.1229629570e-01  5.9223709110e-03 
1603.000  2.1068596550e-01  5.9255771640e-03 
1604.000  2.1327329770e-01  6.0536866190e-03 
1605.000  2.1012008070e-01  6.0006866460e-03 
1606.000  2.0926453460e-01  6.0157284740e-03 
1607.000  2.1014419000e-01  6.0169811250e-03 
1608.000  2.1253851700e-01  6.0625472070e-03 
1609.000  2.1172148690e-01  6.0220131870e-03 
1610.000  1.9851027500e-01  5.6341404910e-03 
1611.000  2.0421711710e-01  5.7983369830e-03 
1612.000  2.0596339560e-01  5.8529653550e-03 
1613.000  2.1035943480e-01  5.9814476970e-03 
1614.000  2.0829491440e-01  5.9016599660e-03 
1615.000  2.1155933170e-01  5.9922208790e-03 
1616.000  1.9821751430e-01  5.6093745230e-03 
1617.000  2.0393054110e-01  5.8139820100e-03 
1618.000  2.1028459600e-01  6.0196971890e-03 
1619.000  2.0954030100e-01  6.0427746770e-03 
1620.000  2.0418978190e-01  5.9312295910e-03 
1621.000  2.0112883370e-01  5.8769073490e-03 
1622.000  2.0619135750e-01  6.0318059920e-03 
1623.000  2.1031973690e-01  6.1688151360e-03 
1624.000  2.1177324970e-01  6.2226991650e-03 
1625.000  2.0645495550e-01  6.0925989150e-03 
1626.000  2.0898652330e-01  6.1590433120e-03 
1627.000  2.0871687750e-01  6.1696820260e-03 
1628.000  2.1039407880e-01  6.2292284970e-03 
1629.000  2.1036354440e-01  6.2366132740e-03 
1630.000  2.0465232220e-01  6.0688095090e-03 
1631.000  2.0785314070e-01  6.1752667430e-03 
1632.000  2.0790561750e-01  6.1313447950e-03 
1633.000  2.0522993510e-01  6.0207953450e-03 
1634.000  2.0042760560e-01  5.8463864330e-03 
1635.000  2.0580111920e-01  5.9744391440e-03 
1636.000  2.0525662830e-01  5.9226350780e-03 
1637.000  1.9611826640e-01  5.6259965900e-03 
1638.000  1.9468525830e-01  5.5613355640e-03 
1639.000  1.9274527940e-01  5.4683308600e-03 
1640.000  1.9390153280e-01  5.4718375210e-03 
1641.000  1.9270153620e-01  5.4205260280e-03 
1642.000  1.9246121410e-01  5.4711294170e-03 
1643.000  1.9740774170e-01  5.6662440300e-03 
1644.000  1.9435292020e-01  5.6307892800e-03 
1645.000  1.9478592250e-01  5.6922583580e-03 
1646.000  1.9712692260e-01  5.8088288310e-03 
1647.000  1.9897779170e-01  5.8639779090e-03 
1648.000  1.9820943220e-01  5.8354549410e-03 
1649.000  1.9368113220e-01  5.7016549110e-03 
1650.000  1.9858914990e-01  5.8477001190e-03 
1651.000  1.9411452450e-01  5.7167639730e-03 
1652.000  1.9798886530e-01  5.8300151820e-03 
1653.000  1.9576558030e-01  5.7744174000e-03 
1654.000  1.9796206730e-01  5.8433394430e-03 
1655.000  1.9399430640e-01  5.7384419440e-03 
1656.000  1.9772106420e-01  5.8577208520e-03 
1657.000  1.9628739170e-01  5.8179049490e-03 
1658.000  1.9734758470e-01  5.8597979550e-03 
1659.000  1.9371266490e-01  5.7553930280e-03 
1660.000  1.9607676230e-01  5.8216223720e-03 
1661.000  1.9684555240e-01  5.8320264820e-03 
1662.000  1.9552340110e-01  5.7442479130e-03 
1663.000  1.9429282040e-01  5.6661276820e-03 
1664.000  1.9347005500e-01  5.5994315150e-03 
1665.000  1.9149510450e-01  5.5001254080e-03 
1666.000  1.9056278500e-01  5.4698414800e-03 
1667.000  1.9208556730e-01  5.5656042100e-03 
1668.000  1.8883109890e-01  5.5054588320e-03 
1669.000  1.8913337660e-01  5.5566358570e-03 
1670.000  1.9320576840e-01  5.7209548950e-03 
1671.000  1.9173026090e-01  5.7190370560e-03 
1672.000  1.8264903600e-01  5.4972629550e-03 
1673.000  1.8803006770e-01  5.6996035580e-03 
1674.000  1.8890374400e-01  5.7701840400e-03 
1675.000  1.8715267340e-01  5.7668147090e-03 
1676.000  1.8417195770e-01  5.6925044060e-03 
1677.000  1.8505763900e-01  5.7207851410e-03 
1678.000  1.8592559110e-01  5.7546424870e-03 
1679.000  1.8345358260e-01  5.6752061840e-03 
1680.000  1.7704450260e-01  5.4824166300e-03 
1681.000  1.7083823090e-01  5.2939815520e-03 
1682.000  1.7577189600e-01  5.4472932820e-03 
1683.000  1.8016511470e-01  5.5801997180e-03 
1684.000  1.8352645360e-01  5.6819996830e-03 
1685.000  1.8424541960e-01  5.6915636060e-03 
1686.000  1.8202271710e-01  5.6145157810e-03 
1687.000  1.8303857790e-01  5.6134238240e-03 
1688.000  1.8338054160e-01  5.5964298250e-03 
1689.000  1.8117066310e-01  5.5170316700e-03 
1690.000  1.8133394340e-01  5.4921598430e-03 
1691.000  1.8370706830e-01  5.5725593570e-03 
1692.000  1.8404119650e-01  5.5980553630e-03 
1693.000  1.8334108020e-01  5.5952367780e-03 
1694.000  1.8306378400e-01  5.6023826600e-03 
1695.000  1.8327339230e-01  5.6134490970e-03 
1696.000  1.8220159780e-01  5.5521407130e-03 
1697.000  1.8116057630e-01  5.4818668370e-03 
1698.000  1.8225387500e-01  5.4798359870e-03 
1699.000  1.8107639460e-01  5.4123854640e-03 
1700.000  1.7875532720e-01  5.3132991790e-03 
