 lambda   Irr_dw            Rad_up 
 550.000  1.5536111500e+00  4.7574951170e-02 
 551.000  1.5433467500e+00  4.7103893280e-02 
 552.000  1.6092349800e+00  4.9079524990e-02 
 553.000  1.5456619700e+00  4.6958110810e-02 
 554.000  1.5956296200e+00  4.8416076660e-02 
 555.000  1.5996180800e+00  4.8315853120e-02 
 556.000  1.5550745300e+00  4.6760131840e-02 
 557.000  1.5085710900e+00  4.5314601900e-02 
 558.000  1.5655151200e+00  4.6815471650e-02 
 559.000  1.4794420400e+00  4.4110515590e-02 
 560.000  1.4857031200e+00  4.4243942260e-02 
 561.000  1.6326558600e+00  4.8387203220e-02 
 562.000  1.4988348100e+00  4.4337097170e-02 
 563.000  1.5680425800e+00  4.6171966550e-02 
 564.000  1.5460562500e+00  4.5248500820e-02 
 565.000  1.5648041200e+00  4.5723571780e-02 
 566.000  1.4428192200e+00  4.1964347840e-02 
 567.000  1.5489971900e+00  4.4730678560e-02 
 568.000  1.5495731400e+00  4.4150627140e-02 
 569.000  1.5281906600e+00  4.2357341770e-02 
 570.000  1.5347251300e+00  4.2529830930e-02 
 571.000  1.4738195600e+00  4.1404483800e-02 
 572.000  1.5645926000e+00  4.3208263400e-02 
 573.000  1.5794420900e+00  4.3703353880e-02 
 574.000  1.5703915500e+00  4.3350399020e-02 
 575.000  1.5326008800e+00  4.2112556460e-02 
 576.000  1.5050121900e+00  4.1222309110e-02 
 577.000  1.5656281400e+00  4.2887817380e-02 
 578.000  1.5172170400e+00  4.1814960480e-02 
 579.000  1.5034135500e+00  4.1420635220e-02 
 580.000  1.5532310100e+00  4.2992851260e-02 
 581.000  1.5221351700e+00  4.2255283360e-02 
 582.000  1.5430807000e+00  4.2703418730e-02 
 583.000  1.5529817100e+00  4.3024974820e-02 
 584.000  1.5473300800e+00  4.2668777470e-02 
 585.000  1.5367259600e+00  4.2216583250e-02 
 586.000  1.4703808300e+00  4.0343143460e-02 
 587.000  1.5309502000e+00  4.1440830230e-02 
 588.000  1.5290730300e+00  4.0028907780e-02 
 589.000  1.3746904500e+00  3.4355300900e-02 
 590.000  1.4365681300e+00  3.5790027620e-02 
 591.000  1.5118512300e+00  3.8643726350e-02 
 592.000  1.4904811700e+00  3.7325786590e-02 
 593.000  1.4897565900e+00  3.8437400820e-02 
 594.000  1.5070365500e+00  3.8544544220e-02 
 595.000  1.4896981700e+00  3.7117134090e-02 
 596.000  1.5099372800e+00  3.8842254640e-02 
 597.000  1.5179904400e+00  3.8558868410e-02 
 598.000  1.4800971500e+00  3.8093883510e-02 
 599.000  1.4776281000e+00  3.8183433530e-02 
 600.000  1.4717480400e+00  3.8490703580e-02 
 601.000  1.4593419500e+00  3.8517456050e-02 
 602.000  1.4418917300e+00  3.8051086430e-02 
 603.000  1.4491337800e+00  3.8356056210e-02 
 604.000  1.4937798300e+00  3.9687660220e-02 
 605.000  1.4893545200e+00  3.9414333340e-02 
 606.000  1.4718771500e+00  3.8998355870e-02 
 607.000  1.4634232000e+00  3.8669086460e-02 
 608.000  1.4579300200e+00  3.8387760160e-02 
 609.000  1.4428846200e+00  3.7959640500e-02 
 610.000  1.4196819300e+00  3.7221454620e-02 
 611.000  1.4426518600e+00  3.7770431520e-02 
 612.000  1.4238289200e+00  3.7235366820e-02 
 613.000  1.4029961700e+00  3.6576076510e-02 
 614.000  1.3518542400e+00  3.5224555970e-02 
 615.000  1.4171483900e+00  3.6766078950e-02 
 616.000  1.3474544700e+00  3.4950965880e-02 
 617.000  1.3551390400e+00  3.5100299840e-02 
 618.000  1.4191851300e+00  3.6570762630e-02 
 619.000  1.4063722700e+00  3.6263156890e-02 
 620.000  1.4273699900e+00  3.6613842010e-02 
 621.000  1.4522269500e+00  3.7209564210e-02 
 622.000  1.3759575300e+00  3.5150039670e-02 
 623.000  1.3871735700e+00  3.5216697690e-02 
 624.000  1.3891175300e+00  3.5315391540e-02 
 625.000  1.3519291300e+00  3.4334686280e-02 
 626.000  1.3598497200e+00  3.4288665770e-02 
 627.000  1.3882938700e+00  3.4474353790e-02 
 628.000  1.3948736200e+00  3.3174720760e-02 
 629.000  1.4157410900e+00  3.4225471500e-02 
 630.000  1.3649384600e+00  3.3387363430e-02 
 631.000  1.4106987500e+00  3.4598491670e-02 
 632.000  1.3161991600e+00  3.2037963870e-02 
 633.000  1.4062771000e+00  3.4596923830e-02 
 634.000  1.3617293300e+00  3.3659271240e-02 
 635.000  1.3862098600e+00  3.4282642360e-02 
 636.000  1.3360215300e+00  3.3111007690e-02 
 637.000  1.3792938700e+00  3.4235492710e-02 
 638.000  1.3980201500e+00  3.4836151120e-02 
 639.000  1.3861870400e+00  3.4369022370e-02 
 640.000  1.3412782900e+00  3.3505210880e-02 
 641.000  1.3605028000e+00  3.3923648830e-02 
 642.000  1.3431713500e+00  3.3502510070e-02 
 643.000  1.3683374900e+00  3.3940086360e-02 
 644.000  1.3525675300e+00  3.3403156280e-02 
 645.000  1.3667830500e+00  3.3584522250e-02 
 646.000  1.3246008500e+00  3.1546024320e-02 
 647.000  1.3498431100e+00  3.1461309430e-02 
 648.000  1.3554088900e+00  3.1081300740e-02 
 649.000  1.3754009100e+00  3.1843387600e-02 
 650.000  1.2622084300e+00  3.0157184600e-02 
 651.000  1.3597527300e+00  3.2454326630e-02 
 652.000  1.3451973200e+00  3.1197679520e-02 
 653.000  1.3588625800e+00  3.2495098110e-02 
 654.000  1.3426427900e+00  3.1818056110e-02 
 655.000  1.3120517600e+00  3.0681650160e-02 
 656.000  1.1126048300e+00  2.6069652560e-02 
 657.000  1.1852497200e+00  2.7933406830e-02 
 658.000  1.3158426000e+00  3.1429687500e-02 
 659.000  1.3165006100e+00  3.1577562330e-02 
 660.000  1.3257858400e+00  3.1887443540e-02 
 661.000  1.3283978900e+00  3.2251502990e-02 
 662.000  1.3460671800e+00  3.2772396090e-02 
 663.000  1.3315108500e+00  3.2289527890e-02 
 664.000  1.3098531400e+00  3.1761896130e-02 
 665.000  1.3151936200e+00  3.1864490510e-02 
 666.000  1.3304697200e+00  3.2357570650e-02 
 667.000  1.3036657300e+00  3.1596656800e-02 
 668.000  1.3105234600e+00  3.1878845210e-02 
 669.000  1.3291315400e+00  3.2370208740e-02 
 670.000  1.3131145900e+00  3.1809709550e-02 
 671.000  1.2990449100e+00  3.1488773350e-02 
 672.000  1.2947455200e+00  3.1340681080e-02 
 673.000  1.3039581400e+00  3.1503385540e-02 
 674.000  1.3064226700e+00  3.1554008480e-02 
 675.000  1.2864058700e+00  3.0988906860e-02 
 676.000  1.3106346400e+00  3.1565641400e-02 
 677.000  1.2845061000e+00  3.0937007900e-02 
 678.000  1.3057001900e+00  3.1382417680e-02 
 679.000  1.2872913700e+00  3.0839185710e-02 
 680.000  1.2778596800e+00  3.0574684140e-02 
 681.000  1.2798437600e+00  3.0523254390e-02 
 682.000  1.2774071100e+00  3.0327535630e-02 
 683.000  1.2860892400e+00  3.0404256820e-02 
 684.000  1.2639002400e+00  2.9843904500e-02 
 685.000  1.2775720900e+00  3.0096307750e-02 
 686.000  1.2243983200e+00  2.8427858350e-02 
 687.000  1.2254605500e+00  2.4586528780e-02 
 688.000  1.2263537200e+00  2.5557094570e-02 
 689.000  1.2299025500e+00  2.5419502260e-02 
 690.000  1.2358397200e+00  2.6054220200e-02 
 691.000  1.2407913600e+00  2.6832717900e-02 
 692.000  1.2333082400e+00  2.6989110950e-02 
 693.000  1.2414491700e+00  2.6207580570e-02 
 694.000  1.2550792400e+00  2.5774244310e-02 
 695.000  1.2320951000e+00  2.5681137080e-02 
 696.000  1.2458983200e+00  2.6212648390e-02 
 697.000  1.2448299900e+00  2.7833753590e-02 
 698.000  1.2225617600e+00  2.6880064010e-02 
 699.000  1.2484035500e+00  2.6070955280e-02 
 700.000  1.2334668400e+00  2.5917720790e-02 
 701.000  1.2065677500e+00  2.5000427250e-02 
 702.000  1.2003639600e+00  2.5065893170e-02 
 703.000  1.2149690300e+00  2.6398185730e-02 
 704.000  1.2185077100e+00  2.6538736340e-02 
 705.000  1.2289679900e+00  2.6265825270e-02 
 706.000  1.2158494400e+00  2.6067127230e-02 
 707.000  1.1972561000e+00  2.5830945970e-02 
 708.000  1.2317009800e+00  2.6757072450e-02 
 709.000  1.1872162000e+00  2.6130344390e-02 
 710.000  1.2154623200e+00  2.6255863190e-02 
 711.000  1.2024730200e+00  2.6346446990e-02 
 712.000  1.1850626700e+00  2.6345430370e-02 
 713.000  1.1806676300e+00  2.5901149750e-02 
 714.000  1.2009695800e+00  2.6142461780e-02 
 715.000  1.1598764600e+00  2.4724061970e-02 
 716.000  1.1910634200e+00  2.4850326540e-02 
 717.000  1.1613215400e+00  2.1747934340e-02 
 718.000  1.1551686600e+00  2.0180154800e-02 
 719.000  1.1418709700e+00  1.9335697170e-02 
 720.000  1.1502028600e+00  1.8808851240e-02 
 721.000  1.1485445700e+00  2.2020587920e-02 
 722.000  1.1646195400e+00  2.3435768130e-02 
 723.000  1.1622644000e+00  2.2634883880e-02 
 724.000  1.1693175600e+00  2.0836000440e-02 
 725.000  1.1565549100e+00  2.0873252870e-02 
 726.000  1.1544395500e+00  2.0747850420e-02 
 727.000  1.1715223100e+00  2.1248083110e-02 
 728.000  1.1514010400e+00  2.0645191190e-02 
 729.000  1.1056394200e+00  2.0457939150e-02 
 730.000  1.1464993800e+00  2.1088470460e-02 
 731.000  1.1275965400e+00  2.0676273350e-02 
 732.000  1.1487127600e+00  2.2189394000e-02 
 733.000  1.1308573400e+00  2.3120779040e-02 
 734.000  1.1540638500e+00  2.4180679320e-02 
 735.000  1.1448622400e+00  2.3700090410e-02 
 736.000  1.1238466900e+00  2.2869955060e-02 
 737.000  1.1384320200e+00  2.3406894680e-02 
 738.000  1.1349823600e+00  2.3759151460e-02 
 739.000  1.0981298800e+00  2.3208396910e-02 
 740.000  1.1081067900e+00  2.3840957640e-02 
 741.000  1.0990578400e+00  2.3994083400e-02 
 742.000  1.0808722600e+00  2.3724048610e-02 
 743.000  1.1123275400e+00  2.4704927440e-02 
 744.000  1.1227574600e+00  2.5086639400e-02 
 745.000  1.0934375600e+00  2.4558874130e-02 
 746.000  1.1085636300e+00  2.4924190520e-02 
 747.000  1.1251692000e+00  2.5260776520e-02 
 748.000  1.1049548200e+00  2.4793855670e-02 
 749.000  1.1051496100e+00  2.4812435150e-02 
 750.000  1.0890111100e+00  2.4352512360e-02 
 751.000  1.0862067500e+00  2.4275960920e-02 
 752.000  1.1026648800e+00  2.4689065930e-02 
 753.000  1.0922284200e+00  2.4456151960e-02 
 754.000  1.1093308700e+00  2.4833229060e-02 
 755.000  1.1029683800e+00  2.4675924300e-02 
 756.000  1.0813732700e+00  2.4179418560e-02 
 757.000  1.0893667800e+00  2.4343370440e-02 
 758.000  1.0882267000e+00  2.4238601680e-02 
 759.000  1.0470673200e+00  2.1382297520e-02 
 760.000  8.2383487400e-01  8.6600170140e-03 
 761.000  7.9393668300e-01  7.6739530560e-03 
 762.000  9.2602563700e-01  1.3848911290e-02 
 763.000  9.1117447400e-01  1.1976889610e-02 
 764.000  9.3454666700e-01  1.3072587970e-02 
 765.000  9.8083033100e-01  1.5869266510e-02 
 766.000  9.7252161100e-01  1.8202869420e-02 
 767.000  1.0023822570e+00  1.9953212740e-02 
 768.000  1.0512853000e+00  2.1885818480e-02 
 769.000  1.0527339400e+00  2.2648342130e-02 
 770.000  1.0500515400e+00  2.2964668270e-02 
 771.000  1.0515084500e+00  2.3207988740e-02 
 772.000  1.0476175800e+00  2.3161500930e-02 
 773.000  1.0433068100e+00  2.3074634550e-02 
 774.000  1.0543154600e+00  2.3327892300e-02 
 775.000  1.0146057900e+00  2.2449665070e-02 
 776.000  1.0563181500e+00  2.3414903640e-02 
 777.000  1.0490035100e+00  2.3223358150e-02 
 778.000  1.0434605100e+00  2.3046781540e-02 
 779.000  1.0469329900e+00  2.3055105210e-02 
 780.000  1.0340629800e+00  2.2787996290e-02 
 781.000  1.0322041200e+00  2.2732137680e-02 
 782.000  1.0447389100e+00  2.2915853500e-02 
 783.000  1.0204037910e+00  2.2469619750e-02 
 784.000  1.0263147650e+00  2.2539354320e-02 
 785.000  1.0296909760e+00  2.2399482730e-02 
 786.000  1.0128287220e+00  2.1887426380e-02 
 787.000  1.0297123420e+00  2.1766740800e-02 
 788.000  1.0152447970e+00  2.1290872570e-02 
 789.000  1.0243800740e+00  2.0829185490e-02 
 790.000  1.0143395160e+00  2.0520076750e-02 
 791.000  1.0086060690e+00  2.0528524400e-02 
 792.000  9.9215475500e-01  2.0229671480e-02 
 793.000  9.9000016900e-01  2.0411972050e-02 
 794.000  9.7734213300e-01  2.0720653530e-02 
 795.000  9.7364094000e-01  2.0168066020e-02 
 796.000  9.9434941900e-01  1.9877304080e-02 
 797.000  9.9949143000e-01  2.0225208280e-02 
 798.000  9.9746509000e-01  2.0680635450e-02 
 799.000  9.9728374100e-01  2.0490335460e-02 
 800.000  9.7312876300e-01  1.9594499590e-02 
 801.000  9.9114938500e-01  1.9993061070e-02 
 802.000  9.8937966300e-01  1.9867269520e-02 
 803.000  9.7507424700e-01  1.9648145680e-02 
 804.000  9.8306162500e-01  2.0037206650e-02 
 805.000  9.5461268700e-01  1.9820373540e-02 
 806.000  9.7954059300e-01  2.0495151520e-02 
 807.000  9.7348261300e-01  2.0410030360e-02 
 808.000  9.6833507600e-01  2.0124980930e-02 
 809.000  9.5254172700e-01  1.9619464870e-02 
 810.000  9.4890557100e-01  1.9343519210e-02 
 811.000  9.6532432500e-01  1.9348394390e-02 
 812.000  9.6356608300e-01  1.8958559040e-02 
 813.000  9.6103854600e-01  1.8379711150e-02 
 814.000  9.6167583600e-01  1.7912071230e-02 
 815.000  9.5346284700e-01  1.7169290540e-02 
 816.000  9.4737772500e-01  1.6355613710e-02 
 817.000  9.5296912800e-01  1.6465330120e-02 
 818.000  9.4696970900e-01  1.6324316020e-02 
 819.000  9.2082903300e-01  1.6162487030e-02 
 820.000  9.0119786700e-01  1.6570520400e-02 
 821.000  9.2899350000e-01  1.7992017750e-02 
 822.000  9.0438260600e-01  1.6692581180e-02 
 823.000  9.2060689200e-01  1.5251988410e-02 
 824.000  9.3118688600e-01  1.6907152180e-02 
 825.000  9.2727189400e-01  1.8111602780e-02 
 826.000  9.3357368700e-01  1.7946315770e-02 
 827.000  9.3092418500e-01  1.7699859620e-02 
 828.000  9.3080215200e-01  1.6920288090e-02 
 829.000  9.2973002200e-01  1.7114452360e-02 
 830.000  9.1426306700e-01  1.7120656970e-02 
 831.000  8.9804087100e-01  1.6870046620e-02 
 832.000  9.1633202800e-01  1.7208196640e-02 
 833.000  8.8738682300e-01  1.6936347960e-02 
 834.000  8.9986783600e-01  1.7395652770e-02 
 835.000  8.9981108900e-01  1.7692691800e-02 
 836.000  9.1093895400e-01  1.7918416980e-02 
 837.000  9.0350584000e-01  1.7710098270e-02 
 838.000  9.0573419300e-01  1.7999397280e-02 
 839.000  8.7681240000e-01  1.7520782470e-02 
 840.000  9.0002410500e-01  1.7966983800e-02 
 841.000  9.0334525500e-01  1.7858753200e-02 
 842.000  8.9686067100e-01  1.7824888230e-02 
 843.000  8.8863518300e-01  1.8094472890e-02 
 844.000  8.7294966900e-01  1.7938972470e-02 
 845.000  8.8572086600e-01  1.8270317080e-02 
 846.000  8.9307524000e-01  1.8563951490e-02 
 847.000  8.6169481900e-01  1.8063089370e-02 
 848.000  8.8818914500e-01  1.8416481020e-02 
 849.000  8.8970718400e-01  1.8554843900e-02 
 850.000  7.6973643500e-01  1.5898501400e-02 
 851.000  8.8255270000e-01  1.8084161760e-02 
 852.000  8.4904442400e-01  1.7468738560e-02 
 853.000  8.5774209300e-01  1.7691158290e-02 
 854.000  6.8965817200e-01  1.4255630490e-02 
 855.000  7.5865298100e-01  1.5791437150e-02 
 856.000  8.5953048400e-01  1.7932571410e-02 
 857.000  8.7263853400e-01  1.8360849380e-02 
 858.000  8.5835575700e-01  1.8056341170e-02 
 859.000  8.5748576300e-01  1.8091587070e-02 
 860.000  8.4944378700e-01  1.8012100220e-02 
 861.000  8.4929275900e-01  1.7985963820e-02 
 862.000  8.4628536400e-01  1.7857198720e-02 
 863.000  8.6245879600e-01  1.8300815580e-02 
 864.000  8.6058456600e-01  1.8107242580e-02 
 865.000  8.4443983600e-01  1.7902887340e-02 
 866.000  7.0829996300e-01  1.5061401370e-02 
 867.000  7.5431203600e-01  1.5822546960e-02 
 868.000  8.1809121200e-01  1.7250549320e-02 
 869.000  8.0659257700e-01  1.6995521550e-02 
 870.000  8.3992095200e-01  1.7817014690e-02 
 871.000  8.3871946400e-01  1.7718038560e-02 
 872.000  8.3525721100e-01  1.7408491130e-02 
 873.000  8.3874178300e-01  1.7611515050e-02 
 874.000  8.2043911700e-01  1.7141260150e-02 
 875.000  8.1293170600e-01  1.7135284420e-02 
 876.000  8.1989555000e-01  1.7193912510e-02 
 877.000  8.3635701800e-01  1.7381423950e-02 
 878.000  8.2259361100e-01  1.7170806880e-02 
 879.000  8.2455180500e-01  1.7269104000e-02 
 880.000  8.2030079200e-01  1.6983619690e-02 
 881.000  7.7793802700e-01  1.6150623320e-02 
 882.000  8.2118984000e-01  1.6842927930e-02 
 883.000  8.0221572500e-01  1.6644676210e-02 
 884.000  8.0894317200e-01  1.7004108430e-02 
 885.000  8.1829009600e-01  1.6713119510e-02 
 886.000  7.9280065000e-01  1.6220584870e-02 
 887.000  7.8372745300e-01  1.6022090910e-02 
 888.000  8.0728831600e-01  1.6309434890e-02 
 889.000  8.1239291800e-01  1.6707395550e-02 
 890.000  8.1057005800e-01  1.6567817690e-02 
 891.000  8.0753307100e-01  1.6269689560e-02 
 892.000  8.0688276600e-01  1.6017503740e-02 
 893.000  7.8129924400e-01  1.4635285380e-02 
 894.000  8.0971603000e-01  1.4896971700e-02 
 895.000  7.7473393600e-01  1.3575904850e-02 
 896.000  8.0547959800e-01  1.3227530480e-02 
 897.000  7.8694207800e-01  1.2412976260e-02 
 898.000  7.8829541000e-01  1.2038494110e-02 
 899.000  7.8758724100e-01  1.1110114100e-02 
 900.000  7.6792036300e-01  1.0837356570e-02 
 901.000  7.5146972200e-01  1.0421404840e-02 
 902.000  7.3763982900e-01  1.0266342160e-02 
 903.000  7.7372575800e-01  1.2108469960e-02 
 904.000  7.8809316900e-01  1.3151711460e-02 
 905.000  7.8600214100e-01  1.3370475770e-02 
 906.000  7.6518827600e-01  1.2476620670e-02 
 907.000  7.7815655200e-01  1.1661819460e-02 
 908.000  7.5912362500e-01  1.0689034460e-02 
 909.000  7.4423149000e-01  1.0481851580e-02 
 910.000  7.5303481700e-01  1.0684003830e-02 
 911.000  7.5103839400e-01  1.1230357170e-02 
 912.000  7.5266656200e-01  1.0810863490e-02 
 913.000  7.7028357900e-01  1.0285660740e-02 
 914.000  7.6532567400e-01  1.0567044260e-02 
 915.000  7.5269402700e-01  1.0919224740e-02 
 916.000  7.6104925000e-01  1.1056317330e-02 
 917.000  7.4913986700e-01  1.1036854740e-02 
 918.000  7.4533548500e-01  1.1213748930e-02 
 919.000  7.5516603700e-01  1.2555042270e-02 
 920.000  7.4796268100e-01  1.2775694850e-02 
 921.000  7.3158369700e-01  1.2338294980e-02 
 922.000  7.2503404000e-01  1.2322828290e-02 
 923.000  6.9464371800e-01  1.1269760130e-02 
 924.000  7.2403906000e-01  1.1663321500e-02 
 925.000  7.3365015100e-01  1.1708514210e-02 
 926.000  7.0745926400e-01  1.1122800830e-02 
 927.000  7.3381403500e-01  1.1335446360e-02 
 928.000  7.3833220700e-01  1.0529937740e-02 
 929.000  7.2801799500e-01  9.2827196120e-03 
 930.000  7.2619108800e-01  8.0811939240e-03 
 931.000  7.2589518600e-01  7.1866850850e-03 
 932.000  7.1878466300e-01  6.1614665990e-03 
 933.000  7.2074810000e-01  5.6246638300e-03 
 934.000  7.1443957000e-01  5.1132297520e-03 
 935.000  7.0385289100e-01  4.9893012050e-03 
 936.000  6.9878559300e-01  5.1050095560e-03 
 937.000  7.1438335500e-01  5.1801619530e-03 
 938.000  7.0688751900e-01  5.6620469090e-03 
 939.000  7.1314970700e-01  7.5696144100e-03 
 940.000  7.0950993800e-01  7.9224801060e-03 
 941.000  6.9338038100e-01  7.4297590260e-03 
 942.000  6.6684789100e-01  6.4972653390e-03 
 943.000  7.0262523100e-01  5.9245166780e-03 
 944.000  6.8331136400e-01  5.6946668620e-03 
 945.000  6.8985851200e-01  6.0336065290e-03 
 946.000  6.9921476700e-01  6.1380705830e-03 
 947.000  6.9498529700e-01  6.4006218910e-03 
 948.000  6.9918842700e-01  6.6233477590e-03 
 949.000  7.0140328800e-01  6.6303787230e-03 
 950.000  6.9677987900e-01  6.6357212070e-03 
 951.000  6.9264325900e-01  7.0379633900e-03 
 952.000  6.9257123700e-01  6.5868115430e-03 
 953.000  6.9065946000e-01  6.9026665690e-03 
 954.000  6.8398782100e-01  7.2328495980e-03 
 955.000  6.3888312000e-01  6.4809036250e-03 
 956.000  6.8153856200e-01  6.8765559200e-03 
 957.000  6.8118611500e-01  7.9669713970e-03 
 958.000  6.8643715700e-01  8.2184677120e-03 
 959.000  6.8909064800e-01  8.0490789410e-03 
 960.000  6.8258027700e-01  7.9235172270e-03 
 961.000  6.7525891100e-01  7.7430262570e-03 
 962.000  6.7862052400e-01  7.8792672160e-03 
 963.000  6.7721889000e-01  8.6132421490e-03 
 964.000  6.6946982900e-01  8.6356811520e-03 
 965.000  6.7765339600e-01  8.6673164370e-03 
 966.000  6.5809323700e-01  8.4664821620e-03 
 967.000  6.7766489200e-01  9.3492002490e-03 
 968.000  6.7019638300e-01  1.0270101550e-02 
 969.000  6.7428991400e-01  1.0783183100e-02 
 970.000  6.7611675300e-01  1.0836837770e-02 
 971.000  6.7013443300e-01  1.0722726820e-02 
 972.000  6.7488336300e-01  1.0657684330e-02 
 973.000  6.6864760000e-01  1.0259327890e-02 
 974.000  6.5839854400e-01  9.7486362460e-03 
 975.000  6.6169041300e-01  9.5593061450e-03 
 976.000  6.6969826300e-01  9.9499597550e-03 
 977.000  6.5272184200e-01  1.0129019740e-02 
 978.000  6.6886819900e-01  1.0342873570e-02 
 979.000  6.4943034700e-01  1.0156862260e-02 
 980.000  6.5859290000e-01  1.0774303440e-02 
 981.000  6.6307416000e-01  1.0964703560e-02 
 982.000  6.6165185600e-01  1.0825271610e-02 
 983.000  6.5985592100e-01  1.1069745060e-02 
 984.000  6.5543646100e-01  1.1304847720e-02 
 985.000  6.5512445100e-01  1.1489479060e-02 
 986.000  6.4977998500e-01  1.1662572860e-02 
 987.000  6.5716816600e-01  1.1917466160e-02 
 988.000  6.4906636800e-01  1.1793032650e-02 
 989.000  6.4082546800e-01  1.1653992650e-02 
 990.000  6.4628952200e-01  1.1776301380e-02 
 991.000  6.5153180200e-01  1.1973118780e-02 
 992.000  6.4550113200e-01  1.1879450800e-02 
 993.000  6.4545557000e-01  1.1874495510e-02 
 994.000  6.4869424400e-01  1.2018445970e-02 
 995.000  6.4388021300e-01  1.1996797560e-02 
 996.000  6.4376579600e-01  1.1975962640e-02 
 997.000  6.4448284500e-01  1.1917860980e-02 
 998.000  6.4212028400e-01  1.1807730670e-02 
 999.000  6.4055269900e-01  1.1740807530e-02 
1000.000  6.3544076300e-01  1.1646372800e-02 
1001.000  6.3908737800e-01  1.1589662550e-02 
1002.000  6.3844713500e-01  1.1395838740e-02 
1003.000  6.3092124500e-01  1.1291050910e-02 
1004.000  6.2548789500e-01  1.1281076430e-02 
1005.000  5.8435089100e-01  1.0572197910e-02 
1006.000  6.1484118400e-01  1.1129580500e-02 
1007.000  6.2608930700e-01  1.1290389060e-02 
1008.000  6.2898112300e-01  1.1195729260e-02 
1009.000  6.2547814800e-01  1.0953516960e-02 
1010.000  6.2767061400e-01  1.1057841300e-02 
1011.000  6.2395839700e-01  1.1171188350e-02 
1012.000  6.2399566000e-01  1.1238725660e-02 
1013.000  6.1938189400e-01  1.1207868580e-02 
1014.000  6.2328362500e-01  1.1337779050e-02 
1015.000  6.1176955200e-01  1.1170108800e-02 
1016.000  6.1563217500e-01  1.1306253430e-02 
1017.000  6.0950467100e-01  1.1237325670e-02 
1018.000  6.1756755300e-01  1.1396850590e-02 
1019.000  6.0369505400e-01  1.1105467800e-02 
1020.000  6.0234863300e-01  1.1060248370e-02 
1021.000  6.0817339300e-01  1.1132272720e-02 
1022.000  5.9933687300e-01  1.0801813130e-02 
1023.000  6.1110139700e-01  1.0860061650e-02 
1024.000  6.0815954000e-01  1.0684351920e-02 
1025.000  6.0743967800e-01  1.0707998280e-02 
1026.000  6.0790350300e-01  1.0748376850e-02 
1027.000  6.0434094700e-01  1.0711940770e-02 
1028.000  6.0567067700e-01  1.0805740360e-02 
1029.000  5.9622146600e-01  1.0737088200e-02 
1030.000  6.0197108800e-01  1.0949422840e-02 
1031.000  5.9994252100e-01  1.0994360920e-02 
1032.000  5.9773050700e-01  1.1007370950e-02 
1033.000  5.8669694300e-01  1.0777598380e-02 
1034.000  5.9284334700e-01  1.0865851400e-02 
1035.000  5.8645677300e-01  1.0728562360e-02 
1036.000  5.9414769700e-01  1.0836091040e-02 
1037.000  5.8162798800e-01  1.0578619000e-02 
1038.000  5.8734376500e-01  1.0653179170e-02 
1039.000  5.8985466200e-01  1.0660105710e-02 
1040.000  5.8296392500e-01  1.0499869350e-02 
1041.000  5.8609566100e-01  1.0521437640e-02 
1042.000  5.8786541000e-01  1.0521606450e-02 
1043.000  5.7773229600e-01  1.0310743330e-02 
1044.000  5.8355008600e-01  1.0381442070e-02 
1045.000  5.8121711300e-01  1.0377820970e-02 
1046.000  5.6442397700e-01  1.0126855850e-02 
1047.000  5.7493533700e-01  1.0364342690e-02 
1048.000  5.8082602400e-01  1.0521437640e-02 
1049.000  5.7726136400e-01  1.0509709360e-02 
1050.000  5.7399875000e-01  1.0494917870e-02 
1051.000  5.7432831800e-01  1.0466602330e-02 
1052.000  5.7182640400e-01  1.0374893190e-02 
1053.000  5.7210766100e-01  1.0351099010e-02 
1054.000  5.6651139900e-01  1.0192214010e-02 
1055.000  5.7095836400e-01  1.0218774800e-02 
1056.000  5.6967717600e-01  1.0148269650e-02 
1057.000  5.6925594100e-01  1.0095064160e-02 
1058.000  5.6429896900e-01  9.9432926180e-03 
1059.000  5.4649786600e-01  9.6528291700e-03 
1060.000  5.6569290500e-01  1.0053128240e-02 
1061.000  5.4599129700e-01  9.7104148860e-03 
1062.000  5.6175599500e-01  9.9582853320e-03 
1063.000  5.5249166400e-01  9.7625923160e-03 
1064.000  5.5991732800e-01  9.7993669510e-03 
1065.000  5.5982865200e-01  9.6909465790e-03 
1066.000  5.4262685600e-01  9.3440666200e-03 
1067.000  5.5580773300e-01  9.5015268330e-03 
1068.000  5.5446539200e-01  9.3347959520e-03 
1069.000  5.1311041200e-01  8.5760536190e-03 
1070.000  5.4342000200e-01  9.1286010740e-03 
1071.000  5.4483252400e-01  9.1368322370e-03 
1072.000  5.4719452600e-01  9.1624269490e-03 
1073.000  5.2928853500e-01  8.8895835880e-03 
1074.000  5.4776080100e-01  9.2461233140e-03 
1075.000  5.3001582800e-01  9.0519075390e-03 
1076.000  5.4215778300e-01  9.2241516110e-03 
1077.000  5.4157056700e-01  9.1641168590e-03 
1078.000  5.4369445900e-01  9.1418600080e-03 
1079.000  5.2286542700e-01  8.7954521180e-03 
1080.000  5.4026712800e-01  8.9212579730e-03 
1081.000  5.2048595600e-01  8.5816392900e-03 
1082.000  5.2632245400e-01  8.7032241820e-03 
1083.000  5.1304735300e-01  8.3474388120e-03 
1084.000  5.3366544100e-01  8.5404939650e-03 
1085.000  5.2906012900e-01  8.2178096770e-03 
1086.000  5.3540806400e-01  8.3142671590e-03 
1087.000  5.0013092800e-01  7.9518651960e-03 
1088.000  5.3034041300e-01  8.5019140240e-03 
1089.000  5.1312513100e-01  8.0124511720e-03 
1090.000  5.2485531700e-01  8.2007532120e-03 
1091.000  5.2765652300e-01  8.3492679600e-03 
1092.000  5.1690057500e-01  8.1069545750e-03 
1093.000  5.1377474000e-01  7.8351717000e-03 
1094.000  4.6876564500e-01  7.0122880940e-03 
1095.000  5.0716775300e-01  7.5591120720e-03 
1096.000  5.0790393400e-01  7.5437760350e-03 
1097.000  4.9869952900e-01  7.3072586060e-03 
1098.000  4.9774872500e-01  6.6913928990e-03 
1099.000  5.0223886000e-01  6.2029519080e-03 
1100.000  5.1065338100e-01  6.3409285550e-03 
1101.000  5.0907153900e-01  6.3904037480e-03 
1102.000  4.8815990800e-01  6.0891723630e-03 
1103.000  5.0719401400e-01  6.3681316380e-03 
1104.000  5.0394792000e-01  6.2365841870e-03 
1105.000  5.0430888800e-01  6.0258159640e-03 
1106.000  5.0119813500e-01  5.7924714090e-03 
1107.000  5.0030100800e-01  5.8185067180e-03 
1108.000  4.9846043400e-01  5.8159165380e-03 
1109.000  4.9977525100e-01  5.9781222340e-03 
1110.000  5.0233909700e-01  5.9566946030e-03 
1111.000  4.9630523400e-01  5.7766747470e-03 
1112.000  4.9189217100e-01  5.3309340480e-03 
1113.000  4.9016977300e-01  4.8414711950e-03 
1114.000  4.9547740300e-01  4.7387757300e-03 
1115.000  4.9048770500e-01  4.2425985340e-03 
1116.000  4.8428241400e-01  3.9600391390e-03 
1117.000  4.9002707300e-01  3.5728733540e-03 
1118.000  4.8489501600e-01  3.2017457490e-03 
1119.000  4.7133732300e-01  2.9714136120e-03 
1120.000  4.7228652800e-01  2.8420870300e-03 
1121.000  4.7529364400e-01  2.8338763710e-03 
1122.000  4.7308961000e-01  2.7177975180e-03 
1123.000  4.7531167000e-01  2.7829053400e-03 
1124.000  4.7622578400e-01  2.8260724540e-03 
1125.000  4.6630303400e-01  2.7470691200e-03 
1126.000  4.5738533200e-01  2.6871488090e-03 
1127.000  4.7287053500e-01  2.7875881200e-03 
1128.000  4.6422546500e-01  2.7551658150e-03 
1129.000  4.6711998200e-01  2.8928925990e-03 
1130.000  4.6803634000e-01  3.2720198630e-03 
1131.000  4.7316547500e-01  3.4349834920e-03 
1132.000  4.7416536800e-01  3.2644574640e-03 
1133.000  4.6191995100e-01  2.9137351510e-03 
1134.000  4.5652342700e-01  2.5586023330e-03 
1135.000  4.6250555100e-01  2.6104373930e-03 
1136.000  4.6442061600e-01  2.9688711170e-03 
1137.000  4.7121698600e-01  3.3071856500e-03 
1138.000  4.5515707400e-01  3.5373756890e-03 
1139.000  4.6536974200e-01  3.7729680540e-03 
1140.000  4.6659736200e-01  3.7081537250e-03 
1141.000  4.5310973700e-01  3.4726858140e-03 
1142.000  4.6537454100e-01  3.5135602950e-03 
1143.000  4.5699824700e-01  3.2963185310e-03 
1144.000  4.5372365500e-01  3.1164724830e-03 
1145.000  4.5634201800e-01  2.9341337680e-03 
1146.000  4.6102012300e-01  3.0073280330e-03 
1147.000  4.6335738200e-01  3.1866319180e-03 
1148.000  4.5895069000e-01  3.3184978960e-03 
1149.000  4.6042333400e-01  3.4036948680e-03 
1150.000  4.5846804600e-01  3.4095032220e-03 
1151.000  4.5712327400e-01  3.5292103290e-03 
1152.000  4.5626873100e-01  3.5896701810e-03 
1153.000  4.5547123900e-01  3.6809329990e-03 
1154.000  4.5895068100e-01  3.7037513260e-03 
1155.000  4.6052941000e-01  3.9231414790e-03 
1156.000  4.5428681800e-01  4.1009869580e-03 
1157.000  4.5854531800e-01  4.6953907010e-03 
1158.000  4.5861667000e-01  5.0119881630e-03 
1159.000  4.5213389400e-01  5.2507042880e-03 
1160.000  4.4639002900e-01  5.3278441430e-03 
1161.000  4.3676241700e-01  5.5415058140e-03 
1162.000  4.5257345900e-01  6.0190649030e-03 
1163.000  4.5445314900e-01  6.3613834380e-03 
1164.000  4.4522199800e-01  6.2965006830e-03 
1165.000  4.5381580600e-01  6.4728350640e-03 
1166.000  4.4204482900e-01  6.3863134380e-03 
1167.000  4.4921411700e-01  6.5423064230e-03 
1168.000  4.5314061000e-01  6.5882802010e-03 
1169.000  4.3747156400e-01  6.4105029110e-03 
1170.000  4.4923564800e-01  6.6272482870e-03 
1171.000  4.5131450300e-01  6.7606673240e-03 
1172.000  4.4990299300e-01  6.6841011050e-03 
1173.000  4.4676897100e-01  6.5859298710e-03 
1174.000  4.4699576800e-01  6.5948934560e-03 
1175.000  4.4176262400e-01  6.6696939470e-03 
1176.000  4.3109754600e-01  6.6496911050e-03 
1177.000  4.4440904800e-01  6.7866702080e-03 
1178.000  4.3690252700e-01  6.5376596450e-03 
1179.000  4.3494302100e-01  6.5102214810e-03 
1180.000  4.4104914500e-01  6.5537047390e-03 
1181.000  4.3879596700e-01  6.3980708120e-03 
1182.000  4.3935104400e-01  6.2805633540e-03 
1183.000  4.1384232100e-01  5.9239072800e-03 
1184.000  4.3249421200e-01  6.2540035250e-03 
1185.000  4.3821667500e-01  6.5025610920e-03 
1186.000  4.3560945800e-01  6.4063162800e-03 
1187.000  4.3576338600e-01  6.2294440270e-03 
1188.000  4.3352782500e-01  6.1384401320e-03 
1189.000  4.0816465700e-01  5.8503842350e-03 
1190.000  4.2823682200e-01  6.3686370850e-03 
1191.000  4.3491354900e-01  6.5112581250e-03 
1192.000  4.3254603200e-01  6.5578365330e-03 
1193.000  4.3271226200e-01  6.4921164510e-03 
1194.000  4.3189965400e-01  6.4561963080e-03 
1195.000  4.2705813000e-01  6.2751312260e-03 
1196.000  4.2678871700e-01  6.2912869450e-03 
1197.000  4.2667558700e-01  6.2396364210e-03 
1198.000  4.1234549700e-01  6.0223355290e-03 
1199.000  3.9702190400e-01  5.7402052880e-03 
1200.000  4.2205054700e-01  6.1407017710e-03 
1201.000  4.2507924900e-01  6.2050256730e-03 
1202.000  4.2589451500e-01  6.2450914380e-03 
1203.000  4.0510901300e-01  5.9191350940e-03 
1204.000  4.1182230200e-01  6.0529327390e-03 
1205.000  4.2137533900e-01  6.3906612400e-03 
1206.000  4.1881219600e-01  6.4449448590e-03 
1207.000  4.2162457900e-01  6.5278420450e-03 
1208.000  4.1548683100e-01  6.4028248790e-03 
1209.000  3.8952857600e-01  5.9561409950e-03 
1210.000  4.1680518400e-01  6.2921981810e-03 
1211.000  4.0288213800e-01  6.0768299100e-03 
1212.000  4.1549659800e-01  6.3021240230e-03 
1213.000  4.1703205200e-01  6.4200754170e-03 
1214.000  4.1524739200e-01  6.3964915280e-03 
1215.000  4.1667387900e-01  6.4649758340e-03 
1216.000  4.1544218800e-01  6.5953912730e-03 
1217.000  4.1457825200e-01  6.7037401200e-03 
1218.000  4.1312811400e-01  6.7321968080e-03 
1219.000  4.0926247900e-01  6.6967091560e-03 
1220.000  4.1201325600e-01  6.7317538260e-03 
1221.000  4.1116016800e-01  6.7187223430e-03 
1222.000  4.0888275400e-01  6.6740689280e-03 
1223.000  4.0688138900e-01  6.6706438060e-03 
1224.000  4.0982214100e-01  6.8159484860e-03 
1225.000  4.0749887900e-01  6.8118319510e-03 
1226.000  4.0882699600e-01  6.8779983520e-03 
1227.000  3.9479868700e-01  6.7024397850e-03 
1228.000  4.0689695300e-01  6.9805531500e-03 
1229.000  4.0622104800e-01  7.0190296170e-03 
1230.000  4.0459266100e-01  7.0491132740e-03 
1231.000  4.0446034500e-01  7.0821046830e-03 
1232.000  3.9986154400e-01  7.0177593230e-03 
1233.000  4.0298095000e-01  7.0840215680e-03 
1234.000  4.0151406600e-01  7.1319994930e-03 
1235.000  3.9864249500e-01  7.1035265920e-03 
1236.000  4.0090089900e-01  7.1535925870e-03 
1237.000  4.0079531600e-01  7.1746807100e-03 
1238.000  4.0051101500e-01  7.1758227350e-03 
1239.000  3.9592791200e-01  7.0956635480e-03 
1240.000  3.9415081200e-01  7.1073164940e-03 
1241.000  3.9775879600e-01  7.2125344280e-03 
1242.000  3.9554030400e-01  7.2096247670e-03 
1243.000  3.9121043500e-01  7.1689753530e-03 
1244.000  3.8786207900e-01  7.1349997520e-03 
1245.000  3.9464130000e-01  7.2800569530e-03 
1246.000  3.9170790900e-01  7.1789350510e-03 
1247.000  3.8992067300e-01  7.0976767540e-03 
1248.000  3.9308834900e-01  7.1063318250e-03 
1249.000  3.9175768100e-01  7.0426940920e-03 
1250.000  3.9036344600e-01  6.9706735610e-03 
1251.000  3.8783224400e-01  6.8907222750e-03 
1252.000  3.8683533100e-01  6.8358974460e-03 
1253.000  3.8381177900e-01  6.7436470990e-03 
1254.000  3.8513823600e-01  6.7002134320e-03 
1255.000  3.8472706550e-01  6.6459913250e-03 
1256.000  3.8413298880e-01  6.5957865720e-03 
1257.000  3.8001853340e-01  6.4361090660e-03 
1258.000  3.8201099700e-01  6.3270769120e-03 
1259.000  3.7811549430e-01  6.1416063310e-03 
1260.000  3.7893207620e-01  6.0280904770e-03 
1261.000  3.7848482390e-01  5.8932547570e-03 
1262.000  3.7038671880e-01  5.6144328120e-03 
1263.000  3.7487908630e-01  5.6713781360e-03 
1264.000  3.6904245230e-01  5.5870218280e-03 
1265.000  3.6971489150e-01  5.6143636700e-03 
1266.000  3.7210275360e-01  5.6317310330e-03 
1267.000  3.6513398050e-01  5.5058050160e-03 
1268.000  3.6153835860e-01  5.4198422430e-03 
1269.000  3.6492274670e-01  5.4566330910e-03 
1270.000  3.6893301720e-01  5.6386413570e-03 
1271.000  3.7098123630e-01  5.7295322420e-03 
1272.000  3.6988422680e-01  5.7724628450e-03 
1273.000  3.6956590410e-01  5.8332285880e-03 
1274.000  3.6735868350e-01  5.8654360770e-03 
1275.000  3.6952051980e-01  5.9233603480e-03 
1276.000  3.7011368070e-01  5.9381804470e-03 
1277.000  3.6983738270e-01  5.9254813190e-03 
1278.000  3.6877700800e-01  5.8961615560e-03 
1279.000  3.6630837080e-01  5.8776903150e-03 
1280.000  3.6414506820e-01  5.9360151290e-03 
1281.000  3.5375948550e-01  5.8556199070e-03 
1282.000  3.1414531310e-01  5.2789673810e-03 
1283.000  3.4476866940e-01  5.8563818930e-03 
1284.000  3.5899563690e-01  6.1414012910e-03 
1285.000  3.6162799580e-01  6.2056894300e-03 
1286.000  3.6150980960e-01  6.1704258920e-03 
1287.000  3.6372094570e-01  6.1512308120e-03 
1288.000  3.6144072720e-01  5.9303359990e-03 
1289.000  3.6359524510e-01  5.9109849930e-03 
1290.000  3.5526430730e-01  5.7568116190e-03 
1291.000  3.6012724870e-01  5.8124856950e-03 
1292.000  3.6163021450e-01  5.8523554800e-03 
1293.000  3.6195349870e-01  5.8140959740e-03 
1294.000  3.5620861360e-01  5.6006631850e-03 
1295.000  3.6004371740e-01  5.5109853740e-03 
1296.000  3.6030867350e-01  5.4061422350e-03 
1297.000  3.5808730220e-01  5.3105092050e-03 
1298.000  3.5488809480e-01  5.2682137490e-03 
1299.000  3.5845127190e-01  5.3244328500e-03 
1300.000  3.5701190030e-01  5.3069725040e-03 
1301.000  3.5644302710e-01  5.2802019120e-03 
1302.000  3.5187081130e-01  5.1248602870e-03 
1303.000  3.4998162690e-01  4.9184980390e-03 
1304.000  3.5020913810e-01  4.8282952310e-03 
1305.000  3.5236656130e-01  4.8047018050e-03 
1306.000  3.5270154730e-01  4.7512726780e-03 
1307.000  3.5166047870e-01  4.6987905500e-03 
1308.000  3.5136131540e-01  4.6109194760e-03 
1309.000  3.5104791250e-01  4.4871907230e-03 
1310.000  3.4959066460e-01  4.4662342070e-03 
1311.000  3.4851931940e-01  4.4591584210e-03 
1312.000  3.4743389280e-01  4.3018922810e-03 
1313.000  3.3460183400e-01  3.9692177770e-03 
1314.000  3.4504663900e-01  3.9446587560e-03 
1315.000  3.3342858060e-01  3.8831021790e-03 
1316.000  3.4118490360e-01  4.0840106010e-03 
1317.000  3.4485557700e-01  4.1281800270e-03 
1318.000  3.3997577370e-01  3.8871893880e-03 
1319.000  3.4463329440e-01  3.7062351700e-03 
1320.000  3.4208931880e-01  3.4425144200e-03 
1321.000  3.4058677650e-01  3.3438453670e-03 
1322.000  3.3990654540e-01  3.4660639760e-03 
1323.000  3.4065871400e-01  3.6247467990e-03 
1324.000  3.4083928030e-01  3.7168648240e-03 
1325.000  3.3975011770e-01  3.6410937310e-03 
1326.000  3.3816148950e-01  3.4661700730e-03 
1327.000  3.3546124890e-01  3.1341748240e-03 
1328.000  3.3634707590e-01  2.8743464950e-03 
1329.000  3.2407150620e-01  2.3816883560e-03 
1330.000  3.2914601150e-01  2.2875986100e-03 
1331.000  3.3061185160e-01  2.2211012840e-03 
1332.000  3.2306600570e-01  2.1918482780e-03 
1333.000  3.3160398270e-01  2.3182079790e-03 
1334.000  3.3201843710e-01  2.4155180450e-03 
1335.000  3.3230384870e-01  2.4884347920e-03 
1336.000  3.2870625260e-01  2.4848377700e-03 
1337.000  3.2977059500e-01  2.4961993690e-03 
1338.000  3.2952694830e-01  2.5469908710e-03 
1339.000  3.2598627870e-01  2.5215609070e-03 
1340.000  3.2364633140e-01  2.5478265290e-03 
1341.000  3.2853122630e-01  2.5249128340e-03 
1342.000  3.2772752830e-01  2.5251846310e-03 
1343.000  3.2769885800e-01  2.3384432790e-03 
1344.000  3.2620123870e-01  2.1764914990e-03 
1345.000  3.2370202630e-01  1.8952254060e-03 
1346.000  3.1853080660e-01  1.7510583400e-03 
1347.000  3.1913674650e-01  1.7014043330e-03 
1348.000  3.1555952550e-01  1.6297307010e-03 
1349.000  3.1341753050e-01  1.5966831450e-03 
1350.000  3.0701956680e-01  1.5213645700e-03 
1351.000  3.0485164460e-01  1.4827942850e-03 
1352.000  3.0540928020e-01  1.4441093210e-03 
1353.000  2.9955679750e-01  1.3670610190e-03 
1354.000  2.9593933350e-01  1.3221615550e-03 
1355.000  2.9029951580e-01  1.2663135530e-03 
1356.000  2.8602553590e-01  1.2143495080e-03 
1357.000  2.7932681110e-01  1.1450389620e-03 
1358.000  2.7972453160e-01  1.1028938290e-03 
1359.000  2.7200817460e-01  9.9834972620e-04 
1360.000  2.6204041020e-01  9.1523647310e-04 
1361.000  2.6423816210e-01  8.9255470040e-04 
1362.000  2.6197458020e-01  8.7635451560e-04 
1363.000  2.6223740950e-01  9.2370939250e-04 
1364.000  2.6750757230e-01  9.5801085230e-04 
1365.000  2.6737095560e-01  9.6609818940e-04 
1366.000  2.6924884250e-01  9.9089890720e-04 
1367.000  2.6429892270e-01  9.4958007340e-04 
1368.000  2.6432295920e-01  9.2822986840e-04 
1369.000  2.5956050270e-01  9.1663080450e-04 
1370.000  2.6507193660e-01  9.9005758760e-04 
1371.000  2.7285165850e-01  1.0935574770e-03 
1372.000  2.8368940900e-01  1.2142789360e-03 
1373.000  2.8779247360e-01  1.2792384620e-03 
1374.000  2.9108005100e-01  1.3190016750e-03 
1375.000  2.8698939120e-01  1.3116477730e-03 
1376.000  2.8270067120e-01  1.2836469410e-03 
1377.000  2.8527983390e-01  1.2772479060e-03 
1378.000  2.8038159600e-01  1.2211459880e-03 
1379.000  2.7852762810e-01  1.1619679930e-03 
1380.000  2.6853976750e-01  1.0501310830e-03 
1381.000  2.6248598240e-01  9.5832079650e-04 
1382.000  2.5434209930e-01  8.9128404860e-04 
1383.000  2.5656734840e-01  8.9473831650e-04 
1384.000  2.6226343070e-01  9.7076648470e-04 
1385.000  2.6434647860e-01  1.0220434670e-03 
1386.000  2.7232482280e-01  1.1043957470e-03 
1387.000  2.7622725860e-01  1.1976789240e-03 
1388.000  2.8201766150e-01  1.2581684590e-03 
1389.000  2.8426267320e-01  1.2834784980e-03 
1390.000  2.7925041710e-01  1.2653464080e-03 
1391.000  2.8198656170e-01  1.2652916910e-03 
1392.000  2.7754582060e-01  1.2089411020e-03 
1393.000  2.7300246520e-01  1.1539934870e-03 
1394.000  2.6695093170e-01  1.0955712800e-03 
1395.000  2.6825177370e-01  1.1157450680e-03 
1396.000  2.7418091620e-01  1.1800463200e-03 
1397.000  2.7724838910e-01  1.2249537710e-03 
1398.000  2.7745982300e-01  1.2295440440e-03 
1399.000  2.7564649990e-01  1.2108144760e-03 
1400.000  2.6764310450e-01  1.1703971620e-03 
1401.000  2.6885531210e-01  1.1792218690e-03 
1402.000  2.7541958390e-01  1.2328745130e-03 
1403.000  2.7471999810e-01  1.2446987630e-03 
1404.000  2.7263760430e-01  1.2268227340e-03 
1405.000  2.7280300200e-01  1.2290198800e-03 
1406.000  2.7241902760e-01  1.2160815000e-03 
1407.000  2.7268939250e-01  1.2166985270e-03 
1408.000  2.7353132150e-01  1.2441278700e-03 
1409.000  2.7644642180e-01  1.2744174000e-03 
1410.000  2.7763780650e-01  1.3092653750e-03 
1411.000  2.7970901890e-01  1.3405815360e-03 
1412.000  2.6877932060e-01  1.2868620160e-03 
1413.000  2.7396979450e-01  1.3192540410e-03 
1414.000  2.7755268730e-01  1.3294453620e-03 
1415.000  2.7739177620e-01  1.3411561250e-03 
1416.000  2.7688286350e-01  1.3501741890e-03 
1417.000  2.7890410660e-01  1.3591529130e-03 
1418.000  2.7901286050e-01  1.3589302300e-03 
1419.000  2.7503920210e-01  1.3383322950e-03 
1420.000  2.7443557690e-01  1.3382874730e-03 
1421.000  2.7899029150e-01  1.3794741630e-03 
1422.000  2.7275643130e-01  1.3569420580e-03 
1423.000  2.7109598560e-01  1.3501288890e-03 
1424.000  2.7134102580e-01  1.3468366860e-03 
1425.000  2.7657685420e-01  1.3613107200e-03 
1426.000  2.6538555910e-01  1.3042894600e-03 
1427.000  2.6952637330e-01  1.3327953820e-03 
1428.000  2.7537640240e-01  1.3680319790e-03 
1429.000  2.6891808160e-01  1.3443945650e-03 
1430.000  2.6307679420e-01  1.3095026020e-03 
1431.000  2.6247384590e-01  1.2801300290e-03 
1432.000  2.6724524180e-01  1.2878186700e-03 
1433.000  2.6738106590e-01  1.2846544980e-03 
1434.000  2.6199221260e-01  1.2496240140e-03 
1435.000  2.6518866050e-01  1.2776567940e-03 
1436.000  2.6522446080e-01  1.2817103860e-03 
1437.000  2.6627216550e-01  1.2871494290e-03 
1438.000  2.6562425280e-01  1.3011267190e-03 
1439.000  2.6876471220e-01  1.3163267370e-03 
1440.000  2.5212807130e-01  1.2402749060e-03 
1441.000  2.6483329150e-01  1.3039176460e-03 
1442.000  2.5866733370e-01  1.2631341220e-03 
1443.000  2.6296265800e-01  1.2807887790e-03 
1444.000  2.6424142260e-01  1.2904049160e-03 
1445.000  2.6344388080e-01  1.2849892380e-03 
1446.000  2.6627187540e-01  1.3106554750e-03 
1447.000  2.6505460750e-01  1.3168213370e-03 
1448.000  2.6708107460e-01  1.3259079460e-03 
1449.000  2.6697482480e-01  1.3113203050e-03 
1450.000  2.6517854060e-01  1.2821496730e-03 
1451.000  2.6346874700e-01  1.2768452170e-03 
1452.000  2.6022483200e-01  1.2868226770e-03 
1453.000  2.6517775420e-01  1.3699613810e-03 
1454.000  2.6620832370e-01  1.4581816200e-03 
1455.000  2.6284129070e-01  1.5017564300e-03 
1456.000  2.6272119570e-01  1.5712533000e-03 
1457.000  2.6524031520e-01  1.5918651820e-03 
1458.000  2.6886716880e-01  1.6260418890e-03 
1459.000  2.6986610080e-01  1.5699672700e-03 
1460.000  2.6527476110e-01  1.4924472570e-03 
1461.000  2.6469516860e-01  1.4586960080e-03 
1462.000  2.6180440280e-01  1.3777078390e-03 
1463.000  2.6005873990e-01  1.3633024690e-03 
1464.000  2.5988765160e-01  1.3411453960e-03 
1465.000  2.6289289640e-01  1.3150782590e-03 
1466.000  2.5663164160e-01  1.2403031590e-03 
1467.000  2.6278274810e-01  1.2411189080e-03 
1468.000  2.5631573820e-01  1.1824945210e-03 
1469.000  2.5914226640e-01  1.1588081120e-03 
1470.000  2.5764755270e-01  1.1371700760e-03 
1471.000  2.5357324640e-01  1.1486519580e-03 
1472.000  2.5510561730e-01  1.2080836300e-03 
1473.000  2.5735031230e-01  1.3191471100e-03 
1474.000  2.5026485720e-01  1.3776172400e-03 
1475.000  2.5558601270e-01  1.4032617810e-03 
1476.000  2.5599024470e-01  1.4008209710e-03 
1477.000  2.5674149400e-01  1.3681734800e-03 
1478.000  2.5302800010e-01  1.3137830500e-03 
1479.000  2.5592677460e-01  1.2835425140e-03 
1480.000  2.5732918140e-01  1.3128706220e-03 
1481.000  2.5349290050e-01  1.3378512860e-03 
1482.000  2.5664891030e-01  1.4124790430e-03 
1483.000  2.5136293400e-01  1.3974583150e-03 
1484.000  2.5368628000e-01  1.4133757350e-03 
1485.000  2.5851551000e-01  1.4290112260e-03 
1486.000  2.5425561140e-01  1.4640295510e-03 
1487.000  2.5454653210e-01  1.5924649240e-03 
1488.000  2.2252466700e-01  1.4046801330e-03 
1489.000  2.5550547850e-01  1.8031402830e-03 
1490.000  2.5610022190e-01  1.9921325450e-03 
1491.000  2.5864590350e-01  2.1463990210e-03 
1492.000  2.5263593350e-01  2.1207935810e-03 
1493.000  2.5831319550e-01  2.2656075950e-03 
1494.000  2.5733212730e-01  2.2657330040e-03 
1495.000  2.5553161990e-01  2.3365542890e-03 
1496.000  2.4797502480e-01  2.4176065920e-03 
1497.000  2.5379911700e-01  2.4652338030e-03 
1498.000  2.5636973500e-01  2.6312270160e-03 
1499.000  2.5205779080e-01  2.7157320980e-03 
1500.000  2.5635630700e-01  2.8558182720e-03 
1501.000  2.5599024840e-01  2.7985999580e-03 
1502.000  2.5401294720e-01  2.7066650390e-03 
1503.000  2.2808891920e-01  2.3783555030e-03 
1504.000  2.3763292840e-01  2.4985570910e-03 
1505.000  2.3689474190e-01  2.6085915570e-03 
1506.000  2.4008863200e-01  2.6722955700e-03 
1507.000  2.5110002470e-01  2.9112594130e-03 
1508.000  2.4717937720e-01  2.9365541930e-03 
1509.000  2.4824714340e-01  3.0283267500e-03 
1510.000  2.5208323590e-01  3.1156489850e-03 
1511.000  2.5322957400e-01  3.1945414540e-03 
1512.000  2.4847596470e-01  3.1801593300e-03 
1513.000  2.4806010280e-01  3.2140905860e-03 
1514.000  2.4466460540e-01  3.1918840410e-03 
1515.000  2.4947251710e-01  3.2733685970e-03 
1516.000  2.4715747250e-01  3.2110590930e-03 
1517.000  2.4569374200e-01  3.1738998890e-03 
1518.000  2.5022205590e-01  3.2424821850e-03 
1519.000  2.4650886890e-01  3.2109577660e-03 
1520.000  2.4802527410e-01  3.3060553070e-03 
1521.000  2.4330108450e-01  3.3395400050e-03 
1522.000  2.4187728380e-01  3.3692796230e-03 
1523.000  2.4776481270e-01  3.5179915430e-03 
1524.000  2.4600603000e-01  3.5244135860e-03 
1525.000  2.4052389490e-01  3.4579935070e-03 
1526.000  2.4729901430e-01  3.5310328010e-03 
1527.000  2.4462619070e-01  3.4880726340e-03 
1528.000  2.4610945340e-01  3.5130589010e-03 
1529.000  2.4533071750e-01  3.4714508060e-03 
1530.000  2.2949953730e-01  3.2443625930e-03 
1531.000  2.4522400620e-01  3.4339773650e-03 
1532.000  2.4365089890e-01  3.3817737100e-03 
1533.000  2.4242012810e-01  3.3227157590e-03 
1534.000  2.3856753770e-01  3.2270219330e-03 
1535.000  2.3918185730e-01  3.1930437090e-03 
1536.000  2.4238022820e-01  3.2709512710e-03 
1537.000  2.4294297500e-01  3.3298575880e-03 
1538.000  2.3609855520e-01  3.2885525230e-03 
1539.000  2.4092635400e-01  3.4067270760e-03 
1540.000  2.3209825210e-01  3.3230392930e-03 
1541.000  2.3686040830e-01  3.3922317030e-03 
1542.000  2.3826884910e-01  3.4019813540e-03 
1543.000  2.3738238380e-01  3.3872432710e-03 
1544.000  2.4006743030e-01  3.4285423760e-03 
1545.000  2.4046881850e-01  3.4462163450e-03 
1546.000  2.4026205270e-01  3.4714195730e-03 
1547.000  2.3761008590e-01  3.4597792630e-03 
1548.000  2.3040510960e-01  3.3790750500e-03 
1549.000  2.3631042040e-01  3.4803285600e-03 
1550.000  2.3499837690e-01  3.4730811120e-03 
1551.000  2.3376817330e-01  3.4402389530e-03 
1552.000  2.3774173770e-01  3.4706780910e-03 
1553.000  2.3640033040e-01  3.4287900920e-03 
1554.000  2.2773874480e-01  3.2755372520e-03 
1555.000  2.3139114750e-01  3.3092408180e-03 
1556.000  2.2688613220e-01  3.2666549680e-03 
1557.000  2.3425105920e-01  3.4282414910e-03 
1558.000  2.3245681490e-01  3.4488945010e-03 
1559.000  2.3256789760e-01  3.4951345920e-03 
1560.000  2.2855174790e-01  3.4846410750e-03 
1561.000  2.3398939900e-01  3.5767688750e-03 
1562.000  2.3406445650e-01  3.5440154080e-03 
1563.000  2.3072532380e-01  3.4675374030e-03 
1564.000  2.2638201720e-01  3.3674256800e-03 
1565.000  2.3029549940e-01  3.3841059210e-03 
1566.000  2.2593157850e-01  3.3210256100e-03 
1567.000  2.2658438720e-01  3.3324735160e-03 
1568.000  2.2277539190e-01  3.2656781670e-03 
1569.000  2.2460388740e-01  3.2775433060e-03 
1570.000  2.1956665960e-01  3.2019579410e-03 
1571.000  2.2544990710e-01  3.3147354130e-03 
1572.000  2.2565264450e-01  3.3271846770e-03 
1573.000  2.2187625560e-01  3.3004515170e-03 
1574.000  2.2209781130e-01  3.3415794370e-03 
1575.000  2.0597827380e-01  3.1273016930e-03 
1576.000  2.2128891850e-01  3.3590021130e-03 
1577.000  1.9972796230e-01  2.9914913180e-03 
1578.000  2.1844435860e-01  3.2280917170e-03 
1579.000  2.1937822280e-01  3.2040250300e-03 
1580.000  2.2328389180e-01  3.2323350910e-03 
1581.000  2.2180321540e-01  3.1719160080e-03 
1582.000  2.1670554400e-01  3.1297810080e-03 
1583.000  2.1879442270e-01  3.1893966200e-03 
1584.000  2.1633201080e-01  3.1831829550e-03 
1585.000  2.2235563770e-01  3.2957673070e-03 
1586.000  2.1956281210e-01  3.2626404760e-03 
1587.000  2.1688718990e-01  3.2480371000e-03 
1588.000  2.1341799510e-01  3.2187635900e-03 
1589.000  1.9520503650e-01  2.9514768120e-03 
1590.000  2.1035779750e-01  3.1895468240e-03 
1591.000  2.0564434410e-01  3.1298055650e-03 
1592.000  2.1655132020e-01  3.3017792700e-03 
1593.000  2.2146904510e-01  3.3783638480e-03 
1594.000  2.1991474160e-01  3.3555181030e-03 
1595.000  2.2137969620e-01  3.3780388830e-03 
1596.000  2.0737408280e-01  3.1786990170e-03 
1597.000  2.1583175900e-01  3.3009564880e-03 
1598.000  2.1990492910e-01  3.3471758370e-03 
1599.000  2.1254334610e-01  3.2141234870e-03 
1600.000  2.1608561620e-01  3.2543754580e-03 
1601.000  2.0698924860e-01  3.1327872280e-03 
1602.000  2.1228241560e-01  3.2492756840e-03 
1603.000  2.1067221330e-01  3.2783215050e-03 
1604.000  2.1325930490e-01  3.3792974950e-03 
1605.000  2.1010637490e-01  3.3704924580e-03 
1606.000  2.0925087720e-01  3.3998591900e-03 
1607.000  2.1013043100e-01  3.3758420940e-03 
1608.000  2.1252464270e-01  3.3768377300e-03 
1609.000  2.1170760690e-01  3.3329613210e-03 
1610.000  1.9849721750e-01  3.0997281070e-03 
1611.000  2.0420352460e-01  3.1796391010e-03 
1612.000  2.0594962490e-01  3.1992552280e-03 
1613.000  2.1034525070e-01  3.2581040860e-03 
1614.000  2.0828088560e-01  3.1923439500e-03 
1615.000  2.1154494260e-01  3.2271723750e-03 
1616.000  1.9820384540e-01  3.0067806240e-03 
1617.000  2.0391654870e-01  3.1389749050e-03 
1618.000  2.1027013790e-01  3.2637505530e-03 
1619.000  2.0952623640e-01  3.2993218900e-03 
1620.000  2.0417577240e-01  3.2605359550e-03 
1621.000  2.0111493780e-01  3.2501947880e-03 
1622.000  2.0617715440e-01  3.3374750610e-03 
1623.000  2.1030534230e-01  3.4187879560e-03 
1624.000  2.1175868570e-01  3.4520287510e-03 
1625.000  2.0644078740e-01  3.3907670970e-03 
1626.000  2.0897216630e-01  3.4219977860e-03 
1627.000  2.0870262500e-01  3.4376201630e-03 
1628.000  2.1037965270e-01  3.4762206080e-03 
1629.000  2.1034914910e-01  3.4848997590e-03 
1630.000  2.0463834580e-01  3.3922147750e-03 
1631.000  2.0783893150e-01  3.4574449060e-03 
1632.000  2.0789138950e-01  3.3994138240e-03 
1633.000  2.0521585930e-01  3.3118016720e-03 
1634.000  2.0041381750e-01  3.1877381800e-03 
1635.000  2.0578707040e-01  3.2322583200e-03 
1636.000  2.0524282790e-01  3.1760864260e-03 
1637.000  1.9610519290e-01  2.9917647840e-03 
1638.000  1.9467207980e-01  2.9358789920e-03 
1639.000  1.9273217220e-01  2.8588738440e-03 
1640.000  1.9388826930e-01  2.8368990420e-03 
1641.000  1.9268834230e-01  2.7930841450e-03 
1642.000  1.9244820150e-01  2.8600392340e-03 
1643.000  1.9739443640e-01  3.0008821490e-03 
1644.000  1.9433967010e-01  3.0188233850e-03 
1645.000  1.9477292280e-01  3.0862231250e-03 
1646.000  1.9711387200e-01  3.1813313960e-03 
1647.000  1.9896460720e-01  3.2065641880e-03 
1648.000  1.9819606130e-01  3.1823706630e-03 
1649.000  1.9366832540e-01  3.1037664410e-03 
1650.000  1.9857588900e-01  3.1788191800e-03 
1651.000  1.9410170630e-01  3.1035699840e-03 
1652.000  1.9797551440e-01  3.1602456570e-03 
1653.000  1.9575259580e-01  3.1313431260e-03 
1654.000  1.9794897110e-01  3.1675579550e-03 
1655.000  1.9398136370e-01  3.1133489610e-03 
1656.000  1.9770713810e-01  3.1789083480e-03 
1657.000  1.9627411850e-01  3.1549868580e-03 
1658.000  1.9733468980e-01  3.1792027950e-03 
1659.000  1.9369959660e-01  3.1205139160e-03 
1660.000  1.9606342510e-01  3.1505620480e-03 
1661.000  1.9683313960e-01  3.1421287060e-03 
1662.000  1.9551052920e-01  3.0547707080e-03 
1663.000  1.9427987610e-01  2.9769568440e-03 
1664.000  1.9345755110e-01  2.9050574300e-03 
1665.000  1.9148204040e-01  2.8158407210e-03 
1666.000  1.9054992510e-01  2.7915298940e-03 
1667.000  1.9207251520e-01  2.8725874420e-03 
1668.000  1.8881830620e-01  2.8644979000e-03 
1669.000  1.8912060100e-01  2.9173600670e-03 
1670.000  1.9319300570e-01  3.0290725230e-03 
1671.000  1.9171793090e-01  3.0581684110e-03 
1672.000  1.8263684860e-01  2.9734544750e-03 
1673.000  1.8801729380e-01  3.1119909290e-03 
1674.000  1.8889109620e-01  3.1812598710e-03 
1675.000  1.8714101290e-01  3.2129158970e-03 
1676.000  1.8415992140e-01  3.1811454300e-03 
1677.000  1.8504497620e-01  3.1925487520e-03 
1678.000  1.8591370290e-01  3.2103250030e-03 
1679.000  1.8344114990e-01  3.1593904500e-03 
1680.000  1.7703243720e-01  3.0502390860e-03 
1681.000  1.7082697080e-01  2.9431850910e-03 
1682.000  1.7576018840e-01  3.0246813300e-03 
1683.000  1.8015344170e-01  3.0928156380e-03 
1684.000  1.8351422980e-01  3.1438431740e-03 
1685.000  1.8423318710e-01  3.1382093430e-03 
1686.000  1.8201048390e-01  3.0852186680e-03 
1687.000  1.8302657310e-01  3.0604310040e-03 
1688.000  1.8336843200e-01  3.0293295380e-03 
1689.000  1.8115838630e-01  2.9732356070e-03 
1690.000  1.8132169440e-01  2.9366729260e-03 
1691.000  1.8369460240e-01  2.9845638280e-03 
1692.000  1.8402883600e-01  3.0081372260e-03 
1693.000  1.8332937640e-01  3.0182228090e-03 
1694.000  1.8305185240e-01  3.0319767000e-03 
1695.000  1.8326113120e-01  3.0416500570e-03 
1696.000  1.8218935170e-01  2.9848120210e-03 
1697.000  1.8114885740e-01  2.9167938230e-03 
1698.000  1.8224196950e-01  2.8870425220e-03 
1699.000  1.8106427970e-01  2.8248457910e-03 
1700.000  1.7874317680e-01  2.7477862830e-03 
