 lambda   Irr_dw            Rad_up 
 550.000  1.5536134900e+00  4.7573940280e-02 
 551.000  1.5433478600e+00  4.7102596280e-02 
 552.000  1.6092354400e+00  4.9077934270e-02 
 553.000  1.5456641900e+00  4.6956066130e-02 
 554.000  1.5956311200e+00  4.8414638520e-02 
 555.000  1.5996179600e+00  4.8314052580e-02 
 556.000  1.5550752000e+00  4.6758827210e-02 
 557.000  1.5085734800e+00  4.5312831880e-02 
 558.000  1.5655149000e+00  4.6813999180e-02 
 559.000  1.4794440700e+00  4.4108783720e-02 
 560.000  1.4857031200e+00  4.4242412570e-02 
 561.000  1.6326571600e+00  4.8385643010e-02 
 562.000  1.4988337300e+00  4.4335220340e-02 
 563.000  1.5680424600e+00  4.6169807430e-02 
 564.000  1.5460588200e+00  4.5245811460e-02 
 565.000  1.5648042400e+00  4.5720638280e-02 
 566.000  1.4428196400e+00  4.1961349490e-02 
 567.000  1.5489965100e+00  4.4727779390e-02 
 568.000  1.5495734800e+00  4.4147075650e-02 
 569.000  1.5281909900e+00  4.2353973390e-02 
 570.000  1.5347260700e+00  4.2526290890e-02 
 571.000  1.4738177400e+00  4.1400230410e-02 
 572.000  1.5645912300e+00  4.3202777860e-02 
 573.000  1.5794428100e+00  4.3696926120e-02 
 574.000  1.5703916600e+00  4.3343070980e-02 
 575.000  1.5325998300e+00  4.2104698180e-02 
 576.000  1.5050114200e+00  4.1213741300e-02 
 577.000  1.5656263200e+00  4.2878402710e-02 
 578.000  1.5172149400e+00  4.1803871150e-02 
 579.000  1.5034116900e+00  4.1408901210e-02 
 580.000  1.5532307800e+00  4.2979942320e-02 
 581.000  1.5221329700e+00  4.2242469790e-02 
 582.000  1.5430783500e+00  4.2691005710e-02 
 583.000  1.5529805800e+00  4.3012947080e-02 
 584.000  1.5473282900e+00  4.2656829830e-02 
 585.000  1.5367241800e+00  4.2204933170e-02 
 586.000  1.4703789200e+00  4.0332725520e-02 
 587.000  1.5309494600e+00  4.1430114750e-02 
 588.000  1.5290724900e+00  4.0018859860e-02 
 589.000  1.3746878300e+00  3.4346969600e-02 
 590.000  1.4365671900e+00  3.5781986240e-02 
 591.000  1.5118503900e+00  3.8634731290e-02 
 592.000  1.4904805500e+00  3.7317291260e-02 
 593.000  1.4897550600e+00  3.8428207400e-02 
 594.000  1.5070360600e+00  3.8535308840e-02 
 595.000  1.4896968600e+00  3.7108024600e-02 
 596.000  1.5099358600e+00  3.8832935330e-02 
 597.000  1.5179892400e+00  3.8549263000e-02 
 598.000  1.4800954600e+00  3.8084556580e-02 
 599.000  1.4776267500e+00  3.8173831940e-02 
 600.000  1.4717458500e+00  3.8480880740e-02 
 601.000  1.4593425800e+00  3.8508468630e-02 
 602.000  1.4418919400e+00  3.8042293550e-02 
 603.000  1.4491327300e+00  3.8346961980e-02 
 604.000  1.4937765700e+00  3.9678531650e-02 
 605.000  1.4893548400e+00  3.9405250550e-02 
 606.000  1.4718758700e+00  3.8990268710e-02 
 607.000  1.4634215100e+00  3.8660762790e-02 
 608.000  1.4579321300e+00  3.8379856110e-02 
 609.000  1.4428820000e+00  3.7951831820e-02 
 610.000  1.4196825400e+00  3.7214107510e-02 
 611.000  1.4426525900e+00  3.7762802120e-02 
 612.000  1.4238283000e+00  3.7227664950e-02 
 613.000  1.4029942400e+00  3.6568077090e-02 
 614.000  1.3518524900e+00  3.5217048650e-02 
 615.000  1.4171448100e+00  3.6757946010e-02 
 616.000  1.3474532100e+00  3.4943325040e-02 
 617.000  1.3551366900e+00  3.5091968540e-02 
 618.000  1.4191824700e+00  3.6562236790e-02 
 619.000  1.4063713500e+00  3.6254295350e-02 
 620.000  1.4273680400e+00  3.6605110170e-02 
 621.000  1.4522270600e+00  3.7200244900e-02 
 622.000  1.3759548600e+00  3.5140327450e-02 
 623.000  1.3871712800e+00  3.5206741330e-02 
 624.000  1.3891158300e+00  3.5305057530e-02 
 625.000  1.3519286400e+00  3.4323936460e-02 
 626.000  1.3598493200e+00  3.4277843480e-02 
 627.000  1.3882921900e+00  3.4462787630e-02 
 628.000  1.3948726700e+00  3.3163555150e-02 
 629.000  1.4157412500e+00  3.4213241580e-02 
 630.000  1.3649378400e+00  3.3375183110e-02 
 631.000  1.4106971800e+00  3.4585422520e-02 
 632.000  1.3161988100e+00  3.2025482180e-02 
 633.000  1.4062772500e+00  3.4583152770e-02 
 634.000  1.3617287500e+00  3.3645793910e-02 
 635.000  1.3862095600e+00  3.4268558500e-02 
 636.000  1.3360186700e+00  3.3097133640e-02 
 637.000  1.3792916000e+00  3.4220512390e-02 
 638.000  1.3980184500e+00  3.4821052550e-02 
 639.000  1.3861863500e+00  3.4353698730e-02 
 640.000  1.3412780100e+00  3.3489948270e-02 
 641.000  1.3605031900e+00  3.3908481600e-02 
 642.000  1.3431707800e+00  3.3488822940e-02 
 643.000  1.3683369100e+00  3.3926761630e-02 
 644.000  1.3525684900e+00  3.3389431000e-02 
 645.000  1.3667809500e+00  3.3572074890e-02 
 646.000  1.3245988800e+00  3.1534841540e-02 
 647.000  1.3498423500e+00  3.1450918200e-02 
 648.000  1.3554086700e+00  3.1071037290e-02 
 649.000  1.3754004500e+00  3.1833719250e-02 
 650.000  1.2622075300e+00  3.0148660660e-02 
 651.000  1.3597517200e+00  3.2444366460e-02 
 652.000  1.3451973000e+00  3.1186866760e-02 
 653.000  1.3588618700e+00  3.2482776640e-02 
 654.000  1.3426428500e+00  3.1805013660e-02 
 655.000  1.3120507800e+00  3.0668069840e-02 
 656.000  1.1126032800e+00  2.6057464600e-02 
 657.000  1.1852494500e+00  2.7919275280e-02 
 658.000  1.3158402600e+00  3.1412681580e-02 
 659.000  1.3165007400e+00  3.1560029980e-02 
 660.000  1.3257847700e+00  3.1868223190e-02 
 661.000  1.3283935800e+00  3.2232608800e-02 
 662.000  1.3460662300e+00  3.2753330230e-02 
 663.000  1.3315102900e+00  3.2271255490e-02 
 664.000  1.3098536900e+00  3.1744562150e-02 
 665.000  1.3151930600e+00  3.1847637180e-02 
 666.000  1.3304663500e+00  3.2340789790e-02 
 667.000  1.3036618700e+00  3.1580307010e-02 
 668.000  1.3105237400e+00  3.1863348010e-02 
 669.000  1.3291276100e+00  3.2359001160e-02 
 670.000  1.3131137600e+00  3.1795001980e-02 
 671.000  1.2990358700e+00  3.1472640990e-02 
 672.000  1.2947455200e+00  3.1325906750e-02 
 673.000  1.3039581400e+00  3.1487163540e-02 
 674.000  1.3064233100e+00  3.1538764950e-02 
 675.000  1.2864028000e+00  3.0974050520e-02 
 676.000  1.3106405200e+00  3.1550531390e-02 
 677.000  1.2845050200e+00  3.0921255110e-02 
 678.000  1.3056990000e+00  3.1366807940e-02 
 679.000  1.2872953400e+00  3.0823232650e-02 
 680.000  1.2778575400e+00  3.0559272770e-02 
 681.000  1.2798418800e+00  3.0507583620e-02 
 682.000  1.2774062100e+00  3.0312086110e-02 
 683.000  1.2860884300e+00  3.0387561800e-02 
 684.000  1.2638983000e+00  2.9827447890e-02 
 685.000  1.2775722700e+00  3.0082208630e-02 
 686.000  1.2243973700e+00  2.8412002560e-02 
 687.000  1.2254595800e+00  2.4572820660e-02 
 688.000  1.2263533600e+00  2.5542694090e-02 
 689.000  1.2299026800e+00  2.5405130390e-02 
 690.000  1.2358399600e+00  2.6039310460e-02 
 691.000  1.2407911400e+00  2.6817663190e-02 
 692.000  1.2333084900e+00  2.6974014280e-02 
 693.000  1.2414513400e+00  2.6192886350e-02 
 694.000  1.2550783800e+00  2.5759603500e-02 
 695.000  1.2320963900e+00  2.5666645050e-02 
 696.000  1.2458947500e+00  2.6197179790e-02 
 697.000  1.2448291200e+00  2.7819364550e-02 
 698.000  1.2225608500e+00  2.6865978240e-02 
 699.000  1.2484026400e+00  2.6055215840e-02 
 700.000  1.2334691000e+00  2.5904628750e-02 
 701.000  1.2065670700e+00  2.4985839840e-02 
 702.000  1.2003679200e+00  2.5052295680e-02 
 703.000  1.2149742700e+00  2.6383426670e-02 
 704.000  1.2185281200e+00  2.6523756030e-02 
 705.000  1.2289628400e+00  2.6250749590e-02 
 706.000  1.2158381300e+00  2.6051282880e-02 
 707.000  1.1972616600e+00  2.5814699170e-02 
 708.000  1.2316933400e+00  2.6740293500e-02 
 709.000  1.1872182800e+00  2.6113843920e-02 
 710.000  1.2154768100e+00  2.6238788600e-02 
 711.000  1.2024763900e+00  2.6329113010e-02 
 712.000  1.1850612000e+00  2.6328601840e-02 
 713.000  1.1806675000e+00  2.5883846280e-02 
 714.000  1.2009715100e+00  2.6125341420e-02 
 715.000  1.1598723500e+00  2.4706106190e-02 
 716.000  1.1910603500e+00  2.4833477020e-02 
 717.000  1.1613215800e+00  2.1732309340e-02 
 718.000  1.1551688100e+00  2.0164634700e-02 
 719.000  1.1418701900e+00  1.9320730210e-02 
 720.000  1.1502019100e+00  1.8794090270e-02 
 721.000  1.1485418800e+00  2.2004592900e-02 
 722.000  1.1646134900e+00  2.3419240950e-02 
 723.000  1.1622640800e+00  2.2618732450e-02 
 724.000  1.1693157400e+00  2.0820383070e-02 
 725.000  1.1565567900e+00  2.0857543950e-02 
 726.000  1.1544405000e+00  2.0731849670e-02 
 727.000  1.1715230800e+00  2.1231807710e-02 
 728.000  1.1514009800e+00  2.0629280090e-02 
 729.000  1.1056408100e+00  2.0442422870e-02 
 730.000  1.1464962500e+00  2.1072168350e-02 
 731.000  1.1275951100e+00  2.0660417560e-02 
 732.000  1.1487085100e+00  2.2172906880e-02 
 733.000  1.1308669200e+00  2.3104877470e-02 
 734.000  1.1540660500e+00  2.4163742070e-02 
 735.000  1.1448636300e+00  2.3683204650e-02 
 736.000  1.1238447000e+00  2.2854398730e-02 
 737.000  1.1384305100e+00  2.3391220090e-02 
 738.000  1.1349792900e+00  2.3743848800e-02 
 739.000  1.0981292400e+00  2.3193841930e-02 
 740.000  1.1081070400e+00  2.3826225280e-02 
 741.000  1.0990619900e+00  2.3979444500e-02 
 742.000  1.0808721100e+00  2.3710277560e-02 
 743.000  1.1123278500e+00  2.4690774920e-02 
 744.000  1.1227599500e+00  2.5072685240e-02 
 745.000  1.0934375600e+00  2.4545446400e-02 
 746.000  1.1085667800e+00  2.4911401750e-02 
 747.000  1.1251719300e+00  2.5247444150e-02 
 748.000  1.1049548200e+00  2.4782207490e-02 
 749.000  1.1051490000e+00  2.4800550460e-02 
 750.000  1.0890093700e+00  2.4341339110e-02 
 751.000  1.0862085600e+00  2.4264253620e-02 
 752.000  1.1026667100e+00  2.4676856990e-02 
 753.000  1.0922291700e+00  2.4444257740e-02 
 754.000  1.1093321000e+00  2.4820728300e-02 
 755.000  1.1029681600e+00  2.4664628980e-02 
 756.000  1.0813752100e+00  2.4167522430e-02 
 757.000  1.0893658700e+00  2.4330030440e-02 
 758.000  1.0882276100e+00  2.4226249690e-02 
 759.000  1.0470666200e+00  2.1371572490e-02 
 760.000  8.2383497200e-01  8.6576604840e-03 
 761.000  7.9393678200e-01  7.6729769710e-03 
 762.000  9.2602543300e-01  1.3843733790e-02 
 763.000  9.1117435800e-01  1.1973324780e-02 
 764.000  9.3454666000e-01  1.3068841930e-02 
 765.000  9.8083003800e-01  1.5864511490e-02 
 766.000  9.7252113000e-01  1.8196907040e-02 
 767.000  1.0023817200e+00  1.9946889880e-02 
 768.000  1.0512858200e+00  2.1879142760e-02 
 769.000  1.0527340700e+00  2.2641849520e-02 
 770.000  1.0500497200e+00  2.2958759310e-02 
 771.000  1.0515050400e+00  2.3201053620e-02 
 772.000  1.0476214100e+00  2.3153799060e-02 
 773.000  1.0433058000e+00  2.3065715790e-02 
 774.000  1.0543151600e+00  2.3319227220e-02 
 775.000  1.0146053700e+00  2.2440553670e-02 
 776.000  1.0563188800e+00  2.3404504780e-02 
 777.000  1.0490023500e+00  2.3212366100e-02 
 778.000  1.0434601500e+00  2.3035018920e-02 
 779.000  1.0469345800e+00  2.3044313430e-02 
 780.000  1.0340631900e+00  2.2774980550e-02 
 781.000  1.0322042600e+00  2.2718708040e-02 
 782.000  1.0447376200e+00  2.2902229310e-02 
 783.000  1.0204049900e+00  2.2457210540e-02 
 784.000  1.0263127100e+00  2.2527200700e-02 
 785.000  1.0296896960e+00  2.2386943820e-02 
 786.000  1.0128281790e+00  2.1875171660e-02 
 787.000  1.0297127230e+00  2.1754276280e-02 
 788.000  1.0152463490e+00  2.1278896330e-02 
 789.000  1.0243815140e+00  2.0817743300e-02 
 790.000  1.0143380100e+00  2.0508172990e-02 
 791.000  1.0086058360e+00  2.0517551420e-02 
 792.000  9.9215437900e-01  2.0218662260e-02 
 793.000  9.8999714100e-01  2.0401741030e-02 
 794.000  9.7734141400e-01  2.0710411070e-02 
 795.000  9.7363644700e-01  2.0158113480e-02 
 796.000  9.9435020400e-01  1.9867851260e-02 
 797.000  9.9949071900e-01  2.0215831760e-02 
 798.000  9.9746465900e-01  2.0671531680e-02 
 799.000  9.9727987800e-01  2.0481311800e-02 
 800.000  9.7312869800e-01  1.9586307530e-02 
 801.000  9.9114813000e-01  1.9984703060e-02 
 802.000  9.8937858300e-01  1.9858921050e-02 
 803.000  9.7507515100e-01  1.9639436720e-02 
 804.000  9.8306168300e-01  2.0028001790e-02 
 805.000  9.5461296800e-01  1.9811065670e-02 
 806.000  9.7954164600e-01  2.0485599520e-02 
 807.000  9.7348105400e-01  2.0400939940e-02 
 808.000  9.6833624000e-01  2.0115388870e-02 
 809.000  9.5254158500e-01  1.9610113140e-02 
 810.000  9.4890777000e-01  1.9333927150e-02 
 811.000  9.6532429400e-01  1.9339141850e-02 
 812.000  9.6356657400e-01  1.8949069980e-02 
 813.000  9.6103829500e-01  1.8370656970e-02 
 814.000  9.6167485700e-01  1.7903079990e-02 
 815.000  9.5346340300e-01  1.7160955430e-02 
 816.000  9.4737819900e-01  1.6346635820e-02 
 817.000  9.5297953800e-01  1.6457118990e-02 
 818.000  9.4696224700e-01  1.6316947940e-02 
 819.000  9.2082892700e-01  1.6154685970e-02 
 820.000  9.0119904800e-01  1.6562900540e-02 
 821.000  9.2899282100e-01  1.7983560560e-02 
 822.000  9.0438375200e-01  1.6684894560e-02 
 823.000  9.2060496200e-01  1.5244837760e-02 
 824.000  9.3118533200e-01  1.6899711610e-02 
 825.000  9.2727312300e-01  1.8104099270e-02 
 826.000  9.3357310900e-01  1.7939062120e-02 
 827.000  9.3092479100e-01  1.7692403790e-02 
 828.000  9.3080209700e-01  1.6913473130e-02 
 829.000  9.2972926800e-01  1.7107604980e-02 
 830.000  9.1426303200e-01  1.7113992690e-02 
 831.000  8.9804093200e-01  1.6863386150e-02 
 832.000  9.1633249100e-01  1.7201183320e-02 
 833.000  8.8738634500e-01  1.6929239270e-02 
 834.000  8.9986645000e-01  1.7387922290e-02 
 835.000  8.9981101200e-01  1.7684715270e-02 
 836.000  9.1093906400e-01  1.7910404210e-02 
 837.000  9.0350628000e-01  1.7701688770e-02 
 838.000  9.0573205700e-01  1.7990026470e-02 
 839.000  8.7681309900e-01  1.7512002940e-02 
 840.000  9.0002524400e-01  1.7957571030e-02 
 841.000  9.0334475600e-01  1.7849098210e-02 
 842.000  8.9686319800e-01  1.7815517430e-02 
 843.000  8.8863627300e-01  1.8084985730e-02 
 844.000  8.7294956300e-01  1.7929641720e-02 
 845.000  8.8572065900e-01  1.8260814670e-02 
 846.000  8.9307510900e-01  1.8553995130e-02 
 847.000  8.6169469900e-01  1.8053623200e-02 
 848.000  8.8818804700e-01  1.8406526570e-02 
 849.000  8.8970685400e-01  1.8545061110e-02 
 850.000  7.6973599600e-01  1.5889982220e-02 
 851.000  8.8255237900e-01  1.8074110030e-02 
 852.000  8.4904353400e-01  1.7458465580e-02 
 853.000  8.5774162600e-01  1.7679515840e-02 
 854.000  6.8965799900e-01  1.4245882030e-02 
 855.000  7.5865291400e-01  1.5780318260e-02 
 856.000  8.5953404300e-01  1.7919034960e-02 
 857.000  8.7263925600e-01  1.8346574780e-02 
 858.000  8.5835611200e-01  1.8040946960e-02 
 859.000  8.5748440200e-01  1.8075717930e-02 
 860.000  8.4944197000e-01  1.7995307920e-02 
 861.000  8.4929199700e-01  1.7969503400e-02 
 862.000  8.4628594800e-01  1.7841297150e-02 
 863.000  8.6245855800e-01  1.8285646440e-02 
 864.000  8.6058337800e-01  1.8091941830e-02 
 865.000  8.4443960300e-01  1.7888151170e-02 
 866.000  7.0830020700e-01  1.5049466130e-02 
 867.000  7.5431141200e-01  1.5810221670e-02 
 868.000  8.1809143700e-01  1.7237300870e-02 
 869.000  8.0659185300e-01  1.6982019420e-02 
 870.000  8.3992025600e-01  1.7803991320e-02 
 871.000  8.3871859600e-01  1.7704944610e-02 
 872.000  8.3525594400e-01  1.7395376210e-02 
 873.000  8.3874195700e-01  1.7599262240e-02 
 874.000  8.2043838200e-01  1.7128509520e-02 
 875.000  8.1293204300e-01  1.7122661590e-02 
 876.000  8.1989436200e-01  1.7181215290e-02 
 877.000  8.3635569100e-01  1.7368829730e-02 
 878.000  8.2259400800e-01  1.7158189770e-02 
 879.000  8.2455066700e-01  1.7256763460e-02 
 880.000  8.2030147100e-01  1.6971256260e-02 
 881.000  7.7794033400e-01  1.6138971330e-02 
 882.000  8.2119182300e-01  1.6830801010e-02 
 883.000  8.0221290200e-01  1.6632539750e-02 
 884.000  8.0894501300e-01  1.6992425920e-02 
 885.000  8.1829111200e-01  1.6700986860e-02 
 886.000  7.9279997800e-01  1.6209144590e-02 
 887.000  7.8372761600e-01  1.6010482790e-02 
 888.000  8.0728224500e-01  1.6297517780e-02 
 889.000  8.1239342200e-01  1.6695255280e-02 
 890.000  8.1057002300e-01  1.6556188580e-02 
 891.000  8.0753187500e-01  1.6257421490e-02 
 892.000  8.0688198600e-01  1.6004951480e-02 
 893.000  7.8129940700e-01  1.4622561450e-02 
 894.000  8.0971447600e-01  1.4882976530e-02 
 895.000  7.7473351300e-01  1.3562275890e-02 
 896.000  8.0549263900e-01  1.3212859150e-02 
 897.000  7.8694312900e-01  1.2398481370e-02 
 898.000  7.8829572300e-01  1.2023352620e-02 
 899.000  7.8758661400e-01  1.1094898220e-02 
 900.000  7.6792039200e-01  1.0821657180e-02 
 901.000  7.5146995700e-01  1.0406436920e-02 
 902.000  7.3763961000e-01  1.0252805710e-02 
 903.000  7.7372508000e-01  1.2094404220e-02 
 904.000  7.8809045300e-01  1.3137528420e-02 
 905.000  7.8600489100e-01  1.3357339860e-02 
 906.000  7.6518978400e-01  1.2464921000e-02 
 907.000  7.7815614500e-01  1.1651121140e-02 
 908.000  7.5912345700e-01  1.0679303170e-02 
 909.000  7.4423215200e-01  1.0473040580e-02 
 910.000  7.5303563100e-01  1.0675850870e-02 
 911.000  7.5103806700e-01  1.1222349170e-02 
 912.000  7.5266619500e-01  1.0802719120e-02 
 913.000  7.7028355000e-01  1.0277765270e-02 
 914.000  7.6532531500e-01  1.0559856410e-02 
 915.000  7.5269307400e-01  1.0911512370e-02 
 916.000  7.6104952600e-01  1.1048492430e-02 
 917.000  7.4913945700e-01  1.1029127120e-02 
 918.000  7.4533579300e-01  1.1206258770e-02 
 919.000  7.5516602700e-01  1.2547358510e-02 
 920.000  7.4795847600e-01  1.2767592430e-02 
 921.000  7.3158568000e-01  1.2330423360e-02 
 922.000  7.2503286400e-01  1.2314701080e-02 
 923.000  6.9465405200e-01  1.1261672020e-02 
 924.000  7.2404151700e-01  1.1654892920e-02 
 925.000  7.3365179300e-01  1.1699718480e-02 
 926.000  7.0745763800e-01  1.1114042280e-02 
 927.000  7.3381304100e-01  1.1326435090e-02 
 928.000  7.3833206900e-01  1.0520670890e-02 
 929.000  7.2801774100e-01  9.2735939030e-03 
 930.000  7.2619087300e-01  8.0721740720e-03 
 931.000  7.2589494000e-01  7.1781592370e-03 
 932.000  7.1878454800e-01  6.1537961960e-03 
 933.000  7.2074803900e-01  5.6176514630e-03 
 934.000  7.1443942000e-01  5.1069483760e-03 
 935.000  7.0385284300e-01  4.9834308620e-03 
 936.000  6.9878551600e-01  5.0993380550e-03 
 937.000  7.1438320000e-01  5.1747379300e-03 
 938.000  7.0688743600e-01  5.6565375330e-03 
 939.000  7.1314925500e-01  7.5632081030e-03 
 940.000  7.0951003800e-01  7.9164114000e-03 
 941.000  6.9338046800e-01  7.4238986970e-03 
 942.000  6.6684774100e-01  6.4920415880e-03 
 943.000  7.0262507900e-01  5.9195694920e-03 
 944.000  6.8331122200e-01  5.6898932460e-03 
 945.000  6.8985839000e-01  6.0287671090e-03 
 946.000  6.9921469000e-01  6.1330747600e-03 
 947.000  6.9498510200e-01  6.3956542020e-03 
 948.000  6.9918830200e-01  6.6182584760e-03 
 949.000  7.0140326000e-01  6.6254096030e-03 
 950.000  6.9677986800e-01  6.6307005880e-03 
 951.000  6.9264310700e-01  7.0327553750e-03 
 952.000  6.9257112500e-01  6.5818066600e-03 
 953.000  6.9065932500e-01  6.8974652290e-03 
 954.000  6.8398781300e-01  7.2275271420e-03 
 955.000  6.3888299100e-01  6.4759716990e-03 
 956.000  6.8153832900e-01  6.8712973590e-03 
 957.000  6.8118590500e-01  7.9613761900e-03 
 958.000  6.8643733400e-01  8.2127027510e-03 
 959.000  6.8909072900e-01  8.0432453160e-03 
 960.000  6.8258011600e-01  7.9178614620e-03 
 961.000  6.7525859500e-01  7.7374434470e-03 
 962.000  6.7862016600e-01  7.8736958500e-03 
 963.000  6.7721903700e-01  8.6073293690e-03 
 964.000  6.6946936600e-01  8.6299686430e-03 
 965.000  6.7765357300e-01  8.6615257260e-03 
 966.000  6.5809312500e-01  8.4614477160e-03 
 967.000  6.7766438700e-01  9.3433065410e-03 
 968.000  6.7019520600e-01  1.0263981820e-02 
 969.000  6.7429120500e-01  1.0776842120e-02 
 970.000  6.7611551900e-01  1.0830421450e-02 
 971.000  6.7013577400e-01  1.0716311450e-02 
 972.000  6.7488472900e-01  1.0650044440e-02 
 973.000  6.6864786900e-01  1.0252651210e-02 
 974.000  6.5839827800e-01  9.7424573900e-03 
 975.000  6.6169007400e-01  9.5529079440e-03 
 976.000  6.6969858800e-01  9.9431886670e-03 
 977.000  6.5272082400e-01  1.0121905330e-02 
 978.000  6.6886607000e-01  1.0335592270e-02 
 979.000  6.4943166900e-01  1.0149806980e-02 
 980.000  6.5858763100e-01  1.0766413690e-02 
 981.000  6.6307563000e-01  1.0956879620e-02 
 982.000  6.6165110500e-01  1.0817811970e-02 
 983.000  6.5985598000e-01  1.1062240600e-02 
 984.000  6.5543710000e-01  1.1297122000e-02 
 985.000  6.5512390900e-01  1.1481884000e-02 
 986.000  6.4977992700e-01  1.1654951100e-02 
 987.000  6.5716727600e-01  1.1909833910e-02 
 988.000  6.4906583900e-01  1.1785425190e-02 
 989.000  6.4082608100e-01  1.1646396640e-02 
 990.000  6.4628859900e-01  1.1768786430e-02 
 991.000  6.5153182500e-01  1.1966468810e-02 
 992.000  6.4550101500e-01  1.1873417850e-02 
 993.000  6.4545564700e-01  1.1869312290e-02 
 994.000  6.4869308100e-01  1.2014311790e-02 
 995.000  6.4388194400e-01  1.1993379590e-02 
 996.000  6.4376464200e-01  1.1973255160e-02 
 997.000  6.4448297800e-01  1.1915951730e-02 
 998.000  6.4212037100e-01  1.1806879040e-02 
 999.000  6.4055221100e-01  1.1740892410e-02 
1000.000  6.3543968000e-01  1.1647250180e-02 
1001.000  6.3909327600e-01  1.1590343480e-02 
1002.000  6.3844764600e-01  1.1396348000e-02 
1003.000  6.3092189100e-01  1.1291181560e-02 
1004.000  6.2548833900e-01  1.1280914310e-02 
1005.000  5.8434194400e-01  1.0571961400e-02 
1006.000  6.1483707600e-01  1.1129056930e-02 
1007.000  6.2608836100e-01  1.1289686200e-02 
1008.000  6.2898143200e-01  1.1194923400e-02 
1009.000  6.2547816700e-01  1.0952523230e-02 
1010.000  6.2766971800e-01  1.1056546210e-02 
1011.000  6.2395806200e-01  1.1169589040e-02 
1012.000  6.2399585800e-01  1.1236549380e-02 
1013.000  6.1938387500e-01  1.1205523490e-02 
1014.000  6.2328418400e-01  1.1334834100e-02 
1015.000  6.1176940400e-01  1.1166987420e-02 
1016.000  6.1563323000e-01  1.1302641870e-02 
1017.000  6.0950383100e-01  1.1233730320e-02 
1018.000  6.1756755400e-01  1.1392526630e-02 
1019.000  6.0369464700e-01  1.1100985530e-02 
1020.000  6.0234927200e-01  1.1055403710e-02 
1021.000  6.0817437300e-01  1.1127683640e-02 
1022.000  5.9933785500e-01  1.0797600750e-02 
1023.000  6.1110078200e-01  1.0856266980e-02 
1024.000  6.0815834300e-01  1.0680881500e-02 
1025.000  6.0744024500e-01  1.0704596520e-02 
1026.000  6.0790164000e-01  1.0745231630e-02 
1027.000  6.0434175900e-01  1.0709226610e-02 
1028.000  6.0567087400e-01  1.0803426740e-02 
1029.000  5.9622216500e-01  1.0735198020e-02 
1030.000  6.0196967700e-01  1.0947538380e-02 
1031.000  5.9994264600e-01  1.0992030140e-02 
1032.000  5.9772626400e-01  1.1004464150e-02 
1033.000  5.8670203900e-01  1.0774051670e-02 
1034.000  5.9283823900e-01  1.0864900590e-02 
1035.000  5.8645357900e-01  1.0743577960e-02 
1036.000  5.9414626400e-01  1.0830655100e-02 
1037.000  5.8162883100e-01  1.0572633740e-02 
1038.000  5.8734639700e-01  1.0646254540e-02 
1039.000  5.8985547500e-01  1.0653044700e-02 
1040.000  5.8296460800e-01  1.0492132190e-02 
1041.000  5.8609533800e-01  1.0513732910e-02 
1042.000  5.8786411300e-01  1.0514228820e-02 
1043.000  5.7773114100e-01  1.0303846360e-02 
1044.000  5.8354940200e-01  1.0374429700e-02 
1045.000  5.8121619100e-01  1.0371236800e-02 
1046.000  5.6442401600e-01  1.0120946880e-02 
1047.000  5.7493565400e-01  1.0358336450e-02 
1048.000  5.8082614400e-01  1.0515725140e-02 
1049.000  5.7726196200e-01  1.0503892900e-02 
1050.000  5.7399867100e-01  1.0487161640e-02 
1051.000  5.7432752600e-01  1.0461093900e-02 
1052.000  5.7182648300e-01  1.0370054240e-02 
1053.000  5.7210762100e-01  1.0347633360e-02 
1054.000  5.6651151700e-01  1.0187172890e-02 
1055.000  5.7095832400e-01  1.0213639260e-02 
1056.000  5.6967694000e-01  1.0143062590e-02 
1057.000  5.6925609800e-01  1.0089799880e-02 
1058.000  5.6429885200e-01  9.9379768370e-03 
1059.000  5.4649786600e-01  9.6477842330e-03 
1060.000  5.6569294500e-01  1.0047914510e-02 
1061.000  5.4599122100e-01  9.7051277160e-03 
1062.000  5.6175587900e-01  9.9530715940e-03 
1063.000  5.5249155000e-01  9.7576122280e-03 
1064.000  5.5991744400e-01  9.7943124770e-03 
1065.000  5.5982865200e-01  9.6859989170e-03 
1066.000  5.4262678100e-01  9.3393344880e-03 
1067.000  5.5580764100e-01  9.4966650010e-03 
1068.000  5.5446528800e-01  9.3299674990e-03 
1069.000  5.1311057200e-01  8.5715904240e-03 
1070.000  5.4342002700e-01  9.1238756180e-03 
1071.000  5.4483243500e-01  9.1321201320e-03 
1072.000  5.4719440200e-01  9.1576051710e-03 
1073.000  5.2928830000e-01  8.8848609920e-03 
1074.000  5.4776066200e-01  9.2411174770e-03 
1075.000  5.3001583400e-01  9.0469045640e-03 
1076.000  5.4215783000e-01  9.2188358310e-03 
1077.000  5.4157052800e-01  9.1588106160e-03 
1078.000  5.4369437800e-01  9.1364860530e-03 
1079.000  5.2286533300e-01  8.7900838850e-03 
1080.000  5.4026713200e-01  8.9157867430e-03 
1081.000  5.2048578100e-01  8.5759077070e-03 
1082.000  5.2632246500e-01  8.6972551350e-03 
1083.000  5.1304772700e-01  8.3416128160e-03 
1084.000  5.3366520000e-01  8.5343389510e-03 
1085.000  5.2906017400e-01  8.2110700610e-03 
1086.000  5.3540770700e-01  8.3072052000e-03 
1087.000  5.0013070600e-01  7.9446191790e-03 
1088.000  5.3034028500e-01  8.4941616060e-03 
1089.000  5.1312509200e-01  8.0054864880e-03 
1090.000  5.2485509400e-01  8.1929578780e-03 
1091.000  5.2765659800e-01  8.3416337970e-03 
1092.000  5.1690028900e-01  8.0997591020e-03 
1093.000  5.1377501600e-01  7.8282680510e-03 
1094.000  4.6876555100e-01  7.0062909130e-03 
1095.000  5.0716786500e-01  7.5528335570e-03 
1096.000  5.0790380500e-01  7.5376272200e-03 
1097.000  4.9869942600e-01  7.3015356060e-03 
1098.000  4.9774846200e-01  6.6861386300e-03 
1099.000  5.0223873300e-01  6.1981396680e-03 
1100.000  5.1065327400e-01  6.3362398150e-03 
1101.000  5.0907138800e-01  6.3853998180e-03 
1102.000  4.8815986300e-01  6.0840954780e-03 
1103.000  5.0719398600e-01  6.3625712390e-03 
1104.000  5.0394785500e-01  6.2307877540e-03 
1105.000  5.0430897600e-01  6.0199155810e-03 
1106.000  5.0119811300e-01  5.7864379880e-03 
1107.000  5.0030093000e-01  5.8121662140e-03 
1108.000  4.9846039300e-01  5.8093323710e-03 
1109.000  4.9977534200e-01  5.9711980820e-03 
1110.000  5.0233893500e-01  5.9494962690e-03 
1111.000  4.9630507400e-01  5.7697095870e-03 
1112.000  4.9189209000e-01  5.3243403430e-03 
1113.000  4.9016969000e-01  4.8351545330e-03 
1114.000  4.9547733400e-01  4.7324838640e-03 
1115.000  4.9048764500e-01  4.2366909980e-03 
1116.000  4.8428237100e-01  3.9544379710e-03 
1117.000  4.9002700400e-01  3.5676338670e-03 
1118.000  4.8489502300e-01  3.1969797610e-03 
1119.000  4.7133723700e-01  2.9670095440e-03 
1120.000  4.7228648100e-01  2.8380119800e-03 
1121.000  4.7529358800e-01  2.8297894000e-03 
1122.000  4.7308959100e-01  2.7140171530e-03 
1123.000  4.7531163000e-01  2.7788443570e-03 
1124.000  4.7622573100e-01  2.8217952250e-03 
1125.000  4.6630297600e-01  2.7429208760e-03 
1126.000  4.5738532000e-01  2.6830954550e-03 
1127.000  4.7287051600e-01  2.7832710740e-03 
1128.000  4.6422542600e-01  2.7508616450e-03 
1129.000  4.6711994300e-01  2.8882060050e-03 
1130.000  4.6803627700e-01  3.2666361330e-03 
1131.000  4.7316544300e-01  3.4295752050e-03 
1132.000  4.7416530100e-01  3.2594399450e-03 
1133.000  4.6191989100e-01  2.9095003600e-03 
1134.000  4.5652340900e-01  2.5555388930e-03 
1135.000  4.6250553500e-01  2.6074538230e-03 
1136.000  4.6442058000e-01  2.9650642870e-03 
1137.000  4.7121687400e-01  3.3031098840e-03 
1138.000  4.5515703000e-01  3.5333085060e-03 
1139.000  4.6536965000e-01  3.7688560490e-03 
1140.000  4.6659734700e-01  3.7043409350e-03 
1141.000  4.5310972600e-01  3.4689164160e-03 
1142.000  4.6537446400e-01  3.5095610620e-03 
1143.000  4.5699814900e-01  3.2923581600e-03 
1144.000  4.5372361100e-01  3.1125330920e-03 
1145.000  4.5634200000e-01  2.9302935600e-03 
1146.000  4.6102008500e-01  3.0031974320e-03 
1147.000  4.6335732500e-01  3.1821296220e-03 
1148.000  4.5895064900e-01  3.3136630060e-03 
1149.000  4.6042325900e-01  3.3986141680e-03 
1150.000  4.5846799700e-01  3.4042608740e-03 
1151.000  4.5712321000e-01  3.5241453650e-03 
1152.000  4.5626865800e-01  3.5847928520e-03 
1153.000  4.5547116900e-01  3.6762177940e-03 
1154.000  4.5895065600e-01  3.6992802620e-03 
1155.000  4.6052934300e-01  3.9186868670e-03 
1156.000  4.5428678200e-01  4.0967054370e-03 
1157.000  4.5854522700e-01  4.6910052300e-03 
1158.000  4.5861668700e-01  5.0076942440e-03 
1159.000  4.5213386700e-01  5.2466001510e-03 
1160.000  4.4638990300e-01  5.3239078520e-03 
1161.000  4.3676231600e-01  5.5377097130e-03 
1162.000  4.5257346900e-01  6.0151319500e-03 
1163.000  4.5445304500e-01  6.3575000760e-03 
1164.000  4.4522193300e-01  6.2927289010e-03 
1165.000  4.5381587900e-01  6.4691934590e-03 
1166.000  4.4204485300e-01  6.3828501700e-03 
1167.000  4.4921414300e-01  6.5389113430e-03 
1168.000  4.5314049500e-01  6.5851469040e-03 
1169.000  4.3747133800e-01  6.4075055120e-03 
1170.000  4.4923564700e-01  6.6243553160e-03 
1171.000  4.5131448900e-01  6.7573423390e-03 
1172.000  4.4990308000e-01  6.6804127690e-03 
1173.000  4.4676898700e-01  6.5820326810e-03 
1174.000  4.4699561200e-01  6.5905332570e-03 
1175.000  4.4176245300e-01  6.6649975780e-03 
1176.000  4.3109746200e-01  6.6447134020e-03 
1177.000  4.4440910600e-01  6.7812452320e-03 
1178.000  4.3690274300e-01  6.5322909360e-03 
1179.000  4.3494325500e-01  6.5042834280e-03 
1180.000  4.4104907300e-01  6.5474090580e-03 
1181.000  4.3879597500e-01  6.3916974070e-03 
1182.000  4.3935095300e-01  6.2741584780e-03 
1183.000  4.1384230900e-01  5.9177694320e-03 
1184.000  4.3249411600e-01  6.2474179270e-03 
1185.000  4.3821652300e-01  6.4956092830e-03 
1186.000  4.3560919200e-01  6.3993530270e-03 
1187.000  4.3576332200e-01  6.2224974630e-03 
1188.000  4.3352770100e-01  6.1314744950e-03 
1189.000  4.0816466200e-01  5.8435750010e-03 
1190.000  4.2823667600e-01  6.3611545560e-03 
1191.000  4.3491364500e-01  6.5035190580e-03 
1192.000  4.3254580500e-01  6.5499620440e-03 
1193.000  4.3271217600e-01  6.4840693470e-03 
1194.000  4.3189946800e-01  6.4481244090e-03 
1195.000  4.2705805300e-01  6.2670593260e-03 
1196.000  4.2678859700e-01  6.2831120490e-03 
1197.000  4.2667542900e-01  6.2313709260e-03 
1198.000  4.1234541400e-01  6.0141973500e-03 
1199.000  3.9702189200e-01  5.7324318890e-03 
1200.000  4.2205034000e-01  6.1322498320e-03 
1201.000  4.2507928200e-01  6.1964998250e-03 
1202.000  4.2589457200e-01  6.2366218570e-03 
1203.000  4.0510907900e-01  5.9111704830e-03 
1204.000  4.1182230500e-01  6.0448350910e-03 
1205.000  4.2137512000e-01  6.3822941780e-03 
1206.000  4.1881191000e-01  6.4365620610e-03 
1207.000  4.2162458800e-01  6.5193958280e-03 
1208.000  4.1548679700e-01  6.3945722580e-03 
1209.000  3.8952816700e-01  5.9484810830e-03 
1210.000  4.1680519500e-01  6.2840623860e-03 
1211.000  4.0288210500e-01  6.0690188410e-03 
1212.000  4.1549627300e-01  6.2941365240e-03 
1213.000  4.1703193800e-01  6.4119319920e-03 
1214.000  4.1524729500e-01  6.3884239200e-03 
1215.000  4.1667372900e-01  6.4569149020e-03 
1216.000  4.1544205300e-01  6.5871934890e-03 
1217.000  4.1457829600e-01  6.6954932210e-03 
1218.000  4.1312808100e-01  6.7239575390e-03 
1219.000  4.0926220400e-01  6.6885399820e-03 
1220.000  4.1201328300e-01  6.7235531810e-03 
1221.000  4.1116003000e-01  6.7105169300e-03 
1222.000  4.0888243700e-01  6.6659088130e-03 
1223.000  4.0688133700e-01  6.6622695920e-03 
1224.000  4.0982199100e-01  6.8073296550e-03 
1225.000  4.0749860000e-01  6.8032274250e-03 
1226.000  4.0882708200e-01  6.8691692350e-03 
1227.000  3.9479862400e-01  6.6937952040e-03 
1228.000  4.0689710200e-01  6.9715094570e-03 
1229.000  4.0622089500e-01  7.0098385810e-03 
1230.000  4.0459241500e-01  7.0398144720e-03 
1231.000  4.0446016500e-01  7.0727143290e-03 
1232.000  3.9986155300e-01  7.0083289150e-03 
1233.000  4.0298080500e-01  7.0745191570e-03 
1234.000  4.0151387800e-01  7.1223797800e-03 
1235.000  3.9864225600e-01  7.0938129430e-03 
1236.000  4.0090076100e-01  7.1438035960e-03 
1237.000  4.0079512200e-01  7.1646847720e-03 
1238.000  4.0051084900e-01  7.1658706670e-03 
1239.000  3.9592783000e-01  7.0856356620e-03 
1240.000  3.9415073100e-01  7.0972533230e-03 
1241.000  3.9775871400e-01  7.2024083140e-03 
1242.000  3.9554014000e-01  7.1997051240e-03 
1243.000  3.9121030000e-01  7.1592350010e-03 
1244.000  3.8786186500e-01  7.1253948210e-03 
1245.000  3.9464130000e-01  7.2702717780e-03 
1246.000  3.9170771900e-01  7.1693391800e-03 
1247.000  3.8992051200e-01  7.0881171230e-03 
1248.000  3.9308821300e-01  7.0968184470e-03 
1249.000  3.9175757300e-01  7.0332975390e-03 
1250.000  3.9036331100e-01  6.9613494870e-03 
1251.000  3.8783216400e-01  6.8815317150e-03 
1252.000  3.8683525100e-01  6.8268241880e-03 
1253.000  3.8381162000e-01  6.7348327640e-03 
1254.000  3.8513810300e-01  6.6915550230e-03 
1255.000  3.8472690570e-01  6.6373767850e-03 
1256.000  3.8413282910e-01  6.5873312950e-03 
1257.000  3.8001844020e-01  6.4277477260e-03 
1258.000  3.8201086900e-01  6.3188614850e-03 
1259.000  3.7811540130e-01  6.1333847050e-03 
1260.000  3.7893197340e-01  6.0202050210e-03 
1261.000  3.7848469630e-01  5.8852438930e-03 
1262.000  3.7038664370e-01  5.6064572330e-03 
1263.000  3.7487898250e-01  5.6630802150e-03 
1264.000  3.6904235760e-01  5.5786352160e-03 
1265.000  3.6971480870e-01  5.6057472230e-03 
1266.000  3.7210264550e-01  5.6228728290e-03 
1267.000  3.6513387440e-01  5.4969038960e-03 
1268.000  3.6153828620e-01  5.4108576770e-03 
1269.000  3.6492265220e-01  5.4473299980e-03 
1270.000  3.6893291030e-01  5.6288208960e-03 
1271.000  3.7098111250e-01  5.7197537420e-03 
1272.000  3.6988410660e-01  5.7628097530e-03 
1273.000  3.6956582180e-01  5.8236851690e-03 
1274.000  3.6735858830e-01  5.8559608460e-03 
1275.000  3.6952042870e-01  5.9140119550e-03 
1276.000  3.7011360340e-01  5.9289851190e-03 
1277.000  3.6983728880e-01  5.9164690970e-03 
1278.000  3.6877691030e-01  5.8873181340e-03 
1279.000  3.6630827190e-01  5.8691067700e-03 
1280.000  3.6414498630e-01  5.9276151660e-03 
1281.000  3.5375942970e-01  5.8473906520e-03 
1282.000  3.1414525960e-01  5.2716598510e-03 
1283.000  3.4476857130e-01  5.8483381270e-03 
1284.000  3.5899551760e-01  6.1330261230e-03 
1285.000  3.6162793210e-01  6.1973257060e-03 
1286.000  3.6150974770e-01  6.1621112820e-03 
1287.000  3.6372085000e-01  6.1430211070e-03 
1288.000  3.6144064830e-01  5.9222350120e-03 
1289.000  3.6359516380e-01  5.9028377530e-03 
1290.000  3.5526420060e-01  5.7489528660e-03 
1291.000  3.6012716250e-01  5.8046002390e-03 
1292.000  3.6163016450e-01  5.8445806500e-03 
1293.000  3.6195343140e-01  5.8064870830e-03 
1294.000  3.5620857950e-01  5.5933094020e-03 
1295.000  3.6004365900e-01  5.5037899020e-03 
1296.000  3.6030860430e-01  5.3992028240e-03 
1297.000  3.5808721830e-01  5.3038549420e-03 
1298.000  3.5488805700e-01  5.2617731090e-03 
1299.000  3.5845121110e-01  5.3180751800e-03 
1300.000  3.5701178240e-01  5.3008461000e-03 
1301.000  3.5644293550e-01  5.2740440370e-03 
1302.000  3.5187072340e-01  5.1188368800e-03 
1303.000  3.4998163020e-01  4.9126386640e-03 
1304.000  3.5020906390e-01  4.8225193020e-03 
1305.000  3.5236653220e-01  4.7989130020e-03 
1306.000  3.5270150700e-01  4.7454357150e-03 
1307.000  3.5166040670e-01  4.6929454800e-03 
1308.000  3.5136123240e-01  4.6051726340e-03 
1309.000  3.5104782110e-01  4.4816040990e-03 
1310.000  3.4959059670e-01  4.4606723790e-03 
1311.000  3.4851926000e-01  4.4536862370e-03 
1312.000  3.4743379950e-01  4.2967486380e-03 
1313.000  3.3460176500e-01  3.9643633370e-03 
1314.000  3.4504657270e-01  3.9399230480e-03 
1315.000  3.3342851210e-01  3.8784525390e-03 
1316.000  3.4118486080e-01  4.0793356900e-03 
1317.000  3.4485554630e-01  4.1235556600e-03 
1318.000  3.3997575470e-01  3.8826856610e-03 
1319.000  3.4463322550e-01  3.7020225520e-03 
1320.000  3.4208927220e-01  3.4385795590e-03 
1321.000  3.4058673000e-01  3.3399720190e-03 
1322.000  3.3990648580e-01  3.4618813990e-03 
1323.000  3.4065868160e-01  3.6205112930e-03 
1324.000  3.4083926120e-01  3.7123405930e-03 
1325.000  3.3975011200e-01  3.6365058420e-03 
1326.000  3.3816139570e-01  3.4617688660e-03 
1327.000  3.3546120310e-01  3.1297376160e-03 
1328.000  3.3634702950e-01  2.8700897690e-03 
1329.000  3.2407146810e-01  2.3778097630e-03 
1330.000  3.2914598690e-01  2.2837057110e-03 
1331.000  3.3061181610e-01  2.2173466680e-03 
1332.000  3.2306596760e-01  2.1882276540e-03 
1333.000  3.3160394980e-01  2.3145384790e-03 
1334.000  3.3201839810e-01  2.4117684360e-03 
1335.000  3.3230381580e-01  2.4847245220e-03 
1336.000  3.2870620710e-01  2.4811882970e-03 
1337.000  3.2977054130e-01  2.4925880430e-03 
1338.000  3.2952692620e-01  2.5434422490e-03 
1339.000  3.2598626480e-01  2.5180504320e-03 
1340.000  3.2364628900e-01  2.5444128510e-03 
1341.000  3.2853120180e-01  2.5214314460e-03 
1342.000  3.2772751680e-01  2.5217070580e-03 
1343.000  3.2769881520e-01  2.3350555900e-03 
1344.000  3.2620120840e-01  2.1732568740e-03 
1345.000  3.2370200450e-01  1.8924385310e-03 
1346.000  3.1853077470e-01  1.7486355300e-03 
1347.000  3.1913672220e-01  1.6992520090e-03 
1348.000  3.1555951370e-01  1.6279664040e-03 
1349.000  3.1341751870e-01  1.5951030250e-03 
1350.000  3.0701956880e-01  1.5201747420e-03 
1351.000  3.0485163880e-01  1.4818030600e-03 
1352.000  3.0540929840e-01  1.4434281590e-03 
1353.000  2.9955682550e-01  1.3667801620e-03 
1354.000  2.9593934920e-01  1.3221039770e-03 
1355.000  2.9029954920e-01  1.2665221690e-03 
1356.000  2.8602555910e-01  1.2148808240e-03 
1357.000  2.7932686170e-01  1.1460367440e-03 
1358.000  2.7972457280e-01  1.1044858690e-03 
1359.000  2.7200822590e-01  1.0009472370e-03 
1360.000  2.6204046290e-01  9.1830676790e-04 
1361.000  2.6423820810e-01  8.9597755670e-04 
1362.000  2.6197462600e-01  8.7982350590e-04 
1363.000  2.6223746200e-01  9.2665749790e-04 
1364.000  2.6750763320e-01  9.6079981330e-04 
1365.000  2.6737100860e-01  9.6875727180e-04 
1366.000  2.6924888540e-01  9.9330514670e-04 
1367.000  2.6429898280e-01  9.5225906370e-04 
1368.000  2.6432301210e-01  9.3117588760e-04 
1369.000  2.5956055460e-01  9.1944688560e-04 
1370.000  2.6507199600e-01  9.9217063190e-04 
1371.000  2.7285169100e-01  1.0945611000e-03 
1372.000  2.8368943840e-01  1.2142760750e-03 
1373.000  2.8779249870e-01  1.2787103650e-03 
1374.000  2.9108006620e-01  1.3182055950e-03 
1375.000  2.8698940610e-01  1.3107266430e-03 
1376.000  2.8270069020e-01  1.2827841040e-03 
1377.000  2.8527985320e-01  1.2765227560e-03 
1378.000  2.8038161090e-01  1.2207366230e-03 
1379.000  2.7852766820e-01  1.1621303560e-03 
1380.000  2.6853980950e-01  1.0513023140e-03 
1381.000  2.6248603430e-01  9.6053552630e-04 
1382.000  2.5434215040e-01  8.9395856860e-04 
1383.000  2.5656740000e-01  8.9752000570e-04 
1384.000  2.6226348000e-01  9.7287547590e-04 
1385.000  2.6434652950e-01  1.0235466960e-03 
1386.000  2.7232486460e-01  1.1053682570e-03 
1387.000  2.7622727330e-01  1.1975859400e-03 
1388.000  2.8201767640e-01  1.2577813860e-03 
1389.000  2.8426269220e-01  1.2829912900e-03 
1390.000  2.7925043570e-01  1.2648761270e-03 
1391.000  2.8198659030e-01  1.2648671870e-03 
1392.000  2.7754584270e-01  1.2088162900e-03 
1393.000  2.7300248940e-01  1.1541882750e-03 
1394.000  2.6695097030e-01  1.0961312060e-03 
1395.000  2.6825181220e-01  1.1160588260e-03 
1396.000  2.7418094770e-01  1.1798441410e-03 
1397.000  2.7724841330e-01  1.2243839500e-03 
1398.000  2.7745984170e-01  1.2288832660e-03 
1399.000  2.7564651860e-01  1.2102011440e-03 
1400.000  2.6764311870e-01  1.1698021890e-03 
1401.000  2.6885533030e-01  1.1783493760e-03 
1402.000  2.7541959110e-01  1.2314980030e-03 
1403.000  2.7471999590e-01  1.2430282830e-03 
1404.000  2.7263760220e-01  1.2249022720e-03 
1405.000  2.7280300380e-01  1.2268189190e-03 
1406.000  2.7241902010e-01  1.2138004300e-03 
1407.000  2.7268939210e-01  1.2141922710e-03 
1408.000  2.7353130290e-01  1.2410831450e-03 
1409.000  2.7644639780e-01  1.2709014420e-03 
1410.000  2.7763778270e-01  1.3051534890e-03 
1411.000  2.7970897850e-01  1.3355414870e-03 
1412.000  2.6877929080e-01  1.2814170120e-03 
1413.000  2.7396975330e-01  1.3129717110e-03 
1414.000  2.7755263100e-01  1.3225231170e-03 
1415.000  2.7739172230e-01  1.3334221840e-03 
1416.000  2.7688279690e-01  1.3416632410e-03 
1417.000  2.7890403410e-01  1.3499400620e-03 
1418.000  2.7901277180e-01  1.3490674500e-03 
1419.000  2.7503911470e-01  1.3279873130e-03 
1420.000  2.7443547170e-01  1.3272873160e-03 
1421.000  2.7899017800e-01  1.3671582940e-03 
1422.000  2.7275631370e-01  1.3439304830e-03 
1423.000  2.7109586500e-01  1.3362392190e-03 
1424.000  2.7134088930e-01  1.3322325940e-03 
1425.000  2.7657671480e-01  1.3457189800e-03 
1426.000  2.6538539640e-01  1.2885260580e-03 
1427.000  2.6952619950e-01  1.3158442970e-03 
1428.000  2.7537622290e-01  1.3497543330e-03 
1429.000  2.6891789710e-01  1.3256164790e-03 
1430.000  2.6307661230e-01  1.2904070620e-03 
1431.000  2.6247366180e-01  1.2606548070e-03 
1432.000  2.6724504770e-01  1.2674161200e-03 
1433.000  2.6738085890e-01  1.2634761330e-03 
1434.000  2.6199201610e-01  1.2282198670e-03 
1435.000  2.6518844980e-01  1.2549253700e-03 
1436.000  2.6522422580e-01  1.2581212520e-03 
1437.000  2.6627193840e-01  1.2626417880e-03 
1438.000  2.6562399560e-01  1.2755874400e-03 
1439.000  2.6876445950e-01  1.2896497250e-03 
1440.000  2.5212782890e-01  1.2143766880e-03 
1441.000  2.6483302900e-01  1.2758040430e-03 
1442.000  2.5866705910e-01  1.2349363570e-03 
1443.000  2.6296237010e-01  1.2513452770e-03 
1444.000  2.6424111590e-01  1.2598323820e-03 
1445.000  2.6344357560e-01  1.2536556720e-03 
1446.000  2.6627154000e-01  1.2779258490e-03 
1447.000  2.6505427660e-01  1.2831801180e-03 
1448.000  2.6708072060e-01  1.2911329270e-03 
1449.000  2.6697447690e-01  1.2758650780e-03 
1450.000  2.6517816870e-01  1.2464008330e-03 
1451.000  2.6346838670e-01  1.2400320770e-03 
1452.000  2.6022444730e-01  1.2489087580e-03 
1453.000  2.6517733310e-01  1.3293248410e-03 
1454.000  2.6620790310e-01  1.4153239730e-03 
1455.000  2.6284084320e-01  1.4576143030e-03 
1456.000  2.6272071410e-01  1.5252780910e-03 
1457.000  2.6523983120e-01  1.5441269870e-03 
1458.000  2.6886668280e-01  1.5762780900e-03 
1459.000  2.6986561430e-01  1.5193240640e-03 
1460.000  2.6527426230e-01  1.4419062140e-03 
1461.000  2.6469464690e-01  1.4074761870e-03 
1462.000  2.6180389810e-01  1.3266619440e-03 
1463.000  2.6005823270e-01  1.3116045000e-03 
1464.000  2.5988715930e-01  1.2886512280e-03 
1465.000  2.6289236480e-01  1.2614358660e-03 
1466.000  2.5663113890e-01  1.1875437500e-03 
1467.000  2.6278222320e-01  1.1865092520e-03 
1468.000  2.5631521210e-01  1.1287002560e-03 
1469.000  2.5914174540e-01  1.1041930910e-03 
1470.000  2.5764703380e-01  1.0821990970e-03 
1471.000  2.5357271650e-01  1.0929689410e-03 
1472.000  2.5510505840e-01  1.1501661540e-03 
1473.000  2.5734970410e-01  1.2583333250e-03 
1474.000  2.5026426310e-01  1.3163428310e-03 
1475.000  2.5558539140e-01  1.3398892880e-03 
1476.000  2.5598962880e-01  1.3365144730e-03 
1477.000  2.5674085460e-01  1.3033080100e-03 
1478.000  2.5302737890e-01  1.2494971750e-03 
1479.000  2.5592614060e-01  1.2182959320e-03 
1480.000  2.5732853440e-01  1.2461491820e-03 
1481.000  2.5349224480e-01  1.2710040810e-03 
1482.000  2.5664824090e-01  1.3437519070e-03 
1483.000  2.5136227550e-01  1.3295372720e-03 
1484.000  2.5368559280e-01  1.3444566730e-03 
1485.000  2.5851485710e-01  1.3584843870e-03 
1486.000  2.5425493620e-01  1.3935918810e-03 
1487.000  2.5454582320e-01  1.5198874470e-03 
1488.000  2.2252404110e-01  1.3407541510e-03 
1489.000  2.5550477420e-01  1.7269598250e-03 
1490.000  2.5609946000e-01  1.9131006000e-03 
1491.000  2.5864509120e-01  2.0650916100e-03 
1492.000  2.5263518180e-01  2.0411169530e-03 
1493.000  2.5831239480e-01  2.1830868720e-03 
1494.000  2.5733136030e-01  2.1834259030e-03 
1495.000  2.5553081140e-01  2.2537922860e-03 
1496.000  2.4797421790e-01  2.3355147840e-03 
1497.000  2.5379827360e-01  2.3812210560e-03 
1498.000  2.5636893360e-01  2.5446546080e-03 
1499.000  2.5205697700e-01  2.6289634700e-03 
1500.000  2.5635548070e-01  2.7663128380e-03 
1501.000  2.5598943750e-01  2.7099905010e-03 
1502.000  2.5401210750e-01  2.6197276120e-03 
1503.000  2.2808821900e-01  2.3010540010e-03 
1504.000  2.3763217430e-01  2.4178745750e-03 
1505.000  2.3689393570e-01  2.5269711020e-03 
1506.000  2.4008785850e-01  2.5895326140e-03 
1507.000  2.5109918480e-01  2.8235719200e-03 
1508.000  2.4717855680e-01  2.8496775630e-03 
1509.000  2.4824631670e-01  2.9404573440e-03 
1510.000  2.5208236740e-01  3.0262510780e-03 
1511.000  2.5322870540e-01  3.1042432790e-03 
1512.000  2.4847512110e-01  3.0915019510e-03 
1513.000  2.4805925630e-01  3.1255302430e-03 
1514.000  2.4466381480e-01  3.1045758720e-03 
1515.000  2.4947166600e-01  3.1843841080e-03 
1516.000  2.4715669370e-01  3.1233289240e-03 
1517.000  2.4569287710e-01  3.0870044230e-03 
1518.000  2.5022123070e-01  3.1539874080e-03 
1519.000  2.4650798500e-01  3.1237256530e-03 
1520.000  2.4802452120e-01  3.2176880840e-03 
1521.000  2.4330038600e-01  3.2522296910e-03 
1522.000  2.4187645820e-01  3.2824471000e-03 
1523.000  2.4776402500e-01  3.4288163190e-03 
1524.000  2.4600529970e-01  3.4360945220e-03 
1525.000  2.4052312890e-01  3.3719234470e-03 
1526.000  2.4729821100e-01  3.4430873390e-03 
1527.000  2.4462544540e-01  3.4013867380e-03 
1528.000  2.4610866970e-01  3.4260258670e-03 
1529.000  2.4532989980e-01  3.3852732180e-03 
1530.000  2.2949881250e-01  3.1640138630e-03 
1531.000  2.4522314840e-01  3.3486673830e-03 
1532.000  2.4365019230e-01  3.2975983620e-03 
1533.000  2.4241932660e-01  3.2395324710e-03 
1534.000  2.3856681210e-01  3.1457750800e-03 
1535.000  2.3918113290e-01  3.1122050290e-03 
1536.000  2.4237949270e-01  3.1891427040e-03 
1537.000  2.4294218600e-01  3.2477760310e-03 
1538.000  2.3609781140e-01  3.2086970810e-03 
1539.000  2.4092552710e-01  3.3251709940e-03 
1540.000  2.3209751830e-01  3.2445151810e-03 
1541.000  2.3685980540e-01  3.3125526910e-03 
1542.000  2.3826819860e-01  3.3223652840e-03 
1543.000  2.3738175390e-01  3.3083825110e-03 
1544.000  2.4006665900e-01  3.3490955830e-03 
1545.000  2.4046790590e-01  3.3669247630e-03 
1546.000  2.4026144300e-01  3.3923642640e-03 
1547.000  2.3760941460e-01  3.3818886280e-03 
1548.000  2.3040442710e-01  3.3037593360e-03 
1549.000  2.3630967170e-01  3.4034531120e-03 
1550.000  2.3499772950e-01  3.3970561030e-03 
1551.000  2.3376749710e-01  3.3649709220e-03 
1552.000  2.3774111550e-01  3.3945579530e-03 
1553.000  2.3639972780e-01  3.3534681800e-03 
1554.000  2.2773805470e-01  3.2034268380e-03 
1555.000  2.3139055790e-01  3.2362556460e-03 
1556.000  2.2688550730e-01  3.1951971050e-03 
1557.000  2.3425054300e-01  3.3542876240e-03 
1558.000  2.3245614250e-01  3.3754718300e-03 
1559.000  2.3256722490e-01  3.4217100140e-03 
1560.000  2.2855116550e-01  3.4124321940e-03 
1561.000  2.3398875440e-01  3.5034933090e-03 
1562.000  2.3406385990e-01  3.4716856480e-03 
1563.000  2.3072462370e-01  3.3970131870e-03 
1564.000  2.2638136500e-01  3.2991764550e-03 
1565.000  2.3029481880e-01  3.3153266910e-03 
1566.000  2.2593111700e-01  3.2544801240e-03 
1567.000  2.2658382060e-01  3.2666819100e-03 
1568.000  2.2277488440e-01  3.2019214630e-03 
1569.000  2.2460337520e-01  3.2142689230e-03 
1570.000  2.1956617420e-01  3.1409189700e-03 
1571.000  2.2544941350e-01  3.2523040770e-03 
1572.000  2.2565217670e-01  3.2651047710e-03 
1573.000  2.2187582980e-01  3.2396028040e-03 
1574.000  2.2209734570e-01  3.2807576660e-03 
1575.000  2.0597785260e-01  3.0710439680e-03 
1576.000  2.2128842770e-01  3.2989606860e-03 
1577.000  1.9972754160e-01  2.9378538130e-03 
1578.000  2.1844390160e-01  3.1700415610e-03 
1579.000  2.1937780020e-01  3.1462690830e-03 
1580.000  2.2328340410e-01  3.1739759450e-03 
1581.000  2.2180276800e-01  3.1145145890e-03 
1582.000  2.1670512560e-01  3.0737555030e-03 
1583.000  2.1879399000e-01  3.1328797340e-03 
1584.000  2.1633160950e-01  3.1273632050e-03 
1585.000  2.2235527380e-01  3.2385635380e-03 
1586.000  2.1956234930e-01  3.2064237590e-03 
1587.000  2.1688670220e-01  3.1925888060e-03 
1588.000  2.1341747870e-01  3.1644749640e-03 
1589.000  1.9520467330e-01  2.9022057060e-03 
1590.000  2.1035734660e-01  3.1366384030e-03 
1591.000  2.0564393840e-01  3.0784080030e-03 
1592.000  2.1655085070e-01  3.2481224540e-03 
1593.000  2.2146859960e-01  3.3239414690e-03 
1594.000  2.1991417890e-01  3.3019177910e-03 
1595.000  2.2137919690e-01  3.3245422840e-03 
1596.000  2.0737365270e-01  3.1289284230e-03 
1597.000  2.1583141090e-01  3.2497134210e-03 
1598.000  2.1990456030e-01  3.2956163880e-03 
1599.000  2.1254298220e-01  3.1649849410e-03 
1600.000  2.1608524680e-01  3.2049939630e-03 
1601.000  2.0698887620e-01  3.0857028960e-03 
1602.000  2.1228204800e-01  3.2010223870e-03 
1603.000  2.1067185200e-01  3.2303521630e-03 
1604.000  2.1325894830e-01  3.3305823800e-03 
1605.000  2.1010598660e-01  3.3225543500e-03 
1606.000  2.0925051720e-01  3.3521280290e-03 
1607.000  2.1013009710e-01  3.3283293250e-03 
1608.000  2.1252429270e-01  3.3291893010e-03 
1609.000  2.1170724450e-01  3.2859025000e-03 
1610.000  1.9849688270e-01  3.0559039120e-03 
1611.000  2.0420325420e-01  3.1347861290e-03 
1612.000  2.0594929080e-01  3.1540470120e-03 
1613.000  2.1034491690e-01  3.2119925020e-03 
1614.000  2.0828052960e-01  3.1470017430e-03 
1615.000  2.1154457820e-01  3.1812884810e-03 
1616.000  1.9820362950e-01  2.9639449120e-03 
1617.000  2.0391616270e-01  3.0947926040e-03 
1618.000  2.1026976070e-01  3.2182426450e-03 
1619.000  2.0952599650e-01  3.2538552280e-03 
1620.000  2.0417532680e-01  3.2161035540e-03 
1621.000  2.0111464650e-01  3.2063267230e-03 
1622.000  2.0617681320e-01  3.2925796510e-03 
1623.000  2.1030497990e-01  3.3729972840e-03 
1624.000  2.1175836470e-01  3.4059605600e-03 
1625.000  2.0644050290e-01  3.3457770350e-03 
1626.000  2.0897182070e-01  3.3766603470e-03 
1627.000  2.0870222230e-01  3.3923811910e-03 
1628.000  2.1037933380e-01  3.4307172300e-03 
1629.000  2.1034887370e-01  3.4395122530e-03 
1630.000  2.0463797910e-01  3.3482272620e-03 
1631.000  2.0783860200e-01  3.4128603940e-03 
1632.000  2.0789105990e-01  3.3553519250e-03 
1633.000  2.0521557640e-01  3.2686934470e-03 
1634.000  2.0041354920e-01  3.1460049150e-03 
1635.000  2.0578693840e-01  3.1897108550e-03 
1636.000  2.0524257290e-01  3.1340446470e-03 
1637.000  1.9610492740e-01  2.9519717690e-03 
1638.000  1.9467185120e-01  2.8967154030e-03 
1639.000  1.9273177610e-01  2.8204748630e-03 
1640.000  1.9388795930e-01  2.7986359600e-03 
1641.000  1.9268805980e-01  2.7552709580e-03 
1642.000  1.9244789150e-01  2.8220784660e-03 
1643.000  1.9739417490e-01  2.9617369170e-03 
1644.000  1.9433940410e-01  2.9801218510e-03 
1645.000  1.9477258250e-01  3.0473470690e-03 
1646.000  1.9711360750e-01  3.1418416500e-03 
1647.000  1.9896437670e-01  3.1667733190e-03 
1648.000  1.9819574770e-01  3.1428911690e-03 
1649.000  1.9366803660e-01  3.0653240680e-03 
1650.000  1.9857558600e-01  3.1395030020e-03 
1651.000  1.9410144930e-01  3.0653464790e-03 
1652.000  1.9797533650e-01  3.1215355400e-03 
1653.000  1.9575230710e-01  3.0932264330e-03 
1654.000  1.9794871550e-01  3.1292250160e-03 
1655.000  1.9398109100e-01  3.0759267810e-03 
1656.000  1.9770681450e-01  3.1409645080e-03 
1657.000  1.9627379300e-01  3.1175186630e-03 
1658.000  1.9733431960e-01  3.1417124270e-03 
1659.000  1.9369952110e-01  3.0839288230e-03 
1660.000  1.9606321960e-01  3.1138112550e-03 
1661.000  1.9683286180e-01  3.1054759030e-03 
1662.000  1.9551026490e-01  3.0187969210e-03 
1663.000  1.9427960920e-01  2.9416170120e-03 
1664.000  1.9345736950e-01  2.8702659610e-03 
1665.000  1.9148176350e-01  2.7817745210e-03 
1666.000  1.9054973700e-01  2.7578172680e-03 
1667.000  1.9207235840e-01  2.8384962080e-03 
1668.000  1.8881807550e-01  2.8310031890e-03 
1669.000  1.8912037180e-01  2.8837661740e-03 
1670.000  1.9319278030e-01  2.9946711060e-03 
1671.000  1.9171765530e-01  3.0241153240e-03 
1672.000  1.8263668900e-01  2.9409852030e-03 
1673.000  1.8801704340e-01  3.0786561970e-03 
1674.000  1.8889089500e-01  3.1478152280e-03 
1675.000  1.8714079550e-01  3.1797852520e-03 
1676.000  1.8415963920e-01  3.1487190720e-03 
1677.000  1.8504478630e-01  3.1601727010e-03 
1678.000  1.8591350430e-01  3.1779863830e-03 
1679.000  1.8344084920e-01  3.1277298930e-03 
1680.000  1.7703208630e-01  3.0198609830e-03 
1681.000  1.7082677200e-01  2.9140272140e-03 
1682.000  1.7575984440e-01  2.9948630330e-03 
1683.000  1.8015320900e-01  3.0624709130e-03 
1684.000  1.8351419110e-01  3.1131415370e-03 
1685.000  1.8423305820e-01  3.1076707840e-03 
1686.000  1.8201023750e-01  3.0552566050e-03 
1687.000  1.8302638580e-01  3.0307016370e-03 
1688.000  1.8336826190e-01  2.9999113080e-03 
1689.000  1.8115823640e-01  2.9443702700e-03 
1690.000  1.8132145370e-01  2.9081568720e-03 
1691.000  1.8369433760e-01  2.9557740690e-03 
1692.000  1.8402864570e-01  2.9793205260e-03 
1693.000  1.8332911820e-01  2.9895658490e-03 
1694.000  1.8305173980e-01  3.0034067630e-03 
1695.000  1.8326089710e-01  3.0131642820e-03 
1696.000  1.8218915820e-01  2.9567110540e-03 
1697.000  1.8114857390e-01  2.8891842370e-03 
1698.000  1.8224176680e-01  2.8595159050e-03 
1699.000  1.8106410730e-01  2.7977526190e-03 
1700.000  1.7874298450e-01  2.7212629320e-03 
