 lambda   Irr_dw            Rad_up 
 550.000  1.5574086000e+00  7.6696151730e-02 
 551.000  1.5470977800e+00  7.6028724670e-02 
 552.000  1.6131168000e+00  7.9213851930e-02 
 553.000  1.5493682400e+00  7.5902084350e-02 
 554.000  1.5994310900e+00  7.8274505620e-02 
 555.000  1.6033991400e+00  7.8255470280e-02 
 556.000  1.5587302500e+00  7.5871231080e-02 
 557.000  1.5120915800e+00  7.3532478330e-02 
 558.000  1.5691459000e+00  7.6102058410e-02 
 559.000  1.4828516100e+00  7.1779838560e-02 
 560.000  1.4891039200e+00  7.2007728580e-02 
 561.000  1.6363695200e+00  7.8908401490e-02 
 562.000  1.5022224600e+00  7.2334182740e-02 
 563.000  1.5715657900e+00  7.5467430110e-02 
 564.000  1.5495132800e+00  7.4147094730e-02 
 565.000  1.5682802000e+00  7.4944404600e-02 
 566.000  1.4460027300e+00  6.8911491390e-02 
 567.000  1.5523979000e+00  7.3651794430e-02 
 568.000  1.5529686200e+00  7.3022315980e-02 
 569.000  1.5315355700e+00  7.0822486880e-02 
 570.000  1.5380627400e+00  7.1114479060e-02 
 571.000  1.4769914600e+00  6.8888793950e-02 
 572.000  1.5679527800e+00  7.2383102420e-02 
 573.000  1.5828121700e+00  7.3179313660e-02 
 574.000  1.5737211800e+00  7.2690086360e-02 
 575.000  1.5358337800e+00  7.0773941040e-02 
 576.000  1.5081718300e+00  6.9394310000e-02 
 577.000  1.5688981700e+00  7.2228843690e-02 
 578.000  1.5203623700e+00  7.0287506100e-02 
 579.000  1.5065120400e+00  6.9703460690e-02 
 580.000  1.5564166500e+00  7.2235084530e-02 
 581.000  1.5252366800e+00  7.0947586060e-02 
 582.000  1.5462109000e+00  7.1838897710e-02 
 583.000  1.5561186700e+00  7.2336044310e-02 
 584.000  1.5504392600e+00  7.1902259830e-02 
 585.000  1.5398035000e+00  7.1263908390e-02 
 586.000  1.4733080900e+00  6.8132164000e-02 
 587.000  1.5339918900e+00  7.0388275150e-02 
 588.000  1.5321183700e+00  6.8914634700e-02 
 589.000  1.3774333900e+00  6.0341564180e-02 
 590.000  1.4394195100e+00  6.2936378480e-02 
 591.000  1.5148239100e+00  6.7209625240e-02 
 592.000  1.4934049300e+00  6.5514183040e-02 
 593.000  1.4926447400e+00  6.6616470340e-02 
 594.000  1.5099473600e+00  6.7043548580e-02 
 595.000  1.4925693100e+00  6.5299263000e-02 
 596.000  1.5128135400e+00  6.7399620060e-02 
 597.000  1.5208679900e+00  6.7290832520e-02 
 598.000  1.4828783800e+00  6.6107215880e-02 
 599.000  1.4803813100e+00  6.6155380250e-02 
 600.000  1.4744639300e+00  6.6368026730e-02 
 601.000  1.4620108500e+00  6.6155517580e-02 
 602.000  1.4445111500e+00  6.5382743840e-02 
 603.000  1.4517450900e+00  6.5827461240e-02 
 604.000  1.4964531500e+00  6.7994644170e-02 
 605.000  1.4920109600e+00  6.7663253780e-02 
 606.000  1.4744850100e+00  6.6894538880e-02 
 607.000  1.4660028900e+00  6.6408988950e-02 
 608.000  1.4604920600e+00  6.6032386780e-02 
 609.000  1.4454043100e+00  6.5307540890e-02 
 610.000  1.4221497100e+00  6.4135955810e-02 
 611.000  1.4451495000e+00  6.5117538450e-02 
 612.000  1.4262802200e+00  6.4220214840e-02 
 613.000  1.4054010800e+00  6.3172702790e-02 
 614.000  1.3541609100e+00  6.0841518400e-02 
 615.000  1.4195538000e+00  6.3635196690e-02 
 616.000  1.3497303700e+00  6.0486286160e-02 
 617.000  1.3574169300e+00  6.0775516510e-02 
 618.000  1.4215630500e+00  6.3475585940e-02 
 619.000  1.4087151600e+00  6.2904014590e-02 
 620.000  1.4297375600e+00  6.3666419980e-02 
 621.000  1.4546243400e+00  6.4712654110e-02 
 622.000  1.3782169500e+00  6.1197780610e-02 
 623.000  1.3894424800e+00  6.1483116150e-02 
 624.000  1.3913760800e+00  6.1578575130e-02 
 625.000  1.3541139900e+00  5.9869853970e-02 
 626.000  1.3620420700e+00  5.9968833920e-02 
 627.000  1.3905265300e+00  6.0633544920e-02 
 628.000  1.3970388400e+00  5.9249732970e-02 
 629.000  1.4179737200e+00  6.0809185030e-02 
 630.000  1.3670741700e+00  5.8993286130e-02 
 631.000  1.4129060900e+00  6.1120563510e-02 
 632.000  1.3182643100e+00  5.6778064730e-02 
 633.000  1.4084727100e+00  6.1082324980e-02 
 634.000  1.3638472800e+00  5.9309772490e-02 
 635.000  1.3883598600e+00  6.0387466430e-02 
 636.000  1.3380812900e+00  5.8280979160e-02 
 637.000  1.3814134700e+00  6.0222232820e-02 
 638.000  1.4001551000e+00  6.1214973450e-02 
 639.000  1.3882973700e+00  6.0551567080e-02 
 640.000  1.3433089600e+00  5.8824367520e-02 
 641.000  1.3625538600e+00  5.9612361910e-02 
 642.000  1.3451856400e+00  5.8882064820e-02 
 643.000  1.3703869000e+00  5.9773487090e-02 
 644.000  1.3545858100e+00  5.8958957670e-02 
 645.000  1.3688165600e+00  5.9388450620e-02 
 646.000  1.3265740400e+00  5.6548263550e-02 
 647.000  1.3518522600e+00  5.6957298280e-02 
 648.000  1.3574209200e+00  5.6668743130e-02 
 649.000  1.3774307200e+00  5.7834972380e-02 
 650.000  1.2640529300e+00  5.4017341610e-02 
 651.000  1.3617308700e+00  5.8149700160e-02 
 652.000  1.3471549800e+00  5.6597179410e-02 
 653.000  1.3608197000e+00  5.8162506100e-02 
 654.000  1.3445703600e+00  5.7191688540e-02 
 655.000  1.3139310800e+00  5.5463222500e-02 
 656.000  1.1141879100e+00  4.7083835600e-02 
 657.000  1.1869286600e+00  5.0314174650e-02 
 658.000  1.3176923600e+00  5.6263641360e-02 
 659.000  1.3183424400e+00  5.6436737060e-02 
 660.000  1.3276297600e+00  5.6914611820e-02 
 661.000  1.3302287600e+00  5.7334205630e-02 
 662.000  1.3479165600e+00  5.8207454680e-02 
 663.000  1.3333348500e+00  5.7453880310e-02 
 664.000  1.3116389800e+00  5.6525726320e-02 
 665.000  1.3169756500e+00  5.6737701420e-02 
 666.000  1.3322586000e+00  5.7508071900e-02 
 667.000  1.3054145400e+00  5.6263031010e-02 
 668.000  1.3122768800e+00  5.6664272310e-02 
 669.000  1.3308973400e+00  5.7500438690e-02 
 670.000  1.3148521200e+00  5.6663436890e-02 
 671.000  1.3007533600e+00  5.6058334350e-02 
 672.000  1.2964490000e+00  5.5823413850e-02 
 673.000  1.3056567500e+00  5.6155704500e-02 
 674.000  1.3081252100e+00  5.6238719940e-02 
 675.000  1.2880725300e+00  5.5294445040e-02 
 676.000  1.3123291200e+00  5.6314392090e-02 
 677.000  1.2861560000e+00  5.5177227020e-02 
 678.000  1.3073608300e+00  5.6018898010e-02 
 679.000  1.2889332900e+00  5.5127151490e-02 
 680.000  1.2794773300e+00  5.4660820010e-02 
 681.000  1.2814602300e+00  5.4642368320e-02 
 682.000  1.2790121800e+00  5.4414768220e-02 
 683.000  1.2877023000e+00  5.4663642880e-02 
 684.000  1.2654689900e+00  5.3656250000e-02 
 685.000  1.2791585300e+00  5.4191696170e-02 
 686.000  1.2259057700e+00  5.1516311650e-02 
 687.000  1.2268108700e+00  4.7105674740e-02 
 688.000  1.2277319600e+00  4.8257713320e-02 
 689.000  1.2312687300e+00  4.8117748260e-02 
 690.000  1.2372256200e+00  4.8945144650e-02 
 691.000  1.2422105800e+00  4.9940456390e-02 
 692.000  1.2347481000e+00  5.0052200320e-02 
 693.000  1.2429276700e+00  4.9522880550e-02 
 694.000  1.2565850100e+00  4.9378334050e-02 
 695.000  1.2335761500e+00  4.8879760740e-02 
 696.000  1.2473891100e+00  4.9681526180e-02 
 697.000  1.2463290000e+00  5.1278453830e-02 
 698.000  1.2240213200e+00  4.9914337160e-02 
 699.000  1.2498806400e+00  4.9594532010e-02 
 700.000  1.2349197600e+00  4.9160831450e-02 
 701.000  1.2079857000e+00  4.7742084500e-02 
 702.000  1.2017652800e+00  4.7680404660e-02 
 703.000  1.2163725300e+00  4.9287815090e-02 
 704.000  1.2198822900e+00  4.9482440950e-02 
 705.000  1.2303790500e+00  4.9403144840e-02 
 706.000  1.2172269900e+00  4.8948493960e-02 
 707.000  1.1986017000e+00  4.8353557590e-02 
 708.000  1.2330936000e+00  4.9920272830e-02 
 709.000  1.1885709600e+00  4.8458057400e-02 
 710.000  1.2168333900e+00  4.9114604950e-02 
 711.000  1.2038278100e+00  4.8971328740e-02 
 712.000  1.1863831200e+00  4.8648097990e-02 
 713.000  1.1819816100e+00  4.8117988590e-02 
 714.000  1.2022943300e+00  4.8755149840e-02 
 715.000  1.1611692600e+00  4.6569164280e-02 
 716.000  1.1922883800e+00  4.7291591640e-02 
 717.000  1.1626038600e+00  4.3643142700e-02 
 718.000  1.1564430000e+00  4.1961975100e-02 
 719.000  1.1431269500e+00  4.0891628270e-02 
 720.000  1.1514612500e+00  4.0523921970e-02 
 721.000  1.1497967800e+00  4.3674068450e-02 
 722.000  1.1658393800e+00  4.5391185760e-02 
 723.000  1.1635153300e+00  4.4542282100e-02 
 724.000  1.1705763000e+00  4.2862236020e-02 
 725.000  1.1577952100e+00  4.2641639710e-02 
 726.000  1.1556686400e+00  4.2459911350e-02 
 727.000  1.1727667900e+00  4.3279922490e-02 
 728.000  1.1526114800e+00  4.2272731780e-02 
 729.000  1.1067997600e+00  4.1222343440e-02 
 730.000  1.1476897200e+00  4.2606414790e-02 
 731.000  1.1287683400e+00  4.1819618230e-02 
 732.000  1.1498954000e+00  4.3741233830e-02 
 733.000  1.1320209100e+00  4.4314125060e-02 
 734.000  1.1552407600e+00  4.5815780640e-02 
 735.000  1.1460216200e+00  4.5167572020e-02 
 736.000  1.1249797100e+00  4.3937381740e-02 
 737.000  1.1395795800e+00  4.4752555850e-02 
 738.000  1.1361182600e+00  4.5037559510e-02 
 739.000  1.0992242200e+00  4.3786094670e-02 
 740.000  1.1092071000e+00  4.4614746090e-02 
 741.000  1.1001347600e+00  4.4594440460e-02 
 742.000  1.0819346400e+00  4.3986591340e-02 
 743.000  1.1134086800e+00  4.5573589320e-02 
 744.000  1.1238426200e+00  4.6147243500e-02 
 745.000  1.0944883700e+00  4.5076488490e-02 
 746.000  1.1096256000e+00  4.5744762420e-02 
 747.000  1.1262498100e+00  4.6399860380e-02 
 748.000  1.1060046700e+00  4.5575698850e-02 
 749.000  1.1061960100e+00  4.5601509090e-02 
 750.000  1.0900397800e+00  4.4843135830e-02 
 751.000  1.0872304200e+00  4.4708744050e-02 
 752.000  1.1036957600e+00  4.5436332700e-02 
 753.000  1.0932458600e+00  4.5006351470e-02 
 754.000  1.1103586600e+00  4.5702766420e-02 
 755.000  1.1039860500e+00  4.5422473910e-02 
 756.000  1.0823685200e+00  4.4516403200e-02 
 757.000  1.0903618500e+00  4.4827583310e-02 
 758.000  1.0892265500e+00  4.4683368680e-02 
 759.000  1.0479554600e+00  4.0733680730e-02 
 760.000  8.2433655700e-01  2.2313777920e-02 
 761.000  7.9438181000e-01  2.0568233490e-02 
 762.000  9.2671177000e-01  3.0161315920e-02 
 763.000  9.1181761800e-01  2.7769052510e-02 
 764.000  9.3522014900e-01  2.9407920840e-02 
 765.000  9.8156235000e-01  3.3319171910e-02 
 766.000  9.7328024000e-01  3.5931270600e-02 
 767.000  1.0031923100e+00  3.8425216670e-02 
 768.000  1.0521610400e+00  4.1398239140e-02 
 769.000  1.0536348300e+00  4.2305839540e-02 
 770.000  1.0509553700e+00  4.2645339970e-02 
 771.000  1.0524262000e+00  4.2952342990e-02 
 772.000  1.0485222200e+00  4.2836925510e-02 
 773.000  1.0442028800e+00  4.2664634700e-02 
 774.000  1.0552201900e+00  4.3124237060e-02 
 775.000  1.0154737300e+00  4.1495628360e-02 
 776.000  1.0572186200e+00  4.3231239320e-02 
 777.000  1.0498954000e+00  4.2896385190e-02 
 778.000  1.0443418200e+00  4.2611801150e-02 
 779.000  1.0478164400e+00  4.2683605190e-02 
 780.000  1.0349314800e+00  4.2160121920e-02 
 781.000  1.0330672600e+00  4.2074745180e-02 
 782.000  1.0456093500e+00  4.2501934050e-02 
 783.000  1.0212512700e+00  4.1578304290e-02 
 784.000  1.0271621200e+00  4.1757770540e-02 
 785.000  1.0305411000e+00  4.1673934940e-02 
 786.000  1.0136648200e+00  4.0823001860e-02 
 787.000  1.0305620100e+00  4.1008926390e-02 
 788.000  1.0160800300e+00  4.0248081210e-02 
 789.000  1.0252216400e+00  3.9951683040e-02 
 790.000  1.0151669100e+00  3.9460319520e-02 
 791.000  1.0094267600e+00  3.9351711270e-02 
 792.000  9.9295565000e-01  3.8751377110e-02 
 793.000  9.9084027000e-01  3.8892166140e-02 
 794.000  9.7812378200e-01  3.8970073700e-02 
 795.000  9.7441694100e-01  3.8353111270e-02 
 796.000  9.9514285300e-01  3.8420265200e-02 
 797.000  1.0002824300e+00  3.8852245330e-02 
 798.000  9.9825062500e-01  3.9272361760e-02 
 799.000  9.9807472300e-01  3.9081619260e-02 
 800.000  9.7389620400e-01  3.7733341220e-02 
 801.000  9.9192360500e-01  3.8460811610e-02 
 802.000  9.9015113400e-01  3.8304019930e-02 
 803.000  9.7583109500e-01  3.7807182310e-02 
 804.000  9.8382539500e-01  3.8328060150e-02 
 805.000  9.5535103200e-01  3.7574092860e-02 
 806.000  9.8028955000e-01  3.8722564700e-02 
 807.000  9.7422539800e-01  3.8511737820e-02 
 808.000  9.6907115300e-01  3.8127883910e-02 
 809.000  9.5326739200e-01  3.7323600770e-02 
 810.000  9.4961917600e-01  3.6977336880e-02 
 811.000  9.6605112700e-01  3.7285511020e-02 
 812.000  9.6429028100e-01  3.6854431150e-02 
 813.000  9.6175972900e-01  3.6246101380e-02 
 814.000  9.6239200200e-01  3.5783695220e-02 
 815.000  9.5417041300e-01  3.4884086610e-02 
 816.000  9.4808212500e-01  3.3948547360e-02 
 817.000  9.5367802300e-01  3.4163032530e-02 
 818.000  9.4766307800e-01  3.3925254820e-02 
 819.000  9.2150585000e-01  3.3264747620e-02 
 820.000  9.0185418700e-01  3.3304981230e-02 
 821.000  9.2966791800e-01  3.5249622340e-02 
 822.000  9.0503880200e-01  3.3520328520e-02 
 823.000  9.2126345800e-01  3.2364505770e-02 
 824.000  9.3185726700e-01  3.4241233830e-02 
 825.000  9.2793623900e-01  3.5338642120e-02 
 826.000  9.3424142500e-01  3.5314582820e-02 
 827.000  9.3158623300e-01  3.5032733920e-02 
 828.000  9.3146146700e-01  3.4272956850e-02 
 829.000  9.3038664500e-01  3.4455562590e-02 
 830.000  9.1490690300e-01  3.4174114230e-02 
 831.000  8.9867129000e-01  3.3621364590e-02 
 832.000  9.1697514500e-01  3.4306697850e-02 
 833.000  8.8800398000e-01  3.3472831730e-02 
 834.000  9.0049151700e-01  3.4158901210e-02 
 835.000  9.0043173700e-01  3.4479740140e-02 
 836.000  9.1156892700e-01  3.4882167820e-02 
 837.000  9.0412548200e-01  3.4542682650e-02 
 838.000  9.0635083500e-01  3.4867580410e-02 
 839.000  8.7740732500e-01  3.3857223510e-02 
 840.000  9.0063764000e-01  3.4746093750e-02 
 841.000  9.0395519900e-01  3.4701828000e-02 
 842.000  8.9746826500e-01  3.4557563780e-02 
 843.000  8.8922984400e-01  3.4667030330e-02 
 844.000  8.7352976300e-01  3.4227191930e-02 
 845.000  8.8630934400e-01  3.4803241730e-02 
 846.000  8.9366462400e-01  3.5230331420e-02 
 847.000  8.6226267000e-01  3.4141334530e-02 
 848.000  8.8877099200e-01  3.4985309600e-02 
 849.000  8.9028705500e-01  3.5138053890e-02 
 850.000  7.7023936400e-01  3.0257005690e-02 
 851.000  8.8312444000e-01  3.4549461360e-02 
 852.000  8.4959328000e-01  3.3295127870e-02 
 853.000  8.5829346600e-01  3.3701564790e-02 
 854.000  6.9010022700e-01  2.7119373320e-02 
 855.000  7.5913894300e-01  2.9935853960e-02 
 856.000  8.6007764600e-01  3.3979034420e-02 
 857.000  8.7319093400e-01  3.4644325260e-02 
 858.000  8.5889672700e-01  3.4081489560e-02 
 859.000  8.5802342800e-01  3.4113552090e-02 
 860.000  8.4997381100e-01  3.3877441410e-02 
 861.000  8.4982227400e-01  3.3854774480e-02 
 862.000  8.4681036500e-01  3.3687770840e-02 
 863.000  8.6299186200e-01  3.4418697360e-02 
 864.000  8.6111474200e-01  3.4221477510e-02 
 865.000  8.4495825000e-01  3.3696254730e-02 
 866.000  7.0873421500e-01  2.8302366260e-02 
 867.000  7.5477147400e-01  2.9960462570e-02 
 868.000  8.1858835500e-01  3.2570125580e-02 
 869.000  8.0708033700e-01  3.2102901460e-02 
 870.000  8.4042660600e-01  3.3528186800e-02 
 871.000  8.3922282500e-01  3.3415592190e-02 
 872.000  8.3575803400e-01  3.3079570770e-02 
 873.000  8.3924226200e-01  3.3317924500e-02 
 874.000  8.2092640900e-01  3.2512203220e-02 
 875.000  8.1341352600e-01  3.2334808350e-02 
 876.000  8.2037872700e-01  3.2528965000e-02 
 877.000  8.3684966800e-01  3.3043849950e-02 
 878.000  8.2307669500e-01  3.2541812900e-02 
 879.000  8.2503358900e-01  3.2661048890e-02 
 880.000  8.2077874900e-01  3.2311897280e-02 
 881.000  7.7839044800e-01  3.0667898180e-02 
 882.000  8.2166736600e-01  3.2190101620e-02 
 883.000  8.0267893800e-01  3.1605970380e-02 
 884.000  8.0941031800e-01  3.2050548550e-02 
 885.000  8.1876459300e-01  3.1985834120e-02 
 886.000  7.9325384600e-01  3.0987909320e-02 
 887.000  7.8417029100e-01  3.0628257750e-02 
 888.000  8.0774100300e-01  3.1381076810e-02 
 889.000  8.1286028600e-01  3.1826623920e-02 
 890.000  8.1102677900e-01  3.1657884600e-02 
 891.000  8.0798738800e-01  3.1304973600e-02 
 892.000  8.0734122500e-01  3.1016675950e-02 
 893.000  7.8174014900e-01  2.9175924300e-02 
 894.000  8.1016831800e-01  2.9952239990e-02 
 895.000  7.7516622500e-01  2.7962533950e-02 
 896.000  8.0593860200e-01  2.8219518660e-02 
 897.000  7.8737588400e-01  2.7016700740e-02 
 898.000  7.8872946800e-01  2.6673526760e-02 
 899.000  7.8801845200e-01  2.5738157270e-02 
 900.000  7.6833835000e-01  2.5115568160e-02 
 901.000  7.5187797800e-01  2.4390813830e-02 
 902.000  7.3803800700e-01  2.3981145860e-02 
 903.000  7.7414570100e-01  2.6493944170e-02 
 904.000  7.8852401100e-01  2.7831048970e-02 
 905.000  7.8642740700e-01  2.7960304260e-02 
 906.000  7.6560437900e-01  2.6683845520e-02 
 907.000  7.7857133200e-01  2.6117454530e-02 
 908.000  7.5952588200e-01  2.4807792660e-02 
 909.000  7.4462417900e-01  2.4325927730e-02 
 910.000  7.5343242700e-01  2.4694116590e-02 
 911.000  7.5143336600e-01  2.5164983750e-02 
 912.000  7.5305859100e-01  2.4822547910e-02 
 913.000  7.7068356800e-01  2.4615203860e-02 
 914.000  7.6572453800e-01  2.4809618000e-02 
 915.000  7.5308462400e-01  2.4885078430e-02 
 916.000  7.6144239300e-01  2.5187358860e-02 
 917.000  7.4952183100e-01  2.4950695040e-02 
 918.000  7.4571722300e-01  2.5056152340e-02 
 919.000  7.5555276700e-01  2.6507339480e-02 
 920.000  7.4834349500e-01  2.6642803190e-02 
 921.000  7.3196076700e-01  2.5906122210e-02 
 922.000  7.2541985100e-01  2.5746139530e-02 
 923.000  6.9500243400e-01  2.4199340820e-02 
 924.000  7.2440269300e-01  2.5076793670e-02 
 925.000  7.3401909200e-01  2.5306945800e-02 
 926.000  7.0781485300e-01  2.4253797530e-02 
 927.000  7.3418019500e-01  2.4892454150e-02 
 928.000  7.3869768800e-01  2.4192344670e-02 
 929.000  7.2837861200e-01  2.2787794110e-02 
 930.000  7.2654471300e-01  2.1592514040e-02 
 931.000  7.2624226300e-01  2.0675260540e-02 
 932.000  7.1912423000e-01  1.9473398210e-02 
 933.000  7.2107949400e-01  1.8908601760e-02 
 934.000  7.1476148800e-01  1.8189432140e-02 
 935.000  7.0416914200e-01  1.7864824300e-02 
 936.000  6.9910186300e-01  1.7934192660e-02 
 937.000  7.1470451600e-01  1.8282396320e-02 
 938.000  7.0720921900e-01  1.8718879700e-02 
 939.000  7.1349013100e-01  2.0893583300e-02 
 940.000  7.0984759700e-01  2.1180109020e-02 
 941.000  6.9370875800e-01  2.0380794530e-02 
 942.000  6.6715846200e-01  1.8926740650e-02 
 943.000  7.0294294500e-01  1.8930614470e-02 
 944.000  6.8362070900e-01  1.8338333130e-02 
 945.000  6.9017115600e-01  1.8838798520e-02 
 946.000  6.9952931100e-01  1.9115846630e-02 
 947.000  6.9530151500e-01  1.9324234010e-02 
 948.000  6.9950394300e-01  1.9637819290e-02 
 949.000  7.0171935100e-01  1.9680654530e-02 
 950.000  6.9709347900e-01  1.9601997380e-02 
 951.000  6.9295792200e-01  1.9950551990e-02 
 952.000  6.9287948000e-01  1.9463489530e-02 
 953.000  6.9096901700e-01  1.9760240550e-02 
 954.000  6.8429556800e-01  1.9976825710e-02 
 955.000  6.3916673800e-01  1.8368541720e-02 
 956.000  6.8184108300e-01  1.9545547490e-02 
 957.000  6.8149099700e-01  2.0651100160e-02 
 958.000  6.8674427400e-01  2.0995971680e-02 
 959.000  6.8939654600e-01  2.0872379300e-02 
 960.000  6.8288220100e-01  2.0622344970e-02 
 961.000  6.7555641200e-01  2.0299167630e-02 
 962.000  6.7891758100e-01  2.0492937090e-02 
 963.000  6.7751570800e-01  2.1193477630e-02 
 964.000  6.6976419400e-01  2.1066505430e-02 
 965.000  6.7794997800e-01  2.1245548250e-02 
 966.000  6.5837821800e-01  2.0677032470e-02 
 967.000  6.7795863200e-01  2.1913524630e-02 
 968.000  6.7048756000e-01  2.2705150600e-02 
 969.000  6.7457984500e-01  2.3296335220e-02 
 970.000  6.7641497600e-01  2.3380256650e-02 
 971.000  6.7042595700e-01  2.3152809140e-02 
 972.000  6.7517326100e-01  2.3170867920e-02 
 973.000  6.6893474300e-01  2.2650304790e-02 
 974.000  6.5867817200e-01  2.1940088270e-02 
 975.000  6.6197037400e-01  2.1803663250e-02 
 976.000  6.6998311500e-01  2.2345520020e-02 
 977.000  6.5299773300e-01  2.2217308040e-02 
 978.000  6.6914801000e-01  2.2727094650e-02 
 979.000  6.4970178200e-01  2.2180362700e-02 
 980.000  6.5887038400e-01  2.2966239930e-02 
 981.000  6.6335543200e-01  2.3239830020e-02 
 982.000  6.6192241100e-01  2.3074293140e-02 
 983.000  6.6012969000e-01  2.3284124370e-02 
 984.000  6.5570947800e-01  2.3434700010e-02 
 985.000  6.5539640300e-01  2.3613021850e-02 
 986.000  6.5004882700e-01  2.3689992900e-02 
 987.000  6.5743879200e-01  2.4084793090e-02 
 988.000  6.4933148100e-01  2.3811069490e-02 
 989.000  6.4108699800e-01  2.3519800190e-02 
 990.000  6.4655114500e-01  2.3744424820e-02 
 991.000  6.5179441100e-01  2.4028341290e-02 
 992.000  6.4576193800e-01  2.3809885030e-02 
 993.000  6.4571399800e-01  2.3789587020e-02 
 994.000  6.4895319300e-01  2.3979948040e-02 
 995.000  6.4413122500e-01  2.3863885880e-02 
 996.000  6.4400588500e-01  2.3825780870e-02 
 997.000  6.4473299200e-01  2.3759542470e-02 
 998.000  6.4237333500e-01  2.3591373440e-02 
 999.000  6.4080138900e-01  2.3478998180e-02 
1000.000  6.3568556100e-01  2.3277429580e-02 
1001.000  6.3932404800e-01  2.3283319470e-02 
1002.000  6.3869422800e-01  2.3071886060e-02 
1003.000  6.3116499400e-01  2.2833763120e-02 
1004.000  6.2573288300e-01  2.2731018070e-02 
1005.000  5.8458300700e-01  2.1274137500e-02 
1006.000  6.1506441000e-01  2.2392660140e-02 
1007.000  6.2633381300e-01  2.2760179520e-02 
1008.000  6.2922116700e-01  2.2715156560e-02 
1009.000  6.2571506000e-01  2.2406452180e-02 
1010.000  6.2790877100e-01  2.2555191040e-02 
1011.000  6.2419065100e-01  2.2610198970e-02 
1012.000  6.2422701100e-01  2.2685358050e-02 
1013.000  6.1961299200e-01  2.2576801300e-02 
1014.000  6.2351598900e-01  2.2775306700e-02 
1015.000  6.1199644300e-01  2.2391742710e-02 
1016.000  6.1585890500e-01  2.2595664980e-02 
1017.000  6.0972766900e-01  2.2405420300e-02 
1018.000  6.1779298300e-01  2.2710208890e-02 
1019.000  6.0391754500e-01  2.2155218120e-02 
1020.000  6.0256681500e-01  2.2095899580e-02 
1021.000  6.0838834600e-01  2.2293504710e-02 
1022.000  5.9955540400e-01  2.1810026170e-02 
1023.000  6.1132320700e-01  2.2095632550e-02 
1024.000  6.0837821000e-01  2.1878931050e-02 
1025.000  6.0765809300e-01  2.1911161420e-02 
1026.000  6.0812188100e-01  2.1968288420e-02 
1027.000  6.0455940900e-01  2.1855346680e-02 
1028.000  6.0589240400e-01  2.1966718670e-02 
1029.000  5.9643200000e-01  2.1715623860e-02 
1030.000  6.0218309700e-01  2.2031808850e-02 
1031.000  6.0015359800e-01  2.2034370420e-02 
1032.000  5.9794253700e-01  2.2003757480e-02 
1033.000  5.8690348800e-01  2.1577556610e-02 
1034.000  5.9305102900e-01  2.1794979100e-02 
1035.000  5.8665132200e-01  2.1557558060e-02 
1036.000  5.9435241800e-01  2.1792108540e-02 
1037.000  5.8182503700e-01  2.1309276580e-02 
1038.000  5.8754201900e-01  2.1494997020e-02 
1039.000  5.9005717800e-01  2.1552507400e-02 
1040.000  5.8316214900e-01  2.1269382480e-02 
1041.000  5.8629520200e-01  2.1354818340e-02 
1042.000  5.8806275000e-01  2.1394514080e-02 
1043.000  5.7792699000e-01  2.1002870560e-02 
1044.000  5.8374649300e-01  2.1187309270e-02 
1045.000  5.8141099100e-01  2.1131645200e-02 
1046.000  5.6461261000e-01  2.0560810090e-02 
1047.000  5.7512701700e-01  2.0982587810e-02 
1048.000  5.8101822000e-01  2.1238132480e-02 
1049.000  5.7745162000e-01  2.1150196080e-02 
1050.000  5.7418730700e-01  2.1060400010e-02 
1051.000  5.7451547700e-01  2.1042720790e-02 
1052.000  5.7201295300e-01  2.0911001210e-02 
1053.000  5.7229355700e-01  2.0896406170e-02 
1054.000  5.6669489500e-01  2.0640689850e-02 
1055.000  5.7114275400e-01  2.0753110890e-02 
1056.000  5.6986053800e-01  2.0663698200e-02 
1057.000  5.6943887600e-01  2.0598640440e-02 
1058.000  5.6447971600e-01  2.0344203950e-02 
1059.000  5.4667224400e-01  1.9724548340e-02 
1060.000  5.6587259000e-01  2.0481317520e-02 
1061.000  5.4616409400e-01  1.9772312160e-02 
1062.000  5.6193327300e-01  2.0302911760e-02 
1063.000  5.5266542600e-01  1.9939058300e-02 
1064.000  5.6009311200e-01  2.0117153170e-02 
1065.000  5.6000419200e-01  2.0013603210e-02 
1066.000  5.4279665400e-01  1.9360378270e-02 
1067.000  5.5598122800e-01  1.9774652480e-02 
1068.000  5.5463963100e-01  1.9589092250e-02 
1069.000  5.1327057700e-01  1.8069335940e-02 
1070.000  5.4359105400e-01  1.9178625110e-02 
1071.000  5.4500004700e-01  1.9208309170e-02 
1072.000  5.4736288800e-01  1.9272924420e-02 
1073.000  5.2945132600e-01  1.8665727620e-02 
1074.000  5.4793088800e-01  1.9360876080e-02 
1075.000  5.3018075300e-01  1.8838788990e-02 
1076.000  5.4231817600e-01  1.9235282900e-02 
1077.000  5.4173298600e-01  1.9164665220e-02 
1078.000  5.4385899300e-01  1.9181940080e-02 
1079.000  5.2302296700e-01  1.8452156070e-02 
1080.000  5.4043035500e-01  1.8900583270e-02 
1081.000  5.2064652000e-01  1.8192754750e-02 
1082.000  5.2648337100e-01  1.8427333830e-02 
1083.000  5.1320194500e-01  1.7831781390e-02 
1084.000  5.3382885900e-01  1.8411848070e-02 
1085.000  5.2921984500e-01  1.8009704590e-02 
1086.000  5.3556852900e-01  1.8228408810e-02 
1087.000  5.0027799500e-01  1.7213190080e-02 
1088.000  5.3049705000e-01  1.8307891850e-02 
1089.000  5.1327489500e-01  1.7487369540e-02 
1090.000  5.2500941600e-01  1.7878248210e-02 
1091.000  5.2781368200e-01  1.8067739490e-02 
1092.000  5.1705162800e-01  1.7618932720e-02 
1093.000  5.1391962500e-01  1.7282714840e-02 
1094.000  4.6890108000e-01  1.5638704300e-02 
1095.000  5.0731599300e-01  1.6901027680e-02 
1096.000  5.0804975700e-01  1.6908964160e-02 
1097.000  4.9884464900e-01  1.6509901050e-02 
1098.000  4.9789308300e-01  1.5868726730e-02 
1099.000  5.0238256000e-01  1.5465166090e-02 
1100.000  5.1079582400e-01  1.5758769040e-02 
1101.000  5.0921396700e-01  1.5778225900e-02 
1102.000  4.8829279900e-01  1.5090134620e-02 
1103.000  5.0733337400e-01  1.5718829150e-02 
1104.000  5.0408798300e-01  1.5526066780e-02 
1105.000  5.0444790700e-01  1.5321140290e-02 
1106.000  5.0133750300e-01  1.5028132440e-02 
1107.000  5.0043849500e-01  1.5037447930e-02 
1108.000  4.9859886900e-01  1.5001088140e-02 
1109.000  4.9991486800e-01  1.5188068390e-02 
1110.000  5.0248016700e-01  1.5215608600e-02 
1111.000  4.9644307500e-01  1.4926394460e-02 
1112.000  4.9202866800e-01  1.4401448250e-02 
1113.000  4.9030289700e-01  1.3878260610e-02 
1114.000  4.9561165400e-01  1.3879994390e-02 
1115.000  4.9061923600e-01  1.3275634770e-02 
1116.000  4.8441063600e-01  1.2861138340e-02 
1117.000  4.9015449200e-01  1.2513361930e-02 
1118.000  4.8501890500e-01  1.1975718500e-02 
1119.000  4.7145166800e-01  1.1459287640e-02 
1120.000  4.7240228300e-01  1.1277803420e-02 
1121.000  4.7540704800e-01  1.1306458470e-02 
1122.000  4.7320070000e-01  1.1052912710e-02 
1123.000  4.7542424100e-01  1.1219240190e-02 
1124.000  4.7634132700e-01  1.1317035680e-02 
1125.000  4.6641617900e-01  1.1042646410e-02 
1126.000  4.5749402300e-01  1.0815591810e-02 
1127.000  4.7298182600e-01  1.1196359630e-02 
1128.000  4.6433486900e-01  1.1020845410e-02 
1129.000  4.6723403100e-01  1.1291357990e-02 
1130.000  4.6815360600e-01  1.1843059540e-02 
1131.000  4.7328559600e-01  1.2136914250e-02 
1132.000  4.7428422700e-01  1.1934678080e-02 
1133.000  4.6203045700e-01  1.1246507640e-02 
1134.000  4.5662731300e-01  1.0509545330e-02 
1135.000  4.6260977900e-01  1.0690386770e-02 
1136.000  4.6453242000e-01  1.1355945590e-02 
1137.000  4.7133430600e-01  1.1918778420e-02 
1138.000  4.5527160500e-01  1.1924754140e-02 
1139.000  4.6548935000e-01  1.2352523800e-02 
1140.000  4.6671579100e-01  1.2297371860e-02 
1141.000  4.5322296400e-01  1.1780734060e-02 
1142.000  4.6548962700e-01  1.2036654470e-02 
1143.000  4.5710869400e-01  1.1634640690e-02 
1144.000  4.5383205100e-01  1.1354211810e-02 
1145.000  4.5645015200e-01  1.1154164310e-02 
1146.000  4.6112653400e-01  1.1325737000e-02 
1147.000  4.6346679300e-01  1.1596442220e-02 
1148.000  4.5905942700e-01  1.1685210230e-02 
1149.000  4.6053371200e-01  1.1806427000e-02 
1150.000  4.5857898000e-01  1.1770392420e-02 
1151.000  4.5723299200e-01  1.1876630780e-02 
1152.000  4.5637913600e-01  1.1925468440e-02 
1153.000  4.5558272700e-01  1.2009611130e-02 
1154.000  4.5906049100e-01  1.2084808350e-02 
1155.000  4.6064102800e-01  1.2343891140e-02 
1156.000  4.5439775200e-01  1.2423068050e-02 
1157.000  4.5865863700e-01  1.3114509580e-02 
1158.000  4.5873139600e-01  1.3426014900e-02 
1159.000  4.5224493000e-01  1.3536178590e-02 
1160.000  4.4649973600e-01  1.3502247810e-02 
1161.000  4.3687041100e-01  1.3534129140e-02 
1162.000  4.5268597200e-01  1.4297146800e-02 
1163.000  4.5456514100e-01  1.4674649240e-02 
1164.000  4.4533264900e-01  1.4441006660e-02 
1165.000  4.5392766100e-01  1.4772494320e-02 
1166.000  4.4215278100e-01  1.4470057490e-02 
1167.000  4.4932461400e-01  1.4756175990e-02 
1168.000  4.5325166300e-01  1.4872609140e-02 
1169.000  4.3757835200e-01  1.4407757760e-02 
1170.000  4.4934585500e-01  1.4838866230e-02 
1171.000  4.5142495400e-01  1.5007496830e-02 
1172.000  4.5001117200e-01  1.4900021550e-02 
1173.000  4.4687709200e-01  1.4739403720e-02 
1174.000  4.4710312600e-01  1.4748403550e-02 
1175.000  4.4186938400e-01  1.4725626950e-02 
1176.000  4.3120226200e-01  1.4507507320e-02 
1177.000  4.4451540400e-01  1.4882913590e-02 
1178.000  4.3700646300e-01  1.4492125510e-02 
1179.000  4.3504722700e-01  1.4424938200e-02 
1180.000  4.4115396600e-01  1.4574335100e-02 
1181.000  4.3889970300e-01  1.4373678210e-02 
1182.000  4.3945516000e-01  1.4262275700e-02 
1183.000  4.1393958100e-01  1.3442250250e-02 
1184.000  4.3259621000e-01  1.4112209320e-02 
1185.000  4.3832030500e-01  1.4467377660e-02 
1186.000  4.3571042800e-01  1.4322772980e-02 
1187.000  4.3586585700e-01  1.4144907000e-02 
1188.000  4.3362833200e-01  1.4014947890e-02 
1189.000  4.0826028100e-01  1.3273135190e-02 
1190.000  4.2833607500e-01  1.4166659360e-02 
1191.000  4.3501623200e-01  1.4435189250e-02 
1192.000  4.3264724500e-01  1.4442622180e-02 
1193.000  4.3281391300e-01  1.4383755680e-02 
1194.000  4.3199884700e-01  1.4330326080e-02 
1195.000  4.2715665900e-01  1.4055495260e-02 
1196.000  4.2688686700e-01  1.4062014580e-02 
1197.000  4.2677433700e-01  1.4002806660e-02 
1198.000  4.1243966700e-01  1.3519821170e-02 
1199.000  3.9711267300e-01  1.2953527450e-02 
1200.000  4.2214610200e-01  1.3805173870e-02 
1201.000  4.2517420800e-01  1.3920979500e-02 
1202.000  4.2598973200e-01  1.3967130660e-02 
1203.000  4.0519903100e-01  1.3256673810e-02 
1204.000  4.1191344400e-01  1.3506527900e-02 
1205.000  4.2146843200e-01  1.4017185210e-02 
1206.000  4.1890412500e-01  1.4024340630e-02 
1207.000  4.2171738400e-01  1.4156845090e-02 
1208.000  4.1557833600e-01  1.3920367240e-02 
1209.000  3.8961383400e-01  1.3003135680e-02 
1210.000  4.1689713700e-01  1.3833498000e-02 
1211.000  4.0297069800e-01  1.3362283710e-02 
1212.000  4.1558725400e-01  1.3809627530e-02 
1213.000  4.1712330700e-01  1.3949242590e-02 
1214.000  4.1533800800e-01  1.3886861800e-02 
1215.000  4.1676472600e-01  1.3973706250e-02 
1216.000  4.1553220800e-01  1.4070638660e-02 
1217.000  4.1466793200e-01  1.4155302050e-02 
1218.000  4.1321668900e-01  1.4151945110e-02 
1219.000  4.0934943400e-01  1.4042237280e-02 
1220.000  4.1210105100e-01  1.4125498770e-02 
1221.000  4.1124787600e-01  1.4097147940e-02 
1222.000  4.0896947400e-01  1.4011673930e-02 
1223.000  4.0696756400e-01  1.3966382030e-02 
1224.000  4.0990899400e-01  1.4158216480e-02 
1225.000  4.0758509400e-01  1.4106556890e-02 
1226.000  4.0891365200e-01  1.4190031050e-02 
1227.000  3.9488201200e-01  1.3757518770e-02 
1228.000  4.0698241300e-01  1.4246143340e-02 
1229.000  4.0630722000e-01  1.4269129750e-02 
1230.000  4.0467738700e-01  1.4267033580e-02 
1231.000  4.0454438400e-01  1.4295240400e-02 
1232.000  3.9994439400e-01  1.4146173480e-02 
1233.000  4.0306485200e-01  1.4265254020e-02 
1234.000  4.0159781300e-01  1.4287323950e-02 
1235.000  3.9872383700e-01  1.4207802770e-02 
1236.000  4.0098357500e-01  1.4294874190e-02 
1237.000  4.0087766100e-01  1.4315681460e-02 
1238.000  4.0059311000e-01  1.4311902050e-02 
1239.000  3.9600879800e-01  1.4149708750e-02 
1240.000  3.9423106800e-01  1.4120460510e-02 
1241.000  3.9783946400e-01  1.4277710910e-02 
1242.000  3.9562017800e-01  1.4223121640e-02 
1243.000  3.9128923300e-01  1.4093638420e-02 
1244.000  3.8793997000e-01  1.3987375260e-02 
1245.000  3.9472026500e-01  1.4242374420e-02 
1246.000  3.9178605900e-01  1.4091391560e-02 
1247.000  3.8999825200e-01  1.3980803490e-02 
1248.000  3.9316618900e-01  1.4045552250e-02 
1249.000  3.9183514000e-01  1.3960713390e-02 
1250.000  3.9044030000e-01  1.3865432740e-02 
1251.000  3.8790841600e-01  1.3741173740e-02 
1252.000  3.8691101100e-01  1.3667062760e-02 
1253.000  3.8388649300e-01  1.3519615170e-02 
1254.000  3.8521293500e-01  1.3495188710e-02 
1255.000  3.8480127200e-01  1.3430695530e-02 
1256.000  3.8420678100e-01  1.3367153170e-02 
1257.000  3.8009137300e-01  1.3141812320e-02 
1258.000  3.8208327600e-01  1.3068494800e-02 
1259.000  3.7818622100e-01  1.2816946030e-02 
1260.000  3.7900177700e-01  1.2720540050e-02 
1261.000  3.7855434800e-01  1.2578145030e-02 
1262.000  3.7045281100e-01  1.2147212980e-02 
1263.000  3.7494559200e-01  1.2268806460e-02 
1264.000  3.6910769580e-01  1.2069005010e-02 
1265.000  3.6978006390e-01  1.2098667140e-02 
1266.000  3.7216772680e-01  1.2145143510e-02 
1267.000  3.6519749960e-01  1.1883308410e-02 
1268.000  3.6160033640e-01  1.1720949170e-02 
1269.000  3.6498493140e-01  1.1809431080e-02 
1270.000  3.6899738030e-01  1.2080378530e-02 
1271.000  3.7104684480e-01  1.2216829300e-02 
1272.000  3.6994946480e-01  1.2246656420e-02 
1273.000  3.6963145760e-01  1.2304778100e-02 
1274.000  3.6742423850e-01  1.2304986950e-02 
1275.000  3.6958697350e-01  1.2406939510e-02 
1276.000  3.7018083950e-01  1.2438254360e-02 
1277.000  3.6990415130e-01  1.2427504540e-02 
1278.000  3.6884412220e-01  1.2387681010e-02 
1279.000  3.6637529940e-01  1.2326792720e-02 
1280.000  3.6421137820e-01  1.2340538980e-02 
1281.000  3.5382380700e-01  1.2071026800e-02 
1282.000  3.1420276380e-01  1.0791873930e-02 
1283.000  3.4483216140e-01  1.1901119230e-02 
1284.000  3.5906103600e-01  1.2428283690e-02 
1285.000  3.6169528370e-01  1.2538463590e-02 
1286.000  3.6157598840e-01  1.2502800940e-02 
1287.000  3.6378684960e-01  1.2524168010e-02 
1288.000  3.6150629220e-01  1.2270837780e-02 
1289.000  3.6366148800e-01  1.2292503360e-02 
1290.000  3.5532868550e-01  1.1994979860e-02 
1291.000  3.6019300360e-01  1.2147305490e-02 
1292.000  3.6169576590e-01  1.2223996160e-02 
1293.000  3.6201895870e-01  1.2203979490e-02 
1294.000  3.5627316300e-01  1.1903778080e-02 
1295.000  3.6010853540e-01  1.1897542000e-02 
1296.000  3.6037337950e-01  1.1804521560e-02 
1297.000  3.5815154350e-01  1.1671370510e-02 
1298.000  3.5495092810e-01  1.1572532650e-02 
1299.000  3.5851471050e-01  1.1692218780e-02 
1300.000  3.5707553870e-01  1.1649056430e-02 
1301.000  3.5650760020e-01  1.1608922960e-02 
1302.000  3.5193242510e-01  1.1377957340e-02 
1303.000  3.5004152640e-01  1.1143503190e-02 
1304.000  3.5027114370e-01  1.1061572070e-02 
1305.000  3.5242655150e-01  1.1080183980e-02 
1306.000  3.5276380300e-01  1.1036965370e-02 
1307.000  3.5172153900e-01  1.0964467050e-02 
1308.000  3.5142130320e-01  1.0865612980e-02 
1309.000  3.5110869960e-01  1.0731524470e-02 
1310.000  3.4964977510e-01  1.0679594040e-02 
1311.000  3.4857961580e-01  1.0650938030e-02 
1312.000  3.4749373430e-01  1.0471956250e-02 
1313.000  3.3465926900e-01  9.9177789690e-03 
1314.000  3.4510541470e-01  1.0075488090e-02 
1315.000  3.3348523950e-01  9.8044500350e-03 
1316.000  3.4124309680e-01  1.0139738080e-02 
1317.000  3.4491403250e-01  1.0247443200e-02 
1318.000  3.4003343220e-01  9.9244871140e-03 
1319.000  3.4469095910e-01  9.8308973310e-03 
1320.000  3.4214628680e-01  9.5245075230e-03 
1321.000  3.4064299320e-01  9.3974142070e-03 
1322.000  3.3996287860e-01  9.5076675420e-03 
1323.000  3.4071538070e-01  9.6782722470e-03 
1324.000  3.4089781590e-01  9.7699108120e-03 
1325.000  3.3980738590e-01  9.6761503220e-03 
1326.000  3.3821690220e-01  9.4735794070e-03 
1327.000  3.3551648240e-01  9.0928106310e-03 
1328.000  3.3639959980e-01  8.8364543910e-03 
1329.000  3.2412304300e-01  8.0885248180e-03 
1330.000  3.2919352590e-01  8.0678253170e-03 
1331.000  3.3066075990e-01  8.0138988490e-03 
1332.000  3.2311463380e-01  7.8596439360e-03 
1333.000  3.3165497670e-01  8.1465053560e-03 
1334.000  3.3207069500e-01  8.2684688570e-03 
1335.000  3.3235499640e-01  8.3575668330e-03 
1336.000  3.2875753410e-01  8.2959756850e-03 
1337.000  3.2982175510e-01  8.3343629840e-03 
1338.000  3.2957867300e-01  8.3868856430e-03 
1339.000  3.2603726350e-01  8.3135461810e-03 
1340.000  3.2369700340e-01  8.3031005860e-03 
1341.000  3.2858331220e-01  8.3851480480e-03 
1342.000  3.2777866480e-01  8.3711261750e-03 
1343.000  3.2774977970e-01  8.1929044720e-03 
1344.000  3.2625125350e-01  7.9871134760e-03 
1345.000  3.2374779330e-01  7.5673279760e-03 
1346.000  3.1857553710e-01  7.2616620060e-03 
1347.000  3.1917962000e-01  7.1400218010e-03 
1348.000  3.1560153880e-01  6.9152412410e-03 
1349.000  3.1345835540e-01  6.7907848360e-03 
1350.000  3.0705781570e-01  6.4995546340e-03 
1351.000  3.0488918060e-01  6.3463416100e-03 
1352.000  3.0544534370e-01  6.1964702610e-03 
1353.000  2.9959166920e-01  5.8773221970e-03 
1354.000  2.9597150600e-01  5.6884355550e-03 
1355.000  2.9032842200e-01  5.4500632290e-03 
1356.000  2.8605465680e-01  5.2255759240e-03 
1357.000  2.7935272780e-01  4.9232168200e-03 
1358.000  2.7974928230e-01  4.7348113060e-03 
1359.000  2.7202966780e-01  4.2752633090e-03 
1360.000  2.6205872600e-01  3.9146845340e-03 
1361.000  2.6425548290e-01  3.8148171900e-03 
1362.000  2.6199160660e-01  3.7447454930e-03 
1363.000  2.6225547900e-01  3.9507186410e-03 
1364.000  2.6752738210e-01  4.0989184380e-03 
1365.000  2.6739093720e-01  4.1343092920e-03 
1366.000  2.6926854600e-01  4.2426295280e-03 
1367.000  2.6431808210e-01  4.0622844700e-03 
1368.000  2.6434118740e-01  3.9683134560e-03 
1369.000  2.5957884030e-01  3.9189136030e-03 
1370.000  2.6509184250e-01  4.2394995690e-03 
1371.000  2.7287430760e-01  4.6960902210e-03 
1372.000  2.8371683570e-01  5.2258100510e-03 
1373.000  2.8782081890e-01  5.5054621700e-03 
1374.000  2.9110943920e-01  5.6738419530e-03 
1375.000  2.8702095520e-01  5.6405439380e-03 
1376.000  2.8273042320e-01  5.5209040640e-03 
1377.000  2.8530837570e-01  5.4953064920e-03 
1378.000  2.8040935050e-01  5.2552752490e-03 
1379.000  2.7855350490e-01  4.9962239270e-03 
1380.000  2.6856172760e-01  4.5031828880e-03 
1381.000  2.6250595130e-01  4.0992069240e-03 
1382.000  2.5435965040e-01  3.8085241320e-03 
1383.000  2.5658436080e-01  3.8230464460e-03 
1384.000  2.6228266950e-01  4.1548633580e-03 
1385.000  2.6436788920e-01  4.3820385930e-03 
1386.000  2.7234809290e-01  4.7458896640e-03 
1387.000  2.7625447330e-01  5.1549534800e-03 
1388.000  2.8204484540e-01  5.4138031010e-03 
1389.000  2.8429048610e-01  5.5210871700e-03 
1390.000  2.7927994990e-01  5.4427266120e-03 
1391.000  2.8201417830e-01  5.4434370990e-03 
1392.000  2.7757224870e-01  5.2029824260e-03 
1393.000  2.7302667640e-01  4.9644951820e-03 
1394.000  2.6697489350e-01  4.7087016110e-03 
1395.000  2.6827523560e-01  4.7972021100e-03 
1396.000  2.7420611340e-01  5.0769085880e-03 
1397.000  2.7727472380e-01  5.2692699430e-03 
1398.000  2.7748613670e-01  5.2882800100e-03 
1399.000  2.7567313210e-01  5.2079443930e-03 
1400.000  2.6766904600e-01  5.0339674950e-03 
1401.000  2.6888043140e-01  5.0681118970e-03 
1402.000  2.7544543190e-01  5.2932186130e-03 
1403.000  2.7474668070e-01  5.3383035660e-03 
1404.000  2.7266277590e-01  5.2589073180e-03 
1405.000  2.7283088730e-01  5.2641215320e-03 
1406.000  2.7244489050e-01  5.2067046170e-03 
1407.000  2.7271559640e-01  5.2056417470e-03 
1408.000  2.7355833110e-01  5.3152384760e-03 
1409.000  2.7647447340e-01  5.4363112450e-03 
1410.000  2.7766601750e-01  5.5727772710e-03 
1411.000  2.7973911120e-01  5.6892499920e-03 
1412.000  2.6880707170e-01  5.4539389610e-03 
1413.000  2.7399771680e-01  5.5779609680e-03 
1414.000  2.7758188100e-01  5.6159195900e-03 
1415.000  2.7742045530e-01  5.6482219700e-03 
1416.000  2.7691221800e-01  5.6709580420e-03 
1417.000  2.7893303330e-01  5.6965532300e-03 
1418.000  2.7904256580e-01  5.6872262950e-03 
1419.000  2.7506772270e-01  5.5898437500e-03 
1420.000  2.7446424550e-01  5.5783004760e-03 
1421.000  2.7901974170e-01  5.7128200530e-03 
1422.000  2.7278576050e-01  5.5948023800e-03 
1423.000  2.7112399290e-01  5.5448160170e-03 
1424.000  2.7136935530e-01  5.5219378470e-03 
1425.000  2.7660572200e-01  5.5772280690e-03 
1426.000  2.6541267270e-01  5.3311820030e-03 
1427.000  2.6955437600e-01  5.4188323020e-03 
1428.000  2.7540426620e-01  5.5353264810e-03 
1429.000  2.6894545040e-01  5.4055047040e-03 
1430.000  2.6310304140e-01  5.2537970540e-03 
1431.000  2.6249926000e-01  5.1554627420e-03 
1432.000  2.6727069680e-01  5.1906347270e-03 
1433.000  2.6740635540e-01  5.1674947740e-03 
1434.000  2.6201673330e-01  5.0248851780e-03 
1435.000  2.6521361640e-01  5.1043987270e-03 
1436.000  2.6524932970e-01  5.0985994340e-03 
1437.000  2.6629696300e-01  5.1027383800e-03 
1438.000  2.6564908480e-01  5.1119885440e-03 
1439.000  2.6878973330e-01  5.1555490490e-03 
1440.000  2.5215151180e-01  4.8332324030e-03 
1441.000  2.6485793130e-01  5.0604043010e-03 
1442.000  2.5869119340e-01  4.9038176540e-03 
1443.000  2.6298663290e-01  4.9582600590e-03 
1444.000  2.6426533840e-01  4.9700403210e-03 
1445.000  2.6346768990e-01  4.9327144620e-03 
1446.000  2.6629595210e-01  4.9876236920e-03 
1447.000  2.6507864350e-01  4.9655065540e-03 
1448.000  2.6710499920e-01  4.9800171850e-03 
1449.000  2.6699833100e-01  4.9344115260e-03 
1450.000  2.6520188200e-01  4.8425998690e-03 
1451.000  2.6349146740e-01  4.7910718920e-03 
1452.000  2.6024782980e-01  4.7441420560e-03 
1453.000  2.6520138680e-01  4.8892092700e-03 
1454.000  2.6623155210e-01  4.9752535820e-03 
1455.000  2.6286433880e-01  4.9513249400e-03 
1456.000  2.6274448780e-01  4.9896035190e-03 
1457.000  2.6526339850e-01  5.0121788980e-03 
1458.000  2.6889025010e-01  5.0587701800e-03 
1459.000  2.6988902190e-01  4.9827508930e-03 
1460.000  2.6529690380e-01  4.8143911360e-03 
1461.000  2.6471746280e-01  4.7418332100e-03 
1462.000  2.6182653210e-01  4.5922756200e-03 
1463.000  2.6007914630e-01  4.5275359150e-03 
1464.000  2.5990716480e-01  4.4741315840e-03 
1465.000  2.6291377730e-01  4.4514966010e-03 
1466.000  2.5665105820e-01  4.2657413480e-03 
1467.000  2.6280292170e-01  4.3055696490e-03 
1468.000  2.5633466010e-01  4.1354889870e-03 
1469.000  2.5916059290e-01  4.1012248990e-03 
1470.000  2.5766575290e-01  4.0295467380e-03 
1471.000  2.5359170900e-01  3.9895329480e-03 
1472.000  2.5512411460e-01  4.0600013730e-03 
1473.000  2.5736917410e-01  4.1833233830e-03 
1474.000  2.5028306520e-01  4.1396040920e-03 
1475.000  2.5560473220e-01  4.1967167850e-03 
1476.000  2.5600866330e-01  4.1740155220e-03 
1477.000  2.5675977370e-01  4.1240272520e-03 
1478.000  2.5304564580e-01  4.0041251180e-03 
1479.000  2.5594438590e-01  3.9811527730e-03 
1480.000  2.5734649450e-01  3.9976003170e-03 
1481.000  2.5351009130e-01  3.9681544300e-03 
1482.000  2.5666678150e-01  4.0552392010e-03 
1483.000  2.5137981080e-01  3.9717805390e-03 
1484.000  2.5370362780e-01  3.9947099690e-03 
1485.000  2.5853227770e-01  4.0474319460e-03 
1486.000  2.5427264480e-01  4.0159602170e-03 
1487.000  2.5456329570e-01  4.1180796620e-03 
1488.000  2.2253957490e-01  3.5969252590e-03 
1489.000  2.5552235220e-01  4.2758326530e-03 
1490.000  2.5611750690e-01  4.4233818050e-03 
1491.000  2.5866281160e-01  4.5713872910e-03 
1492.000  2.5265218000e-01  4.4835062030e-03 
1493.000  2.5833023660e-01  4.6578364370e-03 
1494.000  2.5734828460e-01  4.6464900970e-03 
1495.000  2.5554772420e-01  4.6819076540e-03 
1496.000  2.4799074990e-01  4.6620941160e-03 
1497.000  2.5381526480e-01  4.7658019070e-03 
1498.000  2.5638557240e-01  4.9256720540e-03 
1499.000  2.5207344670e-01  4.9463763240e-03 
1500.000  2.5637190960e-01  5.1061291690e-03 
1501.000  2.5600602930e-01  5.0660333630e-03 
1502.000  2.5402904130e-01  4.9797143940e-03 
1503.000  2.2810267740e-01  4.4383859630e-03 
1504.000  2.3764777800e-01  4.6486639980e-03 
1505.000  2.3690953750e-01  4.7332267760e-03 
1506.000  2.4010323200e-01  4.8237972260e-03 
1507.000  2.5111586010e-01  5.1426854130e-03 
1508.000  2.4719444830e-01  5.1233925820e-03 
1509.000  2.4826235850e-01  5.2128758430e-03 
1510.000  2.5209895470e-01  5.3302927020e-03 
1511.000  2.5324553940e-01  5.4098238950e-03 
1512.000  2.4849141490e-01  5.3483581540e-03 
1513.000  2.4807516550e-01  5.3745126720e-03 
1514.000  2.4467928290e-01  5.3221082690e-03 
1515.000  2.4948757100e-01  5.4490017890e-03 
1516.000  2.4717251400e-01  5.3834438320e-03 
1517.000  2.4570877720e-01  5.3475899700e-03 
1518.000  2.5023732770e-01  5.4647212030e-03 
1519.000  2.4652378650e-01  5.4070816040e-03 
1520.000  2.4804035770e-01  5.5071020130e-03 
1521.000  2.4331571440e-01  5.4812703130e-03 
1522.000  2.4189161300e-01  5.4912381170e-03 
1523.000  2.4777914390e-01  5.6806311610e-03 
1524.000  2.4602058640e-01  5.6679840090e-03 
1525.000  2.4053792170e-01  5.5561056140e-03 
1526.000  2.4731345900e-01  5.7032790180e-03 
1527.000  2.4464062480e-01  5.6478285790e-03 
1528.000  2.4612418660e-01  5.6949234010e-03 
1529.000  2.4534551300e-01  5.6631741520e-03 
1530.000  2.2951313800e-01  5.3046369550e-03 
1531.000  2.4523849070e-01  5.6562328340e-03 
1532.000  2.4366532190e-01  5.6102747920e-03 
1533.000  2.4243443580e-01  5.5629682540e-03 
1534.000  2.3858168660e-01  5.4551992420e-03 
1535.000  2.3919605200e-01  5.4509630200e-03 
1536.000  2.4239456850e-01  5.5585064890e-03 
1537.000  2.4295744360e-01  5.6198406220e-03 
1538.000  2.3611245850e-01  5.5106496810e-03 
1539.000  2.4094043550e-01  5.6710839270e-03 
1540.000  2.3211195510e-01  5.5028548240e-03 
1541.000  2.3687440120e-01  5.6272587780e-03 
1542.000  2.3828292930e-01  5.6631808280e-03 
1543.000  2.3739658420e-01  5.6521458630e-03 
1544.000  2.4008186260e-01  5.7306642530e-03 
1545.000  2.4048353150e-01  5.7625613210e-03 
1546.000  2.4027652280e-01  5.7911386490e-03 
1547.000  2.3762446060e-01  5.7574987410e-03 
1548.000  2.3041909240e-01  5.6119251250e-03 
1549.000  2.3632476150e-01  5.7763819690e-03 
1550.000  2.3501266890e-01  5.7628374100e-03 
1551.000  2.3378245410e-01  5.7314467430e-03 
1552.000  2.3775629430e-01  5.8183417320e-03 
1553.000  2.3641490690e-01  5.7799425130e-03 
1554.000  2.2775273670e-01  5.5574340820e-03 
1555.000  2.3140555350e-01  5.6438050270e-03 
1556.000  2.2690016210e-01  5.5599603650e-03 
1557.000  2.3426555950e-01  5.7909193040e-03 
1558.000  2.3247109460e-01  5.7894816400e-03 
1559.000  2.3258218440e-01  5.8331704140e-03 
1560.000  2.2856580360e-01  5.7781600950e-03 
1561.000  2.3400377380e-01  5.9329180720e-03 
1562.000  2.3407900110e-01  5.9199919700e-03 
1563.000  2.3073899360e-01  5.8281612400e-03 
1564.000  2.2639584740e-01  5.7015514370e-03 
1565.000  2.3030960380e-01  5.7759270670e-03 
1566.000  2.2594572770e-01  5.6790857320e-03 
1567.000  2.2659833780e-01  5.7007713320e-03 
1568.000  2.2278881590e-01  5.5979704860e-03 
1569.000  2.2461721640e-01  5.6331038480e-03 
1570.000  2.1957962830e-01  5.5083117490e-03 
1571.000  2.2546332340e-01  5.6860785480e-03 
1572.000  2.2566596200e-01  5.7061405180e-03 
1573.000  2.2188940160e-01  5.6444249150e-03 
1574.000  2.2211105900e-01  5.6924777030e-03 
1575.000  2.0599055470e-01  5.3122515680e-03 
1576.000  2.2130211480e-01  5.7170238490e-03 
1577.000  1.9974001570e-01  5.1409225460e-03 
1578.000  2.1845770090e-01  5.6022610660e-03 
1579.000  2.1939164000e-01  5.6116437910e-03 
1580.000  2.2329766070e-01  5.7063446040e-03 
1581.000  2.2181701890e-01  5.6485548020e-03 
1582.000  2.1671915460e-01  5.5563693050e-03 
1583.000  2.1880829280e-01  5.6464638710e-03 
1584.000  2.1634596860e-01  5.6192173960e-03 
1585.000  2.2236985460e-01  5.8067669870e-03 
1586.000  2.1957688250e-01  5.7489614490e-03 
1587.000  2.1690132780e-01  5.7098898890e-03 
1588.000  2.1343172870e-01  5.6467256550e-03 
1589.000  1.9521776260e-01  5.1774654390e-03 
1590.000  2.1037097100e-01  5.5956826210e-03 
1591.000  2.0565763150e-01  5.4875822070e-03 
1592.000  2.1656560300e-01  5.7907495500e-03 
1593.000  2.2148350700e-01  5.9304256440e-03 
1594.000  2.1992906120e-01  5.8957448010e-03 
1595.000  2.2139384370e-01  5.9405822750e-03 
1596.000  2.0738734560e-01  5.5841736790e-03 
1597.000  2.1584580060e-01  5.8094072340e-03 
1598.000  2.1991884520e-01  5.9076261520e-03 
1599.000  2.1255671410e-01  5.6934375760e-03 
1600.000  2.1609900730e-01  5.7799358370e-03 
1601.000  2.0700203270e-01  5.5538053510e-03 
1602.000  2.1229548030e-01  5.7268233300e-03 
1603.000  2.1068516190e-01  5.7316632270e-03 
1604.000  2.1327249470e-01  5.8574595450e-03 
1605.000  2.1011927330e-01  5.8075528140e-03 
1606.000  2.0926373700e-01  5.8235664370e-03 
1607.000  2.1014338620e-01  5.8239445690e-03 
1608.000  2.1253772240e-01  5.8671913150e-03 
1609.000  2.1172068940e-01  5.8273344040e-03 
1610.000  1.9850952830e-01  5.4514274600e-03 
1611.000  2.0421632440e-01  5.6100854870e-03 
1612.000  2.0596261280e-01  5.6626968380e-03 
1613.000  2.1035862660e-01  5.7867240910e-03 
1614.000  2.0829411590e-01  5.7087278370e-03 
1615.000  2.1155851170e-01  5.7959108350e-03 
1616.000  1.9821676290e-01  5.4251813890e-03 
1617.000  2.0392978240e-01  5.6244149210e-03 
1618.000  2.1028376500e-01  5.8243918420e-03 
1619.000  2.0953955290e-01  5.8481068610e-03 
1620.000  2.0418894170e-01  5.7415099140e-03 
1621.000  2.0112802940e-01  5.6900539400e-03 
1622.000  2.0619051870e-01  5.8403091430e-03 
1623.000  2.1031898310e-01  5.9734368320e-03 
1624.000  2.1177243250e-01  6.0259790420e-03 
1625.000  2.0645417320e-01  5.9007472990e-03 
1626.000  2.0898570250e-01  5.9650039670e-03 
1627.000  2.0871611530e-01  5.9759707450e-03 
1628.000  2.1039332490e-01  6.0341053010e-03 
1629.000  2.1036277610e-01  6.0416727070e-03 
1630.000  2.0465153240e-01  5.8793382640e-03 
1631.000  2.0785232420e-01  5.9829940800e-03 
1632.000  2.0790485810e-01  5.9390625950e-03 
1633.000  2.0522917120e-01  5.8309268950e-03 
1634.000  2.0042685240e-01  5.6608967780e-03 
1635.000  2.0580041480e-01  5.7838931080e-03 
1636.000  2.0525596200e-01  5.7326173780e-03 
1637.000  1.9611755140e-01  5.4445071220e-03 
1638.000  1.9468453700e-01  5.3811178210e-03 
1639.000  1.9274460230e-01  5.2899999620e-03 
1640.000  1.9390080610e-01  5.2924642560e-03 
1641.000  1.9270086420e-01  5.2421846390e-03 
1642.000  1.9246049310e-01  5.2932739260e-03 
1643.000  1.9740702120e-01  5.4840984340e-03 
1644.000  1.9435211200e-01  5.4517292980e-03 
1645.000  1.9478520240e-01  5.5130877490e-03 
1646.000  1.9712623000e-01  5.6277174950e-03 
1647.000  1.9897713250e-01  5.6810956000e-03 
1648.000  1.9820866560e-01  5.6532330510e-03 
1649.000  1.9368051930e-01  5.5235309600e-03 
1650.000  1.9858842520e-01  5.6649947170e-03 
1651.000  1.9411393860e-01  5.5382122990e-03 
1652.000  1.9798813870e-01  5.6480002400e-03 
1653.000  1.9576491420e-01  5.5944614410e-03 
1654.000  1.9796133250e-01  5.6614789960e-03 
1655.000  1.9399370540e-01  5.5602631570e-03 
1656.000  1.9772022290e-01  5.6761736870e-03 
1657.000  1.9628665830e-01  5.6377682690e-03 
1658.000  1.9734692420e-01  5.6787228580e-03 
1659.000  1.9371200160e-01  5.5777354240e-03 
1660.000  1.9607607320e-01  5.6419286730e-03 
1661.000  1.9684503780e-01  5.6516385080e-03 
1662.000  1.9552274890e-01  5.5649471280e-03 
1663.000  1.9429214540e-01  5.4878330230e-03 
1664.000  1.9346935310e-01  5.4217619900e-03 
1665.000  1.9149445790e-01  5.3240914340e-03 
1666.000  1.9056209890e-01  5.2946252820e-03 
1667.000  1.9208480250e-01  5.3891735080e-03 
1668.000  1.8883044660e-01  5.3322877880e-03 
1669.000  1.8913269210e-01  5.3834085460e-03 
1670.000  1.9320511390e-01  5.5441131590e-03 
1671.000  1.9172956200e-01  5.5438928600e-03 
1672.000  1.8264844530e-01  5.3308219910e-03 
1673.000  1.8802940020e-01  5.5286874770e-03 
1674.000  1.8890306140e-01  5.5988578800e-03 
1675.000  1.8715215760e-01  5.5974950790e-03 
1676.000  1.8417127500e-01  5.5260419850e-03 
1677.000  1.8505698590e-01  5.5535531040e-03 
1678.000  1.8592496720e-01  5.5866422650e-03 
1679.000  1.8345279920e-01  5.5094714160e-03 
1680.000  1.7704386100e-01  5.3224892620e-03 
1681.000  1.7083763460e-01  5.1396656040e-03 
1682.000  1.7577141450e-01  5.2885403630e-03 
1683.000  1.8016471360e-01  5.4175424580e-03 
1684.000  1.8352578020e-01  5.5163345340e-03 
1685.000  1.8424491030e-01  5.5253086090e-03 
1686.000  1.8202207470e-01  5.4502491950e-03 
1687.000  1.8303798400e-01  5.4482569690e-03 
1688.000  1.8337996390e-01  5.4309353830e-03 
1689.000  1.8117004900e-01  5.3535027500e-03 
1690.000  1.8133339340e-01  5.3284769060e-03 
1691.000  1.8370647250e-01  5.4069399830e-03 
1692.000  1.8404060660e-01  5.4323625560e-03 
1693.000  1.8334056140e-01  5.4303889270e-03 
1694.000  1.8306316710e-01  5.4380254750e-03 
1695.000  1.8327281370e-01  5.4491515160e-03 
1696.000  1.8220095370e-01  5.3887505530e-03 
1697.000  1.8116002810e-01  5.3193364140e-03 
1698.000  1.8225329690e-01  5.3162398340e-03 
1699.000  1.8107588700e-01  5.2497749330e-03 
1700.000  1.7875490100e-01  5.1526908870e-03 
