 lambda   Irr_dw            Rad_up 
 550.000  1.5574259900e+00  7.6843017580e-02 
 551.000  1.5471151800e+00  7.6174438480e-02 
 552.000  1.6131334400e+00  7.9366699220e-02 
 553.000  1.5493853400e+00  7.6049659730e-02 
 554.000  1.5994452000e+00  7.8427200320e-02 
 555.000  1.6034181200e+00  7.8408607480e-02 
 556.000  1.5587468200e+00  7.6020591740e-02 
 557.000  1.5121085200e+00  7.3678375240e-02 
 558.000  1.5691621400e+00  7.6253952030e-02 
 559.000  1.4828665400e+00  7.1922943120e-02 
 560.000  1.4891227700e+00  7.2152679440e-02 
 561.000  1.6363853000e+00  7.9066856380e-02 
 562.000  1.5022387000e+00  7.2480026250e-02 
 563.000  1.5715826700e+00  7.5620590210e-02 
 564.000  1.5495257900e+00  7.4298912050e-02 
 565.000  1.5682922000e+00  7.5098251340e-02 
 566.000  1.4460174500e+00  6.9053184510e-02 
 567.000  1.5524131500e+00  7.3804931640e-02 
 568.000  1.5529820900e+00  7.3174270630e-02 
 569.000  1.5315501800e+00  7.0972618100e-02 
 570.000  1.5380751200e+00  7.1265701290e-02 
 571.000  1.4770044000e+00  6.9041038510e-02 
 572.000  1.5679684400e+00  7.2551406860e-02 
 573.000  1.5828286900e+00  7.3356925960e-02 
 574.000  1.5737394200e+00  7.2873901370e-02 
 575.000  1.5358507800e+00  7.0960769650e-02 
 576.000  1.5081905400e+00  6.9585174560e-02 
 577.000  1.5689167100e+00  7.2433685300e-02 
 578.000  1.5203808700e+00  7.0494956970e-02 
 579.000  1.5065322300e+00  6.9916122440e-02 
 580.000  1.5564388500e+00  7.2462104800e-02 
 581.000  1.5252587500e+00  7.1170959470e-02 
 582.000  1.5462321400e+00  7.2064918520e-02 
 583.000  1.5561385800e+00  7.2563751220e-02 
 584.000  1.5504620000e+00  7.2128776550e-02 
 585.000  1.5398234100e+00  7.1488197330e-02 
 586.000  1.4733292600e+00  6.8347419740e-02 
 587.000  1.5340133000e+00  7.0611694340e-02 
 588.000  1.5321402600e+00  6.9136665340e-02 
 589.000  1.3774518500e+00  6.0539794920e-02 
 590.000  1.4394383500e+00  6.3143035890e-02 
 591.000  1.5148427100e+00  6.7427276610e-02 
 592.000  1.4934239600e+00  6.5728744510e-02 
 593.000  1.4926626700e+00  6.6831184390e-02 
 594.000  1.5099670500e+00  6.7260505680e-02 
 595.000  1.4925889000e+00  6.5512680050e-02 
 596.000  1.5128317700e+00  6.7616195680e-02 
 597.000  1.5208882800e+00  6.7508407590e-02 
 598.000  1.4828960700e+00  6.6319351200e-02 
 599.000  1.4804005200e+00  6.6367485050e-02 
 600.000  1.4744818800e+00  6.6578918460e-02 
 601.000  1.4620297000e+00  6.6363754270e-02 
 602.000  1.4445269600e+00  6.5587982180e-02 
 603.000  1.4517645600e+00  6.6033187870e-02 
 604.000  1.4964703900e+00  6.8206794740e-02 
 605.000  1.4920285700e+00  6.7872673030e-02 
 606.000  1.4745044400e+00  6.7101165770e-02 
 607.000  1.4660223000e+00  6.6614463810e-02 
 608.000  1.4605069600e+00  6.6234809880e-02 
 609.000  1.4454216600e+00  6.5508743290e-02 
 610.000  1.4221676000e+00  6.4333282470e-02 
 611.000  1.4451653600e+00  6.5317420960e-02 
 612.000  1.4262946400e+00  6.4418548580e-02 
 613.000  1.4054185200e+00  6.3369354250e-02 
 614.000  1.3541772300e+00  6.1030555730e-02 
 615.000  1.4195684300e+00  6.3833595280e-02 
 616.000  1.3497470000e+00  6.0676357270e-02 
 617.000  1.3574326700e+00  6.0967529300e-02 
 618.000  1.4215784000e+00  6.3676803590e-02 
 619.000  1.4087291500e+00  6.3103740690e-02 
 620.000  1.4297533900e+00  6.3869918820e-02 
 621.000  1.4546391900e+00  6.4920051570e-02 
 622.000  1.3782316000e+00  6.1394897460e-02 
 623.000  1.3894554600e+00  6.1683704380e-02 
 624.000  1.3913918700e+00  6.1780410770e-02 
 625.000  1.3541302200e+00  6.0066875460e-02 
 626.000  1.3620554600e+00  6.0167675020e-02 
 627.000  1.3905402200e+00  6.0837062840e-02 
 628.000  1.3970521900e+00  5.9450916290e-02 
 629.000  1.4179886400e+00  6.1016967770e-02 
 630.000  1.3670875400e+00  5.9195304870e-02 
 631.000  1.4129195400e+00  6.1331176760e-02 
 632.000  1.3182767100e+00  5.6975379940e-02 
 633.000  1.4084872800e+00  6.1295112610e-02 
 634.000  1.3638600600e+00  5.9516700740e-02 
 635.000  1.3883750400e+00  6.0599357600e-02 
 636.000  1.3380949500e+00  5.8486225130e-02 
 637.000  1.3814274600e+00  6.0436237340e-02 
 638.000  1.4001691700e+00  6.1433055880e-02 
 639.000  1.3883137800e+00  6.0768207550e-02 
 640.000  1.3433211900e+00  5.9035377500e-02 
 641.000  1.3625694500e+00  5.9824531560e-02 
 642.000  1.3452001700e+00  5.9091987610e-02 
 643.000  1.3703996500e+00  5.9987602230e-02 
 644.000  1.3545972500e+00  5.9169776920e-02 
 645.000  1.3688296400e+00  5.9599903110e-02 
 646.000  1.3265875800e+00  5.6752891540e-02 
 647.000  1.3518651900e+00  5.7164951320e-02 
 648.000  1.3574340200e+00  5.6875339510e-02 
 649.000  1.3774462900e+00  5.8045356750e-02 
 650.000  1.2640699500e+00  5.4210620880e-02 
 651.000  1.3617446300e+00  5.8360805510e-02 
 652.000  1.3471679700e+00  5.6808082580e-02 
 653.000  1.3608351100e+00  5.8379432680e-02 
 654.000  1.3445848900e+00  5.7409160610e-02 
 655.000  1.3139429600e+00  5.5678344730e-02 
 656.000  1.1142009600e+00  4.7268985750e-02 
 657.000  1.1869421000e+00  5.0514575960e-02 
 658.000  1.3177037000e+00  5.6489456180e-02 
 659.000  1.3183568800e+00  5.6665157320e-02 
 660.000  1.3276445900e+00  5.7148170470e-02 
 661.000  1.3302448900e+00  5.7567985530e-02 
 662.000  1.3479286200e+00  5.8441677090e-02 
 663.000  1.3333498700e+00  5.7685848240e-02 
 664.000  1.3116514400e+00  5.6751533510e-02 
 665.000  1.3169905700e+00  5.6963516240e-02 
 666.000  1.3322739700e+00  5.7734527590e-02 
 667.000  1.3054216100e+00  5.6484630580e-02 
 668.000  1.3122826000e+00  5.6886508940e-02 
 669.000  1.3309049200e+00  5.7722446440e-02 
 670.000  1.3148626400e+00  5.6898979190e-02 
 671.000  1.3007712600e+00  5.6276195530e-02 
 672.000  1.2964593700e+00  5.6042232510e-02 
 673.000  1.3056768100e+00  5.6373546600e-02 
 674.000  1.3081399700e+00  5.6458255770e-02 
 675.000  1.2880894100e+00  5.5511230470e-02 
 676.000  1.3123481500e+00  5.6535045620e-02 
 677.000  1.2861672600e+00  5.5393890380e-02 
 678.000  1.3073787700e+00  5.6238899230e-02 
 679.000  1.2889464700e+00  5.5344230650e-02 
 680.000  1.2794891500e+00  5.4877777100e-02 
 681.000  1.2814710800e+00  5.4858795170e-02 
 682.000  1.2790171000e+00  5.4631488800e-02 
 683.000  1.2877166100e+00  5.4880466460e-02 
 684.000  1.2654884500e+00  5.3871292110e-02 
 685.000  1.2791699700e+00  5.4407352450e-02 
 686.000  1.2259186300e+00  5.1724624630e-02 
 687.000  1.2268187300e+00  4.7298519130e-02 
 688.000  1.2277411000e+00  4.8456340790e-02 
 689.000  1.2312782100e+00  4.8315540310e-02 
 690.000  1.2372348600e+00  4.9146934510e-02 
 691.000  1.2422192300e+00  5.0147136690e-02 
 692.000  1.2347565700e+00  5.0259883880e-02 
 693.000  1.2429361700e+00  4.9732719420e-02 
 694.000  1.2565969600e+00  4.9590988160e-02 
 695.000  1.2335878200e+00  4.9089458470e-02 
 696.000  1.2473994100e+00  4.9896877290e-02 
 697.000  1.2463328700e+00  5.1492507930e-02 
 698.000  1.2240262500e+00  5.0124267580e-02 
 699.000  1.2498921600e+00  4.9807357790e-02 
 700.000  1.2349295900e+00  4.9372333530e-02 
 701.000  1.2079986700e+00  4.7950252530e-02 
 702.000  1.2017747800e+00  4.7890388490e-02 
 703.000  1.2163839400e+00  4.9502468110e-02 
 704.000  1.2198917400e+00  4.9700115200e-02 
 705.000  1.2303939800e+00  4.9623062130e-02 
 706.000  1.2172442300e+00  4.9168197630e-02 
 707.000  1.1985823100e+00  4.8572528840e-02 
 708.000  1.2330605600e+00  5.0147411350e-02 
 709.000  1.1885883200e+00  4.8679412840e-02 
 710.000  1.2168205400e+00  4.9342880250e-02 
 711.000  1.2038227600e+00  4.9197807310e-02 
 712.000  1.1863894500e+00  4.8871208190e-02 
 713.000  1.1819816900e+00  4.8341453550e-02 
 714.000  1.2023027900e+00  4.8982048030e-02 
 715.000  1.1611700200e+00  4.6788127900e-02 
 716.000  1.1923056700e+00  4.7515693660e-02 
 717.000  1.1626143200e+00  4.3859096530e-02 
 718.000  1.1564526900e+00  4.2175296780e-02 
 719.000  1.1431363500e+00  4.1102478030e-02 
 720.000  1.1514701500e+00  4.0735073090e-02 
 721.000  1.1498068000e+00  4.3889125820e-02 
 722.000  1.1658471400e+00  4.5610504150e-02 
 723.000  1.1635203100e+00  4.4759807590e-02 
 724.000  1.1705826600e+00  4.3078712460e-02 
 725.000  1.1578054800e+00  4.2855796810e-02 
 726.000  1.1556779100e+00  4.2673339840e-02 
 727.000  1.1727748500e+00  4.3496673580e-02 
 728.000  1.1526187600e+00  4.2484500890e-02 
 729.000  1.1068117800e+00  4.1426586150e-02 
 730.000  1.1476979800e+00  4.2817726140e-02 
 731.000  1.1287772700e+00  4.2026634220e-02 
 732.000  1.1498959900e+00  4.3952461240e-02 
 733.000  1.1320358500e+00  4.4523651120e-02 
 734.000  1.1552496400e+00  4.6029186250e-02 
 735.000  1.1460328900e+00  4.5377548220e-02 
 736.000  1.1249951000e+00  4.4143085480e-02 
 737.000  1.1395883700e+00  4.4960674290e-02 
 738.000  1.1361248200e+00  4.5245090480e-02 
 739.000  1.0992360000e+00  4.3986522670e-02 
 740.000  1.1092106900e+00  4.4816963200e-02 
 741.000  1.1001320000e+00  4.4793899540e-02 
 742.000  1.0819425700e+00  4.4181697850e-02 
 743.000  1.1134187700e+00  4.5772357940e-02 
 744.000  1.1238449500e+00  4.6346622470e-02 
 745.000  1.0944991400e+00  4.5270587920e-02 
 746.000  1.1096342900e+00  4.5940357210e-02 
 747.000  1.1262545700e+00  4.6597686770e-02 
 748.000  1.1060114100e+00  4.5768497470e-02 
 749.000  1.1062049000e+00  4.5793128970e-02 
 750.000  1.0900479300e+00  4.5030651090e-02 
 751.000  1.0872372000e+00  4.4897850040e-02 
 752.000  1.1037044000e+00  4.5627441410e-02 
 753.000  1.0932538800e+00  4.5195034030e-02 
 754.000  1.1103687300e+00  4.5894840240e-02 
 755.000  1.1039921600e+00  4.5615520480e-02 
 756.000  1.0823769100e+00  4.4706436160e-02 
 757.000  1.0903724900e+00  4.5018264770e-02 
 758.000  1.0892429200e+00  4.4874179840e-02 
 759.000  1.0479617800e+00  4.0910224910e-02 
 760.000  8.2433729200e-01  2.2399248120e-02 
 761.000  7.9438207700e-01  2.0640216830e-02 
 762.000  9.2671539300e-01  3.0287424090e-02 
 763.000  9.1182029400e-01  2.7882474900e-02 
 764.000  9.3522343900e-01  2.9527822490e-02 
 765.000  9.8156648000e-01  3.3454776760e-02 
 766.000  9.7328490000e-01  3.6078086850e-02 
 767.000  1.0031979900e+00  3.8581581120e-02 
 768.000  1.0521655800e+00  4.1565261840e-02 
 769.000  1.0536397900e+00  4.2474185940e-02 
 770.000  1.0509622600e+00  4.2812618260e-02 
 771.000  1.0524431500e+00  4.3124313350e-02 
 772.000  1.0485341700e+00  4.3011062620e-02 
 773.000  1.0442110300e+00  4.2842674260e-02 
 774.000  1.0552282700e+00  4.3305557250e-02 
 775.000  1.0154795400e+00  4.1676231380e-02 
 776.000  1.0572245300e+00  4.3419712070e-02 
 777.000  1.0499017000e+00  4.3088298800e-02 
 778.000  1.0443490300e+00  4.2805610660e-02 
 779.000  1.0478244600e+00  4.2881069180e-02 
 780.000  1.0349391200e+00  4.2358081820e-02 
 781.000  1.0330749600e+00  4.2272102360e-02 
 782.000  1.0456162800e+00  4.2701393130e-02 
 783.000  1.0212576800e+00  4.1772670750e-02 
 784.000  1.0271697000e+00  4.1952514650e-02 
 785.000  1.0305483500e+00  4.1869415280e-02 
 786.000  1.0136723800e+00  4.1015090940e-02 
 787.000  1.0305690200e+00  4.1203884120e-02 
 788.000  1.0160865000e+00  4.0440097810e-02 
 789.000  1.0252304000e+00  4.0143821720e-02 
 790.000  1.0151743000e+00  3.9650615690e-02 
 791.000  1.0094343000e+00  3.9538955690e-02 
 792.000  9.9296795000e-01  3.8933456420e-02 
 793.000  9.9076943400e-01  3.9072002410e-02 
 794.000  9.7812914800e-01  3.9146156310e-02 
 795.000  9.7442202700e-01  3.8526084900e-02 
 796.000  9.9514888300e-01  3.8594272610e-02 
 797.000  1.0002874800e+00  3.9025005340e-02 
 798.000  9.9826201000e-01  3.9443233490e-02 
 799.000  9.9807913200e-01  3.9249889370e-02 
 800.000  9.7390056900e-01  3.7894870760e-02 
 801.000  9.9192620900e-01  3.8626644130e-02 
 802.000  9.9015700000e-01  3.8470516200e-02 
 803.000  9.7583621600e-01  3.7972545620e-02 
 804.000  9.8382965300e-01  3.8495471950e-02 
 805.000  9.5535380700e-01  3.7737785340e-02 
 806.000  9.8029539100e-01  3.8891960140e-02 
 807.000  9.7422802900e-01  3.8680744170e-02 
 808.000  9.6907697400e-01  3.8297359470e-02 
 809.000  9.5327757700e-01  3.7490467070e-02 
 810.000  9.4962873300e-01  3.7144416810e-02 
 811.000  9.6605488000e-01  3.7454902650e-02 
 812.000  9.6429559600e-01  3.7021800990e-02 
 813.000  9.6176427500e-01  3.6411632540e-02 
 814.000  9.6239654400e-01  3.5947872160e-02 
 815.000  9.5417378300e-01  3.5044971470e-02 
 816.000  9.4808980200e-01  3.4106536870e-02 
 817.000  9.5367671900e-01  3.4319442750e-02 
 818.000  9.4767233700e-01  3.4081512450e-02 
 819.000  9.2150938600e-01  3.3415565490e-02 
 820.000  9.0185838900e-01  3.3452846530e-02 
 821.000  9.2967312600e-01  3.5404064180e-02 
 822.000  9.0504476900e-01  3.3671375270e-02 
 823.000  9.2127656500e-01  3.2516448970e-02 
 824.000  9.3186174400e-01  3.4398216250e-02 
 825.000  9.2794030700e-01  3.5497562410e-02 
 826.000  9.3424582000e-01  3.5475158690e-02 
 827.000  9.3159128000e-01  3.5193859100e-02 
 828.000  9.3146699800e-01  3.4434005740e-02 
 829.000  9.3039071200e-01  3.4618144990e-02 
 830.000  9.1491166100e-01  3.4335636140e-02 
 831.000  8.9867614500e-01  3.3781574250e-02 
 832.000  9.1698050100e-01  3.4471508030e-02 
 833.000  8.8800924500e-01  3.3633228300e-02 
 834.000  9.0049681800e-01  3.4323837280e-02 
 835.000  9.0043662300e-01  3.4646007540e-02 
 836.000  9.1157379300e-01  3.5051765440e-02 
 837.000  9.0413072900e-01  3.4711601260e-02 
 838.000  9.0635676400e-01  3.5038505550e-02 
 839.000  8.7741295100e-01  3.4024208070e-02 
 840.000  9.0064389100e-01  3.4919567110e-02 
 841.000  9.0395879500e-01  3.4876335140e-02 
 842.000  8.9747240900e-01  3.4731674190e-02 
 843.000  8.8923385500e-01  3.4840499880e-02 
 844.000  8.7353430900e-01  3.4398414610e-02 
 845.000  8.8631461200e-01  3.4978237150e-02 
 846.000  8.9367084800e-01  3.5407234190e-02 
 847.000  8.6226813500e-01  3.4312465670e-02 
 848.000  8.8877676000e-01  3.5162704470e-02 
 849.000  8.9029162900e-01  3.5316635130e-02 
 850.000  7.7024337800e-01  3.0411870960e-02 
 851.000  8.8313177400e-01  3.4730049130e-02 
 852.000  8.4959694700e-01  3.3471878050e-02 
 853.000  8.5829854100e-01  3.3883197780e-02 
 854.000  6.9010404100e-01  2.7267438890e-02 
 855.000  7.5914385600e-01  3.0100952150e-02 
 856.000  8.6008310200e-01  3.4169174190e-02 
 857.000  8.7319942400e-01  3.4840690610e-02 
 858.000  8.5890170200e-01  3.4276790620e-02 
 859.000  8.5802863400e-01  3.4311428070e-02 
 860.000  8.4997961300e-01  3.4076076510e-02 
 861.000  8.4982713700e-01  3.4052822110e-02 
 862.000  8.4681655400e-01  3.3885402680e-02 
 863.000  8.6299596700e-01  3.4618083950e-02 
 864.000  8.6112002600e-01  3.4419128420e-02 
 865.000  8.4496197800e-01  3.3889492030e-02 
 866.000  7.0873841700e-01  2.8463329320e-02 
 867.000  7.5477725000e-01  3.0132188800e-02 
 868.000  8.1859236200e-01  3.2753990170e-02 
 869.000  8.0708495500e-01  3.2284076690e-02 
 870.000  8.4043315300e-01  3.3714710240e-02 
 871.000  8.3922716400e-01  3.3601799010e-02 
 872.000  8.3576235600e-01  3.3265331270e-02 
 873.000  8.3924723800e-01  3.3504234310e-02 
 874.000  8.2093201200e-01  3.2694217680e-02 
 875.000  8.1341767500e-01  3.2513538360e-02 
 876.000  8.2038427000e-01  3.2709152220e-02 
 877.000  8.3685370600e-01  3.3227573390e-02 
 878.000  8.2308061000e-01  3.2722160340e-02 
 879.000  8.2503694500e-01  3.2841655730e-02 
 880.000  8.2078452100e-01  3.2490859990e-02 
 881.000  7.7839366800e-01  3.0836751940e-02 
 882.000  8.2167014200e-01  3.2369876860e-02 
 883.000  8.0268220200e-01  3.1780914310e-02 
 884.000  8.0941433600e-01  3.2227581020e-02 
 885.000  8.1876532700e-01  3.2165199280e-02 
 886.000  7.9325798300e-01  3.1161649700e-02 
 887.000  7.8417423800e-01  3.0800476070e-02 
 888.000  8.0773498800e-01  3.1558860780e-02 
 889.000  8.1286409700e-01  3.2005092620e-02 
 890.000  8.1103092700e-01  3.1836830140e-02 
 891.000  8.0799160200e-01  3.1485368730e-02 
 892.000  8.0734166200e-01  3.1198129650e-02 
 893.000  7.8174287900e-01  2.9353858950e-02 
 894.000  8.1017355500e-01  3.0138465880e-02 
 895.000  7.7516941400e-01  2.8140928270e-02 
 896.000  8.0596098100e-01  2.8406723020e-02 
 897.000  7.8738044500e-01  2.7200229640e-02 
 898.000  7.8873390600e-01  2.6858812330e-02 
 899.000  7.8802153000e-01  2.5923715590e-02 
 900.000  7.6834136000e-01  2.5299280170e-02 
 901.000  7.5188197100e-01  2.4567661290e-02 
 902.000  7.3804151500e-01  2.4152004240e-02 
 903.000  7.7414969700e-01  2.6672855380e-02 
 904.000  7.8852795900e-01  2.8012586590e-02 
 905.000  7.8643124400e-01  2.8137704850e-02 
 906.000  7.6560359800e-01  2.6852844240e-02 
 907.000  7.7857483400e-01  2.6284181590e-02 
 908.000  7.5952890500e-01  2.4966684340e-02 
 909.000  7.4462671300e-01  2.4479143140e-02 
 910.000  7.5343451600e-01  2.4846405030e-02 
 911.000  7.5143631400e-01  2.5316888810e-02 
 912.000  7.5306126900e-01  2.4974740980e-02 
 913.000  7.7068745800e-01  2.4768499370e-02 
 914.000  7.6572737600e-01  2.4962804790e-02 
 915.000  7.5308737400e-01  2.5035406110e-02 
 916.000  7.6144528800e-01  2.5339277270e-02 
 917.000  7.4952574100e-01  2.5100191120e-02 
 918.000  7.4572053000e-01  2.5204933170e-02 
 919.000  7.5555206000e-01  2.6658437730e-02 
 920.000  7.4834664800e-01  2.6793766020e-02 
 921.000  7.3196139900e-01  2.6054849620e-02 
 922.000  7.2541806800e-01  2.5894403460e-02 
 923.000  6.9500364800e-01  2.4342779160e-02 
 924.000  7.2440528500e-01  2.5226207730e-02 
 925.000  7.3402313200e-01  2.5459407810e-02 
 926.000  7.0781745800e-01  2.4402116780e-02 
 927.000  7.3418350500e-01  2.5045814510e-02 
 928.000  7.3870082700e-01  2.4346740720e-02 
 929.000  7.2838106100e-01  2.2939538960e-02 
 930.000  7.2654742400e-01  2.1742717740e-02 
 931.000  7.2624468500e-01  2.0821716310e-02 
 932.000  7.1912667100e-01  1.9613101960e-02 
 933.000  7.2108179100e-01  1.9043727870e-02 
 934.000  7.1476345200e-01  1.8317867280e-02 
 935.000  7.0417100800e-01  1.7990196230e-02 
 936.000  6.9910382400e-01  1.8060136800e-02 
 937.000  7.1470660200e-01  1.8409896850e-02 
 938.000  7.0721133300e-01  1.8849416730e-02 
 939.000  7.1349273700e-01  2.1035800930e-02 
 940.000  7.0984995100e-01  2.1322132110e-02 
 941.000  6.9371133700e-01  2.0518348690e-02 
 942.000  6.6716090200e-01  1.9055648800e-02 
 943.000  7.0294505600e-01  1.9060194020e-02 
 944.000  6.8362265900e-01  1.8463663100e-02 
 945.000  6.9017324000e-01  1.8967359540e-02 
 946.000  6.9953143000e-01  1.9245969770e-02 
 947.000  6.9530379300e-01  1.9454929350e-02 
 948.000  6.9950602700e-01  1.9770343780e-02 
 949.000  7.0172156200e-01  1.9812850950e-02 
 950.000  6.9709557800e-01  1.9733379360e-02 
 951.000  6.9296026800e-01  2.0083658220e-02 
 952.000  6.9288142000e-01  1.9594482420e-02 
 953.000  6.9097105300e-01  1.9892938610e-02 
 954.000  6.8429770100e-01  2.0110282900e-02 
 955.000  6.3916886200e-01  1.8492195130e-02 
 956.000  6.8184323300e-01  1.9677345280e-02 
 957.000  6.8149325000e-01  2.0787487030e-02 
 958.000  6.8674660400e-01  2.1134021760e-02 
 959.000  6.8939925500e-01  2.1010606770e-02 
 960.000  6.8288421900e-01  2.0759422300e-02 
 961.000  6.7555856600e-01  2.0434137340e-02 
 962.000  6.7891995800e-01  2.0628574370e-02 
 963.000  6.7751853700e-01  2.1330661770e-02 
 964.000  6.6976621700e-01  2.1201854710e-02 
 965.000  6.7795182500e-01  2.1382061000e-02 
 966.000  6.5837999500e-01  2.0809249880e-02 
 967.000  6.7796081400e-01  2.2050918580e-02 
 968.000  6.7049011200e-01  2.2843246460e-02 
 969.000  6.7458316900e-01  2.3436168670e-02 
 970.000  6.7641868700e-01  2.3520027160e-02 
 971.000  6.7042963200e-01  2.3291923520e-02 
 972.000  6.7517737000e-01  2.3311323170e-02 
 973.000  6.6893506900e-01  2.2789548870e-02 
 974.000  6.5867996200e-01  2.2076360700e-02 
 975.000  6.6197343200e-01  2.1941377640e-02 
 976.000  6.6998582600e-01  2.2486078260e-02 
 977.000  6.5299934300e-01  2.2356445310e-02 
 978.000  6.6914915400e-01  2.2869977950e-02 
 979.000  6.4970584700e-01  2.2320428850e-02 
 980.000  6.5887055100e-01  2.3111194610e-02 
 981.000  6.6335622600e-01  2.3384496690e-02 
 982.000  6.6192392800e-01  2.3219034190e-02 
 983.000  6.6013173400e-01  2.3428297040e-02 
 984.000  6.5571221800e-01  2.3578296660e-02 
 985.000  6.5539903400e-01  2.3756984710e-02 
 986.000  6.5005065700e-01  2.3833114620e-02 
 987.000  6.5744103600e-01  2.4229522710e-02 
 988.000  6.4933378900e-01  2.3954004290e-02 
 989.000  6.4108965400e-01  2.3660966870e-02 
 990.000  6.4655186900e-01  2.3886606220e-02 
 991.000  6.5179829200e-01  2.4167640690e-02 
 992.000  6.4576105800e-01  2.3944166180e-02 
 993.000  6.4571965500e-01  2.3919681550e-02 
 994.000  6.4894751300e-01  2.4106929780e-02 
 995.000  6.4413664100e-01  2.3986337660e-02 
 996.000  6.4401090000e-01  2.3943304060e-02 
 997.000  6.4473827900e-01  2.3873205180e-02 
 998.000  6.4237542700e-01  2.3700735090e-02 
 999.000  6.4080480400e-01  2.3583703990e-02 
1000.000  6.3568748200e-01  2.3377162930e-02 
1001.000  6.3932023900e-01  2.3385107040e-02 
1002.000  6.3869652700e-01  2.3174512860e-02 
1003.000  6.3116594400e-01  2.2936586380e-02 
1004.000  6.2573363400e-01  2.2834638600e-02 
1005.000  5.8458241900e-01  2.1372161870e-02 
1006.000  6.1506362800e-01  2.2497125630e-02 
1007.000  6.2633186000e-01  2.2868377690e-02 
1008.000  6.2922338100e-01  2.2824666980e-02 
1009.000  6.2571703400e-01  2.2516691210e-02 
1010.000  6.2791035500e-01  2.2667081830e-02 
1011.000  6.2419210700e-01  2.2723720550e-02 
1012.000  6.2423220200e-01  2.2800872800e-02 
1013.000  6.1961135700e-01  2.2692977910e-02 
1014.000  6.2351885500e-01  2.2894161220e-02 
1015.000  6.1199902900e-01  2.2509897230e-02 
1016.000  6.1586288700e-01  2.2716455460e-02 
1017.000  6.0972960200e-01  2.2526897430e-02 
1018.000  6.1779573600e-01  2.2834623340e-02 
1019.000  6.0391900000e-01  2.2278181080e-02 
1020.000  6.0257005500e-01  2.2220468520e-02 
1021.000  6.0839418500e-01  2.2418626790e-02 
1022.000  5.9955624200e-01  2.1932373050e-02 
1023.000  6.1132512000e-01  2.2219472890e-02 
1024.000  6.0838108100e-01  2.2001518250e-02 
1025.000  6.0766161700e-01  2.2033088680e-02 
1026.000  6.0812370700e-01  2.2089561460e-02 
1027.000  6.0456208500e-01  2.1975000380e-02 
1028.000  6.0589129200e-01  2.2085828780e-02 
1029.000  5.9643500000e-01  2.1831998830e-02 
1030.000  6.0218484000e-01  2.2148735050e-02 
1031.000  6.0015686500e-01  2.2153265000e-02 
1032.000  5.9794237200e-01  2.2124568940e-02 
1033.000  5.8690183000e-01  2.1698751450e-02 
1034.000  5.9305417500e-01  2.1924369810e-02 
1035.000  5.8665928700e-01  2.1659645080e-02 
1036.000  5.9435147600e-01  2.1920877460e-02 
1037.000  5.8182756400e-01  2.1437896730e-02 
1038.000  5.8754538000e-01  2.1627378460e-02 
1039.000  5.9006035000e-01  2.1687620160e-02 
1040.000  5.8316387800e-01  2.1404787060e-02 
1041.000  5.8629609100e-01  2.1490694050e-02 
1042.000  5.8806595200e-01  2.1530704500e-02 
1043.000  5.7792922000e-01  2.1136716840e-02 
1044.000  5.8374818300e-01  2.1322298050e-02 
1045.000  5.8141255400e-01  2.1265867230e-02 
1046.000  5.6461424500e-01  2.0690832140e-02 
1047.000  5.7512939500e-01  2.1114532470e-02 
1048.000  5.8102030300e-01  2.1371007920e-02 
1049.000  5.7745381000e-01  2.1282175060e-02 
1050.000  5.7418904900e-01  2.1194540020e-02 
1051.000  5.7451813200e-01  2.1174356460e-02 
1052.000  5.7201476700e-01  2.1041877750e-02 
1053.000  5.7229513600e-01  2.1017667770e-02 
1054.000  5.6669735700e-01  2.0771223070e-02 
1055.000  5.7114468500e-01  2.0885259630e-02 
1056.000  5.6986234600e-01  2.0795940400e-02 
1057.000  5.6944091800e-01  2.0731086730e-02 
1058.000  5.6448166300e-01  2.0475555420e-02 
1059.000  5.4667409300e-01  1.9852094650e-02 
1060.000  5.6587450300e-01  2.0614158630e-02 
1061.000  5.4616594100e-01  1.9900215150e-02 
1062.000  5.6193517300e-01  2.0434532170e-02 
1063.000  5.5266721900e-01  2.0068229680e-02 
1064.000  5.6009489200e-01  2.0247985840e-02 
1065.000  5.6000597100e-01  2.0144165040e-02 
1066.000  5.4279830400e-01  1.9487049100e-02 
1067.000  5.5598297200e-01  1.9904365540e-02 
1068.000  5.5464150700e-01  1.9718294140e-02 
1069.000  5.1327219600e-01  1.8188951490e-02 
1070.000  5.4359270900e-01  1.9305082320e-02 
1071.000  5.4500193500e-01  1.9335725780e-02 
1072.000  5.4736469900e-01  1.9401582720e-02 
1073.000  5.2945301200e-01  1.8791078570e-02 
1074.000  5.4793279600e-01  1.9491149900e-02 
1075.000  5.3018259700e-01  1.8965969090e-02 
1076.000  5.4231989200e-01  1.9365987780e-02 
1077.000  5.4173483300e-01  1.9295785900e-02 
1078.000  5.4386068800e-01  1.9314416890e-02 
1079.000  5.2302474700e-01  1.8580356600e-02 
1080.000  5.4043231100e-01  1.9033462520e-02 
1081.000  5.2064823100e-01  1.8321483610e-02 
1082.000  5.2648508800e-01  1.8558103560e-02 
1083.000  5.1320371800e-01  1.7959810260e-02 
1084.000  5.3383055600e-01  1.8545545580e-02 
1085.000  5.2922163400e-01  1.8142667770e-02 
1086.000  5.3557038300e-01  1.8363662720e-02 
1087.000  5.0027953400e-01  1.7340627670e-02 
1088.000  5.3049826100e-01  1.8443790440e-02 
1089.000  5.1327615900e-01  1.7617872240e-02 
1090.000  5.2501091700e-01  1.8013084410e-02 
1091.000  5.2781500000e-01  1.8202854160e-02 
1092.000  5.1705344600e-01  1.7750011440e-02 
1093.000  5.1392098300e-01  1.7411848070e-02 
1094.000  4.6890247300e-01  1.5755717280e-02 
1095.000  5.0731773400e-01  1.7027267460e-02 
1096.000  5.0805171200e-01  1.7034908290e-02 
1097.000  4.9884582900e-01  1.6632984160e-02 
1098.000  4.9789460900e-01  1.5989364620e-02 
1099.000  5.0238396200e-01  1.5584788320e-02 
1100.000  5.1079715900e-01  1.5879979130e-02 
1101.000  5.0921552300e-01  1.5899866100e-02 
1102.000  4.8829407300e-01  1.5207378390e-02 
1103.000  5.0733457100e-01  1.5841209410e-02 
1104.000  5.0408913700e-01  1.5648048400e-02 
1105.000  5.0444916400e-01  1.5443133350e-02 
1106.000  5.0133874500e-01  1.5149267200e-02 
1107.000  5.0043979600e-01  1.5159057620e-02 
1108.000  4.9860000200e-01  1.5123112680e-02 
1109.000  4.9991610500e-01  1.5311690330e-02 
1110.000  5.0248144100e-01  1.5340402600e-02 
1111.000  4.9644429700e-01  1.5049572940e-02 
1112.000  4.9202985100e-01  1.4522426610e-02 
1113.000  4.9030401200e-01  1.3997137070e-02 
1114.000  4.9561285800e-01  1.4000039100e-02 
1115.000  4.9062036600e-01  1.3392272000e-02 
1116.000  4.8441168700e-01  1.2974876400e-02 
1117.000  4.9015550600e-01  1.2624367710e-02 
1118.000  4.8501987000e-01  1.2081734660e-02 
1119.000  4.7145256400e-01  1.1560289380e-02 
1120.000  4.7240316900e-01  1.1376137730e-02 
1121.000  4.7540787000e-01  1.1405257230e-02 
1122.000  4.7320147700e-01  1.1147873880e-02 
1123.000  4.7542505600e-01  1.1317543980e-02 
1124.000  4.7634221800e-01  1.1417548180e-02 
1125.000  4.6641702600e-01  1.1140893940e-02 
1126.000  4.5749481500e-01  1.0912072180e-02 
1127.000  4.7298264500e-01  1.1296818730e-02 
1128.000  4.6433570500e-01  1.1120483400e-02 
1129.000  4.6723495200e-01  1.1395653720e-02 
1130.000  4.6815461400e-01  1.1955379490e-02 
1131.000  4.7328663100e-01  1.2251869200e-02 
1132.000  4.7428527800e-01  1.2046643260e-02 
1133.000  4.6203134600e-01  1.1349731450e-02 
1134.000  4.5662804900e-01  1.0599746700e-02 
1135.000  4.6261051800e-01  1.0782101630e-02 
1136.000  4.6453330900e-01  1.1458648680e-02 
1137.000  4.7133527600e-01  1.2027440070e-02 
1138.000  4.5527264200e-01  1.2033142090e-02 
1139.000  4.6549041300e-01  1.2463627820e-02 
1140.000  4.6671680800e-01  1.2407372470e-02 
1141.000  4.5322398100e-01  1.1886652950e-02 
1142.000  4.6549063700e-01  1.2145554540e-02 
1143.000  4.5710970300e-01  1.1740566250e-02 
1144.000  4.5383301700e-01  1.1457916260e-02 
1145.000  4.5645102800e-01  1.1255890850e-02 
1146.000  4.6112741400e-01  1.1429974560e-02 
1147.000  4.6346772000e-01  1.1704485890e-02 
1148.000  4.5906033700e-01  1.1795021060e-02 
1149.000  4.6053468600e-01  1.1918025970e-02 
1150.000  4.5857997300e-01  1.1882184980e-02 
1151.000  4.5723398700e-01  1.1988571170e-02 
1152.000  4.5638019000e-01  1.2037067410e-02 
1153.000  4.5558373300e-01  1.2121212960e-02 
1154.000  4.5906147400e-01  1.2196354870e-02 
1155.000  4.6064208300e-01  1.2456548690e-02 
1156.000  4.5439879600e-01  1.2535139080e-02 
1157.000  4.5865976500e-01  1.3230103490e-02 
1158.000  4.5873256800e-01  1.3542102810e-02 
1159.000  4.5224611200e-01  1.3650896070e-02 
1160.000  4.4650087500e-01  1.3615279200e-02 
1161.000  4.3687151500e-01  1.3645202640e-02 
1162.000  4.5268716800e-01  1.4412617680e-02 
1163.000  4.5456646700e-01  1.4791038510e-02 
1164.000  4.4533372100e-01  1.4554805760e-02 
1165.000  4.5392908600e-01  1.4888061520e-02 
1166.000  4.4215396500e-01  1.4582390790e-02 
1167.000  4.4932575800e-01  1.4870075230e-02 
1168.000  4.5325285900e-01  1.4986925130e-02 
1169.000  4.3757933800e-01  1.4517832760e-02 
1170.000  4.4934730400e-01  1.4951607700e-02 
1171.000  4.5142633600e-01  1.5122797010e-02 
1172.000  4.5001237000e-01  1.5016374590e-02 
1173.000  4.4687809800e-01  1.4856310840e-02 
1174.000  4.4710424900e-01  1.4866995810e-02 
1175.000  4.4187080700e-01  1.4844992640e-02 
1176.000  4.3120348900e-01  1.4625966070e-02 
1177.000  4.4451670300e-01  1.5006383900e-02 
1178.000  4.3700767300e-01  1.4614431380e-02 
1179.000  4.3504840700e-01  1.4548443790e-02 
1180.000  4.4115552000e-01  1.4700982090e-02 
1181.000  4.3890079300e-01  1.4500047680e-02 
1182.000  4.3945643000e-01  1.4389125820e-02 
1183.000  4.1394068800e-01  1.3562570570e-02 
1184.000  4.3259736300e-01  1.4239087100e-02 
1185.000  4.3832136400e-01  1.4597618100e-02 
1186.000  4.3571125500e-01  1.4452886580e-02 
1187.000  4.3586722000e-01  1.4275190350e-02 
1188.000  4.3362951600e-01  1.4145208360e-02 
1189.000  4.0826138000e-01  1.3397162440e-02 
1190.000  4.2833753700e-01  1.4298812870e-02 
1191.000  4.3501717000e-01  1.4570063590e-02 
1192.000  4.3264839500e-01  1.4577659610e-02 
1193.000  4.3281541000e-01  1.4519202230e-02 
1194.000  4.3200044000e-01  1.4465853690e-02 
1195.000  4.2715780600e-01  1.4189235690e-02 
1196.000  4.2688797600e-01  1.4196184160e-02 
1197.000  4.2677566300e-01  1.4136981960e-02 
1198.000  4.1244082500e-01  1.3649817470e-02 
1199.000  3.9711412700e-01  1.3078621860e-02 
1200.000  4.2214720700e-01  1.3938690190e-02 
1201.000  4.2517546100e-01  1.4056298260e-02 
1202.000  4.2599108500e-01  1.4103354450e-02 
1203.000  4.0520011800e-01  1.3386702540e-02 
1204.000  4.1191462500e-01  1.3639506340e-02 
1205.000  4.2146966200e-01  1.4154986380e-02 
1206.000  4.1890582600e-01  1.4162531850e-02 
1207.000  4.2171885100e-01  1.4296927450e-02 
1208.000  4.1557958300e-01  1.4059102060e-02 
1209.000  3.8961491200e-01  1.3133766170e-02 
1210.000  4.1689837900e-01  1.3973770140e-02 
1211.000  4.0297226000e-01  1.3498319630e-02 
1212.000  4.1558877500e-01  1.3950673100e-02 
1213.000  4.1712493700e-01  1.4091839790e-02 
1214.000  4.1533964700e-01  1.4029325490e-02 
1215.000  4.1676630600e-01  1.4117485050e-02 
1216.000  4.1553364500e-01  1.4214992520e-02 
1217.000  4.1466938700e-01  1.4300355910e-02 
1218.000  4.1321796900e-01  1.4297347070e-02 
1219.000  4.0935100400e-01  1.4186928750e-02 
1220.000  4.1210244900e-01  1.4271826740e-02 
1221.000  4.1124913400e-01  1.4243654250e-02 
1222.000  4.0897097100e-01  1.4157770160e-02 
1223.000  4.0696900100e-01  1.4112209320e-02 
1224.000  4.0991063300e-01  1.4305822370e-02 
1225.000  4.0758640600e-01  1.4253793720e-02 
1226.000  4.0891504700e-01  1.4338211060e-02 
1227.000  3.9488324300e-01  1.3901209830e-02 
1228.000  4.0698400000e-01  1.4394976620e-02 
1229.000  4.0630859600e-01  1.4418248180e-02 
1230.000  4.0467888200e-01  1.4416183470e-02 
1231.000  4.0454588400e-01  1.4445055960e-02 
1232.000  3.9994578800e-01  1.4294935230e-02 
1233.000  4.0306621400e-01  1.4415767670e-02 
1234.000  4.0159916900e-01  1.4438326840e-02 
1235.000  3.9872522700e-01  1.4358345030e-02 
1236.000  4.0098501200e-01  1.4446891780e-02 
1237.000  4.0087907100e-01  1.4468381880e-02 
1238.000  4.0059465700e-01  1.4465236660e-02 
1239.000  3.9601030000e-01  1.4301897050e-02 
1240.000  3.9423250800e-01  1.4272388460e-02 
1241.000  3.9784100100e-01  1.4430914880e-02 
1242.000  3.9562170700e-01  1.4375315670e-02 
1243.000  3.9129074500e-01  1.4244068150e-02 
1244.000  3.8794130800e-01  1.4136310580e-02 
1245.000  3.9472170900e-01  1.4393813130e-02 
1246.000  3.9178741200e-01  1.4241391180e-02 
1247.000  3.8999967800e-01  1.4129979130e-02 
1248.000  3.9316760100e-01  1.4195767400e-02 
1249.000  3.9183652100e-01  1.4110250470e-02 
1250.000  3.9044170300e-01  1.4014141080e-02 
1251.000  3.8790975700e-01  1.3888964650e-02 
1252.000  3.8691232200e-01  1.3814352040e-02 
1253.000  3.8388787300e-01  1.3665699960e-02 
1254.000  3.8521429500e-01  1.3641402240e-02 
1255.000  3.8480263100e-01  1.3576601030e-02 
1256.000  3.8420805900e-01  1.3512712480e-02 
1257.000  3.8009265900e-01  1.3285605430e-02 
1258.000  3.8208457900e-01  1.3212447170e-02 
1259.000  3.7818747000e-01  1.2958771710e-02 
1260.000  3.7900303400e-01  1.2862380030e-02 
1261.000  3.7855555200e-01  1.2719857220e-02 
1262.000  3.7045393600e-01  1.2285434720e-02 
1263.000  3.7494670500e-01  1.2408888820e-02 
1264.000  3.6910880370e-01  1.2207252500e-02 
1265.000  3.6978117120e-01  1.2237729070e-02 
1266.000  3.7216880270e-01  1.2285256390e-02 
1267.000  3.6519856250e-01  1.2020965580e-02 
1268.000  3.6160136950e-01  1.1857224460e-02 
1269.000  3.6498596190e-01  1.1947413440e-02 
1270.000  3.6899843750e-01  1.2222126010e-02 
1271.000  3.7104794300e-01  1.2359493260e-02 
1272.000  3.6995055370e-01  1.2388870240e-02 
1273.000  3.6963257420e-01  1.2446717260e-02 
1274.000  3.6742537390e-01  1.2446045880e-02 
1275.000  3.6958812880e-01  1.2548552510e-02 
1276.000  3.7018200760e-01  1.2579722400e-02 
1277.000  3.6990533570e-01  1.2568399430e-02 
1278.000  3.6884528710e-01  1.2527744290e-02 
1279.000  3.6637642510e-01  1.2465472220e-02 
1280.000  3.6421255570e-01  1.2478105550e-02 
1281.000  3.5382497620e-01  1.2204936030e-02 
1282.000  3.1420373490e-01  1.0910962100e-02 
1283.000  3.4483321390e-01  1.2031962390e-02 
1284.000  3.5906218440e-01  1.2564491270e-02 
1285.000  3.6169648640e-01  1.2675744060e-02 
1286.000  3.6157712790e-01  1.2639773370e-02 
1287.000  3.6378801350e-01  1.2662183760e-02 
1288.000  3.6150741760e-01  1.2406703950e-02 
1289.000  3.6366263400e-01  1.2428942680e-02 
1290.000  3.5532981380e-01  1.2128221510e-02 
1291.000  3.6019412890e-01  1.2282160760e-02 
1292.000  3.6169691770e-01  1.2359375000e-02 
1293.000  3.6202006590e-01  1.2339251520e-02 
1294.000  3.5627421670e-01  1.2036234860e-02 
1295.000  3.6010965880e-01  1.2030673030e-02 
1296.000  3.6037443830e-01  1.1936923980e-02 
1297.000  3.5815264410e-01  1.1802117350e-02 
1298.000  3.5495198160e-01  1.1701803210e-02 
1299.000  3.5851573770e-01  1.1822359090e-02 
1300.000  3.5707652110e-01  1.1778283120e-02 
1301.000  3.5650869120e-01  1.1737752910e-02 
1302.000  3.5193339600e-01  1.1504812240e-02 
1303.000  3.5004244310e-01  1.1268857000e-02 
1304.000  3.5027210750e-01  1.1186606410e-02 
1305.000  3.5242750120e-01  1.1205820080e-02 
1306.000  3.5276483300e-01  1.1162539480e-02 
1307.000  3.5172250600e-01  1.1089489940e-02 
1308.000  3.5142219520e-01  1.0989857670e-02 
1309.000  3.5110967110e-01  1.0854966160e-02 
1310.000  3.4965069600e-01  1.0802369120e-02 
1311.000  3.4858052870e-01  1.0772934910e-02 
1312.000  3.4749466450e-01  1.0592264180e-02 
1313.000  3.3466012000e-01  1.0032561300e-02 
1314.000  3.4510629070e-01  1.0192461970e-02 
1315.000  3.3348611010e-01  9.9175615310e-03 
1316.000  3.4124394730e-01  1.0255753520e-02 
1317.000  3.4491491990e-01  1.0364315030e-02 
1318.000  3.4003430670e-01  1.0038453100e-02 
1319.000  3.4469180210e-01  9.9447498320e-03 
1320.000  3.4214712170e-01  9.6358652110e-03 
1321.000  3.4064383340e-01  9.5079507830e-03 
1322.000  3.3996366280e-01  9.6191005710e-03 
1323.000  3.4071624180e-01  9.7910604480e-03 
1324.000  3.4089864890e-01  9.8835659030e-03 
1325.000  3.3980819010e-01  9.7894439700e-03 
1326.000  3.3821769310e-01  9.5856513980e-03 
1327.000  3.3551725200e-01  9.2022562030e-03 
1328.000  3.3640031100e-01  8.9442663190e-03 
1329.000  3.2412369840e-01  8.1885509490e-03 
1330.000  3.2919408600e-01  8.1681146620e-03 
1331.000  3.3066136090e-01  8.1132698060e-03 
1332.000  3.2311524840e-01  7.9568791390e-03 
1333.000  3.3165562540e-01  8.2468452450e-03 
1334.000  3.3207136160e-01  8.3699131010e-03 
1335.000  3.3235566390e-01  8.4596633910e-03 
1336.000  3.2875818360e-01  8.3970842360e-03 
1337.000  3.2982242270e-01  8.4358158110e-03 
1338.000  3.2957933610e-01  8.4885368350e-03 
1339.000  3.2603793920e-01  8.4144144060e-03 
1340.000  3.2369768540e-01  8.4033918380e-03 
1341.000  3.2858396780e-01  8.4873361590e-03 
1342.000  3.2777934210e-01  8.4730539320e-03 
1343.000  3.2775044270e-01  8.2939720150e-03 
1344.000  3.2625186920e-01  8.0860223770e-03 
1345.000  3.2374830770e-01  7.6597924230e-03 
1346.000  3.1857603610e-01  7.3490281110e-03 
1347.000  3.1918007830e-01  7.2238831520e-03 
1348.000  3.1560196330e-01  6.9942579270e-03 
1349.000  3.1345876060e-01  6.8670601840e-03 
1350.000  3.0705815080e-01  6.5698914530e-03 
1351.000  3.0488949190e-01  6.4133367540e-03 
1352.000  3.0544559280e-01  6.2592582700e-03 
1353.000  2.9959186290e-01  5.9337654110e-03 
1354.000  2.9597163220e-01  5.7410664560e-03 
1355.000  2.9032847220e-01  5.4980864520e-03 
1356.000  2.8605467010e-01  5.2685832980e-03 
1357.000  2.7935265270e-01  4.9593000410e-03 
1358.000  2.7974915440e-01  4.7639551160e-03 
1359.000  2.7202945900e-01  4.2915372850e-03 
1360.000  2.6205849420e-01  3.9235968590e-03 
1361.000  2.6425525170e-01  3.8200187680e-03 
1362.000  2.6199137410e-01  3.7490522860e-03 
1363.000  2.6225525800e-01  3.9612705710e-03 
1364.000  2.6752717280e-01  4.1122126580e-03 
1365.000  2.6739072880e-01  4.1491208080e-03 
1366.000  2.6926834760e-01  4.2606434820e-03 
1367.000  2.6431787320e-01  4.0764837270e-03 
1368.000  2.6434096640e-01  3.9795174600e-03 
1369.000  2.5957863360e-01  3.9308400150e-03 
1370.000  2.6509166740e-01  4.2603497510e-03 
1371.000  2.7287421400e-01  4.7303180690e-03 
1372.000  2.8371687930e-01  5.2732582090e-03 
1373.000  2.8782092340e-01  5.5595316890e-03 
1374.000  2.9110957820e-01  5.7314872740e-03 
1375.000  2.8702115970e-01  5.6987137790e-03 
1376.000  2.8273058880e-01  5.5775036810e-03 
1377.000  2.8530850180e-01  5.5502500530e-03 
1378.000  2.8040943090e-01  5.3052792550e-03 
1379.000  2.7855349790e-01  5.0389709470e-03 
1380.000  2.6856159250e-01  4.5330085750e-03 
1381.000  2.6250576670e-01  4.1167783740e-03 
1382.000  2.5435944500e-01  3.8198490140e-03 
1383.000  2.5658416070e-01  3.8337898250e-03 
1384.000  2.6228248620e-01  4.1744074820e-03 
1385.000  2.6436776320e-01  4.4090561870e-03 
1386.000  2.7234802480e-01  4.7823286060e-03 
1387.000  2.7625455240e-01  5.2028770450e-03 
1388.000  2.8204495800e-01  5.4667549130e-03 
1389.000  2.8429063880e-01  5.5761146550e-03 
1390.000  2.7928013320e-01  5.4971375470e-03 
1391.000  2.8201430550e-01  5.4974498750e-03 
1392.000  2.7757234500e-01  5.2523736950e-03 
1393.000  2.7302668950e-01  5.0089411740e-03 
1394.000  2.6697487970e-01  4.7476911540e-03 
1395.000  2.6827524360e-01  4.8390560150e-03 
1396.000  2.7420619220e-01  5.1256361010e-03 
1397.000  2.7727484360e-01  5.3228855130e-03 
1398.000  2.7748626140e-01  5.3428053860e-03 
1399.000  2.7567325880e-01  5.2613043790e-03 
1400.000  2.6766917150e-01  5.0855751040e-03 
1401.000  2.6888055730e-01  5.1227159500e-03 
1402.000  2.7544561060e-01  5.3545708660e-03 
1403.000  2.7474690360e-01  5.4038033490e-03 
1404.000  2.7266297580e-01  5.3252339360e-03 
1405.000  2.7283114830e-01  5.3334631920e-03 
1406.000  2.7244513250e-01  5.2766227720e-03 
1407.000  2.7271587400e-01  5.2780294420e-03 
1408.000  2.7355865940e-01  5.3933572770e-03 
1409.000  2.7647484880e-01  5.5200076100e-03 
1410.000  2.7766642450e-01  5.6632819180e-03 
1411.000  2.7973961730e-01  5.7884678840e-03 
1412.000  2.6880756260e-01  5.5540041920e-03 
1413.000  2.7399823910e-01  5.6860189440e-03 
1414.000  2.7758245970e-01  5.7294435500e-03 
1415.000  2.7742107030e-01  5.7686014180e-03 
1416.000  2.7691288530e-01  5.7979021070e-03 
1417.000  2.7893371680e-01  5.8293523790e-03 
1418.000  2.7904332350e-01  5.8250222210e-03 
1419.000  2.7506846500e-01  5.7304716110e-03 
1420.000  2.7446502410e-01  5.7241144180e-03 
1421.000  2.7902062150e-01  5.8710966110e-03 
1422.000  2.7278668450e-01  5.7580022810e-03 
1423.000  2.7112491300e-01  5.7142863270e-03 
1424.000  2.7137034300e-01  5.6981620790e-03 
1425.000  2.7660676070e-01  5.7623434070e-03 
1426.000  2.6541369930e-01  5.5154814720e-03 
1427.000  2.6955550580e-01  5.6141881940e-03 
1428.000  2.7540544970e-01  5.7429175380e-03 
1429.000  2.6894665580e-01  5.6160583500e-03 
1430.000  2.6310424750e-01  5.4655575750e-03 
1431.000  2.6250044750e-01  5.3694176670e-03 
1432.000  2.6727192620e-01  5.4127154350e-03 
1433.000  2.6740761660e-01  5.3958172800e-03 
1434.000  2.6201800900e-01  5.2537317280e-03 
1435.000  2.6521496230e-01  5.3448462490e-03 
1436.000  2.6525071830e-01  5.3463869090e-03 
1437.000  2.6629839540e-01  5.3581128120e-03 
1438.000  2.6565058630e-01  5.3759336470e-03 
1439.000  2.6879127330e-01  5.4292426110e-03 
1440.000  2.5215300730e-01  5.0970726010e-03 
1441.000  2.6485955730e-01  5.3447017670e-03 
1442.000  2.5869280390e-01  5.1868104930e-03 
1443.000  2.6298829880e-01  5.2521371840e-03 
1444.000  2.6426705750e-01  5.2726669310e-03 
1445.000  2.6346943800e-01  5.2409920690e-03 
1446.000  2.6629776710e-01  5.3076505660e-03 
1447.000  2.6508050460e-01  5.2922902110e-03 
1448.000  2.6710692140e-01  5.3156361580e-03 
1449.000  2.6700025170e-01  5.2748074530e-03 
1450.000  2.6520384300e-01  5.1839637760e-03 
1451.000  2.6349341650e-01  5.1393971440e-03 
1452.000  2.6024989170e-01  5.0996532440e-03 
1453.000  2.6520359430e-01  5.2664308550e-03 
1454.000  2.6623380120e-01  5.3690853120e-03 
1455.000  2.6286664510e-01  5.3530411720e-03 
1456.000  2.6274693160e-01  5.4038729670e-03 
1457.000  2.6526586300e-01  5.4390797620e-03 
1458.000  2.6889278510e-01  5.5002059940e-03 
1459.000  2.6989159890e-01  5.4297204020e-03 
1460.000  2.6529944060e-01  5.2579684260e-03 
1461.000  2.6472008810e-01  5.1889948840e-03 
1462.000  2.6182918060e-01  5.0360989570e-03 
1463.000  2.6008162280e-01  4.9745893480e-03 
1464.000  2.5990959800e-01  4.9257245060e-03 
1465.000  2.6291644990e-01  4.9109110830e-03 
1466.000  2.5665356710e-01  4.7155318260e-03 
1467.000  2.6280558340e-01  4.7690920830e-03 
1468.000  2.5633719380e-01  4.5896773340e-03 
1469.000  2.5916308320e-01  4.5603575710e-03 
1470.000  2.5766827880e-01  4.4893598560e-03 
1471.000  2.5359435240e-01  4.4529285430e-03 
1472.000  2.5512685230e-01  4.5392789840e-03 
1473.000  2.5737202980e-01  4.6832885740e-03 
1474.000  2.5028588410e-01  4.6397118570e-03 
1475.000  2.5560768350e-01  4.7116518020e-03 
1476.000  2.5601163910e-01  4.6943335530e-03 
1477.000  2.5676275730e-01  4.6470336910e-03 
1478.000  2.5304855160e-01  4.5205841060e-03 
1479.000  2.5594732920e-01  4.5038237570e-03 
1480.000  2.5734945120e-01  4.5293602940e-03 
1481.000  2.5351306630e-01  4.4982619290e-03 
1482.000  2.5666992790e-01  4.5984315870e-03 
1483.000  2.5138278990e-01  4.5069956780e-03 
1484.000  2.5370674680e-01  4.5363016130e-03 
1485.000  2.5853528920e-01  4.6003794670e-03 
1486.000  2.5427576110e-01  4.5657267570e-03 
1487.000  2.5456645320e-01  4.6805567740e-03 
1488.000  2.2254238570e-01  4.0908126830e-03 
1489.000  2.5552568400e-01  4.8588151930e-03 
1490.000  2.5612097280e-01  5.0226597790e-03 
1491.000  2.5866628440e-01  5.1846332550e-03 
1492.000  2.5265553740e-01  5.0839004520e-03 
1493.000  2.5833381870e-01  5.2771615980e-03 
1494.000  2.5735164520e-01  5.2639408110e-03 
1495.000  2.5555116620e-01  5.3005137440e-03 
1496.000  2.4799413850e-01  5.2720227240e-03 
1497.000  2.5381878360e-01  5.3899669650e-03 
1498.000  2.5638909090e-01  5.5652828220e-03 
1499.000  2.5207698010e-01  5.5839924810e-03 
1500.000  2.5637551030e-01  5.7611241340e-03 
1501.000  2.5600961980e-01  5.7164998050e-03 
1502.000  2.5403269280e-01  5.6203584670e-03 
1503.000  2.2810576800e-01  5.0101342200e-03 
1504.000  2.3765112520e-01  5.2454414370e-03 
1505.000  2.3691289460e-01  5.3346986770e-03 
1506.000  2.4010655230e-01  5.4337944980e-03 
1507.000  2.5111952170e-01  5.7868804930e-03 
1508.000  2.4719796990e-01  5.7606921200e-03 
1509.000  2.4826595370e-01  5.8565630910e-03 
1510.000  2.5210266790e-01  5.9850320820e-03 
1511.000  2.5324928820e-01  6.0697302820e-03 
1512.000  2.4849509330e-01  5.9968676570e-03 
1513.000  2.4807872970e-01  6.0224900250e-03 
1514.000  2.4468271690e-01  5.9606065750e-03 
1515.000  2.4949115050e-01  6.1002898220e-03 
1516.000  2.4717604690e-01  6.0265264510e-03 
1517.000  2.4571229110e-01  5.9855985640e-03 
1518.000  2.5024094100e-01  6.1149215700e-03 
1519.000  2.4652730730e-01  6.0484738350e-03 
1520.000  2.4804393770e-01  6.1559114460e-03 
1521.000  2.4331914390e-01  6.1208438870e-03 
1522.000  2.4189504010e-01  6.1274132730e-03 
1523.000  2.4778258090e-01  6.3334736820e-03 
1524.000  2.4602394940e-01  6.3153300290e-03 
1525.000  2.4054135580e-01  6.1875772480e-03 
1526.000  2.4731687250e-01  6.3501949310e-03 
1527.000  2.4464417070e-01  6.2865734100e-03 
1528.000  2.4612768020e-01  6.3368434910e-03 
1529.000  2.4534892810e-01  6.3004941940e-03 
1530.000  2.2951628540e-01  5.8998332020e-03 
1531.000  2.4524190080e-01  6.2897362710e-03 
1532.000  2.4366868740e-01  6.2373943330e-03 
1533.000  2.4243760780e-01  6.1839199070e-03 
1534.000  2.3858484280e-01  6.0634880070e-03 
1535.000  2.3919911990e-01  6.0580782890e-03 
1536.000  2.4239777150e-01  6.1731734280e-03 
1537.000  2.4296055070e-01  6.2364497180e-03 
1538.000  2.3611561320e-01  6.1104784010e-03 
1539.000  2.4094359470e-01  6.2835659980e-03 
1540.000  2.3211504220e-01  6.0926990510e-03 
1541.000  2.3687742470e-01  6.2270851140e-03 
1542.000  2.3828611640e-01  6.2638363840e-03 
1543.000  2.3739962090e-01  6.2484683990e-03 
1544.000  2.4008495030e-01  6.3320198060e-03 
1545.000  2.4048655150e-01  6.3637318610e-03 
1546.000  2.4027962420e-01  6.3910775180e-03 
1547.000  2.3762752220e-01  6.3493876460e-03 
1548.000  2.3042206040e-01  6.1847581860e-03 
1549.000  2.3632780550e-01  6.3619413380e-03 
1550.000  2.3501569570e-01  6.3430085180e-03 
1551.000  2.3378540040e-01  6.3065094950e-03 
1552.000  2.3775932360e-01  6.4007267950e-03 
1553.000  2.3641791990e-01  6.3570108410e-03 
1554.000  2.2775560720e-01  6.1109476090e-03 
1555.000  2.3140839010e-01  6.2044777870e-03 
1556.000  2.2690295870e-01  6.1091380120e-03 
1557.000  2.3426843050e-01  6.3582997320e-03 
1558.000  2.3247396010e-01  6.3522739410e-03 
1559.000  2.3258511550e-01  6.3958058360e-03 
1560.000  2.2856862100e-01  6.3310718540e-03 
1561.000  2.3400670680e-01  6.4959077840e-03 
1562.000  2.3408180680e-01  6.4785289760e-03 
1563.000  2.3074183090e-01  6.3750147820e-03 
1564.000  2.2639848950e-01  6.2334275250e-03 
1565.000  2.3031244120e-01  6.3119602200e-03 
1566.000  2.2594838480e-01  6.2018904690e-03 
1567.000  2.2660082730e-01  6.2205100060e-03 
1568.000  2.2279125170e-01  6.1036009790e-03 
1569.000  2.2461963650e-01  6.1373887060e-03 
1570.000  2.1958192010e-01  5.9967203140e-03 
1571.000  2.2546567380e-01  6.1860585210e-03 
1572.000  2.2566825870e-01  6.2039990430e-03 
1573.000  2.2189164890e-01  6.1328387260e-03 
1574.000  2.2211332870e-01  6.1808795930e-03 
1575.000  2.0599269560e-01  5.7642641070e-03 
1576.000  2.2130441560e-01  6.2002019880e-03 
1577.000  1.9974207370e-01  5.5739507680e-03 
1578.000  2.1845994330e-01  6.0725684170e-03 
1579.000  2.1939380700e-01  6.0810427670e-03 
1580.000  2.2329991850e-01  6.1819019320e-03 
1581.000  2.2181919480e-01  6.1176619530e-03 
1582.000  2.1672133600e-01  6.0144276620e-03 
1583.000  2.1881047790e-01  6.1085386280e-03 
1584.000  2.1634807260e-01  6.0756511690e-03 
1585.000  2.2237211080e-01  6.2749843600e-03 
1586.000  2.1957914700e-01  6.2092223170e-03 
1587.000  2.1690363260e-01  6.1635165210e-03 
1588.000  2.1343376950e-01  6.0918917660e-03 
1589.000  1.9521976710e-01  5.5824699400e-03 
1590.000  2.1037313620e-01  6.0303564070e-03 
1591.000  2.0565958640e-01  5.9115991590e-03 
1592.000  2.1656767450e-01  6.2358417510e-03 
1593.000  2.2148567190e-01  6.3839168550e-03 
1594.000  2.1993124920e-01  6.3442320820e-03 
1595.000  2.2139598650e-01  6.3900642400e-03 
1596.000  2.0738936360e-01  6.0043239590e-03 
1597.000  2.1584781990e-01  6.2442002300e-03 
1598.000  2.1992089720e-01  6.3474879260e-03 
1599.000  2.1255863850e-01  6.1151943210e-03 
1600.000  2.1610091950e-01  6.2058763500e-03 
1601.000  2.0700384410e-01  5.9607586860e-03 
1602.000  2.1229729840e-01  6.1432805060e-03 
1603.000  2.1068698960e-01  6.1451320650e-03 
1604.000  2.1327432680e-01  6.2765955920e-03 
1605.000  2.1012110170e-01  6.2199811940e-03 
1606.000  2.0926555860e-01  6.2340641020e-03 
1607.000  2.1014517280e-01  6.2335786820e-03 
1608.000  2.1253950920e-01  6.2789716720e-03 
1609.000  2.1172245450e-01  6.2353239060e-03 
1610.000  1.9851117340e-01  5.8321394920e-03 
1611.000  2.0421806840e-01  6.0011844640e-03 
1612.000  2.0596433940e-01  6.0568614010e-03 
1613.000  2.1036045990e-01  6.1889214520e-03 
1614.000  2.0829589150e-01  6.1051030160e-03 
1615.000  2.1156030110e-01  6.1978049280e-03 
1616.000  1.9821840430e-01  5.8008379940e-03 
1617.000  2.0393151740e-01  6.0115251540e-03 
1618.000  2.1028554720e-01  6.2230548860e-03 
1619.000  2.0954130560e-01  6.2459778790e-03 
1620.000  2.0419064330e-01  6.1298055650e-03 
1621.000  2.0112976290e-01  6.0729951860e-03 
1622.000  2.0619229590e-01  6.2322292330e-03 
1623.000  2.1032078070e-01  6.3730702400e-03 
1624.000  2.1177422750e-01  6.4279375080e-03 
1625.000  2.0645590860e-01  6.2930297850e-03 
1626.000  2.0898747370e-01  6.3605232240e-03 
1627.000  2.0871782670e-01  6.3707170490e-03 
1628.000  2.1039500670e-01  6.4312267300e-03 
1629.000  2.1036453020e-01  6.4378633500e-03 
1630.000  2.0465322470e-01  6.2635703090e-03 
1631.000  2.0785405740e-01  6.3723502160e-03 
1632.000  2.0790652010e-01  6.3256063460e-03 
1633.000  2.0523089710e-01  6.2102880480e-03 
1634.000  2.0042842950e-01  6.0293045040e-03 
1635.000  2.0580188890e-01  6.1601982120e-03 
1636.000  2.0525747380e-01  6.1054782870e-03 
1637.000  1.9611906590e-01  5.7984423640e-03 
1638.000  1.9468607680e-01  5.7306971550e-03 
1639.000  1.9274610230e-01  5.6335830690e-03 
1640.000  1.9390230290e-01  5.6360092160e-03 
1641.000  1.9270235880e-01  5.5822849270e-03 
1642.000  1.9246195870e-01  5.6338534360e-03 
1643.000  1.9740852300e-01  5.8342719080e-03 
1644.000  1.9435371730e-01  5.7971673010e-03 
1645.000  1.9478672610e-01  5.8598275180e-03 
1646.000  1.9712770110e-01  5.9793124200e-03 
1647.000  1.9897857110e-01  6.0353183750e-03 
1648.000  1.9821020610e-01  6.0051126480e-03 
1649.000  1.9368192700e-01  5.8666701320e-03 
1650.000  1.9858987420e-01  6.0162339210e-03 
1651.000  1.9411532140e-01  5.8802394870e-03 
1652.000  1.9798958590e-01  5.9954104420e-03 
1653.000  1.9576632240e-01  5.9370107650e-03 
1654.000  1.9796272780e-01  6.0065979960e-03 
1655.000  1.9399505740e-01  5.8976230620e-03 
1656.000  1.9772173100e-01  6.0189957620e-03 
1657.000  1.9628816310e-01  5.9767889980e-03 
1658.000  1.9734834760e-01  6.0186009410e-03 
1659.000  1.9371350510e-01  5.9101285930e-03 
1660.000  1.9607742730e-01  5.9767651560e-03 
1661.000  1.9684628570e-01  5.9861254690e-03 
1662.000  1.9552412660e-01  5.8944625850e-03 
1663.000  1.9429353550e-01  5.8128356930e-03 
1664.000  1.9347063490e-01  5.7429451940e-03 
1665.000  1.9149577480e-01  5.6396379470e-03 
1666.000  1.9056345250e-01  5.6074242590e-03 
1667.000  1.9208615590e-01  5.7048034670e-03 
1668.000  1.8883170440e-01  5.6421346660e-03 
1669.000  1.8913404230e-01  5.6936841010e-03 
1670.000  1.9320630700e-01  5.8611583710e-03 
1671.000  1.9173077730e-01  5.8581161500e-03 
1672.000  1.8264952210e-01  5.6299710270e-03 
1673.000  1.8803084490e-01  5.8360738750e-03 
1674.000  1.8890426370e-01  5.9072580340e-03 
1675.000  1.8715343800e-01  5.9028129580e-03 
1676.000  1.8417260390e-01  5.8255486490e-03 
1677.000  1.8505821820e-01  5.8532352450e-03 
1678.000  1.8592615240e-01  5.8866925240e-03 
1679.000  1.8345413090e-01  5.8041195870e-03 
1680.000  1.7704510380e-01  5.6058182720e-03 
1681.000  1.7083866060e-01  5.4123110770e-03 
1682.000  1.7577256520e-01  5.5681362150e-03 
1683.000  1.8016574160e-01  5.7029976840e-03 
1684.000  1.8352699650e-01  5.8060555460e-03 
1685.000  1.8424604040e-01  5.8146820070e-03 
1686.000  1.8202323510e-01  5.7349557880e-03 
1687.000  1.8303911240e-01  5.7325239180e-03 
1688.000  1.8338122100e-01  5.7139296530e-03 
1689.000  1.8117116400e-01  5.6318454740e-03 
1690.000  1.8133451660e-01  5.6051936150e-03 
1691.000  1.8370759880e-01  5.6863040920e-03 
1692.000  1.8404173870e-01  5.7114291190e-03 
1693.000  1.8334167570e-01  5.7077207570e-03 
1694.000  1.8306429120e-01  5.7141470910e-03 
1695.000  1.8327393940e-01  5.7244110110e-03 
1696.000  1.8220203410e-01  5.6606764790e-03 
1697.000  1.8116108320e-01  5.5877037050e-03 
1698.000  1.8225435250e-01  5.5843281750e-03 
1699.000  1.8107698380e-01  5.5143651960e-03 
1700.000  1.7875585630e-01  5.4121837620e-03 
