 lambda   Irr_dw            Rad_up 
 550.000  1.5536169500e+00  4.7596157070e-02 
 551.000  1.5433531800e+00  4.7124313350e-02 
 552.000  1.6092393700e+00  4.9100669860e-02 
 553.000  1.5456674100e+00  4.6977962490e-02 
 554.000  1.5956358200e+00  4.8436630250e-02 
 555.000  1.5996214100e+00  4.8336261750e-02 
 556.000  1.5550778900e+00  4.6780700680e-02 
 557.000  1.5085770700e+00  4.5333992000e-02 
 558.000  1.5655205400e+00  4.6835674290e-02 
 559.000  1.4794475900e+00  4.4129192350e-02 
 560.000  1.4857074100e+00  4.4262756350e-02 
 561.000  1.6326609300e+00  4.8407508850e-02 
 562.000  1.4988374100e+00  4.4355426790e-02 
 563.000  1.5680469900e+00  4.6190738680e-02 
 564.000  1.5460620600e+00  4.5266517640e-02 
 565.000  1.5648097800e+00  4.5741138460e-02 
 566.000  1.4428249600e+00  4.1980106350e-02 
 567.000  1.5489999900e+00  4.4748138430e-02 
 568.000  1.5495788700e+00  4.4167514800e-02 
 569.000  1.5281946900e+00  4.2373725890e-02 
 570.000  1.5347303700e+00  4.2546062470e-02 
 571.000  1.4738212700e+00  4.1418468480e-02 
 572.000  1.5645958000e+00  4.3221672060e-02 
 573.000  1.5794453700e+00  4.3715511320e-02 
 574.000  1.5703949100e+00  4.3360897060e-02 
 575.000  1.5326035300e+00  4.2121242520e-02 
 576.000  1.5050134600e+00  4.1229480740e-02 
 577.000  1.5656296200e+00  4.2894390110e-02 
 578.000  1.5172194600e+00  4.1819004060e-02 
 579.000  1.5034142000e+00  4.1423065190e-02 
 580.000  1.5532336000e+00  4.2993740080e-02 
 581.000  1.5221371600e+00  4.2256107330e-02 
 582.000  1.5430829300e+00  4.2704765320e-02 
 583.000  1.5529828300e+00  4.3027053830e-02 
 584.000  1.5473322100e+00  4.2671131130e-02 
 585.000  1.5367255100e+00  4.2219367980e-02 
 586.000  1.4703822100e+00  4.0346065520e-02 
 587.000  1.5309500700e+00  4.1444652560e-02 
 588.000  1.5290742200e+00  4.0033267970e-02 
 589.000  1.3746910200e+00  3.4360042570e-02 
 590.000  1.4365693800e+00  3.5795333860e-02 
 591.000  1.5118522500e+00  3.8649177550e-02 
 592.000  1.4904840200e+00  3.7331077580e-02 
 593.000  1.4897569600e+00  3.8442543030e-02 
 594.000  1.5070392300e+00  3.8549674990e-02 
 595.000  1.4896991000e+00  3.7122867580e-02 
 596.000  1.5099379400e+00  3.8847717290e-02 
 597.000  1.5179926000e+00  3.8564029690e-02 
 598.000  1.4800983600e+00  3.8098846440e-02 
 599.000  1.4776294200e+00  3.8188217160e-02 
 600.000  1.4717470500e+00  3.8495132450e-02 
 601.000  1.4593459700e+00  3.8522392270e-02 
 602.000  1.4418943400e+00  3.8056247710e-02 
 603.000  1.4491338800e+00  3.8361305240e-02 
 604.000  1.4937804800e+00  3.9693153380e-02 
 605.000  1.4893563600e+00  3.9420082090e-02 
 606.000  1.4718791700e+00  3.9004676820e-02 
 607.000  1.4634245800e+00  3.8675312040e-02 
 608.000  1.4579323400e+00  3.8394714360e-02 
 609.000  1.4428845100e+00  3.7966259000e-02 
 610.000  1.4196851100e+00  3.7228767400e-02 
 611.000  1.4426543600e+00  3.7777210240e-02 
 612.000  1.4238299500e+00  3.7241989140e-02 
 613.000  1.4029988100e+00  3.6582160950e-02 
 614.000  1.3518555100e+00  3.5230655670e-02 
 615.000  1.4171498200e+00  3.6772003170e-02 
 616.000  1.3474564200e+00  3.4956493380e-02 
 617.000  1.3551395200e+00  3.5105396270e-02 
 618.000  1.4191868700e+00  3.6575939180e-02 
 619.000  1.4063733800e+00  3.6268543240e-02 
 620.000  1.4273713300e+00  3.6619014740e-02 
 621.000  1.4522309300e+00  3.7214111330e-02 
 622.000  1.3759574300e+00  3.5153095250e-02 
 623.000  1.3871738700e+00  3.5219612120e-02 
 624.000  1.3891181300e+00  3.5317440030e-02 
 625.000  1.3519294200e+00  3.4336349490e-02 
 626.000  1.3598506900e+00  3.4289737700e-02 
 627.000  1.3882948900e+00  3.4475048070e-02 
 628.000  1.3948742000e+00  3.3175560000e-02 
 629.000  1.4157427100e+00  3.4225177760e-02 
 630.000  1.3649396400e+00  3.3386226650e-02 
 631.000  1.4106988000e+00  3.4596992490e-02 
 632.000  1.3162008700e+00  3.2036300660e-02 
 633.000  1.4062793600e+00  3.4594413760e-02 
 634.000  1.3617300200e+00  3.3656608580e-02 
 635.000  1.3862118400e+00  3.4279258730e-02 
 636.000  1.3360214400e+00  3.3107429500e-02 
 637.000  1.3792951500e+00  3.4230888370e-02 
 638.000  1.3980209400e+00  3.4831233980e-02 
 639.000  1.3861887200e+00  3.4363765720e-02 
 640.000  1.3412796300e+00  3.3499679570e-02 
 641.000  1.3605059000e+00  3.3918792720e-02 
 642.000  1.3431722100e+00  3.3498622890e-02 
 643.000  1.3683383700e+00  3.3936897280e-02 
 644.000  1.3525695500e+00  3.3400791170e-02 
 645.000  1.3667856700e+00  3.3583362580e-02 
 646.000  1.3246023800e+00  3.1546039580e-02 
 647.000  1.3498447500e+00  3.1462705610e-02 
 648.000  1.3554110000e+00  3.1083047870e-02 
 649.000  1.3754029400e+00  3.1846605300e-02 
 650.000  1.2622099500e+00  3.0160421370e-02 
 651.000  1.3597535700e+00  3.2456626890e-02 
 652.000  1.3451990200e+00  3.1198457720e-02 
 653.000  1.3588629500e+00  3.2493961330e-02 
 654.000  1.3426444700e+00  3.1815675740e-02 
 655.000  1.3120520300e+00  3.0677864070e-02 
 656.000  1.1126057200e+00  2.6065591810e-02 
 657.000  1.1852504300e+00  2.7927640910e-02 
 658.000  1.3158434400e+00  3.1421585080e-02 
 659.000  1.3165024800e+00  3.1568233490e-02 
 660.000  1.3257880500e+00  3.1875986100e-02 
 661.000  1.3283976100e+00  3.2240501400e-02 
 662.000  1.3460697500e+00  3.2761863710e-02 
 663.000  1.3315130100e+00  3.2279201510e-02 
 664.000  1.3098546100e+00  3.1752452850e-02 
 665.000  1.3151975100e+00  3.1855817790e-02 
 666.000  1.3304686900e+00  3.2349208830e-02 
 667.000  1.3036684800e+00  3.1588335040e-02 
 668.000  1.3105257700e+00  3.1871524810e-02 
 669.000  1.3291328500e+00  3.2365764620e-02 
 670.000  1.3131174500e+00  3.1803138730e-02 
 671.000  1.2990421700e+00  3.1482421880e-02 
 672.000  1.2947453400e+00  3.1333906170e-02 
 673.000  1.3039546600e+00  3.1496768950e-02 
 674.000  1.3064276200e+00  3.1547462460e-02 
 675.000  1.2864056000e+00  3.0982370380e-02 
 676.000  1.3106413500e+00  3.1558622360e-02 
 677.000  1.2845115900e+00  3.0930364610e-02 
 678.000  1.3057015600e+00  3.1375980380e-02 
 679.000  1.2873003000e+00  3.0831783290e-02 
 680.000  1.2778559200e+00  3.0567672730e-02 
 681.000  1.2798391900e+00  3.0516056060e-02 
 682.000  1.2774085400e+00  3.0320646290e-02 
 683.000  1.2860986000e+00  3.0397460940e-02 
 684.000  1.2638968800e+00  2.9836441040e-02 
 685.000  1.2775705800e+00  3.0091751100e-02 
 686.000  1.2243970300e+00  2.8420072560e-02 
 687.000  1.2254611000e+00  2.4580448150e-02 
 688.000  1.2263540900e+00  2.5550298690e-02 
 689.000  1.2299035200e+00  2.5412893300e-02 
 690.000  1.2358411300e+00  2.6047086720e-02 
 691.000  1.2407927700e+00  2.6825487140e-02 
 692.000  1.2333097800e+00  2.6981885910e-02 
 693.000  1.2414536800e+00  2.6200971600e-02 
 694.000  1.2550817000e+00  2.5767631530e-02 
 695.000  1.2320966800e+00  2.5674861910e-02 
 696.000  1.2458968700e+00  2.6206478120e-02 
 697.000  1.2448360900e+00  2.7827869420e-02 
 698.000  1.2225625200e+00  2.6874574660e-02 
 699.000  1.2483994200e+00  2.6064437870e-02 
 700.000  1.2334671800e+00  2.5913595200e-02 
 701.000  1.2065701800e+00  2.4996202470e-02 
 702.000  1.2003670800e+00  2.5060945510e-02 
 703.000  1.2149702700e+00  2.6391885760e-02 
 704.000  1.2185240900e+00  2.6531890870e-02 
 705.000  1.2289634900e+00  2.6258632660e-02 
 706.000  1.2158418400e+00  2.6059154510e-02 
 707.000  1.1972637200e+00  2.5822334290e-02 
 708.000  1.2316643400e+00  2.6748023990e-02 
 709.000  1.1872297600e+00  2.6121019360e-02 
 710.000  1.2154800300e+00  2.6245698930e-02 
 711.000  1.2024730600e+00  2.6335893630e-02 
 712.000  1.1850631700e+00  2.6334945680e-02 
 713.000  1.1806641600e+00  2.5890817640e-02 
 714.000  1.2009664900e+00  2.6131807330e-02 
 715.000  1.1598772700e+00  2.4712774280e-02 
 716.000  1.1910594400e+00  2.4840173720e-02 
 717.000  1.1613229500e+00  2.1738677980e-02 
 718.000  1.1551703300e+00  2.0171209340e-02 
 719.000  1.1418710900e+00  1.9326742170e-02 
 720.000  1.1502034400e+00  1.8800296780e-02 
 721.000  1.1485464100e+00  2.2010765080e-02 
 722.000  1.1646140700e+00  2.3425331120e-02 
 723.000  1.1622594900e+00  2.2625171660e-02 
 724.000  1.1693165400e+00  2.0826374050e-02 
 725.000  1.1565563800e+00  2.0863632200e-02 
 726.000  1.1544402900e+00  2.0738246920e-02 
 727.000  1.1715235600e+00  2.1237993240e-02 
 728.000  1.1514022400e+00  2.0635656360e-02 
 729.000  1.1056407400e+00  2.0448389050e-02 
 730.000  1.1464989000e+00  2.1078683850e-02 
 731.000  1.1275955900e+00  2.0666887280e-02 
 732.000  1.1487121900e+00  2.2179416660e-02 
 733.000  1.1308698700e+00  2.3111446380e-02 
 734.000  1.1540661000e+00  2.4170631410e-02 
 735.000  1.1448618500e+00  2.3690448760e-02 
 736.000  1.1238467400e+00  2.2861190800e-02 
 737.000  1.1384315900e+00  2.3398193360e-02 
 738.000  1.1349796900e+00  2.3751249310e-02 
 739.000  1.0981308700e+00  2.3200767520e-02 
 740.000  1.1081094500e+00  2.3833433150e-02 
 741.000  1.0990615700e+00  2.3986650470e-02 
 742.000  1.0808775900e+00  2.3717309950e-02 
 743.000  1.1123312100e+00  2.4698211670e-02 
 744.000  1.1227575400e+00  2.5080053330e-02 
 745.000  1.0934398300e+00  2.4553377150e-02 
 746.000  1.1085668600e+00  2.4919578550e-02 
 747.000  1.1251695900e+00  2.5256303790e-02 
 748.000  1.1049558100e+00  2.4790231700e-02 
 749.000  1.1051523000e+00  2.4809804920e-02 
 750.000  1.0890118700e+00  2.4350187300e-02 
 751.000  1.0862098300e+00  2.4272928240e-02 
 752.000  1.1026677800e+00  2.4685951230e-02 
 753.000  1.0922288000e+00  2.4452726360e-02 
 754.000  1.1093309500e+00  2.4830051420e-02 
 755.000  1.1029681600e+00  2.4672725680e-02 
 756.000  1.0813740200e+00  2.4176528930e-02 
 757.000  1.0893679100e+00  2.4338911060e-02 
 758.000  1.0882341700e+00  2.4234893800e-02 
 759.000  1.0470687300e+00  2.1380086900e-02 
 760.000  8.2383499700e-01  8.6624298100e-03 
 761.000  7.9393677200e-01  7.6773877140e-03 
 762.000  9.2602592300e-01  1.3850681300e-02 
 763.000  9.1117471800e-01  1.1980063440e-02 
 764.000  9.3454700500e-01  1.3076146130e-02 
 765.000  9.8083071400e-01  1.5872703550e-02 
 766.000  9.7252201700e-01  1.8205492020e-02 
 767.000  1.0023830190e+00  1.9956205370e-02 
 768.000  1.0512863100e+00  2.1889369960e-02 
 769.000  1.0527360000e+00  2.2652185440e-02 
 770.000  1.0500528000e+00  2.2969268800e-02 
 771.000  1.0514954400e+00  2.3211717610e-02 
 772.000  1.0476179400e+00  2.3163650510e-02 
 773.000  1.0433062300e+00  2.3075492860e-02 
 774.000  1.0543181500e+00  2.3328420640e-02 
 775.000  1.0146033300e+00  2.2449436190e-02 
 776.000  1.0563201900e+00  2.3413228990e-02 
 777.000  1.0490055400e+00  2.3220891950e-02 
 778.000  1.0434615900e+00  2.3042934420e-02 
 779.000  1.0469348700e+00  2.3050636290e-02 
 780.000  1.0340641200e+00  2.2782598500e-02 
 781.000  1.0322054000e+00  2.2725833890e-02 
 782.000  1.0447402800e+00  2.2909437180e-02 
 783.000  1.0204056240e+00  2.2464162830e-02 
 784.000  1.0263144100e+00  2.2533945080e-02 
 785.000  1.0296904070e+00  2.2394081120e-02 
 786.000  1.0128300680e+00  2.1882041930e-02 
 787.000  1.0297133440e+00  2.1761735920e-02 
 788.000  1.0152453800e+00  2.1286060330e-02 
 789.000  1.0243830150e+00  2.0824779510e-02 
 790.000  1.0143395580e+00  2.0515365600e-02 
 791.000  1.0086071460e+00  2.0524814610e-02 
 792.000  9.9215654800e-01  2.0226041790e-02 
 793.000  9.8999916200e-01  2.0409187320e-02 
 794.000  9.7734265300e-01  2.0717781070e-02 
 795.000  9.7363981800e-01  2.0166294100e-02 
 796.000  9.9435162900e-01  1.9876176830e-02 
 797.000  9.9949145700e-01  2.0224411010e-02 
 798.000  9.9746326500e-01  2.0680578230e-02 
 799.000  9.9728604100e-01  2.0490369800e-02 
 800.000  9.7312996400e-01  1.9595581050e-02 
 801.000  9.9114938500e-01  1.9993837360e-02 
 802.000  9.8938026700e-01  1.9867733000e-02 
 803.000  9.7507660200e-01  1.9648174290e-02 
 804.000  9.8306100300e-01  2.0036903380e-02 
 805.000  9.5461415200e-01  1.9819694520e-02 
 806.000  9.7954135400e-01  2.0493793490e-02 
 807.000  9.7348346000e-01  2.0408872600e-02 
 808.000  9.6833778100e-01  2.0123334880e-02 
 809.000  9.5254449800e-01  1.9617700580e-02 
 810.000  9.4890718000e-01  1.9341648100e-02 
 811.000  9.6532700000e-01  1.9347080230e-02 
 812.000  9.6356829500e-01  1.8957366940e-02 
 813.000  9.6104041300e-01  1.8379140850e-02 
 814.000  9.6167658700e-01  1.7911581040e-02 
 815.000  9.5346381400e-01  1.7169319150e-02 
 816.000  9.4738091500e-01  1.6355466840e-02 
 817.000  9.5297449000e-01  1.6464920040e-02 
 818.000  9.4696529600e-01  1.6325136180e-02 
 819.000  9.2083240100e-01  1.6163269040e-02 
 820.000  9.0119973200e-01  1.6571350100e-02 
 821.000  9.2899395000e-01  1.7992124560e-02 
 822.000  9.0438332200e-01  1.6693483350e-02 
 823.000  9.2060626600e-01  1.5253993990e-02 
 824.000  9.3118617800e-01  1.6908714290e-02 
 825.000  9.2727222700e-01  1.8113458630e-02 
 826.000  9.3357467600e-01  1.7948379520e-02 
 827.000  9.3092511500e-01  1.7701805110e-02 
 828.000  9.3080337400e-01  1.6923006060e-02 
 829.000  9.2973063100e-01  1.7117385860e-02 
 830.000  9.1426475500e-01  1.7123905180e-02 
 831.000  8.9804142500e-01  1.6872903820e-02 
 832.000  9.1633356800e-01  1.7210432050e-02 
 833.000  8.8738792000e-01  1.6938053130e-02 
 834.000  8.9986699300e-01  1.7396698000e-02 
 835.000  8.9981376100e-01  1.7693428040e-02 
 836.000  9.1093985700e-01  1.7918542860e-02 
 837.000  9.0350688700e-01  1.7709873200e-02 
 838.000  9.0573323300e-01  1.7998355870e-02 
 839.000  8.7681436500e-01  1.7519617080e-02 
 840.000  9.0002710900e-01  1.7965143200e-02 
 841.000  9.0334477200e-01  1.7856628420e-02 
 842.000  8.9686412500e-01  1.7823286060e-02 
 843.000  8.8863594500e-01  1.8092798230e-02 
 844.000  8.7295009300e-01  1.7936990740e-02 
 845.000  8.8572119800e-01  1.8268266680e-02 
 846.000  8.9307581700e-01  1.8561527250e-02 
 847.000  8.6169544700e-01  1.8060533520e-02 
 848.000  8.8818919000e-01  1.8414146420e-02 
 849.000  8.8970786500e-01  1.8552663800e-02 
 850.000  7.6973697600e-01  1.5896574970e-02 
 851.000  8.8255282700e-01  1.8080652240e-02 
 852.000  8.4904514600e-01  1.7464534760e-02 
 853.000  8.5774304800e-01  1.7685516360e-02 
 854.000  6.8965863600e-01  1.4250267980e-02 
 855.000  7.5865294900e-01  1.5784525870e-02 
 856.000  8.5953315300e-01  1.7923448560e-02 
 857.000  8.7264094200e-01  1.8351331710e-02 
 858.000  8.5835700100e-01  1.8045175550e-02 
 859.000  8.5748523000e-01  1.8078884120e-02 
 860.000  8.4944396300e-01  1.7997961040e-02 
 861.000  8.4929322700e-01  1.7972135540e-02 
 862.000  8.4628641500e-01  1.7844295500e-02 
 863.000  8.6245962900e-01  1.8288682940e-02 
 864.000  8.6058515900e-01  1.8095134740e-02 
 865.000  8.4444030200e-01  1.7892059330e-02 
 866.000  7.0830020700e-01  1.5052458760e-02 
 867.000  7.5431245300e-01  1.5813869480e-02 
 868.000  8.1809256600e-01  1.7241188050e-02 
 869.000  8.0659296600e-01  1.6986782070e-02 
 870.000  8.3992054600e-01  1.7808015820e-02 
 871.000  8.3871986900e-01  1.7709726330e-02 
 872.000  8.3525721100e-01  1.7400218960e-02 
 873.000  8.3874161000e-01  1.7603315350e-02 
 874.000  8.2043866400e-01  1.7132905960e-02 
 875.000  8.1293176200e-01  1.7126626970e-02 
 876.000  8.1989543600e-01  1.7185537340e-02 
 877.000  8.3635707600e-01  1.7372755050e-02 
 878.000  8.2259383800e-01  1.7162601470e-02 
 879.000  8.2455083800e-01  1.7260791780e-02 
 880.000  8.2030260300e-01  1.6975502010e-02 
 881.000  7.7793920700e-01  1.6142911910e-02 
 882.000  8.2119233300e-01  1.6835157390e-02 
 883.000  8.0221483900e-01  1.6636667250e-02 
 884.000  8.0894635300e-01  1.6996698380e-02 
 885.000  8.1829235400e-01  1.6705429080e-02 
 886.000  7.9280118600e-01  1.6213426590e-02 
 887.000  7.8373145500e-01  1.6014650340e-02 
 888.000  8.0728358200e-01  1.6302145000e-02 
 889.000  8.1239454300e-01  1.6699832920e-02 
 890.000  8.1057052400e-01  1.6560503010e-02 
 891.000  8.0753323600e-01  1.6261594770e-02 
 892.000  8.0688284400e-01  1.6008752820e-02 
 893.000  7.8130045400e-01  1.4626235960e-02 
 894.000  8.0971633500e-01  1.4886605260e-02 
 895.000  7.7473470400e-01  1.3565613750e-02 
 896.000  8.0549597900e-01  1.3216152190e-02 
 897.000  7.8694287400e-01  1.2401323320e-02 
 898.000  7.8829652900e-01  1.2026133540e-02 
 899.000  7.8758734900e-01  1.1097620010e-02 
 900.000  7.6792039700e-01  1.0823866840e-02 
 901.000  7.5147034400e-01  1.0410065650e-02 
 902.000  7.3764019900e-01  1.0255485530e-02 
 903.000  7.7372623400e-01  1.2097476010e-02 
 904.000  7.8809159700e-01  1.3141404150e-02 
 905.000  7.8600432000e-01  1.3361289980e-02 
 906.000  7.6519053000e-01  1.2469249730e-02 
 907.000  7.7815671100e-01  1.1655778880e-02 
 908.000  7.5912379600e-01  1.0684224130e-02 
 909.000  7.4423195000e-01  1.0478337290e-02 
 910.000  7.5303503700e-01  1.0681410790e-02 
 911.000  7.5103882800e-01  1.1227975850e-02 
 912.000  7.5266695500e-01  1.0808531760e-02 
 913.000  7.7028419400e-01  1.0283605580e-02 
 914.000  7.6532602200e-01  1.0565739630e-02 
 915.000  7.5269381700e-01  1.0917355540e-02 
 916.000  7.6104965400e-01  1.1054560660e-02 
 917.000  7.4913986500e-01  1.1035250660e-02 
 918.000  7.4533682700e-01  1.1212362290e-02 
 919.000  7.5516671600e-01  1.2553553580e-02 
 920.000  7.4796058500e-01  1.2773557660e-02 
 921.000  7.3158536200e-01  1.2336161610e-02 
 922.000  7.2503657300e-01  1.2320343970e-02 
 923.000  6.9465224900e-01  1.1267009740e-02 
 924.000  7.2404083700e-01  1.1660356520e-02 
 925.000  7.3365152500e-01  1.1705119130e-02 
 926.000  7.0745923700e-01  1.1119062420e-02 
 927.000  7.3381385100e-01  1.1331469540e-02 
 928.000  7.3833237500e-01  1.0525908470e-02 
 929.000  7.2801838200e-01  9.2786436080e-03 
 930.000  7.2619116000e-01  8.0769491200e-03 
 931.000  7.2589538700e-01  7.1831398010e-03 
 932.000  7.1878486400e-01  6.1587004660e-03 
 933.000  7.2074829600e-01  5.6225590710e-03 
 934.000  7.1443965900e-01  5.1118106840e-03 
 935.000  7.0385302800e-01  4.9892759320e-03 
 936.000  6.9878574900e-01  5.1044664380e-03 
 937.000  7.1438350900e-01  5.1800522800e-03 
 938.000  7.0688765600e-01  5.6621904370e-03 
 939.000  7.1314987800e-01  7.5695638660e-03 
 940.000  7.0951039400e-01  7.9227986340e-03 
 941.000  6.9338058000e-01  7.4301023480e-03 
 942.000  6.6684810100e-01  6.4978561400e-03 
 943.000  7.0262535300e-01  5.9254665370e-03 
 944.000  6.8331146500e-01  5.6956553460e-03 
 945.000  6.8985863600e-01  6.0345268250e-03 
 946.000  6.9921511100e-01  6.1389818190e-03 
 947.000  6.9498541100e-01  6.4015464780e-03 
 948.000  6.9918855600e-01  6.6242117880e-03 
 949.000  7.0140366700e-01  6.6312155720e-03 
 950.000  6.9678023000e-01  6.6365928650e-03 
 951.000  6.9264336700e-01  7.0386762620e-03 
 952.000  6.9257155800e-01  6.5877385140e-03 
 953.000  6.9065981100e-01  6.9035196300e-03 
 954.000  6.8398803300e-01  7.2336506840e-03 
 955.000  6.3888347200e-01  6.4817547800e-03 
 956.000  6.8153871000e-01  6.8775596620e-03 
 957.000  6.8118618900e-01  7.9676733020e-03 
 958.000  6.8643756700e-01  8.2191591260e-03 
 959.000  6.8909133900e-01  8.0497798920e-03 
 960.000  6.8258060400e-01  7.9243636130e-03 
 961.000  6.7525909600e-01  7.7437462810e-03 
 962.000  6.7862087200e-01  7.8801031110e-03 
 963.000  6.7721935900e-01  8.6135864260e-03 
 964.000  6.6946975500e-01  8.6362457280e-03 
 965.000  6.7765395000e-01  8.6678562160e-03 
 966.000  6.5809362000e-01  8.4675741200e-03 
 967.000  6.7766499700e-01  9.3494815830e-03 
 968.000  6.7019729500e-01  1.0269870760e-02 
 969.000  6.7429074700e-01  1.0782825470e-02 
 970.000  6.7611661600e-01  1.0836404800e-02 
 971.000  6.7013269700e-01  1.0722245220e-02 
 972.000  6.7488487900e-01  1.0655332570e-02 
 973.000  6.6864861900e-01  1.0258440970e-02 
 974.000  6.5839857500e-01  9.7483406070e-03 
 975.000  6.6169002300e-01  9.5583591460e-03 
 976.000  6.6969878800e-01  9.9489030840e-03 
 977.000  6.5272167900e-01  1.0127307890e-02 
 978.000  6.6886713700e-01  1.0340994830e-02 
 979.000  6.4943175300e-01  1.0154568670e-02 
 980.000  6.5858708300e-01  1.0772211070e-02 
 981.000  6.6307613700e-01  1.0961980820e-02 
 982.000  6.6164815100e-01  1.0822932240e-02 
 983.000  6.5985644500e-01  1.1067288400e-02 
 984.000  6.5543681900e-01  1.1302194600e-02 
 985.000  6.5512535600e-01  1.1486779210e-02 
 986.000  6.4978092500e-01  1.1659708980e-02 
 987.000  6.5716966000e-01  1.1915320400e-02 
 988.000  6.4906694400e-01  1.1790192600e-02 
 989.000  6.4082652000e-01  1.1651203160e-02 
 990.000  6.4628997300e-01  1.1773461340e-02 
 991.000  6.5153638200e-01  1.1971701620e-02 
 992.000  6.4550236300e-01  1.1879534720e-02 
 993.000  6.4545595100e-01  1.1876051900e-02 
 994.000  6.4869402000e-01  1.2021451000e-02 
 995.000  6.4388363000e-01  1.2000952720e-02 
 996.000  6.4376158000e-01  1.1981742860e-02 
 997.000  6.4448404500e-01  1.1925309180e-02 
 998.000  6.4212112000e-01  1.1816795350e-02 
 999.000  6.4055263100e-01  1.1751331330e-02 
1000.000  6.3544120800e-01  1.1658297540e-02 
1001.000  6.3908765900e-01  1.1601375580e-02 
1002.000  6.3844798500e-01  1.1407052990e-02 
1003.000  6.3092212800e-01  1.1301887510e-02 
1004.000  6.2548990500e-01  1.1291360860e-02 
1005.000  5.8434182100e-01  1.0581452370e-02 
1006.000  6.1483976100e-01  1.1139109610e-02 
1007.000  6.2608850900e-01  1.1299636840e-02 
1008.000  6.2898210700e-01  1.1204865460e-02 
1009.000  6.2547854200e-01  1.0962224960e-02 
1010.000  6.2767081900e-01  1.1066039090e-02 
1011.000  6.2395832600e-01  1.1178731920e-02 
1012.000  6.2399676100e-01  1.1245848660e-02 
1013.000  6.1938302700e-01  1.1214344020e-02 
1014.000  6.2328271000e-01  1.1343590740e-02 
1015.000  6.1176899600e-01  1.1175262450e-02 
1016.000  6.1563203200e-01  1.1311071400e-02 
1017.000  6.0950404100e-01  1.1241798400e-02 
1018.000  6.1756756600e-01  1.1400387760e-02 
1019.000  6.0369428000e-01  1.1108707430e-02 
1020.000  6.0234826500e-01  1.1062657360e-02 
1021.000  6.0817568600e-01  1.1135331150e-02 
1022.000  5.9933691400e-01  1.0805383680e-02 
1023.000  6.1110076100e-01  1.0864372250e-02 
1024.000  6.0815935800e-01  1.0689086910e-02 
1025.000  6.0743997800e-01  1.0712959290e-02 
1026.000  6.0790274300e-01  1.0753929140e-02 
1027.000  6.0434172200e-01  1.0717853550e-02 
1028.000  6.0567370400e-01  1.0812252040e-02 
1029.000  5.9622187700e-01  1.0743680000e-02 
1030.000  6.0197050600e-01  1.0956517220e-02 
1031.000  5.9994334800e-01  1.1000649450e-02 
1032.000  5.9772556300e-01  1.1012706760e-02 
1033.000  5.8669896500e-01  1.0781896590e-02 
1034.000  5.9283983300e-01  1.0878753660e-02 
1035.000  5.8645366000e-01  1.0733394620e-02 
1036.000  5.9414786100e-01  1.0837719920e-02 
1037.000  5.8162843000e-01  1.0578966140e-02 
1038.000  5.8734623500e-01  1.0652832030e-02 
1039.000  5.8985535300e-01  1.0659075740e-02 
1040.000  5.8296484900e-01  1.0497691150e-02 
1041.000  5.8609570200e-01  1.0519714360e-02 
1042.000  5.8786459900e-01  1.0520274160e-02 
1043.000  5.7773126000e-01  1.0309703830e-02 
1044.000  5.8355064900e-01  1.0380584720e-02 
1045.000  5.8121743300e-01  1.0377543450e-02 
1046.000  5.6442378300e-01  1.0126829150e-02 
1047.000  5.7493525800e-01  1.0364644050e-02 
1048.000  5.8082594400e-01  1.0521965030e-02 
1049.000  5.7726156300e-01  1.0510347370e-02 
1050.000  5.7399966100e-01  1.0517091750e-02 
1051.000  5.7432831800e-01  1.0467436790e-02 
1052.000  5.7182727200e-01  1.0376241680e-02 
1053.000  5.7210813400e-01  1.0342987060e-02 
1054.000  5.6651229800e-01  1.0193203930e-02 
1055.000  5.7095860000e-01  1.0219809530e-02 
1056.000  5.6967713600e-01  1.0149192810e-02 
1057.000  5.6925637300e-01  1.0096003530e-02 
1058.000  5.6429939800e-01  9.9441556930e-03 
1059.000  5.4649824300e-01  9.6535606380e-03 
1060.000  5.6569345200e-01  1.0053816800e-02 
1061.000  5.4599163600e-01  9.7109565730e-03 
1062.000  5.6175630600e-01  9.9590444560e-03 
1063.000  5.5249208400e-01  9.7635135650e-03 
1064.000  5.5991775400e-01  9.8002195360e-03 
1065.000  5.5982911600e-01  9.6918888090e-03 
1066.000  5.4262711900e-01  9.3451910020e-03 
1067.000  5.5580806300e-01  9.5026264190e-03 
1068.000  5.5446571800e-01  9.3359661100e-03 
1069.000  5.1311084000e-01  8.5772371290e-03 
1070.000  5.4342043300e-01  9.1298084260e-03 
1071.000  5.4483281800e-01  9.1380853650e-03 
1072.000  5.4719487900e-01  9.1635236740e-03 
1073.000  5.2928884900e-01  8.8904170990e-03 
1074.000  5.4776095600e-01  9.2469120030e-03 
1075.000  5.3001619100e-01  9.0523977280e-03 
1076.000  5.4215821300e-01  9.2244415280e-03 
1077.000  5.4157101700e-01  9.1644659040e-03 
1078.000  5.4369470300e-01  9.1421394350e-03 
1079.000  5.2286579400e-01  8.7952194210e-03 
1080.000  5.4026732200e-01  8.9212446210e-03 
1081.000  5.2048626600e-01  8.5812034610e-03 
1082.000  5.2632265000e-01  8.7022542950e-03 
1083.000  5.1304783300e-01  8.3464565280e-03 
1084.000  5.3366566000e-01  8.5392303470e-03 
1085.000  5.2906081600e-01  8.2160167690e-03 
1086.000  5.3540814800e-01  8.3120393750e-03 
1087.000  5.0013111100e-01  7.9491844180e-03 
1088.000  5.3034064000e-01  8.4986991880e-03 
1089.000  5.1312539200e-01  8.0091686250e-03 
1090.000  5.2485561200e-01  8.1970891950e-03 
1091.000  5.2765706400e-01  8.3459482190e-03 
1092.000  5.1690062900e-01  8.1041784290e-03 
1093.000  5.1377512700e-01  7.8328943250e-03 
1094.000  4.6876577100e-01  7.0106000900e-03 
1095.000  5.0716804800e-01  7.5575995450e-03 
1096.000  5.0790400000e-01  7.5425572400e-03 
1097.000  4.9869976800e-01  7.3064775470e-03 
1098.000  4.9774885600e-01  6.6913180350e-03 
1099.000  5.0223895400e-01  6.2036147120e-03 
1100.000  5.1065362000e-01  6.3419013020e-03 
1101.000  5.0907167700e-01  6.3908905980e-03 
1102.000  4.8816015900e-01  6.0891852380e-03 
1103.000  5.0719428700e-01  6.3677306180e-03 
1104.000  5.0394817600e-01  6.2357692720e-03 
1105.000  5.0430913800e-01  6.0247740750e-03 
1106.000  5.0119831300e-01  5.7911129000e-03 
1107.000  5.0030115700e-01  5.8167147640e-03 
1108.000  4.9846060700e-01  5.8136291500e-03 
1109.000  4.9977553000e-01  5.9753789900e-03 
1110.000  5.0233935600e-01  5.9535360340e-03 
1111.000  4.9630544800e-01  5.7737927440e-03 
1112.000  4.9189232700e-01  5.3283653260e-03 
1113.000  4.9016994200e-01  4.8392395970e-03 
1114.000  4.9547754800e-01  4.7366957660e-03 
1115.000  4.9048786400e-01  4.2408571240e-03 
1116.000  4.8428254400e-01  3.9585218430e-03 
1117.000  4.9002723100e-01  3.5717649460e-03 
1118.000  4.8489514600e-01  3.2009415630e-03 
1119.000  4.7133740900e-01  2.9707973000e-03 
1120.000  4.7228664300e-01  2.8417232040e-03 
1121.000  4.7529373100e-01  2.8334929940e-03 
1122.000  4.7308972600e-01  2.7175774570e-03 
1123.000  4.7531175500e-01  2.7824532990e-03 
1124.000  4.7622585900e-01  2.8254828450e-03 
1125.000  4.6630310100e-01  2.7464559080e-03 
1126.000  4.5738541000e-01  2.6865429880e-03 
1127.000  4.7287061500e-01  2.7868368630e-03 
1128.000  4.6422552900e-01  2.7543807030e-03 
1129.000  4.6712006500e-01  2.8918509480e-03 
1130.000  4.6803643300e-01  3.2705352310e-03 
1131.000  4.7316561600e-01  3.4336490630e-03 
1132.000  4.7416543200e-01  3.2635109420e-03 
1133.000  4.6191999900e-01  2.9133226870e-03 
1134.000  4.5652348200e-01  2.5590245720e-03 
1135.000  4.6250563600e-01  2.6110675330e-03 
1136.000  4.6442086100e-01  2.9896028040e-03 
1137.000  4.7121709300e-01  3.3075912000e-03 
1138.000  4.5515716300e-01  3.5378403660e-03 
1139.000  4.6536982500e-01  3.7736389640e-03 
1140.000  4.6659750600e-01  3.7091264720e-03 
1141.000  4.5310987200e-01  3.4734895230e-03 
1142.000  4.6537464900e-01  3.5141112800e-03 
1143.000  4.5699832000e-01  3.2967462540e-03 
1144.000  4.5372372700e-01  3.1167469020e-03 
1145.000  4.5634213600e-01  2.9343218800e-03 
1146.000  4.6102019800e-01  3.0072171690e-03 
1147.000  4.6335746500e-01  3.1861553190e-03 
1148.000  4.5895076100e-01  3.3176925180e-03 
1149.000  4.6042341600e-01  3.4025938510e-03 
1150.000  4.5846812000e-01  3.4081699850e-03 
1151.000  4.5712339200e-01  3.5281643870e-03 
1152.000  4.5626886900e-01  3.5889174940e-03 
1153.000  4.5547127900e-01  3.6804497240e-03 
1154.000  4.5895076300e-01  3.7036540510e-03 
1155.000  4.6052952900e-01  3.9232380390e-03 
1156.000  4.5428695500e-01  4.1013312340e-03 
1157.000  4.5854542900e-01  4.6957674030e-03 
1158.000  4.5861683700e-01  5.0124835970e-03 
1159.000  4.5213411300e-01  5.2514381410e-03 
1160.000  4.4639012800e-01  5.3287472720e-03 
1161.000  4.3676250400e-01  5.5424985890e-03 
1162.000  4.5257359000e-01  6.0201482770e-03 
1163.000  4.5445336500e-01  6.3625264170e-03 
1164.000  4.4522208900e-01  6.2977743150e-03 
1165.000  4.5381607200e-01  6.4743371010e-03 
1166.000  4.4204493300e-01  6.3880028720e-03 
1167.000  4.4921440600e-01  6.5442175870e-03 
1168.000  4.5314067000e-01  6.5904936790e-03 
1169.000  4.3747169500e-01  6.4127082820e-03 
1170.000  4.4923593400e-01  6.6298723220e-03 
1171.000  4.5131468500e-01  6.7626652720e-03 
1172.000  4.4990317400e-01  6.6855177880e-03 
1173.000  4.4676930400e-01  6.5868315700e-03 
1174.000  4.4699568800e-01  6.5952320100e-03 
1175.000  4.4176275100e-01  6.6693325040e-03 
1176.000  4.3109749600e-01  6.6486773490e-03 
1177.000  4.4440955900e-01  6.7852225300e-03 
1178.000  4.3690265400e-01  6.5360298160e-03 
1179.000  4.3494331400e-01  6.5078835490e-03 
1180.000  4.4104947900e-01  6.5506858830e-03 
1181.000  4.3879618900e-01  6.3950214390e-03 
1182.000  4.3935107100e-01  6.2773661610e-03 
1183.000  4.1384248800e-01  5.9207367900e-03 
1184.000  4.3249438300e-01  6.2504606250e-03 
1185.000  4.3821670300e-01  6.4985265730e-03 
1186.000  4.3560944200e-01  6.4022045140e-03 
1187.000  4.3576332700e-01  6.2253255840e-03 
1188.000  4.3352803400e-01  6.1341786380e-03 
1189.000  4.0816481900e-01  5.8460164070e-03 
1190.000  4.2823676500e-01  6.3635783200e-03 
1191.000  4.3491371000e-01  6.5059366230e-03 
1192.000  4.3254597400e-01  6.5522742270e-03 
1193.000  4.3271265000e-01  6.4864144330e-03 
1194.000  4.3189967700e-01  6.4503545760e-03 
1195.000  4.2705839900e-01  6.2692508700e-03 
1196.000  4.2678876200e-01  6.2852435110e-03 
1197.000  4.2667579200e-01  6.2335228920e-03 
1198.000  4.1234581600e-01  6.0162162780e-03 
1199.000  3.9702199400e-01  5.7342548370e-03 
1200.000  4.2205057300e-01  6.1342129710e-03 
1201.000  4.2507934600e-01  6.1984848980e-03 
1202.000  4.2589467700e-01  6.2385568620e-03 
1203.000  4.0510923800e-01  5.9129648210e-03 
1204.000  4.1182265500e-01  6.0466589930e-03 
1205.000  4.2137550500e-01  6.3840012550e-03 
1206.000  4.1881229400e-01  6.4382357600e-03 
1207.000  4.2162477400e-01  6.5210576060e-03 
1208.000  4.1548705100e-01  6.3962039950e-03 
1209.000  3.8952841800e-01  5.9499368670e-03 
1210.000  4.1680541500e-01  6.2856893540e-03 
1211.000  4.0288218500e-01  6.0705976490e-03 
1212.000  4.1549674700e-01  6.2957220080e-03 
1213.000  4.1703208100e-01  6.4136266710e-03 
1214.000  4.1524761700e-01  6.3901467320e-03 
1215.000  4.1667379000e-01  6.4586029050e-03 
1216.000  4.1544239900e-01  6.5888671880e-03 
1217.000  4.1457825300e-01  6.6971054080e-03 
1218.000  4.1312808600e-01  6.7256016730e-03 
1219.000  4.0926245500e-01  6.6901607510e-03 
1220.000  4.1201329100e-01  6.7252841000e-03 
1221.000  4.1116035700e-01  6.7120280270e-03 
1222.000  4.0888274500e-01  6.6674437520e-03 
1223.000  4.0688149700e-01  6.6637578010e-03 
1224.000  4.0982239600e-01  6.8086280820e-03 
1225.000  4.0749891800e-01  6.8044629100e-03 
1226.000  4.0882725200e-01  6.8703589440e-03 
1227.000  3.9479873400e-01  6.6948356630e-03 
1228.000  4.0689712500e-01  6.9724946020e-03 
1229.000  4.0622109900e-01  7.0107536320e-03 
1230.000  4.0459266400e-01  7.0406441690e-03 
1231.000  4.0446038700e-01  7.0734219550e-03 
1232.000  3.9986184400e-01  7.0090308190e-03 
1233.000  4.0298098700e-01  7.0750856400e-03 
1234.000  4.0151400800e-01  7.1228508950e-03 
1235.000  3.9864250200e-01  7.0942211150e-03 
1236.000  4.0090089900e-01  7.1442065240e-03 
1237.000  4.0079537100e-01  7.1649365430e-03 
1238.000  4.0051093200e-01  7.1660766600e-03 
1239.000  3.9592804800e-01  7.0857782360e-03 
1240.000  3.9415094800e-01  7.0973935130e-03 
1241.000  3.9775885100e-01  7.2025675770e-03 
1242.000  3.9554035800e-01  7.1997890470e-03 
1243.000  3.9121048900e-01  7.1592640880e-03 
1244.000  3.8786205200e-01  7.1254692080e-03 
1245.000  3.9464138200e-01  7.2703547480e-03 
1246.000  3.9170785500e-01  7.1694059370e-03 
1247.000  3.8992070000e-01  7.0882406230e-03 
1248.000  3.9308837600e-01  7.0969529150e-03 
1249.000  3.9175776300e-01  7.0334620480e-03 
1250.000  3.9036347300e-01  6.9615168570e-03 
1251.000  3.8783229800e-01  6.8818187710e-03 
1252.000  3.8683538500e-01  6.8272261620e-03 
1253.000  3.8381180600e-01  6.7352190020e-03 
1254.000  3.8513826300e-01  6.6920490260e-03 
1255.000  3.8472706550e-01  6.6380038260e-03 
1256.000  3.8413296220e-01  6.5881028180e-03 
1257.000  3.8001858860e-01  6.4286456110e-03 
1258.000  3.8201098450e-01  6.3198790550e-03 
1259.000  3.7811551410e-01  6.1350245480e-03 
1260.000  3.7893207440e-01  6.0214691160e-03 
1261.000  3.7848480800e-01  5.8863825800e-03 
1262.000  3.7038673670e-01  5.6074557300e-03 
1263.000  3.7487908750e-01  5.6639313700e-03 
1264.000  3.6904244130e-01  5.5793194770e-03 
1265.000  3.6971491580e-01  5.6062879560e-03 
1266.000  3.7210273950e-01  5.6231970790e-03 
1267.000  3.6513395760e-01  5.4970917700e-03 
1268.000  3.6153836150e-01  5.4108648300e-03 
1269.000  3.6492272370e-01  5.4471917150e-03 
1270.000  3.6893302740e-01  5.6284341810e-03 
1271.000  3.7098124360e-01  5.7194375990e-03 
1272.000  3.6988422180e-01  5.7625846860e-03 
1273.000  3.6956593230e-01  5.8235526080e-03 
1274.000  3.6735870520e-01  5.8560662270e-03 
1275.000  3.6952051480e-01  5.9140601160e-03 
1276.000  3.7011372530e-01  5.9291396140e-03 
1277.000  3.6983741290e-01  5.9167509080e-03 
1278.000  3.6877701210e-01  5.8876991270e-03 
1279.000  3.6630842550e-01  5.8695621490e-03 
1280.000  3.6414511840e-01  5.9281048770e-03 
1281.000  3.5375953430e-01  5.8479328160e-03 
1282.000  3.1414537770e-01  5.2721600530e-03 
1283.000  3.4476868860e-01  5.8489270210e-03 
1284.000  3.5899566610e-01  6.1336340900e-03 
1285.000  3.6162802460e-01  6.1979584690e-03 
1286.000  3.6150990420e-01  6.1628122330e-03 
1287.000  3.6372099490e-01  6.1440186500e-03 
1288.000  3.6144080390e-01  5.9231686590e-03 
1289.000  3.6359528960e-01  5.9039115910e-03 
1290.000  3.5526433570e-01  5.7499942780e-03 
1291.000  3.6012729760e-01  5.8058295250e-03 
1292.000  3.6163026080e-01  5.8459086420e-03 
1293.000  3.6195359400e-01  5.8079624180e-03 
1294.000  3.5620873010e-01  5.5949206350e-03 
1295.000  3.6004382450e-01  5.5056657790e-03 
1296.000  3.6030876320e-01  5.4012527470e-03 
1297.000  3.5808735610e-01  5.3060507770e-03 
1298.000  3.5488822110e-01  5.2640848160e-03 
1299.000  3.5845137150e-01  5.3205313680e-03 
1300.000  3.5701199950e-01  5.3033967020e-03 
1301.000  3.5644310670e-01  5.2766318320e-03 
1302.000  3.5187089200e-01  5.1213660240e-03 
1303.000  3.4998176860e-01  4.9152364730e-03 
1304.000  3.5020919920e-01  4.8250622750e-03 
1305.000  3.5236665720e-01  4.8014330860e-03 
1306.000  3.5270164830e-01  4.7480297090e-03 
1307.000  3.5166049550e-01  4.6955223080e-03 
1308.000  3.5136140580e-01  4.6077680590e-03 
1309.000  3.5104798000e-01  4.4842219350e-03 
1310.000  3.4959075130e-01  4.4632024770e-03 
1311.000  3.4851940120e-01  4.4563174250e-03 
1312.000  3.4743392110e-01  4.2993941310e-03 
1313.000  3.3460192500e-01  3.9671587940e-03 
1314.000  3.4504669490e-01  3.9429190160e-03 
1315.000  3.3342863460e-01  3.8814404010e-03 
1316.000  3.4118500330e-01  4.0823483470e-03 
1317.000  3.4485566830e-01  4.1266422270e-03 
1318.000  3.3997588320e-01  3.8860199450e-03 
1319.000  3.4463335330e-01  3.7054154870e-03 
1320.000  3.4208941780e-01  3.4420850280e-03 
1321.000  3.4058682920e-01  3.3433434960e-03 
1322.000  3.3990661330e-01  3.4652283190e-03 
1323.000  3.4065882360e-01  3.6236674790e-03 
1324.000  3.4083937800e-01  3.7154798510e-03 
1325.000  3.3975021050e-01  3.6396043300e-03 
1326.000  3.3816151200e-01  3.4647214410e-03 
1327.000  3.3546132450e-01  3.1327910420e-03 
1328.000  3.3634713270e-01  2.8731057640e-03 
1329.000  3.2407156350e-01  2.3807106020e-03 
1330.000  3.2914607230e-01  2.2865383630e-03 
1331.000  3.3061188900e-01  2.2202661040e-03 
1332.000  3.2306604920e-01  2.1911103730e-03 
1333.000  3.3160404640e-01  2.3175516130e-03 
1334.000  3.3201848970e-01  2.4148766990e-03 
1335.000  3.3230391810e-01  2.4878387450e-03 
1336.000  3.2870631060e-01  2.4843518730e-03 
1337.000  3.2977064520e-01  2.4957981110e-03 
1338.000  3.2952703550e-01  2.5467007160e-03 
1339.000  3.2598633620e-01  2.5213241580e-03 
1340.000  3.2364638840e-01  2.5477638240e-03 
1341.000  3.2853133400e-01  2.5248489380e-03 
1342.000  3.2772761730e-01  2.5251345630e-03 
1343.000  3.2769892370e-01  2.3385264870e-03 
1344.000  3.2620130080e-01  2.1766762730e-03 
1345.000  3.2370207250e-01  1.8957433700e-03 
1346.000  3.1853084790e-01  1.7517911200e-03 
1347.000  3.1913677170e-01  1.7023314240e-03 
1348.000  3.1555956100e-01  1.6309140920e-03 
1349.000  3.1341755560e-01  1.5980113740e-03 
1350.000  3.0701960170e-01  1.5229038000e-03 
1351.000  3.0485166940e-01  1.4844293590e-03 
1352.000  3.0540931120e-01  1.4459346530e-03 
1353.000  2.9955683040e-01  1.3690789940e-03 
1354.000  2.9593936180e-01  1.3242762090e-03 
1355.000  2.9029954380e-01  1.2685558800e-03 
1356.000  2.8602556140e-01  1.2167687420e-03 
1357.000  2.7932684630e-01  1.1477239130e-03 
1358.000  2.7972455720e-01  1.1059827800e-03 
1359.000  2.7200820030e-01  1.0020680430e-03 
1360.000  2.6204044530e-01  9.1918128730e-04 
1361.000  2.6423819010e-01  8.9672905210e-04 
1362.000  2.6197459810e-01  8.8052666190e-04 
1363.000  2.6223743460e-01  9.2753750090e-04 
1364.000  2.6750760780e-01  9.6175444130e-04 
1365.000  2.6737099090e-01  9.6973925830e-04 
1366.000  2.6924886780e-01  9.9436092380e-04 
1367.000  2.6429894780e-01  9.5318293570e-04 
1368.000  2.6432297680e-01  9.3199896810e-04 
1369.000  2.5956053730e-01  9.2026650910e-04 
1370.000  2.6507196140e-01  9.9322509770e-04 
1371.000  2.7285167350e-01  1.0959433320e-03 
1372.000  2.8368943080e-01  1.2159513240e-03 
1373.000  2.8779250110e-01  1.2805187700e-03 
1374.000  2.9108007080e-01  1.3200721740e-03 
1375.000  2.8698940840e-01  1.3125694990e-03 
1376.000  2.8270069790e-01  1.2845418450e-03 
1377.000  2.8527985540e-01  1.2782146930e-03 
1378.000  2.8038161320e-01  1.2222769260e-03 
1379.000  2.7852765310e-01  1.1634823080e-03 
1380.000  2.6853979220e-01  1.0523117780e-03 
1381.000  2.6248601700e-01  9.6128749850e-04 
1382.000  2.5434213340e-01  8.9457851650e-04 
1383.000  2.5656738280e-01  8.9816951750e-04 
1384.000  2.6226345540e-01  9.7380733490e-04 
1385.000  2.6434651270e-01  1.0247136350e-03 
1386.000  2.7232485720e-01  1.1068285700e-03 
1387.000  2.7622727550e-01  1.1993781330e-03 
1388.000  2.8201767860e-01  1.2597619300e-03 
1389.000  2.8426270000e-01  1.2850952150e-03 
1390.000  2.7925044750e-01  1.2670022250e-03 
1391.000  2.8198659260e-01  1.2669427390e-03 
1392.000  2.7754583760e-01  1.2107098100e-03 
1393.000  2.7300248210e-01  1.1559114460e-03 
1394.000  2.6695094630e-01  1.0976691250e-03 
1395.000  2.6825179770e-01  1.1176131960e-03 
1396.000  2.7418094990e-01  1.1815338130e-03 
1397.000  2.7724840820e-01  1.2261478900e-03 
1398.000  2.7745984940e-01  1.2306220530e-03 
1399.000  2.7564652620e-01  1.2118706700e-03 
1400.000  2.6764312090e-01  1.1713674070e-03 
1401.000  2.6885531210e-01  1.1797539000e-03 
1402.000  2.7541959340e-01  1.2328082320e-03 
1403.000  2.7471999810e-01  1.2441776990e-03 
1404.000  2.7263760430e-01  1.2258391380e-03 
1405.000  2.7280300600e-01  1.2275570630e-03 
1406.000  2.7241902230e-01  1.2143306730e-03 
1407.000  2.7268938310e-01  1.2145366670e-03 
1408.000  2.7353130500e-01  1.2412613630e-03 
1409.000  2.7644638880e-01  1.2709128860e-03 
1410.000  2.7763777770e-01  1.3050031660e-03 
1411.000  2.7970897890e-01  1.3349881170e-03 
1412.000  2.6877926810e-01  1.2804758550e-03 
1413.000  2.7396975540e-01  1.3115806580e-03 
1414.000  2.7755261690e-01  1.3206886050e-03 
1415.000  2.7739171350e-01  1.3311880830e-03 
1416.000  2.7688279200e-01  1.3389692310e-03 
1417.000  2.7890400690e-01  1.3468017580e-03 
1418.000  2.7901274670e-01  1.3455035690e-03 
1419.000  2.7503909390e-01  1.3240288500e-03 
1420.000  2.7443544710e-01  1.3229007720e-03 
1421.000  2.7899015300e-01  1.3620809320e-03 
1422.000  2.7275627360e-01  1.3383791450e-03 
1423.000  2.7109581630e-01  1.3301484580e-03 
1424.000  2.7134083370e-01  1.3255575900e-03 
1425.000  2.7657665800e-01  1.3383711580e-03 
1426.000  2.6538533320e-01  1.2809095380e-03 
1427.000  2.6952613540e-01  1.3075152640e-03 
1428.000  2.7537613250e-01  1.3406382800e-03 
1429.000  2.6891780180e-01  1.3161184790e-03 
1430.000  2.6307652500e-01  1.2805762290e-03 
1431.000  2.6247356470e-01  1.2503931520e-03 
1432.000  2.6724494810e-01  1.2564746140e-03 
1433.000  2.6738073440e-01  1.2519803050e-03 
1434.000  2.6199189420e-01  1.2164372210e-03 
1435.000  2.6518833080e-01  1.2423543930e-03 
1436.000  2.6522410900e-01  1.2449653150e-03 
1437.000  2.6627180850e-01  1.2488533260e-03 
1438.000  2.6562386650e-01  1.2611655000e-03 
1439.000  2.6876430050e-01  1.2744764090e-03 
1440.000  2.5212767560e-01  1.1995588540e-03 
1441.000  2.6483285820e-01  1.2596144680e-03 
1442.000  2.5866688760e-01  1.2185798880e-03 
1443.000  2.6296219570e-01  1.2341127400e-03 
1444.000  2.6424093740e-01  1.2418795820e-03 
1445.000  2.6344337600e-01  1.2351455690e-03 
1446.000  2.6627135430e-01  1.2585163120e-03 
1447.000  2.6505406850e-01  1.2631540300e-03 
1448.000  2.6708050250e-01  1.2703344820e-03 
1449.000  2.6697427630e-01  1.2545311450e-03 
1450.000  2.6517795030e-01  1.2247604130e-03 
1451.000  2.6346817000e-01  1.2176656720e-03 
1452.000  2.6022421900e-01  1.2258316280e-03 
1453.000  2.6517708290e-01  1.3045949940e-03 
1454.000  2.6620764630e-01  1.3892372850e-03 
1455.000  2.6284058880e-01  1.4306691880e-03 
1456.000  2.6272043990e-01  1.4971611500e-03 
1457.000  2.6523953950e-01  1.5148289200e-03 
1458.000  2.6886635270e-01  1.5456717010e-03 
1459.000  2.6986528620e-01  1.4880565400e-03 
1460.000  2.6527396120e-01  1.4105905290e-03 
1461.000  2.6469432470e-01  1.3756822350e-03 
1462.000  2.6180355060e-01  1.2948853970e-03 
1463.000  2.6005791520e-01  1.2793302540e-03 
1464.000  2.5988682510e-01  1.2558599710e-03 
1465.000  2.6289203010e-01  1.2278419730e-03 
1466.000  2.5663079840e-01  1.1544505360e-03 
1467.000  2.6278185050e-01  1.1521159410e-03 
1468.000  2.5631487720e-01  1.0947579150e-03 
1469.000  2.5914140920e-01  1.0695899720e-03 
1470.000  2.5764667570e-01  1.0473032000e-03 
1471.000  2.5357235250e-01  1.0577037330e-03 
1472.000  2.5510467370e-01  1.1135740280e-03 
1473.000  2.5734930660e-01  1.2199656960e-03 
1474.000  2.5026385060e-01  1.2777163980e-03 
1475.000  2.5558496850e-01  1.2999031540e-03 
1476.000  2.5598920710e-01  1.2959020140e-03 
1477.000  2.5674043280e-01  1.2623001340e-03 
1478.000  2.5302695440e-01  1.2088277340e-03 
1479.000  2.5592571070e-01  1.1768856050e-03 
1480.000  2.5732808590e-01  1.2038440700e-03 
1481.000  2.5349180390e-01  1.2287576200e-03 
1482.000  2.5664777900e-01  1.3001841310e-03 
1483.000  2.5136183760e-01  1.2864630220e-03 
1484.000  2.5368512830e-01  1.3006982800e-03 
1485.000  2.5851440670e-01  1.3137153390e-03 
1486.000  2.5425445670e-01  1.3488514420e-03 
1487.000  2.5454533760e-01  1.4737880230e-03 
1488.000  2.2252361590e-01  1.3001259570e-03 
1489.000  2.5550425270e-01  1.6785178180e-03 
1490.000  2.5609891730e-01  1.8627935650e-03 
1491.000  2.5864456920e-01  2.0133054260e-03 
1492.000  2.5263466860e-01  1.9903815980e-03 
1493.000  2.5831183320e-01  2.1305096150e-03 
1494.000  2.5733082690e-01  2.1309976580e-03 
1495.000  2.5553030900e-01  2.2010459900e-03 
1496.000  2.4797371040e-01  2.2831759450e-03 
1497.000  2.5379773000e-01  2.3276796340e-03 
1498.000  2.5636838550e-01  2.4894213680e-03 
1499.000  2.5205641330e-01  2.5735993390e-03 
1500.000  2.5635491050e-01  2.7091944220e-03 
1501.000  2.5598885820e-01  2.6534733770e-03 
1502.000  2.5401157170e-01  2.5643026830e-03 
1503.000  2.2808772310e-01  2.2517728810e-03 
1504.000  2.3763166390e-01  2.3664348130e-03 
1505.000  2.3689345030e-01  2.4748964310e-03 
1506.000  2.4008732120e-01  2.5367062090e-03 
1507.000  2.5109858580e-01  2.7675700190e-03 
1508.000  2.4717798820e-01  2.7941572670e-03 
1509.000  2.4824574050e-01  2.8842217920e-03 
1510.000  2.5208182050e-01  2.9690041540e-03 
1511.000  2.5322812100e-01  3.0465426450e-03 
1512.000  2.4847454680e-01  3.0346789360e-03 
1513.000  2.4805870690e-01  3.0688250060e-03 
1514.000  2.4466324990e-01  3.0486423970e-03 
1515.000  2.4947108410e-01  3.1273498540e-03 
1516.000  2.4715614490e-01  3.0671834950e-03 
1517.000  2.4569240350e-01  3.0314209460e-03 
1518.000  2.5022067540e-01  3.0974082950e-03 
1519.000  2.4650744800e-01  3.0679216380e-03 
1520.000  2.4802385590e-01  3.1611030100e-03 
1521.000  2.4329987200e-01  3.1963489060e-03 
1522.000  2.4187593780e-01  3.2268428800e-03 
1523.000  2.4776359620e-01  3.3716783520e-03 
1524.000  2.4600476470e-01  3.3794610500e-03 
1525.000  2.4052255520e-01  3.3167526720e-03 
1526.000  2.4729762270e-01  3.3867094520e-03 
1527.000  2.4462495430e-01  3.3458237650e-03 
1528.000  2.4610813060e-01  3.3702757360e-03 
1529.000  2.4532937750e-01  3.3300843240e-03 
1530.000  2.2949832950e-01  3.1125552650e-03 
1531.000  2.4522271810e-01  3.2940835950e-03 
1532.000  2.4364976360e-01  3.2437019350e-03 
1533.000  2.4241888300e-01  3.1863560680e-03 
1534.000  2.3856638420e-01  3.0938885210e-03 
1535.000  2.3918062830e-01  3.0605940820e-03 
1536.000  2.4237911040e-01  3.1369109150e-03 
1537.000  2.4294178860e-01  3.1953611370e-03 
1538.000  2.3609738260e-01  3.1576678750e-03 
1539.000  2.4092509030e-01  3.2730314730e-03 
1540.000  2.3209709350e-01  3.1943051820e-03 
1541.000  2.3685926730e-01  3.2615756990e-03 
1542.000  2.3826772090e-01  3.2714643480e-03 
1543.000  2.3738142590e-01  3.2579755780e-03 
1544.000  2.4006617890e-01  3.2983872890e-03 
1545.000  2.4046775990e-01  3.3162848950e-03 
1546.000  2.4026082700e-01  3.3418641090e-03 
1547.000  2.3760890710e-01  3.3321337700e-03 
1548.000  2.3040398280e-01  3.2556464670e-03 
1549.000  2.3630928100e-01  3.3543636800e-03 
1550.000  2.3499722770e-01  3.3484880920e-03 
1551.000  2.3376707850e-01  3.3169305320e-03 
1552.000  2.3774062420e-01  3.3460266590e-03 
1553.000  2.3639932060e-01  3.3055005070e-03 
1554.000  2.2773766250e-01  3.1575131420e-03 
1555.000  2.3139009570e-01  3.1898639200e-03 
1556.000  2.2688514790e-01  3.1497278210e-03 
1557.000  2.3425001070e-01  3.3072557450e-03 
1558.000  2.3245567830e-01  3.3287880420e-03 
1559.000  2.3256685650e-01  3.3749930860e-03 
1560.000  2.2855074050e-01  3.3664941790e-03 
1561.000  2.3398833540e-01  3.4568595890e-03 
1562.000  2.3406345680e-01  3.4256801610e-03 
1563.000  2.3072435620e-01  3.3521733280e-03 
1564.000  2.2638111570e-01  3.2558054920e-03 
1565.000  2.3029451590e-01  3.2718181610e-03 
1566.000  2.2593068290e-01  3.2123813630e-03 
1567.000  2.2658346330e-01  3.2248654370e-03 
1568.000  2.2277454750e-01  3.1613886360e-03 
1569.000  2.2460305330e-01  3.1740257740e-03 
1570.000  2.1956590090e-01  3.1020991800e-03 
1571.000  2.2544911340e-01  3.2125980850e-03 
1572.000  2.2565188160e-01  3.2256395820e-03 
1573.000  2.2187551240e-01  3.2009267810e-03 
1574.000  2.2209702850e-01  3.2420911790e-03 
1575.000  2.0597758740e-01  3.0353162290e-03 
1576.000  2.2128815910e-01  3.2608406540e-03 
1577.000  1.9972729940e-01  2.9038820270e-03 
1578.000  2.1844365010e-01  3.1333739760e-03 
1579.000  2.1937746990e-01  3.1098039150e-03 
1580.000  2.2328315140e-01  3.1373248100e-03 
1581.000  2.2180249530e-01  3.0783603190e-03 
1582.000  2.1670482910e-01  3.0385155680e-03 
1583.000  2.1879369320e-01  3.0973801610e-03 
1584.000  2.1633132740e-01  3.0922825340e-03 
1585.000  2.2235501960e-01  3.2026019100e-03 
1586.000  2.1956200570e-01  3.1711974140e-03 
1587.000  2.1688645990e-01  3.1579525470e-03 
1588.000  2.1341740670e-01  3.1304438110e-03 
1589.000  1.9520443120e-01  2.8712821010e-03 
1590.000  2.1035709950e-01  3.1036062240e-03 
1591.000  2.0564356350e-01  3.0463204380e-03 
1592.000  2.1655062440e-01  3.2145695690e-03 
1593.000  2.2146842480e-01  3.2899978160e-03 
1594.000  2.1991396990e-01  3.2685673240e-03 
1595.000  2.2137901560e-01  3.2913429740e-03 
1596.000  2.0737346860e-01  3.0980215070e-03 
1597.000  2.1583112690e-01  3.2179601190e-03 
1598.000  2.1990431980e-01  3.2637329100e-03 
1599.000  2.1254275800e-01  3.1346480850e-03 
1600.000  2.1608502440e-01  3.1745729450e-03 
1601.000  2.0698870460e-01  3.0566065310e-03 
1602.000  2.1228186670e-01  3.1712760930e-03 
1603.000  2.1067166100e-01  3.2008047100e-03 
1604.000  2.1325872710e-01  3.3005573750e-03 
1605.000  2.1010577370e-01  3.2929978370e-03 
1606.000  2.0925030800e-01  3.3226487640e-03 
1607.000  2.1012987920e-01  3.2990775110e-03 
1608.000  2.1252408980e-01  3.2999711040e-03 
1609.000  2.1170705800e-01  3.2570211890e-03 
1610.000  1.9849671850e-01  3.0290830140e-03 
1611.000  2.0420306550e-01  3.1072354320e-03 
1612.000  2.0594911170e-01  3.1263649460e-03 
1613.000  2.1034471720e-01  3.1838591100e-03 
1614.000  2.0828035410e-01  3.1193714140e-03 
1615.000  2.1154440790e-01  3.1533627510e-03 
1616.000  1.9820333480e-01  2.9379220010e-03 
1617.000  2.0391592430e-01  3.0679349900e-03 
1618.000  2.1026960270e-01  3.1905860900e-03 
1619.000  2.0952572180e-01  3.2262001040e-03 
1620.000  2.0417520910e-01  3.1890785690e-03 
1621.000  2.0111450780e-01  3.1796364780e-03 
1622.000  2.0617662840e-01  3.2652816770e-03 
1623.000  2.1030479140e-01  3.3451550010e-03 
1624.000  2.1175816040e-01  3.3779563900e-03 
1625.000  2.0644031800e-01  3.3183934690e-03 
1626.000  2.0897164790e-01  3.3491117950e-03 
1627.000  2.0870209290e-01  3.3648712640e-03 
1628.000  2.1037920330e-01  3.4030797480e-03 
1629.000  2.1034867070e-01  3.4119529720e-03 
1630.000  2.0463780990e-01  3.3215563300e-03 
1631.000  2.0783843010e-01  3.3858351710e-03 
1632.000  2.0789087360e-01  3.3286752700e-03 
1633.000  2.0521543490e-01  3.2426531310e-03 
1634.000  2.0041331300e-01  3.1207962040e-03 
1635.000  2.0578670740e-01  3.1640739440e-03 
1636.000  2.0524245900e-01  3.1087777610e-03 
1637.000  1.9610474570e-01  2.9281194210e-03 
1638.000  1.9467170480e-01  2.8732399940e-03 
1639.000  1.9273174320e-01  2.7975549700e-03 
1640.000  1.9388784530e-01  2.7758224010e-03 
1641.000  1.9268792540e-01  2.7327408790e-03 
1642.000  1.9244777130e-01  2.7994134430e-03 
1643.000  1.9739403510e-01  2.9383561610e-03 
1644.000  1.9433929910e-01  2.9569830890e-03 
1645.000  1.9477246320e-01  3.0240383150e-03 
1646.000  1.9711349790e-01  3.1181287770e-03 
1647.000  1.9896418610e-01  3.1429169180e-03 
1648.000  1.9819556620e-01  3.1192469600e-03 
1649.000  1.9366796860e-01  3.0423285960e-03 
1650.000  1.9857546440e-01  3.1159632210e-03 
1651.000  1.9410134970e-01  3.0425186160e-03 
1652.000  1.9797515560e-01  3.0984020230e-03 
1653.000  1.9575217600e-01  3.0704762940e-03 
1654.000  1.9794854960e-01  3.1063673500e-03 
1655.000  1.9398094750e-01  3.0536363120e-03 
1656.000  1.9770655380e-01  3.1183354850e-03 
1657.000  1.9627365150e-01  3.0952341560e-03 
1658.000  1.9733416900e-01  3.1194083690e-03 
1659.000  1.9369936630e-01  3.0621743200e-03 
1660.000  1.9606317240e-01  3.0919706820e-03 
1661.000  1.9683276100e-01  3.0837452410e-03 
1662.000  1.9551010690e-01  2.9975690840e-03 
1663.000  1.9427958320e-01  2.9208188060e-03 
1664.000  1.9345731910e-01  2.8498511310e-03 
1665.000  1.9148163280e-01  2.7618863580e-03 
1666.000  1.9054960840e-01  2.7381618020e-03 
1667.000  1.9207224300e-01  2.8186018470e-03 
1668.000  1.8881794140e-01  2.8114583490e-03 
1669.000  1.8912036770e-01  2.8641593460e-03 
1670.000  1.9319262470e-01  2.9745850560e-03 
1671.000  1.9171749820e-01  3.0041906830e-03 
1672.000  1.8263669530e-01  2.9219689370e-03 
1673.000  1.8801701790e-01  3.0590865610e-03 
1674.000  1.8889077890e-01  3.1281425950e-03 
1675.000  1.8714075640e-01  3.1602661610e-03 
1676.000  1.8415960140e-01  3.1295850280e-03 
1677.000  1.8504467250e-01  3.1410882470e-03 
1678.000  1.8591335150e-01  3.1589136120e-03 
1679.000  1.8344079560e-01  3.1090548040e-03 
1680.000  1.7703199550e-01  3.0019507410e-03 
1681.000  1.7082677440e-01  2.8968560700e-03 
1682.000  1.7575985330e-01  2.9773149490e-03 
1683.000  1.8015303720e-01  3.0446255210e-03 
1684.000  1.8351395010e-01  3.0951061250e-03 
1685.000  1.8423290090e-01  3.0897517200e-03 
1686.000  1.8201011230e-01  3.0377402310e-03 
1687.000  1.8302629270e-01  3.0133395200e-03 
1688.000  1.8336812080e-01  2.9827671050e-03 
1689.000  1.8115817990e-01  2.9275953770e-03 
1690.000  1.8132150230e-01  2.8916201590e-03 
1691.000  1.8369425720e-01  2.9390840530e-03 
1692.000  1.8402853990e-01  2.9626419540e-03 
1693.000  1.8332909620e-01  2.9729642870e-03 
1694.000  1.8305170740e-01  2.9868707660e-03 
1695.000  1.8326083670e-01  2.9966838360e-03 
1696.000  1.8218911560e-01  2.9405248170e-03 
1697.000  1.8114848140e-01  2.8732876780e-03 
1698.000  1.8224170070e-01  2.8437492850e-03 
1699.000  1.8106395360e-01  2.7822656630e-03 
1700.000  1.7874286640e-01  2.7061848640e-03 
