 lambda   Irr_dw            Rad_up 
 550.000  1.5574391400e+00  7.6970085140e-02 
 551.000  1.5471271400e+00  7.6300712590e-02 
 552.000  1.6131475400e+00  7.9497863770e-02 
 553.000  1.5493982300e+00  7.6174301150e-02 
 554.000  1.5994571300e+00  7.8555114750e-02 
 555.000  1.6034312400e+00  7.8536605830e-02 
 556.000  1.5587596800e+00  7.6145065310e-02 
 557.000  1.5121223200e+00  7.3797431950e-02 
 558.000  1.5691752300e+00  7.6379447940e-02 
 559.000  1.4828799800e+00  7.2039741520e-02 
 560.000  1.4891315600e+00  7.2269813540e-02 
 561.000  1.6364003800e+00  7.9194953920e-02 
 562.000  1.5022499500e+00  7.2597640990e-02 
 563.000  1.5715933100e+00  7.5743705750e-02 
 564.000  1.5495405500e+00  7.4419143680e-02 
 565.000  1.5683049900e+00  7.5219841000e-02 
 566.000  1.4460280000e+00  6.9165092470e-02 
 567.000  1.5524239200e+00  7.3924758910e-02 
 568.000  1.5529945500e+00  7.3294563290e-02 
 569.000  1.5315632700e+00  7.1091972350e-02 
 570.000  1.5380889100e+00  7.1384910580e-02 
 571.000  1.4770158400e+00  6.9147323610e-02 
 572.000  1.5679788100e+00  7.2658248900e-02 
 573.000  1.5828371700e+00  7.3457153320e-02 
 574.000  1.5737478700e+00  7.2966117860e-02 
 575.000  1.5358584500e+00  7.1043151860e-02 
 576.000  1.5081955900e+00  6.9658561710e-02 
 577.000  1.5689244400e+00  7.2503005980e-02 
 578.000  1.5203863700e+00  7.0554168700e-02 
 579.000  1.5065367000e+00  6.9968612670e-02 
 580.000  1.5564417800e+00  7.2508476260e-02 
 581.000  1.5252598500e+00  7.1216812130e-02 
 582.000  1.5462340400e+00  7.2111053470e-02 
 583.000  1.5561421800e+00  7.2610130310e-02 
 584.000  1.5504643600e+00  7.2174919130e-02 
 585.000  1.5398278600e+00  7.1535003660e-02 
 586.000  1.4733293600e+00  6.8391998290e-02 
 587.000  1.5340161100e+00  7.0658813480e-02 
 588.000  1.5321427900e+00  6.9185043330e-02 
 589.000  1.3774550400e+00  6.0585155490e-02 
 590.000  1.4394418300e+00  6.3190731050e-02 
 591.000  1.5148465000e+00  6.7476821900e-02 
 592.000  1.4934268600e+00  6.5778640750e-02 
 593.000  1.4926657200e+00  6.6880279540e-02 
 594.000  1.5099694800e+00  6.7310501100e-02 
 595.000  1.4925923000e+00  6.5563072200e-02 
 596.000  1.5128356100e+00  6.7666687010e-02 
 597.000  1.5208901300e+00  6.7559547420e-02 
 598.000  1.4828987900e+00  6.6369361880e-02 
 599.000  1.4804037300e+00  6.6417510990e-02 
 600.000  1.4744852900e+00  6.6628967290e-02 
 601.000  1.4620309700e+00  6.6413375850e-02 
 602.000  1.4445296900e+00  6.5638137820e-02 
 603.000  1.4517661400e+00  6.6084121700e-02 
 604.000  1.4964739700e+00  6.8260078430e-02 
 605.000  1.4920300900e+00  6.7926506040e-02 
 606.000  1.4745071100e+00  6.7154838560e-02 
 607.000  1.4660249600e+00  6.6668136600e-02 
 608.000  1.4605102300e+00  6.6290542600e-02 
 609.000  1.4454257400e+00  6.5563865660e-02 
 610.000  1.4221722200e+00  6.4388092040e-02 
 611.000  1.4451669300e+00  6.5373092650e-02 
 612.000  1.4262986600e+00  6.4472488400e-02 
 613.000  1.4054204400e+00  6.3421585080e-02 
 614.000  1.3541793800e+00  6.1081085210e-02 
 615.000  1.4195709900e+00  6.3885429380e-02 
 616.000  1.3497503000e+00  6.0725444790e-02 
 617.000  1.3574338400e+00  6.1015052800e-02 
 618.000  1.4215805500e+00  6.3727207180e-02 
 619.000  1.4087323900e+00  6.3152809140e-02 
 620.000  1.4297550400e+00  6.3919601440e-02 
 621.000  1.4546408600e+00  6.4969032290e-02 
 622.000  1.3782343800e+00  6.1441169740e-02 
 623.000  1.3894595500e+00  6.1728965760e-02 
 624.000  1.3913936700e+00  6.1824680330e-02 
 625.000  1.3541313900e+00  6.0109622960e-02 
 626.000  1.3620579000e+00  6.0209156040e-02 
 627.000  1.3905429200e+00  6.0879096980e-02 
 628.000  1.3970559900e+00  5.9494876860e-02 
 629.000  1.4179911900e+00  6.1058704380e-02 
 630.000  1.3670907900e+00  5.9233768460e-02 
 631.000  1.4129227700e+00  6.1369258880e-02 
 632.000  1.3182797400e+00  5.7010219570e-02 
 633.000  1.4084896600e+00  6.1330913540e-02 
 634.000  1.3638625000e+00  5.9550113680e-02 
 635.000  1.3883764200e+00  6.0631919860e-02 
 636.000  1.3380989600e+00  5.8516067500e-02 
 637.000  1.3814309100e+00  6.0466335300e-02 
 638.000  1.4001718700e+00  6.1462539670e-02 
 639.000  1.3883166500e+00  6.0796691890e-02 
 640.000  1.3433235800e+00  5.9061119080e-02 
 641.000  1.3625691600e+00  5.9852504730e-02 
 642.000  1.3451995000e+00  5.9119651790e-02 
 643.000  1.3704022800e+00  6.0015491490e-02 
 644.000  1.3546008100e+00  5.9198303220e-02 
 645.000  1.3688315200e+00  5.9629634860e-02 
 646.000  1.3265885800e+00  5.6782402040e-02 
 647.000  1.3518678800e+00  5.7196426390e-02 
 648.000  1.3574352600e+00  5.6908222200e-02 
 649.000  1.3774467700e+00  5.8078853610e-02 
 650.000  1.2640685200e+00  5.4240516660e-02 
 651.000  1.3617448900e+00  5.8390563960e-02 
 652.000  1.3471690600e+00  5.6835002900e-02 
 653.000  1.3608374500e+00  5.8402839660e-02 
 654.000  1.3445856300e+00  5.7428703310e-02 
 655.000  1.3139445100e+00  5.5695236210e-02 
 656.000  1.1142012900e+00  4.7280170440e-02 
 657.000  1.1869425800e+00  5.0523746490e-02 
 658.000  1.3177061600e+00  5.6496829990e-02 
 659.000  1.3183562000e+00  5.6668910980e-02 
 660.000  1.3276468400e+00  5.7148597720e-02 
 661.000  1.3302465700e+00  5.7569053650e-02 
 662.000  1.3479261500e+00  5.8444828030e-02 
 663.000  1.3333494000e+00  5.7689270020e-02 
 664.000  1.3116513500e+00  5.6756313320e-02 
 665.000  1.3169927900e+00  5.6969913480e-02 
 666.000  1.3322752800e+00  5.7743347170e-02 
 667.000  1.3054277600e+00  5.6492282870e-02 
 668.000  1.3122885900e+00  5.6895160680e-02 
 669.000  1.3309096800e+00  5.7734249110e-02 
 670.000  1.3148702200e+00  5.6900543210e-02 
 671.000  1.3007677000e+00  5.6287185670e-02 
 672.000  1.2964617400e+00  5.6052707670e-02 
 673.000  1.3056763500e+00  5.6385154720e-02 
 674.000  1.3081414400e+00  5.6469375610e-02 
 675.000  1.2880874300e+00  5.5520530700e-02 
 676.000  1.3123450300e+00  5.6546665190e-02 
 677.000  1.2861684300e+00  5.5403133390e-02 
 678.000  1.3073800500e+00  5.6249122620e-02 
 679.000  1.2889454700e+00  5.5354431150e-02 
 680.000  1.2794924600e+00  5.4888114930e-02 
 681.000  1.2814721600e+00  5.4867801670e-02 
 682.000  1.2790185300e+00  5.4640270230e-02 
 683.000  1.2877176000e+00  5.4890876770e-02 
 684.000  1.2654912800e+00  5.3879844670e-02 
 685.000  1.2791665700e+00  5.4418224330e-02 
 686.000  1.2259201700e+00  5.1732864380e-02 
 687.000  1.2268209100e+00  4.7317642210e-02 
 688.000  1.2277425900e+00  4.8471302030e-02 
 689.000  1.2312786200e+00  4.8331295010e-02 
 690.000  1.2372371600e+00  4.9160385130e-02 
 691.000  1.2422225200e+00  5.0157756810e-02 
 692.000  1.2347585600e+00  5.0268581390e-02 
 693.000  1.2429372300e+00  4.9741729740e-02 
 694.000  1.2565960400e+00  4.9600219730e-02 
 695.000  1.2335870500e+00  4.9097980500e-02 
 696.000  1.2473998900e+00  4.9902027130e-02 
 697.000  1.2463417000e+00  5.1498027800e-02 
 698.000  1.2240178600e+00  5.0129997250e-02 
 699.000  1.2498925200e+00  4.9817665100e-02 
 700.000  1.2349319900e+00  4.9379539490e-02 
 701.000  1.2079930100e+00  4.7955730440e-02 
 702.000  1.2017790700e+00  4.7892940520e-02 
 703.000  1.2163925500e+00  4.9502563480e-02 
 704.000  1.2198826100e+00  4.9698272710e-02 
 705.000  1.2304013000e+00  4.9619487760e-02 
 706.000  1.2172502200e+00  4.9162937160e-02 
 707.000  1.1985806000e+00  4.8564800260e-02 
 708.000  1.2330357800e+00  5.0136627200e-02 
 709.000  1.1885774200e+00  4.8667499540e-02 
 710.000  1.2168243700e+00  4.9328685760e-02 
 711.000  1.2038302200e+00  4.9183181760e-02 
 712.000  1.1863922000e+00  4.8856369020e-02 
 713.000  1.1819914200e+00  4.8326347350e-02 
 714.000  1.2023041300e+00  4.8967014310e-02 
 715.000  1.1611692300e+00  4.6773723600e-02 
 716.000  1.1922967300e+00  4.7501308440e-02 
 717.000  1.1626117800e+00  4.3847785950e-02 
 718.000  1.1564544600e+00  4.2166255950e-02 
 719.000  1.1431373900e+00  4.1093887330e-02 
 720.000  1.1514726500e+00  4.0727756500e-02 
 721.000  1.1498086300e+00  4.3876800540e-02 
 722.000  1.1658294100e+00  4.5596427920e-02 
 723.000  1.1635288000e+00  4.4747783660e-02 
 724.000  1.1705853800e+00  4.3069129940e-02 
 725.000  1.1578038600e+00  4.2846027370e-02 
 726.000  1.1556782000e+00  4.2664093020e-02 
 727.000  1.1727758700e+00  4.3486927030e-02 
 728.000  1.1526206100e+00  4.2476028440e-02 
 729.000  1.1068087800e+00  4.1417423250e-02 
 730.000  1.1476997000e+00  4.2808803560e-02 
 731.000  1.1287794000e+00  4.2018653870e-02 
 732.000  1.1498800800e+00  4.3943855290e-02 
 733.000  1.1320328800e+00  4.4513256070e-02 
 734.000  1.1552503700e+00  4.6018741610e-02 
 735.000  1.1460315100e+00  4.5368446350e-02 
 736.000  1.1249930600e+00  4.4135211940e-02 
 737.000  1.1395879700e+00  4.4952762600e-02 
 738.000  1.1361275600e+00  4.5237812040e-02 
 739.000  1.0992356200e+00  4.3979644780e-02 
 740.000  1.1092124200e+00  4.4809200290e-02 
 741.000  1.1001370400e+00  4.4788375850e-02 
 742.000  1.0819406100e+00  4.4177139280e-02 
 743.000  1.1134152300e+00  4.5768009190e-02 
 744.000  1.1238529000e+00  4.6344066620e-02 
 745.000  1.0945008800e+00  4.5269496920e-02 
 746.000  1.1096357500e+00  4.5939922330e-02 
 747.000  1.1262538700e+00  4.6597785950e-02 
 748.000  1.1060135600e+00  4.5770793910e-02 
 749.000  1.1062037500e+00  4.5796478270e-02 
 750.000  1.0900481600e+00  4.5034622190e-02 
 751.000  1.0872377300e+00  4.4900955200e-02 
 752.000  1.1037018000e+00  4.5630489350e-02 
 753.000  1.0932551000e+00  4.5197757720e-02 
 754.000  1.1103670400e+00  4.5897830960e-02 
 755.000  1.1039899500e+00  4.5616931920e-02 
 756.000  1.0823753400e+00  4.4707813260e-02 
 757.000  1.0903723400e+00  4.5018650050e-02 
 758.000  1.0892316100e+00  4.4874851230e-02 
 759.000  1.0479619200e+00  4.0915466310e-02 
 760.000  8.2434049200e-01  2.2444013600e-02 
 761.000  7.9438523500e-01  2.0691333770e-02 
 762.000  9.2671707000e-01  3.0316186900e-02 
 763.000  9.1182247000e-01  2.7919218060e-02 
 764.000  9.3522532100e-01  2.9563234330e-02 
 765.000  9.8156783000e-01  3.3484535220e-02 
 766.000  9.7328562000e-01  3.6098545070e-02 
 767.000  1.0031984300e+00  3.8599014280e-02 
 768.000  1.0521670600e+00  4.1581947330e-02 
 769.000  1.0536407300e+00  4.2490318300e-02 
 770.000  1.0509618400e+00  4.2831104280e-02 
 771.000  1.0524237300e+00  4.3136955260e-02 
 772.000  1.0485343100e+00  4.3020702360e-02 
 773.000  1.0442129700e+00  4.2847908020e-02 
 774.000  1.0552260900e+00  4.3309444430e-02 
 775.000  1.0154791900e+00  4.1673889160e-02 
 776.000  1.0572260600e+00  4.3415912630e-02 
 777.000  1.0499008300e+00  4.3080307010e-02 
 778.000  1.0443483800e+00  4.2794006350e-02 
 779.000  1.0478238100e+00  4.2867729190e-02 
 780.000  1.0349375500e+00  4.2341289520e-02 
 781.000  1.0330739600e+00  4.2255489350e-02 
 782.000  1.0456149800e+00  4.2684803010e-02 
 783.000  1.0212575400e+00  4.1756774900e-02 
 784.000  1.0271685000e+00  4.1936519620e-02 
 785.000  1.0305480000e+00  4.1854125980e-02 
 786.000  1.0136719400e+00  4.0999843600e-02 
 787.000  1.0305678000e+00  4.1189464570e-02 
 788.000  1.0160875600e+00  4.0425758360e-02 
 789.000  1.0252271000e+00  4.0130783080e-02 
 790.000  1.0151728900e+00  3.9637592320e-02 
 791.000  1.0094314200e+00  3.9528545380e-02 
 792.000  9.9296270000e-01  3.8925189970e-02 
 793.000  9.9077510500e-01  3.9065479280e-02 
 794.000  9.7812898700e-01  3.9141376500e-02 
 795.000  9.7442390700e-01  3.8523548130e-02 
 796.000  9.9514974300e-01  3.8595054630e-02 
 797.000  1.0002869700e+00  3.9027530670e-02 
 798.000  9.9825890000e-01  3.9447746280e-02 
 799.000  9.9808864000e-01  3.9255985260e-02 
 800.000  9.7390060000e-01  3.7903350830e-02 
 801.000  9.9192702800e-01  3.8634994510e-02 
 802.000  9.9015719300e-01  3.8477954860e-02 
 803.000  9.7583648900e-01  3.7978584290e-02 
 804.000  9.8382923900e-01  3.8500049590e-02 
 805.000  9.5535201700e-01  3.7741413120e-02 
 806.000  9.8029455100e-01  3.8893890380e-02 
 807.000  9.7422652800e-01  3.8681606290e-02 
 808.000  9.6907667300e-01  3.8297290800e-02 
 809.000  9.5328067800e-01  3.7488571170e-02 
 810.000  9.4962487600e-01  3.7143226620e-02 
 811.000  9.6605531400e-01  3.7454151150e-02 
 812.000  9.6429470000e-01  3.7022937770e-02 
 813.000  9.6176448200e-01  3.6414814000e-02 
 814.000  9.6239813500e-01  3.5952159880e-02 
 815.000  9.5417562700e-01  3.5051368710e-02 
 816.000  9.4808481700e-01  3.4114551540e-02 
 817.000  9.5368322900e-01  3.4330352780e-02 
 818.000  9.4767376900e-01  3.4092384340e-02 
 819.000  9.2151100800e-01  3.3426258090e-02 
 820.000  9.0185979700e-01  3.3463222500e-02 
 821.000  9.2967307000e-01  3.5412097930e-02 
 822.000  9.0504538900e-01  3.3679237370e-02 
 823.000  9.2127661600e-01  3.2526397710e-02 
 824.000  9.3186108900e-01  3.4404834750e-02 
 825.000  9.2793898100e-01  3.5501342770e-02 
 826.000  9.3424658500e-01  3.5478008270e-02 
 827.000  9.3159151400e-01  3.5196033480e-02 
 828.000  9.3146668100e-01  3.4436492920e-02 
 829.000  9.3039032800e-01  3.4619018550e-02 
 830.000  9.1491035800e-01  3.4335205080e-02 
 831.000  8.9867598400e-01  3.3779102330e-02 
 832.000  9.1697948000e-01  3.4468132020e-02 
 833.000  8.8800888600e-01  3.3628517150e-02 
 834.000  9.0049626900e-01  3.4317184450e-02 
 835.000  9.0043614700e-01  3.4637825010e-02 
 836.000  9.1157337800e-01  3.5041725160e-02 
 837.000  9.0412963600e-01  3.4701103210e-02 
 838.000  9.0635511800e-01  3.5025608060e-02 
 839.000  8.7741118900e-01  3.4010662080e-02 
 840.000  9.0064289300e-01  3.4904018400e-02 
 841.000  9.0395956300e-01  3.4859863280e-02 
 842.000  8.9747716700e-01  3.4715145110e-02 
 843.000  8.8923244700e-01  3.4823200230e-02 
 844.000  8.7353423100e-01  3.4380004880e-02 
 845.000  8.8631359700e-01  3.4958324430e-02 
 846.000  8.9367001300e-01  3.5386337280e-02 
 847.000  8.6226721700e-01  3.4292270660e-02 
 848.000  8.8877489300e-01  3.5140617370e-02 
 849.000  8.9029080700e-01  3.5293567660e-02 
 850.000  7.7024246300e-01  3.0391399380e-02 
 851.000  8.8313007000e-01  3.4703495030e-02 
 852.000  8.4959610900e-01  3.3443668370e-02 
 853.000  8.5829762800e-01  3.3851120000e-02 
 854.000  6.9010347300e-01  2.7239358900e-02 
 855.000  7.5914246500e-01  3.0067472460e-02 
 856.000  8.6008233100e-01  3.4129016880e-02 
 857.000  8.7319605200e-01  3.4796207430e-02 
 858.000  8.5890152500e-01  3.4230491640e-02 
 859.000  8.5802721400e-01  3.4263008120e-02 
 860.000  8.4997814800e-01  3.4024497990e-02 
 861.000  8.4982485200e-01  3.4001785280e-02 
 862.000  8.4681608700e-01  3.3834907530e-02 
 863.000  8.6299572900e-01  3.4568412780e-02 
 864.000  8.6111925400e-01  3.4370647430e-02 
 865.000  8.4496034700e-01  3.3843379970e-02 
 866.000  7.0873734200e-01  2.8425159450e-02 
 867.000  7.5477584500e-01  3.0092088700e-02 
 868.000  8.1859145900e-01  3.2712242130e-02 
 869.000  8.0708373100e-01  3.2243984220e-02 
 870.000  8.4043095100e-01  3.3674190520e-02 
 871.000  8.3922658500e-01  3.3561874390e-02 
 872.000  8.3576154900e-01  3.3225059510e-02 
 873.000  8.3924665900e-01  3.3464279170e-02 
 874.000  8.2093042800e-01  3.2655548100e-02 
 875.000  8.1341711500e-01  3.2476165770e-02 
 876.000  8.2038285600e-01  3.2671398160e-02 
 877.000  8.3685278300e-01  3.3189811710e-02 
 878.000  8.2307981600e-01  3.2684524540e-02 
 879.000  8.2503614900e-01  3.2804218290e-02 
 880.000  8.2078327700e-01  3.2454681400e-02 
 881.000  7.7839420500e-01  3.0802803040e-02 
 882.000  8.2167121800e-01  3.2333251950e-02 
 883.000  8.0268231400e-01  3.1745197300e-02 
 884.000  8.0941260600e-01  3.2190364840e-02 
 885.000  8.1876747200e-01  3.2127655030e-02 
 886.000  7.9325647300e-01  3.1125606540e-02 
 887.000  7.8417353500e-01  3.0764036180e-02 
 888.000  8.0774033500e-01  3.1522109990e-02 
 889.000  8.1286275200e-01  3.1967464450e-02 
 890.000  8.1102978900e-01  3.1798433300e-02 
 891.000  8.0799086500e-01  3.1445074080e-02 
 892.000  8.0734171500e-01  3.1156301500e-02 
 893.000  7.8174250800e-01  2.9311820980e-02 
 894.000  8.1017309300e-01  3.0092918400e-02 
 895.000  7.7517020600e-01  2.8096939090e-02 
 896.000  8.0595709700e-01  2.8359470370e-02 
 897.000  7.8737996300e-01  2.7153354640e-02 
 898.000  7.8873386500e-01  2.6810464860e-02 
 899.000  7.8802076000e-01  2.5875192640e-02 
 900.000  7.6834143300e-01  2.5249282840e-02 
 901.000  7.5188128800e-01  2.4522602080e-02 
 902.000  7.3804117900e-01  2.4109806060e-02 
 903.000  7.7414876600e-01  2.6628540040e-02 
 904.000  7.8852334900e-01  2.7968166350e-02 
 905.000  7.8642994800e-01  2.8096990590e-02 
 906.000  7.6560577700e-01  2.6816867830e-02 
 907.000  7.7857462300e-01  2.6253057480e-02 
 908.000  7.5952839600e-01  2.4940586090e-02 
 909.000  7.4462615200e-01  2.4456169130e-02 
 910.000  7.5343478600e-01  2.4825641630e-02 
 911.000  7.5143644900e-01  2.5296014790e-02 
 912.000  7.5306060400e-01  2.4954261780e-02 
 913.000  7.7068783900e-01  2.4750097270e-02 
 914.000  7.6572761500e-01  2.4943042760e-02 
 915.000  7.5308691400e-01  2.5016595840e-02 
 916.000  7.6144483500e-01  2.5320558550e-02 
 917.000  7.4952547900e-01  2.5081535340e-02 
 918.000  7.4571973000e-01  2.5186386110e-02 
 919.000  7.5555282200e-01  2.6638696670e-02 
 920.000  7.4834805500e-01  2.6773172380e-02 
 921.000  7.3196113100e-01  2.6033636090e-02 
 922.000  7.2542440300e-01  2.5872522350e-02 
 923.000  6.9499834900e-01  2.4320741650e-02 
 924.000  7.2440601800e-01  2.5202831270e-02 
 925.000  7.3402443400e-01  2.5434505460e-02 
 926.000  7.0781620400e-01  2.4377275470e-02 
 927.000  7.3418293400e-01  2.5019832610e-02 
 928.000  7.3869951800e-01  2.4320838930e-02 
 929.000  7.2838094400e-01  2.2914882660e-02 
 930.000  7.2654705600e-01  2.1719369890e-02 
 931.000  7.2624497100e-01  2.0802145000e-02 
 932.000  7.1912684800e-01  1.9598421100e-02 
 933.000  7.2108203800e-01  1.9033226010e-02 
 934.000  7.1476382000e-01  1.8312147140e-02 
 935.000  7.0417154600e-01  1.7985559460e-02 
 936.000  6.9910421800e-01  1.8054510120e-02 
 937.000  7.1470686900e-01  1.8405300140e-02 
 938.000  7.0721154300e-01  1.8841369630e-02 
 939.000  7.1349242900e-01  2.1018648150e-02 
 940.000  7.0984956800e-01  2.1304595950e-02 
 941.000  6.9371120300e-01  2.0502389910e-02 
 942.000  6.6716111300e-01  1.9043460850e-02 
 943.000  7.0294520100e-01  1.9052757260e-02 
 944.000  6.8362296500e-01  1.8456912990e-02 
 945.000  6.9017349100e-01  1.8958950040e-02 
 946.000  6.9953164800e-01  1.9237571720e-02 
 947.000  6.9530392000e-01  1.9445457460e-02 
 948.000  6.9950625800e-01  1.9760036470e-02 
 949.000  7.0172174200e-01  1.9803047180e-02 
 950.000  6.9709582400e-01  1.9723548890e-02 
 951.000  6.9296036800e-01  2.0071535110e-02 
 952.000  6.9288169300e-01  1.9584186550e-02 
 953.000  6.9097106500e-01  1.9880985260e-02 
 954.000  6.8429779800e-01  2.0096389770e-02 
 955.000  6.3916868400e-01  1.8479993820e-02 
 956.000  6.8184324300e-01  1.9664461140e-02 
 957.000  6.8149304100e-01  2.0770315170e-02 
 958.000  6.8674662100e-01  2.1115869520e-02 
 959.000  6.8939886000e-01  2.0992776870e-02 
 960.000  6.8288436300e-01  2.0741445540e-02 
 961.000  6.7555862200e-01  2.0417028430e-02 
 962.000  6.7891950100e-01  2.0611352920e-02 
 963.000  6.7751821000e-01  2.1311679840e-02 
 964.000  6.6976622300e-01  2.1183179860e-02 
 965.000  6.7795193400e-01  2.1363605500e-02 
 966.000  6.5837986400e-01  2.0791727070e-02 
 967.000  6.7796097900e-01  2.2031379700e-02 
 968.000  6.7049001200e-01  2.2821844100e-02 
 969.000  6.7458612000e-01  2.3413679120e-02 
 970.000  6.7642116000e-01  2.3497781750e-02 
 971.000  6.7042672400e-01  2.3269256590e-02 
 972.000  6.7517495100e-01  2.3288368230e-02 
 973.000  6.6893631100e-01  2.2766490940e-02 
 974.000  6.5867965200e-01  2.2053913120e-02 
 975.000  6.6197329300e-01  2.1918668750e-02 
 976.000  6.6998620300e-01  2.2461608890e-02 
 977.000  6.5299809100e-01  2.2330713270e-02 
 978.000  6.6914847800e-01  2.2843074800e-02 
 979.000  6.4970429700e-01  2.2293254850e-02 
 980.000  6.5887152000e-01  2.3079732890e-02 
 981.000  6.6335926200e-01  2.3354698180e-02 
 982.000  6.6192749400e-01  2.3189149860e-02 
 983.000  6.6013098000e-01  2.3398283000e-02 
 984.000  6.5571153600e-01  2.3547977450e-02 
 985.000  6.5539902000e-01  2.3726383210e-02 
 986.000  6.5005031000e-01  2.3802345280e-02 
 987.000  6.5744071900e-01  2.4198310850e-02 
 988.000  6.4933398100e-01  2.3923036580e-02 
 989.000  6.4108806900e-01  2.3630390170e-02 
 990.000  6.4655204400e-01  2.3855930330e-02 
 991.000  6.5179402600e-01  2.4140790940e-02 
 992.000  6.4576263900e-01  2.3921287540e-02 
 993.000  6.4571728300e-01  2.3901096340e-02 
 994.000  6.4894881000e-01  2.4091833110e-02 
 995.000  6.4413788300e-01  2.3975742340e-02 
 996.000  6.4401378400e-01  2.3937126160e-02 
 997.000  6.4473392500e-01  2.3870878220e-02 
 998.000  6.4237548400e-01  2.3702360150e-02 
 999.000  6.4080386800e-01  2.3589700700e-02 
1000.000  6.3568737800e-01  2.3387144090e-02 
1001.000  6.3931662800e-01  2.3394052510e-02 
1002.000  6.3869625800e-01  2.3182485580e-02 
1003.000  6.3116619000e-01  2.2942667010e-02 
1004.000  6.2573496500e-01  2.2839273450e-02 
1005.000  5.8459829800e-01  2.1374950410e-02 
1006.000  6.1506684400e-01  2.2498931880e-02 
1007.000  6.2633129000e-01  2.2868236540e-02 
1008.000  6.2922318100e-01  2.2823776250e-02 
1009.000  6.2571670700e-01  2.2514324190e-02 
1010.000  6.2790990900e-01  2.2663312910e-02 
1011.000  6.2419283100e-01  2.2717666630e-02 
1012.000  6.2422947200e-01  2.2792922970e-02 
1013.000  6.1961303600e-01  2.2683425900e-02 
1014.000  6.2351850600e-01  2.2882524490e-02 
1015.000  6.1199774500e-01  2.2496959690e-02 
1016.000  6.1586139400e-01  2.2701526640e-02 
1017.000  6.0972901300e-01  2.2510080340e-02 
1018.000  6.1779460300e-01  2.2816072460e-02 
1019.000  6.0392040200e-01  2.2258678440e-02 
1020.000  6.0256861800e-01  2.2199108120e-02 
1021.000  6.0839405500e-01  2.2397789000e-02 
1022.000  5.9955650700e-01  2.1913036350e-02 
1023.000  6.1132603200e-01  2.2200840000e-02 
1024.000  6.0838118800e-01  2.1983861920e-02 
1025.000  6.0765939200e-01  2.2016139980e-02 
1026.000  6.0812238100e-01  2.2073118210e-02 
1027.000  6.0456220400e-01  2.1959684370e-02 
1028.000  6.0589340100e-01  2.2071060180e-02 
1029.000  5.9643475400e-01  2.1818439480e-02 
1030.000  6.0218417600e-01  2.2135440830e-02 
1031.000  6.0015847800e-01  2.2137693410e-02 
1032.000  5.9794051800e-01  2.2107263570e-02 
1033.000  5.8690591500e-01  2.1678850170e-02 
1034.000  5.9306251200e-01  2.1881149290e-02 
1035.000  5.8665944900e-01  2.1653249740e-02 
1036.000  5.9435106600e-01  2.1894334790e-02 
1037.000  5.8182612000e-01  2.1409307480e-02 
1038.000  5.8754412400e-01  2.1596164700e-02 
1039.000  5.9005717800e-01  2.1654138570e-02 
1040.000  5.8316275200e-01  2.1369419100e-02 
1041.000  5.8629613100e-01  2.1455640790e-02 
1042.000  5.8806506000e-01  2.1495595930e-02 
1043.000  5.7792906100e-01  2.1102508540e-02 
1044.000  5.8374721800e-01  2.1287748340e-02 
1045.000  5.8141103100e-01  2.1231777190e-02 
1046.000  5.6461370000e-01  2.0657808300e-02 
1047.000  5.7512860200e-01  2.1081598280e-02 
1048.000  5.8101962200e-01  2.1337776180e-02 
1049.000  5.7745277400e-01  2.1249359130e-02 
1050.000  5.7418817800e-01  2.1160413740e-02 
1051.000  5.7451674500e-01  2.1141353610e-02 
1052.000  5.7201366300e-01  2.1008880620e-02 
1053.000  5.7229470100e-01  2.0994960780e-02 
1054.000  5.6669657600e-01  2.0737863540e-02 
1055.000  5.7114433000e-01  2.0851226810e-02 
1056.000  5.6986167800e-01  2.0761545180e-02 
1057.000  5.6944021100e-01  2.0696504590e-02 
1058.000  5.6448104000e-01  2.0440994260e-02 
1059.000  5.4667337600e-01  1.9818216320e-02 
1060.000  5.6587387800e-01  2.0578519820e-02 
1061.000  5.4616533800e-01  1.9865880970e-02 
1062.000  5.6193466900e-01  2.0399261470e-02 
1063.000  5.5266683700e-01  2.0033697130e-02 
1064.000  5.6009442800e-01  2.0213233950e-02 
1065.000  5.6000550700e-01  2.0109495160e-02 
1066.000  5.4279785400e-01  1.9453603740e-02 
1067.000  5.5598246200e-01  1.9870126720e-02 
1068.000  5.5464094700e-01  1.9684507370e-02 
1069.000  5.1327172000e-01  1.8157682420e-02 
1070.000  5.4359224300e-01  1.9272062300e-02 
1071.000  5.4500130000e-01  1.9301973340e-02 
1072.000  5.4736423700e-01  1.9367006300e-02 
1073.000  5.2945252600e-01  1.8756715770e-02 
1074.000  5.4793200400e-01  1.9454792020e-02 
1075.000  5.3018203800e-01  1.8929790500e-02 
1076.000  5.4231934300e-01  1.9328233720e-02 
1077.000  5.4173397200e-01  1.9257528310e-02 
1078.000  5.4386002200e-01  1.9275098800e-02 
1079.000  5.2302432300e-01  1.8541793820e-02 
1080.000  5.4043147500e-01  1.8993368150e-02 
1081.000  5.2064761400e-01  1.8282144550e-02 
1082.000  5.2648441400e-01  1.8517606740e-02 
1083.000  5.1320308900e-01  1.7919702530e-02 
1084.000  5.3382982400e-01  1.8503574370e-02 
1085.000  5.2922127600e-01  1.8100702290e-02 
1086.000  5.3556987200e-01  1.8320537570e-02 
1087.000  5.0027889000e-01  1.7299314500e-02 
1088.000  5.3049797700e-01  1.8399129870e-02 
1089.000  5.1327546400e-01  1.7575078960e-02 
1090.000  5.2501035200e-01  1.7968406680e-02 
1091.000  5.2781479800e-01  1.8158391950e-02 
1092.000  5.1705267600e-01  1.7707555770e-02 
1093.000  5.1392072200e-01  1.7370817180e-02 
1094.000  4.6890221000e-01  1.5719252590e-02 
1095.000  5.0731680400e-01  1.6988174440e-02 
1096.000  5.0805106600e-01  1.6996362690e-02 
1097.000  4.9884564200e-01  1.6595638280e-02 
1098.000  4.9789397300e-01  1.5954524990e-02 
1099.000  5.0238353300e-01  1.5551765440e-02 
1100.000  5.1079679600e-01  1.5846833230e-02 
1101.000  5.0921505500e-01  1.5865903850e-02 
1102.000  4.8829378400e-01  1.5174242970e-02 
1103.000  5.0733435200e-01  1.5806059840e-02 
1104.000  5.0408893700e-01  1.5612842560e-02 
1105.000  5.0444894600e-01  1.5407924650e-02 
1106.000  5.0133850900e-01  1.5114335060e-02 
1107.000  5.0043944900e-01  1.5123366360e-02 
1108.000  4.9859983800e-01  1.5086837770e-02 
1109.000  4.9991580900e-01  1.5274065020e-02 
1110.000  5.0248105700e-01  1.5302036290e-02 
1111.000  4.9644400900e-01  1.5011964800e-02 
1112.000  4.9202966600e-01  1.4486145970e-02 
1113.000  4.9030381400e-01  1.3962544440e-02 
1114.000  4.9561272600e-01  1.3965279580e-02 
1115.000  4.9062017600e-01  1.3359892850e-02 
1116.000  4.8441151300e-01  1.2944139480e-02 
1117.000  4.9015544700e-01  1.2596691130e-02 
1118.000  4.8501984300e-01  1.2057512280e-02 
1119.000  4.7145255000e-01  1.1538353920e-02 
1120.000  4.7240313600e-01  1.1356369020e-02 
1121.000  4.7540784500e-01  1.1385347370e-02 
1122.000  4.7320152000e-01  1.1130544660e-02 
1123.000  4.7542503400e-01  1.1297738080e-02 
1124.000  4.7634219400e-01  1.1396045680e-02 
1125.000  4.6641699500e-01  1.1119840620e-02 
1126.000  4.5749482700e-01  1.0891196250e-02 
1127.000  4.7298263600e-01  1.1274473190e-02 
1128.000  4.6433566400e-01  1.1097657200e-02 
1129.000  4.6723484700e-01  1.1369377140e-02 
1130.000  4.6815447700e-01  1.1922622680e-02 
1131.000  4.7328645000e-01  1.2217708590e-02 
1132.000  4.7428514100e-01  1.2015189170e-02 
1133.000  4.6203126500e-01  1.1323885920e-02 
1134.000  4.5662807500e-01  1.0583513260e-02 
1135.000  4.6261054700e-01  1.0765506740e-02 
1136.000  4.6453325700e-01  1.1433872220e-02 
1137.000  4.7133510300e-01  1.1998797420e-02 
1138.000  4.5527244500e-01  1.2002764700e-02 
1139.000  4.6549021400e-01  1.2432286260e-02 
1140.000  4.6671663700e-01  1.2377213480e-02 
1141.000  4.5322381000e-01  1.1858051300e-02 
1142.000  4.6549046500e-01  1.2115902900e-02 
1143.000  4.5710951500e-01  1.1712212560e-02 
1144.000  4.5383286000e-01  1.1430826190e-02 
1145.000  4.5645093200e-01  1.1230523110e-02 
1146.000  4.6112731500e-01  1.1403039930e-02 
1147.000  4.6346759200e-01  1.1674581530e-02 
1148.000  4.5906019300e-01  1.1762906070e-02 
1149.000  4.6053452400e-01  1.1884473800e-02 
1150.000  4.5857977600e-01  1.1848050120e-02 
1151.000  4.5723374800e-01  1.1954248430e-02 
1152.000  4.5638000300e-01  1.2002912520e-02 
1153.000  4.5558354800e-01  1.2086992260e-02 
1154.000  4.5906129000e-01  1.2162686350e-02 
1155.000  4.6064184600e-01  1.2422163960e-02 
1156.000  4.5439855600e-01  1.2500367160e-02 
1157.000  4.5865938100e-01  1.3192802430e-02 
1158.000  4.5873221300e-01  1.3504255290e-02 
1159.000  4.5224575500e-01  1.3613211630e-02 
1160.000  4.4650042700e-01  1.3578216550e-02 
1161.000  4.3687124800e-01  1.3608379360e-02 
1162.000  4.5268680400e-01  1.4374087330e-02 
1163.000  4.5456593200e-01  1.4751809120e-02 
1164.000  4.4533361200e-01  1.4516522410e-02 
1165.000  4.5392870200e-01  1.4849517820e-02 
1166.000  4.4215334700e-01  1.4545014380e-02 
1167.000  4.4932520300e-01  1.4832421300e-02 
1168.000  4.5325241400e-01  1.4949360850e-02 
1169.000  4.3757909000e-01  1.4481868740e-02 
1170.000  4.4934659800e-01  1.4914927480e-02 
1171.000  4.5142585300e-01  1.5083917620e-02 
1172.000  4.5001220700e-01  1.4976037030e-02 
1173.000  4.4687788700e-01  1.4814804080e-02 
1174.000  4.4710410700e-01  1.4823796270e-02 
1175.000  4.4187019800e-01  1.4800066950e-02 
1176.000  4.3120285100e-01  1.4579914090e-02 
1177.000  4.4451623600e-01  1.4957494740e-02 
1178.000  4.3700734900e-01  1.4565442090e-02 
1179.000  4.3504792600e-01  1.4497660640e-02 
1180.000  4.4115478200e-01  1.4648199080e-02 
1181.000  4.3890034700e-01  1.4447039600e-02 
1182.000  4.3945605300e-01  1.4335657120e-02 
1183.000  4.1394024100e-01  1.3511346820e-02 
1184.000  4.3259678600e-01  1.4184370040e-02 
1185.000  4.3832063600e-01  1.4540462490e-02 
1186.000  4.3571079900e-01  1.4395340920e-02 
1187.000  4.3586657500e-01  1.4217514990e-02 
1188.000  4.3362886300e-01  1.4087095260e-02 
1189.000  4.0826093800e-01  1.3341042520e-02 
1190.000  4.2833681700e-01  1.4237873080e-02 
1191.000  4.3501679000e-01  1.4507575990e-02 
1192.000  4.3264791500e-01  1.4514493940e-02 
1193.000  4.3281490200e-01  1.4455782890e-02 
1194.000  4.3199998400e-01  1.4402188300e-02 
1195.000  4.2715730200e-01  1.4126450540e-02 
1196.000  4.2688747200e-01  1.4132933620e-02 
1197.000  4.2677487400e-01  1.4073652270e-02 
1198.000  4.1244036400e-01  1.3588290210e-02 
1199.000  3.9711359000e-01  1.3019420620e-02 
1200.000  4.2214665100e-01  1.3875140190e-02 
1201.000  4.2517485700e-01  1.3991344450e-02 
1202.000  4.2599037400e-01  1.4037507060e-02 
1203.000  4.0519961700e-01  1.3323487280e-02 
1204.000  4.1191412800e-01  1.3574328420e-02 
1205.000  4.2146900600e-01  1.4086428640e-02 
1206.000  4.1890479300e-01  1.4093093870e-02 
1207.000  4.2171808500e-01  1.4225921630e-02 
1208.000  4.1557896900e-01  1.3988397600e-02 
1209.000  3.8961446800e-01  1.3066885950e-02 
1210.000  4.1689778700e-01  1.3901618000e-02 
1211.000  4.0297112600e-01  1.3428087230e-02 
1212.000  4.1558786900e-01  1.3877432820e-02 
1213.000  4.1712417700e-01  1.4017170910e-02 
1214.000  4.1533893800e-01  1.3954482080e-02 
1215.000  4.1676547100e-01  1.4041500090e-02 
1216.000  4.1553287300e-01  1.4137960430e-02 
1217.000  4.1466869200e-01  1.4222395900e-02 
1218.000  4.1321734800e-01  1.4218783380e-02 
1219.000  4.0935029700e-01  1.4108323100e-02 
1220.000  4.1210150700e-01  1.4192033770e-02 
1221.000  4.1124852200e-01  1.4163571360e-02 
1222.000  4.0897023800e-01  1.4077681540e-02 
1223.000  4.0696802300e-01  1.4032011030e-02 
1224.000  4.0990980100e-01  1.4224244120e-02 
1225.000  4.0758550600e-01  1.4172063830e-02 
1226.000  4.0891436700e-01  1.4255665780e-02 
1227.000  3.9488250400e-01  1.3820776940e-02 
1228.000  4.0698309100e-01  1.4311262130e-02 
1229.000  4.0630779900e-01  1.4334087370e-02 
1230.000  4.0467799100e-01  1.4331628800e-02 
1231.000  4.0454501900e-01  1.4359750750e-02 
1232.000  3.9994494300e-01  1.4209928510e-02 
1233.000  4.0306520600e-01  1.4329405780e-02 
1234.000  4.0159829000e-01  1.4351255420e-02 
1235.000  3.9872441100e-01  1.4271195410e-02 
1236.000  4.0098407200e-01  1.4358592030e-02 
1237.000  4.0087818600e-01  1.4379381180e-02 
1238.000  4.0059371800e-01  1.4375571250e-02 
1239.000  3.9600945300e-01  1.4212635990e-02 
1240.000  3.9423163800e-01  1.4182860370e-02 
1241.000  3.9784004000e-01  1.4340623860e-02 
1242.000  3.9562069700e-01  1.4285540580e-02 
1243.000  3.9128974600e-01  1.4155262950e-02 
1244.000  3.8794039800e-01  1.4048429490e-02 
1245.000  3.9472075500e-01  1.4304427150e-02 
1246.000  3.9178660000e-01  1.4152956960e-02 
1247.000  3.8999879000e-01  1.4042100910e-02 
1248.000  3.9316676000e-01  1.4107382770e-02 
1249.000  3.9183565500e-01  1.4022278790e-02 
1250.000  3.9044086600e-01  1.3926866530e-02 
1251.000  3.8790892600e-01  1.3802170750e-02 
1252.000  3.8691151900e-01  1.3727947240e-02 
1253.000  3.8388705000e-01  1.3580046650e-02 
1254.000  3.8521346800e-01  1.3555823330e-02 
1255.000  3.8480180500e-01  1.3491283420e-02 
1256.000  3.8420726000e-01  1.3427595140e-02 
1257.000  3.8009185600e-01  1.3201698300e-02 
1258.000  3.8208376900e-01  1.3128730770e-02 
1259.000  3.7818672000e-01  1.2876594540e-02 
1260.000  3.7900228100e-01  1.2780402180e-02 
1261.000  3.7855482400e-01  1.2637957570e-02 
1262.000  3.7045326800e-01  1.2205682750e-02 
1263.000  3.7494605700e-01  1.2327806470e-02 
1264.000  3.6910815120e-01  1.2126961710e-02 
1265.000  3.6978050820e-01  1.2156642910e-02 
1266.000  3.7216818390e-01  1.2203349110e-02 
1267.000  3.6519792800e-01  1.1940311430e-02 
1268.000  3.6160077680e-01  1.1777238850e-02 
1269.000  3.6498534310e-01  1.1866164210e-02 
1270.000  3.6899783270e-01  1.2137892720e-02 
1271.000  3.7104729940e-01  1.2274729730e-02 
1272.000  3.6994990320e-01  1.2304399490e-02 
1273.000  3.6963189190e-01  1.2362519260e-02 
1274.000  3.6742469800e-01  1.2362401960e-02 
1275.000  3.6958742160e-01  1.2464812280e-02 
1276.000  3.7018128640e-01  1.2496292110e-02 
1277.000  3.6990463050e-01  1.2485600470e-02 
1278.000  3.6884456450e-01  1.2445714000e-02 
1279.000  3.6637574810e-01  1.2384449010e-02 
1280.000  3.6421183270e-01  1.2397833820e-02 
1281.000  3.5382427070e-01  1.2126558300e-02 
1282.000  3.1420313560e-01  1.0841125490e-02 
1283.000  3.4483254060e-01  1.1955176350e-02 
1284.000  3.5906149110e-01  1.2484539990e-02 
1285.000  3.6169574410e-01  1.2595098500e-02 
1286.000  3.6157638940e-01  1.2559473040e-02 
1287.000  3.6378730230e-01  1.2581458090e-02 
1288.000  3.6150669410e-01  1.2327733990e-02 
1289.000  3.6366192610e-01  1.2349699970e-02 
1290.000  3.5532912490e-01  1.2050932880e-02 
1291.000  3.6019345940e-01  1.2204082490e-02 
1292.000  3.6169625340e-01  1.2281066890e-02 
1293.000  3.6201938870e-01  1.2261243820e-02 
1294.000  3.5627359010e-01  1.1960250850e-02 
1295.000  3.6010899490e-01  1.1954788210e-02 
1296.000  3.6037380670e-01  1.1861871720e-02 
1297.000  3.5815201560e-01  1.1728405950e-02 
1298.000  3.5495136500e-01  1.1629096030e-02 
1299.000  3.5851517160e-01  1.1749340060e-02 
1300.000  3.5707588000e-01  1.1705924990e-02 
1301.000  3.5650806740e-01  1.1665622710e-02 
1302.000  3.5193285360e-01  1.1434080120e-02 
1303.000  3.5004190910e-01  1.1199401860e-02 
1304.000  3.5027155310e-01  1.1117552760e-02 
1305.000  3.5242693490e-01  1.1136545180e-02 
1306.000  3.5276425000e-01  1.1093407630e-02 
1307.000  3.5172196900e-01  1.1020777700e-02 
1308.000  3.5142167880e-01  1.0921853070e-02 
1309.000  3.5110915850e-01  1.0787749290e-02 
1310.000  3.4965016950e-01  1.0735529900e-02 
1311.000  3.4858000330e-01  1.0706701280e-02 
1312.000  3.4749414920e-01  1.0527537350e-02 
1313.000  3.3465969000e-01  9.9714250560e-03 
1314.000  3.4510582560e-01  1.0130844120e-02 
1315.000  3.3348565260e-01  9.8578786850e-03 
1316.000  3.4124349650e-01  1.0194363590e-02 
1317.000  3.4491448390e-01  1.0302725790e-02 
1318.000  3.4003386410e-01  9.9790267940e-03 
1319.000  3.4469134890e-01  9.8862104420e-03 
1320.000  3.4214668780e-01  9.5794601440e-03 
1321.000  3.4064342300e-01  9.4521532060e-03 
1322.000  3.3996325870e-01  9.5622777940e-03 
1323.000  3.4071581160e-01  9.7330217360e-03 
1324.000  3.4089821890e-01  9.8246021270e-03 
1325.000  3.3980776040e-01  9.7306718830e-03 
1326.000  3.3821726250e-01  9.5278396610e-03 
1327.000  3.3551684540e-01  9.1466941830e-03 
1328.000  3.3639994820e-01  8.8903732300e-03 
1329.000  3.2412338210e-01  8.1401376720e-03 
1330.000  3.2919385120e-01  8.1201372150e-03 
1331.000  3.3066111100e-01  8.0663309100e-03 
1332.000  3.2311498910e-01  7.9109215740e-03 
1333.000  3.3165535140e-01  8.1992216110e-03 
1334.000  3.3207106450e-01  8.3214616780e-03 
1335.000  3.3235533040e-01  8.4106521610e-03 
1336.000  3.2875790630e-01  8.3485393520e-03 
1337.000  3.2982209690e-01  8.3871479030e-03 
1338.000  3.2957903780e-01  8.4397230150e-03 
1339.000  3.2603761310e-01  8.3659629820e-03 
1340.000  3.2369738010e-01  8.3552169800e-03 
1341.000  3.2858367700e-01  8.4381742480e-03 
1342.000  3.2777901230e-01  8.4240121840e-03 
1343.000  3.2775015190e-01  8.2458715440e-03 
1344.000  3.2625158360e-01  8.0396347050e-03 
1345.000  3.2374810660e-01  7.6186227800e-03 
1346.000  3.1857583230e-01  7.3115320210e-03 
1347.000  3.1917991560e-01  7.1892161370e-03 
1348.000  3.1560183890e-01  6.9631476400e-03 
1349.000  3.1345865270e-01  6.8378844260e-03 
1350.000  3.0705809140e-01  6.5447669030e-03 
1351.000  3.0488944960e-01  6.3905429840e-03 
1352.000  3.0544560810e-01  6.2397475240e-03 
1353.000  2.9959192670e-01  5.9184880260e-03 
1354.000  2.9597173770e-01  5.7283468250e-03 
1355.000  2.9032863360e-01  5.4883823390e-03 
1356.000  2.8605486990e-01  5.2623825070e-03 
1357.000  2.7935292090e-01  4.9579911230e-03 
1358.000  2.7974947090e-01  4.7683544160e-03 
1359.000  2.7202984840e-01  4.3057560920e-03 
1360.000  2.6205886590e-01  3.9427440170e-03 
1361.000  2.6425562810e-01  3.8422276970e-03 
1362.000  2.6199174090e-01  3.7716636660e-03 
1363.000  2.6225562830e-01  3.9789724350e-03 
1364.000  2.6752754340e-01  4.1281766890e-03 
1365.000  2.6739109550e-01  4.1637773510e-03 
1366.000  2.6926870420e-01  4.2728056910e-03 
1367.000  2.6431823890e-01  4.0912351610e-03 
1368.000  2.6434133050e-01  3.9966390130e-03 
1369.000  2.5957898800e-01  3.9468634130e-03 
1370.000  2.6509199020e-01  4.2695617680e-03 
1371.000  2.7287447050e-01  4.7291669850e-03 
1372.000  2.8371703340e-01  5.2624168400e-03 
1373.000  2.8782102600e-01  5.5439286230e-03 
1374.000  2.9110965450e-01  5.7133970260e-03 
1375.000  2.8702119790e-01  5.6798548700e-03 
1376.000  2.8273064590e-01  5.5593833920e-03 
1377.000  2.8530858780e-01  5.5336184500e-03 
1378.000  2.8040956380e-01  5.2919850350e-03 
1379.000  2.7855369360e-01  5.0312089920e-03 
1380.000  2.6856189390e-01  4.5348820690e-03 
1381.000  2.6250610870e-01  4.1282558440e-03 
1382.000  2.5435979560e-01  3.8356196880e-03 
1383.000  2.5658449770e-01  3.8502645490e-03 
1384.000  2.6228281590e-01  4.1842885020e-03 
1385.000  2.6436804910e-01  4.4129552840e-03 
1386.000  2.7234826190e-01  4.7792444230e-03 
1387.000  2.7625466650e-01  5.1910133360e-03 
1388.000  2.8204503780e-01  5.4516153340e-03 
1389.000  2.8429068870e-01  5.5596218110e-03 
1390.000  2.7928017270e-01  5.4807291030e-03 
1391.000  2.8201438180e-01  5.4814524650e-03 
1392.000  2.7757244980e-01  5.2393450740e-03 
1393.000  2.7302685230e-01  4.9992380140e-03 
1394.000  2.6697507730e-01  4.7416920660e-03 
1395.000  2.6827541710e-01  4.8307547570e-03 
1396.000  2.7420630580e-01  5.1123175620e-03 
1397.000  2.7727490640e-01  5.3059182170e-03 
1398.000  2.7748633060e-01  5.3250207900e-03 
1399.000  2.7567332150e-01  5.2441291810e-03 
1400.000  2.6766923960e-01  5.0689334870e-03 
1401.000  2.6888061320e-01  5.1031413080e-03 
1402.000  2.7544561950e-01  5.3296041490e-03 
1403.000  2.7474688340e-01  5.3748254780e-03 
1404.000  2.7266295580e-01  5.2947535510e-03 
1405.000  2.7283108390e-01  5.2998299600e-03 
1406.000  2.7244508040e-01  5.2419319150e-03 
1407.000  2.7271577310e-01  5.2407031060e-03 
1408.000  2.7355851610e-01  5.3508310320e-03 
1409.000  2.7647467270e-01  5.4725174900e-03 
1410.000  2.7766620640e-01  5.6096425060e-03 
1411.000  2.7973930740e-01  5.7265501020e-03 
1412.000  2.6880725130e-01  5.4894447330e-03 
1413.000  2.7399789940e-01  5.6139574050e-03 
1414.000  2.7758206630e-01  5.6519026760e-03 
1415.000  2.7742063460e-01  5.6841206550e-03 
1416.000  2.7691240150e-01  5.7066559790e-03 
1417.000  2.7893321510e-01  5.7321319580e-03 
1418.000  2.7904276390e-01  5.7224750520e-03 
1419.000  2.7506788900e-01  5.6241974830e-03 
1420.000  2.7446441520e-01  5.6123118400e-03 
1421.000  2.7901992250e-01  5.7471318240e-03 
1422.000  2.7278594370e-01  5.6278672220e-03 
1423.000  2.7112415930e-01  5.5772094730e-03 
1424.000  2.7136952190e-01  5.5538134570e-03 
1425.000  2.7660587400e-01  5.6090726850e-03 
1426.000  2.6541282720e-01  5.3611383440e-03 
1427.000  2.6955453270e-01  5.4488811490e-03 
1428.000  2.7540441040e-01  5.5655345920e-03 
1429.000  2.6894560050e-01  5.4345188140e-03 
1430.000  2.6310317390e-01  5.2816305160e-03 
1431.000  2.6249939700e-01  5.1824707980e-03 
1432.000  2.6727082140e-01  5.2174777980e-03 
1433.000  2.6740646710e-01  5.1937913890e-03 
1434.000  2.6201686400e-01  5.0501313210e-03 
1435.000  2.6521373910e-01  5.1295804980e-03 
1436.000  2.6524944560e-01  5.1233272550e-03 
1437.000  2.6629708610e-01  5.1270504000e-03 
1438.000  2.6564920730e-01  5.1358995440e-03 
1439.000  2.6878985380e-01  5.1792449950e-03 
1440.000  2.5215161880e-01  4.8549914360e-03 
1441.000  2.6485804750e-01  5.0827746390e-03 
1442.000  2.5869128460e-01  4.9251365660e-03 
1443.000  2.6298672860e-01  4.9793658260e-03 
1444.000  2.6426543140e-01  4.9907102580e-03 
1445.000  2.6346777880e-01  4.9528450970e-03 
1446.000  2.6629602420e-01  5.0074782370e-03 
1447.000  2.6507871010e-01  4.9847602840e-03 
1448.000  2.6710508360e-01  4.9989047050e-03 
1449.000  2.6699839130e-01  4.9527649880e-03 
1450.000  2.6520195550e-01  4.8602643010e-03 
1451.000  2.6349153170e-01  4.8079929350e-03 
1452.000  2.6024790160e-01  4.7602381710e-03 
1453.000  2.6520144820e-01  4.9049110410e-03 
1454.000  2.6623162000e-01  4.9902415280e-03 
1455.000  2.6286440760e-01  4.9653487210e-03 
1456.000  2.6274454320e-01  5.0028338430e-03 
1457.000  2.6526345920e-01  5.0248441700e-03 
1458.000  2.6889028590e-01  5.0709118840e-03 
1459.000  2.6988906650e-01  4.9944143300e-03 
1460.000  2.6529694120e-01  4.8253545760e-03 
1461.000  2.6471750860e-01  4.7522478100e-03 
1462.000  2.6182656550e-01  4.6021771430e-03 
1463.000  2.6007916470e-01  4.5368447300e-03 
1464.000  2.5990720990e-01  4.4829440120e-03 
1465.000  2.6291382500e-01  4.4599661830e-03 
1466.000  2.5665110490e-01  4.2735915180e-03 
1467.000  2.6280294030e-01  4.3131546970e-03 
1468.000  2.5633467010e-01  4.1424474720e-03 
1469.000  2.5916061140e-01  4.1078414920e-03 
1470.000  2.5766576770e-01  4.0356693270e-03 
1471.000  2.5359171060e-01  3.9950556760e-03 
1472.000  2.5512414100e-01  4.0649886130e-03 
1473.000  2.5736917770e-01  4.1875934600e-03 
1474.000  2.5028305720e-01  4.1430044170e-03 
1475.000  2.5560473380e-01  4.1997666360e-03 
1476.000  2.5600866680e-01  4.1766562460e-03 
1477.000  2.5675975250e-01  4.1263875960e-03 
1478.000  2.5304563490e-01  4.0061783790e-03 
1479.000  2.5594437490e-01  3.9829907420e-03 
1480.000  2.5734648980e-01  3.9989476200e-03 
1481.000  2.5351008320e-01  3.9691097740e-03 
1482.000  2.5666677680e-01  4.0557875630e-03 
1483.000  2.5137979660e-01  3.9720716480e-03 
1484.000  2.5370361510e-01  3.9947898390e-03 
1485.000  2.5853226940e-01  4.0473608970e-03 
1486.000  2.5427262580e-01  4.0154647830e-03 
1487.000  2.5456327670e-01  4.1168570520e-03 
1488.000  2.2253955120e-01  3.5956380370e-03 
1489.000  2.5552232970e-01  4.2733473780e-03 
1490.000  2.5611744560e-01  4.4198956490e-03 
1491.000  2.5866276630e-01  4.5672955510e-03 
1492.000  2.5265214190e-01  4.4794011120e-03 
1493.000  2.5833019140e-01  4.6532273290e-03 
1494.000  2.5734823960e-01  4.6418547630e-03 
1495.000  2.5554770180e-01  4.6769242290e-03 
1496.000  2.4799067170e-01  4.6565942760e-03 
1497.000  2.5381523920e-01  4.7601904870e-03 
1498.000  2.5638552760e-01  4.9193878170e-03 
1499.000  2.5207338340e-01  4.9396142960e-03 
1500.000  2.5637185060e-01  5.0988087650e-03 
1501.000  2.5600599460e-01  5.0590405460e-03 
1502.000  2.5402899730e-01  4.9731626510e-03 
1503.000  2.2810263590e-01  4.4327955250e-03 
1504.000  2.3764775720e-01  4.6428108220e-03 
1505.000  2.3690949220e-01  4.7269535060e-03 
1506.000  2.4010318470e-01  4.8174009320e-03 
1507.000  2.5111579630e-01  5.1355690960e-03 
1508.000  2.4719443900e-01  5.1161656380e-03 
1509.000  2.4826232720e-01  5.2053647040e-03 
1510.000  2.5209889870e-01  5.3225665090e-03 
1511.000  2.5324551320e-01  5.4019041060e-03 
1512.000  2.4849135630e-01  5.3405075070e-03 
1513.000  2.4807510860e-01  5.3665933610e-03 
1514.000  2.4467921540e-01  5.3142867090e-03 
1515.000  2.4948754960e-01  5.4410982130e-03 
1516.000  2.4717248320e-01  5.3758311270e-03 
1517.000  2.4570871390e-01  5.3401966090e-03 
1518.000  2.5023729410e-01  5.4572157860e-03 
1519.000  2.4652371520e-01  5.3997192380e-03 
1520.000  2.4804028630e-01  5.4994673730e-03 
1521.000  2.4331573020e-01  5.4735188480e-03 
1522.000  2.4189154670e-01  5.4834580420e-03 
1523.000  2.4777917200e-01  5.6725082400e-03 
1524.000  2.4602052840e-01  5.6599364280e-03 
1525.000  2.4053790110e-01  5.5483059880e-03 
1526.000  2.4731337300e-01  5.6955027580e-03 
1527.000  2.4464073070e-01  5.6402339940e-03 
1528.000  2.4612411850e-01  5.6873984340e-03 
1529.000  2.4534542160e-01  5.6559286120e-03 
1530.000  2.2951311560e-01  5.2980079650e-03 
1531.000  2.4523846780e-01  5.6494350430e-03 
1532.000  2.4366527250e-01  5.6037716870e-03 
1533.000  2.4243440570e-01  5.5567636490e-03 
1534.000  2.3858166090e-01  5.4494533540e-03 
1535.000  2.3919597240e-01  5.4454631810e-03 
1536.000  2.4239457650e-01  5.5529313090e-03 
1537.000  2.4295741170e-01  5.6142339710e-03 
1538.000  2.3611232940e-01  5.5051379200e-03 
1539.000  2.4094045360e-01  5.6654157640e-03 
1540.000  2.3211190080e-01  5.4973726270e-03 
1541.000  2.3687436770e-01  5.6218318940e-03 
1542.000  2.3828295300e-01  5.6579532620e-03 
1543.000  2.3739660840e-01  5.6471447940e-03 
1544.000  2.4008173320e-01  5.7257699970e-03 
1545.000  2.4048323920e-01  5.7577571870e-03 
1546.000  2.4027650330e-01  5.7864208220e-03 
1547.000  2.3762439510e-01  5.7529258730e-03 
1548.000  2.3041901310e-01  5.6075720790e-03 
1549.000  2.3632472900e-01  5.7720608710e-03 
1550.000  2.3501260420e-01  5.7586812970e-03 
1551.000  2.3378243790e-01  5.7275252340e-03 
1552.000  2.3775629430e-01  5.8146166800e-03 
1553.000  2.3641490690e-01  5.7764754300e-03 
1554.000  2.2775275240e-01  5.5543546680e-03 
1555.000  2.3140545790e-01  5.6409029960e-03 
1556.000  2.2690013090e-01  5.5571670530e-03 
1557.000  2.3426552720e-01  5.7879915240e-03 
1558.000  2.3247106260e-01  5.7865848540e-03 
1559.000  2.3258216840e-01  5.8302769660e-03 
1560.000  2.2856580360e-01  5.7752780910e-03 
1561.000  2.3400383830e-01  5.9301800730e-03 
1562.000  2.3407893660e-01  5.9175920490e-03 
1563.000  2.3073915270e-01  5.8261036870e-03 
1564.000  2.2639591810e-01  5.6998939510e-03 
1565.000  2.3030962470e-01  5.7749996190e-03 
1566.000  2.2594566400e-01  5.6780481340e-03 
1567.000  2.2659829150e-01  5.6998987200e-03 
1568.000  2.2278878800e-01  5.5973939900e-03 
1569.000  2.2461723760e-01  5.6327962880e-03 
1570.000  2.1957959320e-01  5.5082225800e-03 
1571.000  2.2546327810e-01  5.6860914230e-03 
1572.000  2.2566593340e-01  5.7063221930e-03 
1573.000  2.2188936060e-01  5.6447019580e-03 
1574.000  2.2211103080e-01  5.6928243640e-03 
1575.000  2.0599055650e-01  5.3126721380e-03 
1576.000  2.2130211950e-01  5.7176718710e-03 
1577.000  1.9974003950e-01  5.1418333050e-03 
1578.000  2.1845766520e-01  5.6036086080e-03 
1579.000  2.1939161500e-01  5.6133151050e-03 
1580.000  2.2329765440e-01  5.7083587650e-03 
1581.000  2.2181700450e-01  5.6508741380e-03 
1582.000  2.1671914600e-01  5.5587139130e-03 
1583.000  2.1880827880e-01  5.6489086150e-03 
1584.000  2.1634591940e-01  5.6217222210e-03 
1585.000  2.2236990380e-01  5.8094491960e-03 
1586.000  2.1957697230e-01  5.7517690660e-03 
1587.000  2.1690129270e-01  5.7127375600e-03 
1588.000  2.1343172660e-01  5.6496534350e-03 
1589.000  1.9521776260e-01  5.1802964210e-03 
1590.000  2.1037090660e-01  5.5988826750e-03 
1591.000  2.0565765570e-01  5.4908051490e-03 
1592.000  2.1656569240e-01  5.7942528720e-03 
1593.000  2.2148339020e-01  5.9341592790e-03 
1594.000  2.1992906720e-01  5.8995795250e-03 
1595.000  2.2139392420e-01  5.9445705410e-03 
1596.000  2.0738741040e-01  5.5880093570e-03 
1597.000  2.1584575420e-01  5.8135571480e-03 
1598.000  2.1991886040e-01  5.9120292660e-03 
1599.000  2.1255670290e-01  5.6978850360e-03 
1600.000  2.1609904640e-01  5.7846341130e-03 
1601.000  2.0700203450e-01  5.5583648680e-03 
1602.000  2.1229545860e-01  5.7315015790e-03 
1603.000  2.1068514820e-01  5.7362747190e-03 
1604.000  2.1327248340e-01  5.8620591160e-03 
1605.000  2.1011926740e-01  5.8120880130e-03 
1606.000  2.0926374640e-01  5.8280715940e-03 
1607.000  2.1014339310e-01  5.8287162780e-03 
1608.000  2.1253773120e-01  5.8722682000e-03 
1609.000  2.1172070150e-01  5.8326201440e-03 
1610.000  1.9850952190e-01  5.4565787320e-03 
1611.000  2.0421635280e-01  5.6155347820e-03 
1612.000  2.0596261630e-01  5.6682782170e-03 
1613.000  2.1035866090e-01  5.7925662990e-03 
1614.000  2.0829414040e-01  5.7146930690e-03 
1615.000  2.1155853330e-01  5.8021264080e-03 
1616.000  1.9821675930e-01  5.4311423300e-03 
1617.000  2.0392977440e-01  5.6304931640e-03 
1618.000  2.1028374350e-01  5.8306684490e-03 
1619.000  2.0953951150e-01  5.8543162350e-03 
1620.000  2.0418889650e-01  5.7475147250e-03 
1621.000  2.0112802940e-01  5.6959247590e-03 
1622.000  2.0619053290e-01  5.8463664050e-03 
1623.000  2.1031896870e-01  5.9796514510e-03 
1624.000  2.1177244710e-01  6.0322623250e-03 
1625.000  2.0645421590e-01  5.9068517680e-03 
1626.000  2.0898570250e-01  5.9712905880e-03 
1627.000  2.0871608650e-01  5.9822707180e-03 
1628.000  2.1039331040e-01  6.0404825210e-03 
1629.000  2.1036276160e-01  6.0480914120e-03 
1630.000  2.0465156060e-01  5.8856434820e-03 
1631.000  2.0785230990e-01  5.9894533160e-03 
1632.000  2.0790487240e-01  5.9457731250e-03 
1633.000  2.0522919950e-01  5.8377499580e-03 
1634.000  2.0042692920e-01  5.6677699090e-03 
1635.000  2.0580054590e-01  5.7911567690e-03 
1636.000  2.0525593580e-01  5.7400732040e-03 
1637.000  1.9611751360e-01  5.4518179890e-03 
1638.000  1.9468457760e-01  5.3885617260e-03 
1639.000  1.9274458140e-01  5.2975707050e-03 
1640.000  1.9390084450e-01  5.3002624510e-03 
1641.000  1.9270086600e-01  5.2500729560e-03 
1642.000  1.9246052880e-01  5.3009986880e-03 
1643.000  1.9740709930e-01  5.4918818470e-03 
1644.000  1.9435220700e-01  5.4592685700e-03 
1645.000  1.9478521320e-01  5.5205302240e-03 
1646.000  1.9712624300e-01  5.6351423260e-03 
1647.000  1.9897715730e-01  5.6886720660e-03 
1648.000  1.9820871560e-01  5.6608753200e-03 
1649.000  1.9368049880e-01  5.5310678480e-03 
1650.000  1.9858848000e-01  5.6728096010e-03 
1651.000  1.9411389930e-01  5.5459580420e-03 
1652.000  1.9798818420e-01  5.6559910770e-03 
1653.000  1.9576491070e-01  5.6024522780e-03 
1654.000  1.9796131930e-01  5.6696462630e-03 
1655.000  1.9399369720e-01  5.5683293340e-03 
1656.000  1.9772022790e-01  5.6844644550e-03 
1657.000  1.9628663930e-01  5.6461009980e-03 
1658.000  1.9734701490e-01  5.6871995930e-03 
1659.000  1.9371200200e-01  5.5861320500e-03 
1660.000  1.9607614240e-01  5.6505422590e-03 
1661.000  1.9684504310e-01  5.6604428290e-03 
1662.000  1.9552280390e-01  5.5739674570e-03 
1663.000  1.9429217390e-01  5.4970531460e-03 
1664.000  1.9346937750e-01  5.4312086110e-03 
1665.000  1.9149449300e-01  5.3337039950e-03 
1666.000  1.9056221050e-01  5.3043274880e-03 
1667.000  1.9208487970e-01  5.3988642690e-03 
1668.000  1.8883047350e-01  5.3418197630e-03 
1669.000  1.8913264630e-01  5.3928861620e-03 
1670.000  1.9320508770e-01  5.5537605290e-03 
1671.000  1.9172963810e-01  5.5534830090e-03 
1672.000  1.8264842230e-01  5.3398084640e-03 
1673.000  1.8802954430e-01  5.5378756520e-03 
1674.000  1.8890303060e-01  5.6080284120e-03 
1675.000  1.8715226310e-01  5.6064548490e-03 
1676.000  1.8417142540e-01  5.5349383350e-03 
1677.000  1.8505700780e-01  5.5625805850e-03 
1678.000  1.8592512660e-01  5.5957994460e-03 
1679.000  1.8345296230e-01  5.5186052320e-03 
1680.000  1.7704390790e-01  5.3313851360e-03 
1681.000  1.7083767700e-01  5.1483063700e-03 
1682.000  1.7577146820e-01  5.2975277900e-03 
1683.000  1.8016463930e-01  5.4268236160e-03 
1684.000  1.8352587770e-01  5.5258769990e-03 
1685.000  1.8424484240e-01  5.5350327490e-03 
1686.000  1.8202205200e-01  5.4599614140e-03 
1687.000  1.8303804120e-01  5.4582300190e-03 
1688.000  1.8337997270e-01  5.4410967830e-03 
1689.000  1.8117001500e-01  5.3636651040e-03 
1690.000  1.8133340620e-01  5.3388385770e-03 
1691.000  1.8370652340e-01  5.4174313550e-03 
1692.000  1.8404066010e-01  5.4429111480e-03 
1693.000  1.8334062820e-01  5.4409208300e-03 
1694.000  1.8306323240e-01  5.4485392570e-03 
1695.000  1.8327281950e-01  5.4597539900e-03 
1696.000  1.8220096850e-01  5.3994612690e-03 
1697.000  1.8116010230e-01  5.3302106860e-03 
1698.000  1.8225336720e-01  5.3273401260e-03 
1699.000  1.8107593480e-01  5.2609925270e-03 
1700.000  1.7875486660e-01  5.1639409070e-03 
