 lambda   Irr_dw            Rad_up 
 550.000  1.5575366900e+00  7.7892570500e-02 
 551.000  1.5472264100e+00  7.7217277530e-02 
 552.000  1.6132485600e+00  8.0452514650e-02 
 553.000  1.5494946300e+00  7.7092971800e-02 
 554.000  1.5995592200e+00  7.9503883360e-02 
 555.000  1.6035282300e+00  7.9487380980e-02 
 556.000  1.5588559200e+00  7.7069953920e-02 
 557.000  1.5122142100e+00  7.4695121770e-02 
 558.000  1.5692704100e+00  7.7309455870e-02 
 559.000  1.4829659300e+00  7.2919937130e-02 
 560.000  1.4892215700e+00  7.3152885440e-02 
 561.000  1.6364959300e+00  8.0167335510e-02 
 562.000  1.5023376000e+00  7.3489219670e-02 
 563.000  1.5716869900e+00  7.6677886960e-02 
 564.000  1.5496280400e+00  7.5342002870e-02 
 565.000  1.5683967600e+00  7.6154159550e-02 
 566.000  1.4461097400e+00  7.0027656560e-02 
 567.000  1.5525118400e+00  7.4851158140e-02 
 568.000  1.5530817900e+00  7.4220542910e-02 
 569.000  1.5316480300e+00  7.2005599980e-02 
 570.000  1.5381748300e+00  7.2303466800e-02 
 571.000  1.4770970900e+00  7.0038574220e-02 
 572.000  1.5680677200e+00  7.3612098690e-02 
 573.000  1.5829276400e+00  7.4428222660e-02 
 574.000  1.5738366100e+00  7.3940757750e-02 
 575.000  1.5359458500e+00  7.2003685000e-02 
 576.000  1.5082819100e+00  7.0610481260e-02 
 577.000  1.5690123200e+00  7.3501594540e-02 
 578.000  1.5204751500e+00  7.1531074520e-02 
 579.000  1.5066240900e+00  7.0946037290e-02 
 580.000  1.5565305500e+00  7.3526763920e-02 
 581.000  1.5253494500e+00  7.2214561460e-02 
 582.000  1.5463267300e+00  7.3125091550e-02 
 583.000  1.5562320400e+00  7.3630119320e-02 
 584.000  1.5505520600e+00  7.3192527770e-02 
 585.000  1.5399155900e+00  7.2544868470e-02 
 586.000  1.4734144500e+00  6.9358245850e-02 
 587.000  1.5341029000e+00  7.1665397640e-02 
 588.000  1.5322304400e+00  7.0189826970e-02 
 589.000  1.3775320700e+00  6.1488876340e-02 
 590.000  1.4395243400e+00  6.4135055540e-02 
 591.000  1.5149314500e+00  6.8470298770e-02 
 592.000  1.4935104200e+00  6.6757606510e-02 
 593.000  1.4927476800e+00  6.7859275820e-02 
 594.000  1.5100516900e+00  6.8299957280e-02 
 595.000  1.4926746800e+00  6.6542068480e-02 
 596.000  1.5129171600e+00  6.8657867430e-02 
 597.000  1.5209733500e+00  6.8556404110e-02 
 598.000  1.4829791300e+00  6.7340881350e-02 
 599.000  1.4804805600e+00  6.7387283330e-02 
 600.000  1.4745618300e+00  6.7594871520e-02 
 601.000  1.4621089200e+00  6.7370300290e-02 
 602.000  1.4446050800e+00  6.6583251950e-02 
 603.000  1.4518416000e+00  6.7033943180e-02 
 604.000  1.4965501900e+00  6.9237106320e-02 
 605.000  1.4921066000e+00  6.8901245120e-02 
 606.000  1.4745814000e+00  6.8116714480e-02 
 607.000  1.4660995300e+00  6.7624404910e-02 
 608.000  1.4605839700e+00  6.7242263790e-02 
 609.000  1.4454960700e+00  6.6504615780e-02 
 610.000  1.4222395400e+00  6.5313117980e-02 
 611.000  1.4452395800e+00  6.6314079280e-02 
 612.000  1.4263686700e+00  6.5401725770e-02 
 613.000  1.4054892000e+00  6.4337303160e-02 
 614.000  1.3542432700e+00  6.1963962550e-02 
 615.000  1.4196418900e+00  6.4812873840e-02 
 616.000  1.3498126300e+00  6.1606204990e-02 
 617.000  1.3574993300e+00  6.1901679990e-02 
 618.000  1.4216473500e+00  6.4656295780e-02 
 619.000  1.4087998800e+00  6.4073158260e-02 
 620.000  1.4298232000e+00  6.4855110170e-02 
 621.000  1.4547112300e+00  6.5921554570e-02 
 622.000  1.3782978600e+00  6.2344795230e-02 
 623.000  1.3895208300e+00  6.2640987400e-02 
 624.000  1.3914582100e+00  6.2737972260e-02 
 625.000  1.3541947600e+00  6.0999374390e-02 
 626.000  1.3621210400e+00  6.1106006620e-02 
 627.000  1.3906057500e+00  6.1793991090e-02 
 628.000  1.3971156400e+00  6.0407699580e-02 
 629.000  1.4180543800e+00  6.1991741180e-02 
 630.000  1.3671496200e+00  6.0133514400e-02 
 631.000  1.4129841900e+00  6.2302452090e-02 
 632.000  1.3183372200e+00  5.7882022860e-02 
 633.000  1.4085512000e+00  6.2264144900e-02 
 634.000  1.3639234600e+00  6.0455429080e-02 
 635.000  1.3884350500e+00  6.1554920200e-02 
 636.000  1.3381574100e+00  5.9406440730e-02 
 637.000  1.3814900300e+00  6.1386280060e-02 
 638.000  1.4002311400e+00  6.2397426610e-02 
 639.000  1.3883755700e+00  6.1725917820e-02 
 640.000  1.3433812200e+00  5.9960121150e-02 
 641.000  1.3626284500e+00  6.0764190670e-02 
 642.000  1.3452582900e+00  6.0019565580e-02 
 643.000  1.3704599000e+00  6.0931690220e-02 
 644.000  1.3546592700e+00  6.0104034420e-02 
 645.000  1.3688883100e+00  6.0543338780e-02 
 646.000  1.3266446900e+00  5.7667976380e-02 
 647.000  1.3519235200e+00  5.8098808290e-02 
 648.000  1.3574939300e+00  5.7812957760e-02 
 649.000  1.3775058700e+00  5.8997386930e-02 
 650.000  1.2641207900e+00  5.5083595280e-02 
 651.000  1.3618022900e+00  5.9301105500e-02 
 652.000  1.3472272700e+00  5.7739376070e-02 
 653.000  1.3608941200e+00  5.9319152830e-02 
 654.000  1.3446408300e+00  5.8338459010e-02 
 655.000  1.3139993300e+00  5.6586944580e-02 
 656.000  1.1142475100e+00  4.8039489750e-02 
 657.000  1.1869908400e+00  5.1334732060e-02 
 658.000  1.3177590800e+00  5.7399700160e-02 
 659.000  1.3184100600e+00  5.7576148990e-02 
 660.000  1.3277001400e+00  5.8065441130e-02 
 661.000  1.3302981400e+00  5.8486396790e-02 
 662.000  1.3479812200e+00  5.9373836520e-02 
 663.000  1.3334007600e+00  5.8606452940e-02 
 664.000  1.3116984400e+00  5.7659816740e-02 
 665.000  1.3170395900e+00  5.7875362400e-02 
 666.000  1.3323257900e+00  5.8657810210e-02 
 667.000  1.3054784200e+00  5.7390251160e-02 
 668.000  1.3123407000e+00  5.7794803620e-02 
 669.000  1.3309617600e+00  5.8648788450e-02 
 670.000  1.3149174900e+00  5.7810241700e-02 
 671.000  1.3008169100e+00  5.7176498410e-02 
 672.000  1.2965083200e+00  5.6938861850e-02 
 673.000  1.3057236100e+00  5.7279415130e-02 
 674.000  1.3081906000e+00  5.7365550990e-02 
 675.000  1.2881363600e+00  5.6403511050e-02 
 676.000  1.3123910900e+00  5.7444335940e-02 
 677.000  1.2862123000e+00  5.6284187320e-02 
 678.000  1.3074183100e+00  5.7143314360e-02 
 679.000  1.2889894100e+00  5.6237186430e-02 
 680.000  1.2795374900e+00  5.5763889310e-02 
 681.000  1.2815204700e+00  5.5744960780e-02 
 682.000  1.2790647700e+00  5.5516944890e-02 
 683.000  1.2877662100e+00  5.5774055480e-02 
 684.000  1.2655274500e+00  5.4745605470e-02 
 685.000  1.2792104500e+00  5.5293094640e-02 
 686.000  1.2259631300e+00  5.2572608950e-02 
 687.000  1.2268586500e+00  4.8131248470e-02 
 688.000  1.2277815500e+00  4.9294105530e-02 
 689.000  1.2313177100e+00  4.9153465270e-02 
 690.000  1.2372753100e+00  4.9990600590e-02 
 691.000  1.2422610800e+00  5.0997566220e-02 
 692.000  1.2347992500e+00  5.1108238220e-02 
 693.000  1.2429783800e+00  5.0590393070e-02 
 694.000  1.2566385900e+00  5.0459392550e-02 
 695.000  1.2336277400e+00  4.9941818240e-02 
 696.000  1.2474431100e+00  5.0761016850e-02 
 697.000  1.2463662700e+00  5.2353260040e-02 
 698.000  1.2240688000e+00  5.0970306400e-02 
 699.000  1.2499320100e+00  5.0671897890e-02 
 700.000  1.2349712200e+00  5.0226207730e-02 
 701.000  1.2080363500e+00  4.8784393310e-02 
 702.000  1.2018133100e+00  4.8721088410e-02 
 703.000  1.2164038700e+00  5.0343280790e-02 
 704.000  1.2199252400e+00  5.0542873380e-02 
 705.000  1.2304295200e+00  5.0473937990e-02 
 706.000  1.2172917500e+00  5.0009593960e-02 
 707.000  1.1986043400e+00  4.9399772640e-02 
 708.000  1.2331384700e+00  5.0998252870e-02 
 709.000  1.1886098400e+00  4.9499233250e-02 
 710.000  1.2168764100e+00  5.0182334900e-02 
 711.000  1.2038603100e+00  5.0028804780e-02 
 712.000  1.1864290800e+00  4.9690402980e-02 
 713.000  1.1820269400e+00  4.9157077790e-02 
 714.000  1.2023549900e+00  4.9812965390e-02 
 715.000  1.1612009600e+00  4.7590110780e-02 
 716.000  1.1923537200e+00  4.8340976720e-02 
 717.000  1.1626478900e+00  4.4666107180e-02 
 718.000  1.1564899400e+00  4.2979190830e-02 
 719.000  1.1431727400e+00  4.1897983550e-02 
 720.000  1.1515073600e+00  4.1537155150e-02 
 721.000  1.1498394800e+00  4.4686832430e-02 
 722.000  1.1659015700e+00  4.6419567110e-02 
 723.000  1.1635689000e+00  4.5569286350e-02 
 724.000  1.1706180500e+00  4.3892375950e-02 
 725.000  1.1578380800e+00  4.3660160060e-02 
 726.000  1.1557146800e+00  4.3476535800e-02 
 727.000  1.1728080500e+00  4.4311328890e-02 
 728.000  1.1526551600e+00  4.3285316470e-02 
 729.000  1.1068450300e+00  4.2195140840e-02 
 730.000  1.1477406400e+00  4.3614803310e-02 
 731.000  1.1288102200e+00  4.2809360500e-02 
 732.000  1.1499114200e+00  4.4749954220e-02 
 733.000  1.1320669300e+00  4.5306465150e-02 
 734.000  1.1552827100e+00  4.6827045440e-02 
 735.000  1.1460672600e+00  4.6169620510e-02 
 736.000  1.1250273300e+00  4.4920207980e-02 
 737.000  1.1396179000e+00  4.5746883390e-02 
 738.000  1.1361596700e+00  4.6028530120e-02 
 739.000  1.0992646600e+00  4.4743640900e-02 
 740.000  1.1092445500e+00  4.5580718990e-02 
 741.000  1.1001693000e+00  4.5550750730e-02 
 742.000  1.0819746600e+00  4.4925956730e-02 
 743.000  1.1134470100e+00  4.6538642880e-02 
 744.000  1.1238829600e+00  4.7120456700e-02 
 745.000  1.0945317500e+00  4.6023925780e-02 
 746.000  1.1096695000e+00  4.6704547880e-02 
 747.000  1.1262870500e+00  4.7373088840e-02 
 748.000  1.1060400700e+00  4.6531883240e-02 
 749.000  1.1062348600e+00  4.6556491850e-02 
 750.000  1.0900742900e+00  4.5782608030e-02 
 751.000  1.0872675400e+00  4.5648551940e-02 
 752.000  1.1037339800e+00  4.6389289860e-02 
 753.000  1.0932838600e+00  4.5949687960e-02 
 754.000  1.1103963300e+00  4.6661766050e-02 
 755.000  1.1040226600e+00  4.6375469210e-02 
 756.000  1.0824050100e+00  4.5452754970e-02 
 757.000  1.0904004100e+00  4.5768585210e-02 
 758.000  1.0892636700e+00  4.5624923710e-02 
 759.000  1.0479858900e+00  4.1623775480e-02 
 760.000  8.2435290700e-01  2.2914928440e-02 
 761.000  7.9439608100e-01  2.1128669740e-02 
 762.000  9.2673547600e-01  3.0896306990e-02 
 763.000  9.1183946400e-01  2.8473642350e-02 
 764.000  9.3524322900e-01  3.0138010030e-02 
 765.000  9.8158766000e-01  3.4103572850e-02 
 766.000  9.7330671000e-01  3.6732391360e-02 
 767.000  1.0032208800e+00  3.9261287690e-02 
 768.000  1.0521908100e+00  4.2281967160e-02 
 769.000  1.0536658500e+00  4.3194343570e-02 
 770.000  1.0509878300e+00  4.3532375340e-02 
 771.000  1.0524587800e+00  4.3845344540e-02 
 772.000  1.0485564700e+00  4.3729984280e-02 
 773.000  1.0442361900e+00  4.3558406830e-02 
 774.000  1.0552532600e+00  4.4030147550e-02 
 775.000  1.0155048400e+00  4.2371574400e-02 
 776.000  1.0572507900e+00  4.4143829350e-02 
 777.000  1.0499261900e+00  4.3806629180e-02 
 778.000  1.0443743200e+00  4.3520069120e-02 
 779.000  1.0478497700e+00  4.3600383760e-02 
 780.000  1.0349632600e+00  4.3067344670e-02 
 781.000  1.0330994800e+00  4.2979434970e-02 
 782.000  1.0456416700e+00  4.3417716980e-02 
 783.000  1.0212815000e+00  4.2472393040e-02 
 784.000  1.0271923100e+00  4.2655082700e-02 
 785.000  1.0305712500e+00  4.2575252530e-02 
 786.000  1.0136957600e+00  4.1708755490e-02 
 787.000  1.0305909500e+00  4.1909690860e-02 
 788.000  1.0161084100e+00  4.1134815220e-02 
 789.000  1.0252518800e+00  4.0845615390e-02 
 790.000  1.0151974500e+00  4.0345329280e-02 
 791.000  1.0094563900e+00  4.0229782100e-02 
 792.000  9.9298822000e-01  3.9613204960e-02 
 793.000  9.9090319000e-01  3.9750339510e-02 
 794.000  9.7815080000e-01  3.9815101620e-02 
 795.000  9.7444512700e-01  3.9193538670e-02 
 796.000  9.9517086000e-01  3.9276039120e-02 
 797.000  1.0003109500e+00  3.9709312440e-02 
 798.000  9.9828068000e-01  4.0126068120e-02 
 799.000  9.9810598300e-01  3.9932838440e-02 
 800.000  9.7392131900e-01  3.8561672210e-02 
 801.000  9.9194979900e-01  3.9305683140e-02 
 802.000  9.9017823700e-01  3.9148429870e-02 
 803.000  9.7585813700e-01  3.8640022280e-02 
 804.000  9.8384948700e-01  3.9168056490e-02 
 805.000  9.5537684800e-01  3.8390148160e-02 
 806.000  9.8031565300e-01  3.9561504360e-02 
 807.000  9.7425027500e-01  3.9345764160e-02 
 808.000  9.6909602200e-01  3.8958087920e-02 
 809.000  9.5329503900e-01  3.8141010280e-02 
 810.000  9.4965189300e-01  3.7792526250e-02 
 811.000  9.6607533600e-01  3.8113590240e-02 
 812.000  9.6431530300e-01  3.7679485320e-02 
 813.000  9.6178498200e-01  3.7068611150e-02 
 814.000  9.6241742200e-01  3.6605102540e-02 
 815.000  9.5419508900e-01  3.5696662900e-02 
 816.000  9.4810402800e-01  3.4752689360e-02 
 817.000  9.5369401900e-01  3.4969425200e-02 
 818.000  9.4769842300e-01  3.4728527070e-02 
 819.000  9.2152556000e-01  3.4044864650e-02 
 820.000  9.0187616600e-01  3.4068107600e-02 
 821.000  9.2969066500e-01  3.6038085940e-02 
 822.000  9.0506217500e-01  3.4289833070e-02 
 823.000  9.2129720100e-01  3.3147041320e-02 
 824.000  9.3188101400e-01  3.5036235810e-02 
 825.000  9.2795976800e-01  3.6131137850e-02 
 826.000  9.3426493300e-01  3.6113723750e-02 
 827.000  9.3160936700e-01  3.5832096100e-02 
 828.000  9.3148652700e-01  3.5073162080e-02 
 829.000  9.3040983500e-01  3.5256988530e-02 
 830.000  9.1492890000e-01  3.4963916780e-02 
 831.000  8.9869393800e-01  3.4398216250e-02 
 832.000  9.1699683400e-01  3.5101501460e-02 
 833.000  8.8802575700e-01  3.4242328640e-02 
 834.000  9.0051461500e-01  3.4940967560e-02 
 835.000  9.0045454400e-01  3.5263893130e-02 
 836.000  9.1159028000e-01  3.5675674440e-02 
 837.000  9.0414631400e-01  3.5331195830e-02 
 838.000  9.0637250500e-01  3.5659252170e-02 
 839.000  8.7743006000e-01  3.4625087740e-02 
 840.000  9.0066053400e-01  3.5536418910e-02 
 841.000  9.0397710000e-01  3.5495788570e-02 
 842.000  8.9748770700e-01  3.5347133640e-02 
 843.000  8.8925145400e-01  3.5450084690e-02 
 844.000  8.7355168700e-01  3.4997283940e-02 
 845.000  8.8633024300e-01  3.5585609440e-02 
 846.000  8.9368617400e-01  3.6019927980e-02 
 847.000  8.6228403700e-01  3.4904018400e-02 
 848.000  8.8879262900e-01  3.5771652220e-02 
 849.000  8.9030773400e-01  3.5926052090e-02 
 850.000  7.7025823500e-01  3.0940214160e-02 
 851.000  8.8314507200e-01  3.5335678100e-02 
 852.000  8.4961118800e-01  3.4054119110e-02 
 853.000  8.5831401200e-01  3.4471851350e-02 
 854.000  6.9011654400e-01  2.7740852360e-02 
 855.000  7.5915710400e-01  3.0621185300e-02 
 856.000  8.6010071900e-01  3.4759449010e-02 
 857.000  8.7321249100e-01  3.5439247130e-02 
 858.000  8.5891603500e-01  3.4866748810e-02 
 859.000  8.5804360200e-01  3.4901027680e-02 
 860.000  8.4999344400e-01  3.4659717560e-02 
 861.000  8.4984120000e-01  3.4636367800e-02 
 862.000  8.4683050800e-01  3.4466453550e-02 
 863.000  8.6301179400e-01  3.5209465030e-02 
 864.000  8.6113486900e-01  3.5011253360e-02 
 865.000  8.4497665900e-01  3.4469375610e-02 
 866.000  7.0875019300e-01  2.8949728010e-02 
 867.000  7.5478921900e-01  3.0650377270e-02 
 868.000  8.1860641400e-01  3.3316047670e-02 
 869.000  8.0709814300e-01  3.2837982180e-02 
 870.000  8.4044590000e-01  3.4291137700e-02 
 871.000  8.3924052900e-01  3.4178466800e-02 
 872.000  8.3577618400e-01  3.3840045930e-02 
 873.000  8.3926089300e-01  3.4079524990e-02 
 874.000  8.2094395400e-01  3.3257743840e-02 
 875.000  8.1343091000e-01  3.3071441650e-02 
 876.000  8.2039727800e-01  3.3271995540e-02 
 877.000  8.3686691800e-01  3.3802368160e-02 
 878.000  8.2309468300e-01  3.3286201480e-02 
 879.000  8.2504957300e-01  3.3406017300e-02 
 880.000  8.2079617900e-01  3.3053321840e-02 
 881.000  7.7840778300e-01  3.1370771410e-02 
 882.000  8.2168509800e-01  3.2933692930e-02 
 883.000  8.0269664700e-01  3.2330718990e-02 
 884.000  8.0942544100e-01  3.2780624390e-02 
 885.000  8.1877791600e-01  3.2727020260e-02 
 886.000  7.9327023900e-01  3.1705629350e-02 
 887.000  7.8419056700e-01  3.1338724140e-02 
 888.000  8.0775826800e-01  3.2114818570e-02 
 889.000  8.1287609100e-01  3.2563102720e-02 
 890.000  8.1104317800e-01  3.2393150330e-02 
 891.000  8.0800490300e-01  3.2039943700e-02 
 892.000  8.0735458300e-01  3.1752157210e-02 
 893.000  7.8175600000e-01  2.9891351700e-02 
 894.000  8.1018578600e-01  3.0694965360e-02 
 895.000  7.7518153300e-01  2.8673973080e-02 
 896.000  8.0596385200e-01  2.8961912160e-02 
 897.000  7.8739231800e-01  2.7741792680e-02 
 898.000  7.8874566900e-01  2.7402269360e-02 
 899.000  7.8803301500e-01  2.6467542650e-02 
 900.000  7.6835347000e-01  2.5829856870e-02 
 901.000  7.5189280000e-01  2.5086906430e-02 
 902.000  7.3805139000e-01  2.4661106110e-02 
 903.000  7.7416002100e-01  2.7206422810e-02 
 904.000  7.8853960000e-01  2.8556491850e-02 
 905.000  7.8644517900e-01  2.8678443910e-02 
 906.000  7.6561459700e-01  2.7379285810e-02 
 907.000  7.7858597900e-01  2.6820409770e-02 
 908.000  7.5954041600e-01  2.5490407940e-02 
 909.000  7.4463805400e-01  2.4992521290e-02 
 910.000  7.5344640700e-01  2.5365606310e-02 
 911.000  7.5144748100e-01  2.5833461760e-02 
 912.000  7.5307276900e-01  2.5493982320e-02 
 913.000  7.7069876400e-01  2.5299873350e-02 
 914.000  7.6573880600e-01  2.5491024020e-02 
 915.000  7.5309787500e-01  2.5553314210e-02 
 916.000  7.6145590100e-01  2.5863147740e-02 
 917.000  7.4953602400e-01  2.5615835190e-02 
 918.000  7.4573102000e-01  2.5717947010e-02 
 919.000  7.5556266900e-01  2.7175567630e-02 
 920.000  7.4835744500e-01  2.7307083130e-02 
 921.000  7.3197920100e-01  2.6556726460e-02 
 922.000  7.2542373700e-01  2.6391035080e-02 
 923.000  6.9501672100e-01  2.4821031570e-02 
 924.000  7.2441587500e-01  2.5722930910e-02 
 925.000  7.3403195000e-01  2.5963188170e-02 
 926.000  7.0782774700e-01  2.4888505940e-02 
 927.000  7.3419238800e-01  2.5548507690e-02 
 928.000  7.3871111300e-01  2.4853788380e-02 
 929.000  7.2839095800e-01  2.3440919880e-02 
 930.000  7.2655732500e-01  2.2244037630e-02 
 931.000  7.2625436200e-01  2.1322015760e-02 
 932.000  7.1913618100e-01  2.0106790540e-02 
 933.000  7.2109101300e-01  1.9536443710e-02 
 934.000  7.1477258800e-01  1.8802986150e-02 
 935.000  7.0417996400e-01  1.8467641830e-02 
 936.000  6.9911272300e-01  1.8535385130e-02 
 937.000  7.1471559800e-01  1.8895046230e-02 
 938.000  7.0722033800e-01  1.9332326890e-02 
 939.000  7.1350188200e-01  2.1527790070e-02 
 940.000  7.0985900500e-01  2.1811359410e-02 
 941.000  6.9372027100e-01  2.0996171950e-02 
 942.000  6.6716946300e-01  1.9514463420e-02 
 943.000  7.0295395400e-01  1.9540662770e-02 
 944.000  6.8363126200e-01  1.8930717470e-02 
 945.000  6.9018200700e-01  1.9440259930e-02 
 946.000  6.9954022000e-01  1.9725187300e-02 
 947.000  6.9531260900e-01  1.9932067870e-02 
 948.000  6.9951483900e-01  2.0250934600e-02 
 949.000  7.0173020900e-01  2.0294761660e-02 
 950.000  6.9710422900e-01  2.0212219240e-02 
 951.000  6.9296882400e-01  2.0560222630e-02 
 952.000  6.9289021800e-01  2.0069826130e-02 
 953.000  6.9097972400e-01  2.0367448810e-02 
 954.000  6.8430597900e-01  2.0580234530e-02 
 955.000  6.3917645500e-01  1.8930509570e-02 
 956.000  6.8185145300e-01  2.0144365310e-02 
 957.000  6.8150153900e-01  2.1254798890e-02 
 958.000  6.8675492000e-01  2.1604551320e-02 
 959.000  6.8940705200e-01  2.1482824330e-02 
 960.000  6.8289280400e-01  2.1227006910e-02 
 961.000  6.7556692000e-01  2.0896358490e-02 
 962.000  6.7892811000e-01  2.1093090060e-02 
 963.000  6.7752622200e-01  2.1794044490e-02 
 964.000  6.6977467000e-01  2.1659719470e-02 
 965.000  6.7796046000e-01  2.1845420840e-02 
 966.000  6.5838890000e-01  2.1259141920e-02 
 967.000  6.7796868200e-01  2.2513740540e-02 
 968.000  6.7049813100e-01  2.3300979610e-02 
 969.000  6.7459205900e-01  2.3896587370e-02 
 970.000  6.7642687700e-01  2.3981658940e-02 
 971.000  6.7043511300e-01  2.3749347690e-02 
 972.000  6.7518453100e-01  2.3771030430e-02 
 973.000  6.6894386200e-01  2.3245952610e-02 
 974.000  6.5868792800e-01  2.2526136400e-02 
 975.000  6.6198099400e-01  2.2392719270e-02 
 976.000  6.6999407000e-01  2.2942827220e-02 
 977.000  6.5300646600e-01  2.2801567080e-02 
 978.000  6.6915712700e-01  2.3326156620e-02 
 979.000  6.4971085900e-01  2.2762939450e-02 
 980.000  6.5887809600e-01  2.3558265690e-02 
 981.000  6.6336484500e-01  2.3836271290e-02 
 982.000  6.6193044000e-01  2.3669511800e-02 
 983.000  6.6014070900e-01  2.3877023700e-02 
 984.000  6.5571891700e-01  2.4023851390e-02 
 985.000  6.5540605500e-01  2.4202083590e-02 
 986.000  6.5005780000e-01  2.4274263380e-02 
 987.000  6.5744863100e-01  2.4675769810e-02 
 988.000  6.4934195900e-01  2.4394557950e-02 
 989.000  6.4109606200e-01  2.4095867160e-02 
 990.000  6.4656052800e-01  2.4325153350e-02 
 991.000  6.5180127700e-01  2.4609178540e-02 
 992.000  6.4576848700e-01  2.4379985810e-02 
 993.000  6.4572575300e-01  2.4354585650e-02 
 994.000  6.4896012500e-01  2.4542642590e-02 
 995.000  6.4414112400e-01  2.4417881010e-02 
 996.000  6.4402132800e-01  2.4374650960e-02 
 997.000  6.4474547700e-01  2.4303388600e-02 
 998.000  6.4238077700e-01  2.4128038410e-02 
 999.000  6.4081085900e-01  2.4009159090e-02 
1000.000  6.3569481200e-01  2.3798078540e-02 
1001.000  6.3934937600e-01  2.3808694840e-02 
1002.000  6.3870286600e-01  2.3597948070e-02 
1003.000  6.3117299800e-01  2.3355197910e-02 
1004.000  6.2574135100e-01  2.3250072480e-02 
1005.000  5.8458632200e-01  2.1760637280e-02 
1006.000  6.1507063500e-01  2.2905813220e-02 
1007.000  6.2633439500e-01  2.3284570690e-02 
1008.000  6.2922916900e-01  2.3243215560e-02 
1009.000  6.2572285800e-01  2.2933031080e-02 
1010.000  6.2791641900e-01  2.3085193630e-02 
1011.000  6.2419857900e-01  2.3139211650e-02 
1012.000  6.2424172600e-01  2.3216415410e-02 
1013.000  6.1961973300e-01  2.3105628970e-02 
1014.000  6.2352542200e-01  2.3309217450e-02 
1015.000  6.1200668600e-01  2.2917243960e-02 
1016.000  6.1586684800e-01  2.3126173020e-02 
1017.000  6.0973376200e-01  2.2932117460e-02 
1018.000  6.1779981200e-01  2.3245044710e-02 
1019.000  6.0392462100e-01  2.2679260250e-02 
1020.000  6.0257214800e-01  2.2620574950e-02 
1021.000  6.0839932400e-01  2.2823364260e-02 
1022.000  5.9956256400e-01  2.2331676480e-02 
1023.000  6.1133055000e-01  2.2627275470e-02 
1024.000  6.0838605300e-01  2.2407806400e-02 
1025.000  6.0766558700e-01  2.2439779280e-02 
1026.000  6.0812932800e-01  2.2496614460e-02 
1027.000  6.0456885500e-01  2.2379577640e-02 
1028.000  6.0589932900e-01  2.2491191860e-02 
1029.000  5.9644071400e-01  2.2230838780e-02 
1030.000  6.0218998500e-01  2.2551113130e-02 
1031.000  6.0016414400e-01  2.2554525380e-02 
1032.000  5.9794200100e-01  2.2524517060e-02 
1033.000  5.8691234500e-01  2.2090669630e-02 
1034.000  5.9305021100e-01  2.2310756680e-02 
1035.000  5.8666219800e-01  2.2063272480e-02 
1036.000  5.9435569500e-01  2.2319707870e-02 
1037.000  5.8183257600e-01  2.1828069690e-02 
1038.000  5.8755157500e-01  2.2021917340e-02 
1039.000  5.9006234300e-01  2.2084156040e-02 
1040.000  5.8317006700e-01  2.1796972270e-02 
1041.000  5.8630356700e-01  2.1885265350e-02 
1042.000  5.8807000500e-01  2.1926450730e-02 
1043.000  5.7793388000e-01  2.1525991440e-02 
1044.000  5.8375184400e-01  2.1715379710e-02 
1045.000  5.8141780300e-01  2.1657342910e-02 
1046.000  5.6461875900e-01  2.1070590970e-02 
1047.000  5.7513336000e-01  2.1501058580e-02 
1048.000  5.8102470900e-01  2.1761257170e-02 
1049.000  5.7745830900e-01  2.1669715880e-02 
1050.000  5.7419388000e-01  2.1576646800e-02 
1051.000  5.7452268800e-01  2.1559255600e-02 
1052.000  5.7201938300e-01  2.1425378800e-02 
1053.000  5.7230003000e-01  2.1412010190e-02 
1054.000  5.6670185200e-01  2.1151496890e-02 
1055.000  5.7114921500e-01  2.1269176480e-02 
1056.000  5.6986702300e-01  2.1178567890e-02 
1057.000  5.6944531800e-01  2.1113340380e-02 
1058.000  5.6448641500e-01  2.0854520800e-02 
1059.000  5.4667846800e-01  2.0219047550e-02 
1060.000  5.6587918900e-01  2.0994024280e-02 
1061.000  5.4617046300e-01  2.0266626360e-02 
1062.000  5.6193971100e-01  2.0811304090e-02 
1063.000  5.5267183500e-01  2.0438808440e-02 
1064.000  5.6009949500e-01  2.0623847960e-02 
1065.000  5.6001038000e-01  2.0520174030e-02 
1066.000  5.4280276400e-01  1.9852029800e-02 
1067.000  5.5598745600e-01  2.0278368000e-02 
1068.000  5.5464600800e-01  2.0091789250e-02 
1069.000  5.1327631700e-01  1.8534580230e-02 
1070.000  5.4359719000e-01  1.9671091080e-02 
1071.000  5.4500627500e-01  1.9702587130e-02 
1072.000  5.4736894500e-01  1.9769798280e-02 
1073.000  5.2945721800e-01  1.9147153850e-02 
1074.000  5.4793700800e-01  1.9859594350e-02 
1075.000  5.3018690100e-01  1.9322166440e-02 
1076.000  5.4232380600e-01  1.9730421070e-02 
1077.000  5.4173884700e-01  1.9659790040e-02 
1078.000  5.4386491700e-01  1.9679708480e-02 
1079.000  5.2302859300e-01  1.8931791310e-02 
1080.000  5.4043652600e-01  1.9396671300e-02 
1081.000  5.2065225100e-01  1.8671648030e-02 
1082.000  5.2648920800e-01  1.8912607190e-02 
1083.000  5.1320739400e-01  1.8305688860e-02 
1084.000  5.3383426000e-01  1.8906076430e-02 
1085.000  5.2922573700e-01  1.8500236510e-02 
1086.000  5.3557431000e-01  1.8726022720e-02 
1087.000  5.0028320700e-01  1.7679439540e-02 
1088.000  5.3050266900e-01  1.8802536010e-02 
1089.000  5.1328013400e-01  1.7964742660e-02 
1090.000  5.2501499900e-01  1.8367994310e-02 
1091.000  5.2781921900e-01  1.8559238430e-02 
1092.000  5.1705743800e-01  1.8098943710e-02 
1093.000  5.1392493500e-01  1.7758367540e-02 
1094.000  4.6890623400e-01  1.6072122570e-02 
1095.000  5.0732138900e-01  1.7369703290e-02 
1096.000  5.0805540500e-01  1.7378252030e-02 
1097.000  4.9884956800e-01  1.6970159530e-02 
1098.000  4.9789831700e-01  1.6325757980e-02 
1099.000  5.0238766000e-01  1.5924466130e-02 
1100.000  5.1080076700e-01  1.6225288390e-02 
1101.000  5.0921909800e-01  1.6244010930e-02 
1102.000  4.8829757100e-01  1.5537277220e-02 
1103.000  5.0733810000e-01  1.6183963780e-02 
1104.000  5.0409280400e-01  1.5988587380e-02 
1105.000  5.0445274900e-01  1.5783909800e-02 
1106.000  5.0134243800e-01  1.5487930300e-02 
1107.000  5.0044350600e-01  1.5497165680e-02 
1108.000  4.9860382100e-01  1.5459872250e-02 
1109.000  4.9991982000e-01  1.5649324420e-02 
1110.000  5.0248505700e-01  1.5679911610e-02 
1111.000  4.9644798200e-01  1.5385193820e-02 
1112.000  4.9203354200e-01  1.4855177880e-02 
1113.000  4.9030750600e-01  1.4328690530e-02 
1114.000  4.9561636300e-01  1.4335466380e-02 
1115.000  4.9062385100e-01  1.3723799710e-02 
1116.000  4.8441505700e-01  1.3301607130e-02 
1117.000  4.9015895200e-01  1.2952823640e-02 
1118.000  4.8502324000e-01  1.2404349330e-02 
1119.000  4.7145565500e-01  1.1872678760e-02 
1120.000  4.7240629300e-01  1.1686884880e-02 
1121.000  4.7541098100e-01  1.1717218400e-02 
1122.000  4.7320453700e-01  1.1455157280e-02 
1123.000  4.7542816900e-01  1.1628079410e-02 
1124.000  4.7634537500e-01  1.1729792590e-02 
1125.000  4.6642011600e-01  1.1445853230e-02 
1126.000  4.5749777800e-01  1.1210760120e-02 
1127.000  4.7298564300e-01  1.1605651860e-02 
1128.000  4.6433865000e-01  1.1423879620e-02 
1129.000  4.6723804800e-01  1.1703313830e-02 
1130.000  4.6815773700e-01  1.2268633840e-02 
1131.000  4.7328979500e-01  1.2569758420e-02 
1132.000  4.7428846800e-01  1.2363552090e-02 
1133.000  4.6203433500e-01  1.1654855730e-02 
1134.000  4.5663093700e-01  1.0892253880e-02 
1135.000  4.6261337400e-01  1.1079298970e-02 
1136.000  4.6453636300e-01  1.1765774730e-02 
1137.000  4.7133845700e-01  1.2342537880e-02 
1138.000  4.5527569900e-01  1.2339852330e-02 
1139.000  4.6549365300e-01  1.2777443890e-02 
1140.000  4.6671997200e-01  1.2721601490e-02 
1141.000  4.5322700400e-01  1.2190738680e-02 
1142.000  4.6549368700e-01  1.2457527160e-02 
1143.000  4.5711261500e-01  1.2045840260e-02 
1144.000  4.5383594700e-01  1.1759694100e-02 
1145.000  4.5645393100e-01  1.1557173730e-02 
1146.000  4.6113024700e-01  1.1734809880e-02 
1147.000  4.6347065100e-01  1.2012538910e-02 
1148.000  4.5906327300e-01  1.2101387980e-02 
1149.000  4.6053760700e-01  1.2225642200e-02 
1150.000  4.5858298600e-01  1.2188273430e-02 
1151.000  4.5723687900e-01  1.2294072150e-02 
1152.000  4.5638310400e-01  1.2342074390e-02 
1153.000  4.5558670000e-01  1.2425919530e-02 
1154.000  4.5906435100e-01  1.2503063200e-02 
1155.000  4.6064505300e-01  1.2764477730e-02 
1156.000  4.5440174600e-01  1.2839401250e-02 
1157.000  4.5866269200e-01  1.3537927630e-02 
1158.000  4.5873557900e-01  1.3849753380e-02 
1159.000  4.5224894900e-01  1.3953778270e-02 
1160.000  4.4650366200e-01  1.3914092060e-02 
1161.000  4.3687433900e-01  1.3937278750e-02 
1162.000  4.5268984400e-01  1.4714721680e-02 
1163.000  4.5456900500e-01  1.5094264980e-02 
1164.000  4.4533674500e-01  1.4851720810e-02 
1165.000  4.5393183500e-01  1.5190460210e-02 
1166.000  4.4215660000e-01  1.4876756670e-02 
1167.000  4.4932838500e-01  1.5169070240e-02 
1168.000  4.5325570100e-01  1.5288354870e-02 
1169.000  4.3758228300e-01  1.4808609010e-02 
1170.000  4.4934964200e-01  1.5250050540e-02 
1171.000  4.5142921900e-01  1.5422618870e-02 
1172.000  4.5001556100e-01  1.5315115930e-02 
1173.000  4.4688101900e-01  1.5153001790e-02 
1174.000  4.4710703500e-01  1.5163821220e-02 
1175.000  4.4187339700e-01  1.5138413430e-02 
1176.000  4.3120593500e-01  1.4912124630e-02 
1177.000  4.4451948200e-01  1.5301436420e-02 
1178.000  4.3701029500e-01  1.4904356960e-02 
1179.000  4.3505106400e-01  1.4837103840e-02 
1180.000  4.4115781700e-01  1.4993802070e-02 
1181.000  4.3890339200e-01  1.4791110040e-02 
1182.000  4.3945919400e-01  1.4680429460e-02 
1183.000  4.1394311800e-01  1.3836915020e-02 
1184.000  4.3260003300e-01  1.4525666240e-02 
1185.000  4.3832416400e-01  1.4887938500e-02 
1186.000  4.3571399200e-01  1.4741351130e-02 
1187.000  4.3586989000e-01  1.4563620570e-02 
1188.000  4.3363197500e-01  1.4432136540e-02 
1189.000  4.0826406600e-01  1.3667310710e-02 
1190.000  4.2833988000e-01  1.4582384110e-02 
1191.000  4.3501976700e-01  1.4858306880e-02 
1192.000  4.3265107500e-01  1.4864516260e-02 
1193.000  4.3281800200e-01  1.4806437490e-02 
1194.000  4.3200291900e-01  1.4752423290e-02 
1195.000  4.2716034900e-01  1.4472592350e-02 
1196.000  4.2689033700e-01  1.4479237560e-02 
1197.000  4.2677805500e-01  1.4419924740e-02 
1198.000  4.1244340100e-01  1.3923241620e-02 
1199.000  3.9711636400e-01  1.3341906550e-02 
1200.000  4.2214956400e-01  1.4218439100e-02 
1201.000  4.2517758800e-01  1.4337780950e-02 
1202.000  4.2599335800e-01  1.4384993550e-02 
1203.000  4.0520252400e-01  1.3654294970e-02 
1204.000  4.1191695500e-01  1.3911184310e-02 
1205.000  4.2147219400e-01  1.4432725910e-02 
1206.000  4.1890820100e-01  1.4438407900e-02 
1207.000  4.2172134700e-01  1.4574539180e-02 
1208.000  4.1558196400e-01  1.4332553860e-02 
1209.000  3.8961699500e-01  1.3389890670e-02 
1210.000  4.1690074900e-01  1.4247760770e-02 
1211.000  4.0297441000e-01  1.3763105390e-02 
1212.000  4.1559091600e-01  1.4223629000e-02 
1213.000  4.1712716200e-01  1.4365509030e-02 
1214.000  4.1534179800e-01  1.4301781650e-02 
1215.000  4.1676883400e-01  1.4390601160e-02 
1216.000  4.1553615800e-01  1.4486961360e-02 
1217.000  4.1467162600e-01  1.4571491240e-02 
1218.000  4.1322028900e-01  1.4567324640e-02 
1219.000  4.0935295900e-01  1.4454201700e-02 
1220.000  4.1210478200e-01  1.4540872570e-02 
1221.000  4.1125145500e-01  1.4512162210e-02 
1222.000  4.0897327500e-01  1.4424807550e-02 
1223.000  4.0697121900e-01  1.4377736090e-02 
1224.000  4.0991273300e-01  1.4573132510e-02 
1225.000  4.0758835900e-01  1.4519310950e-02 
1226.000  4.0891730500e-01  1.4604432110e-02 
1227.000  3.9488541100e-01  1.4158067700e-02 
1228.000  4.0698610300e-01  1.4659513470e-02 
1229.000  4.0631079800e-01  1.4682215690e-02 
1230.000  4.0468095900e-01  1.4679030420e-02 
1231.000  4.0454793100e-01  1.4707743640e-02 
1232.000  3.9994771500e-01  1.4554632190e-02 
1233.000  4.0306837000e-01  1.4677368160e-02 
1234.000  4.0160127800e-01  1.4698966030e-02 
1235.000  3.9872721700e-01  1.4617220880e-02 
1236.000  4.0098703100e-01  1.4707115170e-02 
1237.000  4.0088122700e-01  1.4728678700e-02 
1238.000  4.0059659000e-01  1.4725319860e-02 
1239.000  3.9601234800e-01  1.4559006690e-02 
1240.000  3.9423454700e-01  1.4528102870e-02 
1241.000  3.9784305900e-01  1.4688670160e-02 
1242.000  3.9562364400e-01  1.4631342890e-02 
1243.000  3.9129260800e-01  1.4496884350e-02 
1244.000  3.8794326200e-01  1.4386670110e-02 
1245.000  3.9472369700e-01  1.4648276330e-02 
1246.000  3.9178935900e-01  1.4494029050e-02 
1247.000  3.9000156300e-01  1.4381563190e-02 
1248.000  3.9316952900e-01  1.4449498180e-02 
1249.000  3.9183841500e-01  1.4363227840e-02 
1250.000  3.9044369900e-01  1.4266295430e-02 
1251.000  3.8791158000e-01  1.4139336590e-02 
1252.000  3.8691416800e-01  1.4063908580e-02 
1253.000  3.8388973200e-01  1.3913256650e-02 
1254.000  3.8521613400e-01  1.3889585490e-02 
1255.000  3.8480449600e-01  1.3824269290e-02 
1256.000  3.8420989600e-01  1.3759860040e-02 
1257.000  3.8009453900e-01  1.3530242920e-02 
1258.000  3.8208641900e-01  1.3458302500e-02 
1259.000  3.7818925700e-01  1.3202213290e-02 
1260.000  3.7900477900e-01  1.3106204990e-02 
1261.000  3.7855730300e-01  1.2963463780e-02 
1262.000  3.7045563900e-01  1.2523541450e-02 
1263.000  3.7494841900e-01  1.2649496080e-02 
1264.000  3.6911048870e-01  1.2443735120e-02 
1265.000  3.6978283970e-01  1.2474329950e-02 
1266.000  3.7217048660e-01  1.2523068430e-02 
1267.000  3.6520020930e-01  1.2253915790e-02 
1268.000  3.6160297630e-01  1.2087504390e-02 
1269.000  3.6498755440e-01  1.2179560660e-02 
1270.000  3.6900011430e-01  1.2457525250e-02 
1271.000  3.7104959380e-01  1.2596433640e-02 
1272.000  3.6995220260e-01  1.2625232700e-02 
1273.000  3.6963421900e-01  1.2682966230e-02 
1274.000  3.6742702910e-01  1.2680969240e-02 
1275.000  3.6958978140e-01  1.2785058980e-02 
1276.000  3.7018367120e-01  1.2816726680e-02 
1277.000  3.6990698870e-01  1.2805429460e-02 
1278.000  3.6884693340e-01  1.2764301300e-02 
1279.000  3.6637810500e-01  1.2700412750e-02 
1280.000  3.6421420950e-01  1.2711487770e-02 
1281.000  3.5382652750e-01  1.2431291580e-02 
1282.000  3.1420520110e-01  1.1111928940e-02 
1283.000  3.4483479460e-01  1.2252241130e-02 
1284.000  3.5906383380e-01  1.2793658260e-02 
1285.000  3.6169812160e-01  1.2906441690e-02 
1286.000  3.6157874210e-01  1.2870510100e-02 
1287.000  3.6378961840e-01  1.2894263270e-02 
1288.000  3.6150901930e-01  1.2637714390e-02 
1289.000  3.6366427320e-01  1.2661463740e-02 
1290.000  3.5533137270e-01  1.2355411530e-02 
1291.000  3.6019576330e-01  1.2512476920e-02 
1292.000  3.6169856430e-01  1.2590689660e-02 
1293.000  3.6202167040e-01  1.2570860860e-02 
1294.000  3.5627587060e-01  1.2264259340e-02 
1295.000  3.6011123360e-01  1.2261254310e-02 
1296.000  3.6037602050e-01  1.2167735100e-02 
1297.000  3.5815421760e-01  1.2031239510e-02 
1298.000  3.5495351570e-01  1.1928587910e-02 
1299.000  3.5851729350e-01  1.2051210400e-02 
1300.000  3.5707807860e-01  1.2005846020e-02 
1301.000  3.5651028930e-01  1.1965006830e-02 
1302.000  3.5193492760e-01  1.1729400630e-02 
1303.000  3.5004392160e-01  1.1492600440e-02 
1304.000  3.5027363270e-01  1.1410756110e-02 
1305.000  3.5242894880e-01  1.1431567190e-02 
1306.000  3.5276633200e-01  1.1388815880e-02 
1307.000  3.5172402600e-01  1.1315177920e-02 
1308.000  3.5142371140e-01  1.1215324400e-02 
1309.000  3.5111117310e-01  1.1080208780e-02 
1310.000  3.4965212710e-01  1.1026664730e-02 
1311.000  3.4858202160e-01  1.0996397970e-02 
1312.000  3.4749616630e-01  1.0814918520e-02 
1313.000  3.3466159000e-01  1.0247109410e-02 
1314.000  3.4510776200e-01  1.0413567540e-02 
1315.000  3.3348749400e-01  1.0130980490e-02 
1316.000  3.4124539960e-01  1.0473979950e-02 
1317.000  3.4491630460e-01  1.0584732060e-02 
1318.000  3.4003575030e-01  1.0255807880e-02 
1319.000  3.4469321520e-01  1.0165100100e-02 
1320.000  3.4214853250e-01  9.8545331950e-03 
1321.000  3.4064522630e-01  9.7256011960e-03 
1322.000  3.3996507150e-01  9.8363370900e-03 
1323.000  3.4071761590e-01  1.0008896830e-02 
1324.000  3.4090016470e-01  1.0101364140e-02 
1325.000  3.3980958380e-01  1.0006583210e-02 
1326.000  3.3821904390e-01  9.8016700740e-03 
1327.000  3.3551864400e-01  9.4164628980e-03 
1328.000  3.3640160640e-01  9.1585760120e-03 
1329.000  3.2412497650e-01  8.3937358860e-03 
1330.000  3.2919527640e-01  8.3760004040e-03 
1331.000  3.3066259140e-01  8.3215122220e-03 
1332.000  3.2311648410e-01  8.1605701450e-03 
1333.000  3.3165690630e-01  8.4562492370e-03 
1334.000  3.3207270460e-01  8.5801973340e-03 
1335.000  3.3235693090e-01  8.6704273220e-03 
1336.000  3.2875948640e-01  8.6056480410e-03 
1337.000  3.2982367810e-01  8.6452388760e-03 
1338.000  3.2958064170e-01  8.6979799270e-03 
1339.000  3.2603918680e-01  8.6219968800e-03 
1340.000  3.2369893540e-01  8.6097021100e-03 
1341.000  3.2858530320e-01  8.6971616740e-03 
1342.000  3.2778058020e-01  8.6823024750e-03 
1343.000  3.2775172290e-01  8.5033063890e-03 
1344.000  3.2625312770e-01  8.2936458590e-03 
1345.000  3.2374947100e-01  7.8627057080e-03 
1346.000  3.1857717490e-01  7.5462980270e-03 
1347.000  3.1918118020e-01  7.4189038280e-03 
1348.000  3.1560305950e-01  7.1841197010e-03 
1349.000  3.1345983470e-01  7.0538153650e-03 
1350.000  3.0705917230e-01  6.7493448260e-03 
1351.000  3.0489050760e-01  6.5890235900e-03 
1352.000  3.0544659370e-01  6.4314765930e-03 
1353.000  2.9959285920e-01  6.0977959630e-03 
1354.000  2.9597255540e-01  5.9002594950e-03 
1355.000  2.9032931340e-01  5.6510658260e-03 
1356.000  2.8605556060e-01  5.4157977100e-03 
1357.000  2.7935346300e-01  5.0987272260e-03 
1358.000  2.7974995530e-01  4.8989844320e-03 
1359.000  2.7203020220e-01  4.4152712820e-03 
1360.000  2.6205913830e-01  4.0380406380e-03 
1361.000  2.6425585550e-01  3.9322245120e-03 
1362.000  2.6199197740e-01  3.8593709470e-03 
1363.000  2.6225587990e-01  4.0764899250e-03 
1364.000  2.6752785630e-01  4.2313151360e-03 
1365.000  2.6739141710e-01  4.2689905170e-03 
1366.000  2.6926901340e-01  4.3831443790e-03 
1367.000  2.6431852790e-01  4.1943516730e-03 
1368.000  2.6434159460e-01  4.0951714520e-03 
1369.000  2.5957926650e-01  4.0448980330e-03 
1370.000  2.6509233040e-01  4.3822803500e-03 
1371.000  2.7287493040e-01  4.8634419440e-03 
1372.000  2.8371769190e-01  5.4199142460e-03 
1373.000  2.8782174460e-01  5.7133283620e-03 
1374.000  2.9111042020e-01  5.8895845410e-03 
1375.000  2.8702204630e-01  5.8556914330e-03 
1376.000  2.8273143570e-01  5.7310466770e-03 
1377.000  2.8530931970e-01  5.7034935950e-03 
1378.000  2.8041024490e-01  5.4522762300e-03 
1379.000  2.7855428510e-01  5.1794543270e-03 
1380.000  2.6856230910e-01  4.6610164640e-03 
1381.000  2.6250644330e-01  4.2350034710e-03 
1382.000  2.5436005970e-01  3.9305992130e-03 
1383.000  2.5658474510e-01  3.9450464250e-03 
1384.000  2.6228313390e-01  4.2938065530e-03 
1385.000  2.6436845370e-01  4.5338230130e-03 
1386.000  2.7234875020e-01  4.9162206650e-03 
1387.000  2.7625534950e-01  5.3469347950e-03 
1388.000  2.8204572710e-01  5.6175479890e-03 
1389.000  2.8429141860e-01  5.7296214100e-03 
1390.000  2.7928096510e-01  5.6484146120e-03 
1391.000  2.8201508730e-01  5.6488761900e-03 
1392.000  2.7757310540e-01  5.3975706100e-03 
1393.000  2.7302740700e-01  5.1479616170e-03 
1394.000  2.6697561780e-01  4.8800702100e-03 
1395.000  2.6827595780e-01  4.9736261370e-03 
1396.000  2.7420692080e-01  5.2673907280e-03 
1397.000  2.7727558640e-01  5.4695348740e-03 
1398.000  2.7748700780e-01  5.4898886680e-03 
1399.000  2.7567402580e-01  5.4062819480e-03 
1400.000  2.6766991270e-01  5.2257528310e-03 
1401.000  2.6888127490e-01  5.2637963290e-03 
1402.000  2.7544631760e-01  5.5015764240e-03 
1403.000  2.7474764230e-01  5.5518960950e-03 
1404.000  2.7266368120e-01  5.4712972640e-03 
1405.000  2.7283193360e-01  5.4793467520e-03 
1406.000  2.7244585660e-01  5.4213852880e-03 
1407.000  2.7271660650e-01  5.4227676390e-03 
1408.000  2.7355940100e-01  5.5408263210e-03 
1409.000  2.7647561470e-01  5.6706199650e-03 
1410.000  2.7766718470e-01  5.8172183040e-03 
1411.000  2.7974041990e-01  5.9452466960e-03 
1412.000  2.6880828430e-01  5.7042970660e-03 
1413.000  2.7399897520e-01  5.8395972250e-03 
1414.000  2.7758323700e-01  5.8841829300e-03 
1415.000  2.7742181810e-01  5.9239668850e-03 
1416.000  2.7691365120e-01  5.9536771770e-03 
1417.000  2.7893448150e-01  5.9857726100e-03 
1418.000  2.7904410940e-01  5.9813060760e-03 
1419.000  2.7506921000e-01  5.8840131760e-03 
1420.000  2.7446578940e-01  5.8772826190e-03 
1421.000  2.7902138190e-01  6.0276041030e-03 
1422.000  2.7278746530e-01  5.9111185070e-03 
1423.000  2.7112564480e-01  5.8660202030e-03 
1424.000  2.7137108250e-01  5.8494262700e-03 
1425.000  2.7660752280e-01  5.9153676030e-03 
1426.000  2.6541442200e-01  5.6618404390e-03 
1427.000  2.6955624940e-01  5.7628006940e-03 
1428.000  2.7540617780e-01  5.8946213720e-03 
1429.000  2.6894737530e-01  5.7640314100e-03 
1430.000  2.6310495510e-01  5.6095290180e-03 
1431.000  2.6250114730e-01  5.5111894610e-03 
1432.000  2.6727261500e-01  5.5557751660e-03 
1433.000  2.6740830540e-01  5.5382666590e-03 
1434.000  2.6201866490e-01  5.3924393650e-03 
1435.000  2.6521564870e-01  5.4855299000e-03 
1436.000  2.6525141080e-01  5.4867286680e-03 
1437.000  2.6629908680e-01  5.4985375400e-03 
1438.000  2.6565126190e-01  5.5162196160e-03 
1439.000  2.6879196570e-01  5.5707120900e-03 
1440.000  2.5215365770e-01  5.2295479770e-03 
1441.000  2.6486023800e-01  5.4834365840e-03 
1442.000  2.5869347420e-01  5.3215546610e-03 
1443.000  2.6298897350e-01  5.3885011670e-03 
1444.000  2.6426771130e-01  5.4092750550e-03 
1445.000  2.6347009940e-01  5.3766384120e-03 
1446.000  2.6629845060e-01  5.4445457460e-03 
1447.000  2.6508119530e-01  5.4283127780e-03 
1448.000  2.6710760960e-01  5.4522027970e-03 
1449.000  2.6700092200e-01  5.4104456900e-03 
1450.000  2.6520450580e-01  5.3176465030e-03 
1451.000  2.6349407110e-01  5.2716445920e-03 
1452.000  2.6025054640e-01  5.2300577160e-03 
1453.000  2.6520428060e-01  5.3994660380e-03 
1454.000  2.6623448320e-01  5.5023756030e-03 
1455.000  2.6286731430e-01  5.4842958450e-03 
1456.000  2.6274759820e-01  5.5343713760e-03 
1457.000  2.6526655920e-01  5.5701069830e-03 
1458.000  2.6889347080e-01  5.6321873660e-03 
1459.000  2.6989230170e-01  5.5613431930e-03 
1460.000  2.6530011560e-01  5.3864331250e-03 
1461.000  2.6472077800e-01  5.3163294790e-03 
1462.000  2.6182986530e-01  5.1611118320e-03 
1463.000  2.6008225440e-01  5.0980501170e-03 
1464.000  2.5991021020e-01  5.0483341220e-03 
1465.000  2.6291709720e-01  5.0340251920e-03 
1466.000  2.5665418970e-01  4.8346748350e-03 
1467.000  2.6280621420e-01  4.8901824950e-03 
1468.000  2.5633780510e-01  4.7067670820e-03 
1469.000  2.5916369170e-01  4.6775035860e-03 
1470.000  2.5766888290e-01  4.6049218180e-03 
1471.000  2.5359494030e-01  4.5667128560e-03 
1472.000  2.5512746490e-01  4.6537923810e-03 
1473.000  2.5737266780e-01  4.7987155910e-03 
1474.000  2.5028650430e-01  4.7515497210e-03 
1475.000  2.5560831170e-01  4.8252000810e-03 
1476.000  2.5601225370e-01  4.8074202540e-03 
1477.000  2.5676338110e-01  4.7597446440e-03 
1478.000  2.5304916370e-01  4.6309471130e-03 
1479.000  2.5594793480e-01  4.6147837640e-03 
1480.000  2.5735004940e-01  4.6402564050e-03 
1481.000  2.5351365970e-01  4.6072268490e-03 
1482.000  2.5667054240e-01  4.7083153720e-03 
1483.000  2.5138339940e-01  4.6142845150e-03 
1484.000  2.5370734930e-01  4.6441497800e-03 
1485.000  2.5853587860e-01  4.7099857330e-03 
1486.000  2.5427637060e-01  4.6729912760e-03 
1487.000  2.5456702710e-01  4.7873268130e-03 
1488.000  2.2254291490e-01  4.1837563510e-03 
1489.000  2.5552629140e-01  4.9645309450e-03 
1490.000  2.5612161010e-01  5.1275367740e-03 
1491.000  2.5866689120e-01  5.2897481920e-03 
1492.000  2.5265613450e-01  5.1863536830e-03 
1493.000  2.5833444340e-01  5.3812499050e-03 
1494.000  2.5735226280e-01  5.3675251010e-03 
1495.000  2.5555176030e-01  5.4028310780e-03 
1496.000  2.4799472550e-01  5.3704419140e-03 
1497.000  2.5381937910e-01  5.4907422070e-03 
1498.000  2.5638964380e-01  5.6662449840e-03 
1499.000  2.5207756400e-01  5.6825547220e-03 
1500.000  2.5637607330e-01  5.8607945440e-03 
1501.000  2.5601020590e-01  5.8165063860e-03 
1502.000  2.5403326580e-01  5.7201890950e-03 
1503.000  2.2810625720e-01  5.1002488140e-03 
1504.000  2.3765168120e-01  5.3393893240e-03 
1505.000  2.3691342930e-01  5.4278578760e-03 
1506.000  2.4010705450e-01  5.5281286240e-03 
1507.000  2.5112006860e-01  5.8849792480e-03 
1508.000  2.4719850410e-01  5.8570065500e-03 
1509.000  2.4826650280e-01  5.9529509540e-03 
1510.000  2.5210321570e-01  6.0827426910e-03 
1511.000  2.5324992560e-01  6.1676568980e-03 
1512.000  2.4849565830e-01  6.0927810670e-03 
1513.000  2.4807929210e-01  6.1181406970e-03 
1514.000  2.4468324230e-01  6.0549998280e-03 
1515.000  2.4949169040e-01  6.1964912410e-03 
1516.000  2.4717663800e-01  6.1222562790e-03 
1517.000  2.4571280140e-01  6.0810956950e-03 
1518.000  2.5024147990e-01  6.2123875620e-03 
1519.000  2.4652780760e-01  6.1446275710e-03 
1520.000  2.4804452150e-01  6.2524089810e-03 
1521.000  2.4331969040e-01  6.2150468830e-03 
1522.000  2.4189564970e-01  6.2208752630e-03 
1523.000  2.4778314330e-01  6.4289669990e-03 
1524.000  2.4602443820e-01  6.4100499150e-03 
1525.000  2.4054186280e-01  6.2802510260e-03 
1526.000  2.4731730970e-01  6.4458980560e-03 
1527.000  2.4464468510e-01  6.3815636630e-03 
1528.000  2.4612815990e-01  6.4326233860e-03 
1529.000  2.4534946180e-01  6.3964600560e-03 
1530.000  2.2951677960e-01  5.9898662570e-03 
1531.000  2.4524239240e-01  6.3864197730e-03 
1532.000  2.4366915700e-01  6.3339185710e-03 
1533.000  2.4243803410e-01  6.2805399890e-03 
1534.000  2.3858539540e-01  6.1591105460e-03 
1535.000  2.3919964840e-01  6.1545562740e-03 
1536.000  2.4239822540e-01  6.2708649640e-03 
1537.000  2.4296109380e-01  6.3342609410e-03 
1538.000  2.3611602510e-01  6.2053775790e-03 
1539.000  2.4094408420e-01  6.3802723880e-03 
1540.000  2.3211549130e-01  6.1857819560e-03 
1541.000  2.3687793160e-01  6.3223042490e-03 
1542.000  2.3828661230e-01  6.3599424360e-03 
1543.000  2.3740010890e-01  6.3444752690e-03 
1544.000  2.4008536120e-01  6.4293766020e-03 
1545.000  2.4048693350e-01  6.4614877700e-03 
1546.000  2.4028006090e-01  6.4888477330e-03 
1547.000  2.3762798060e-01  6.4461512570e-03 
1548.000  2.3042252060e-01  6.2786316870e-03 
1549.000  2.3632826130e-01  6.4583425520e-03 
1550.000  2.3501614890e-01  6.4390106200e-03 
1551.000  2.3378588340e-01  6.4024171830e-03 
1552.000  2.3775976570e-01  6.4987421040e-03 
1553.000  2.3641839220e-01  6.4549283980e-03 
1554.000  2.2775601500e-01  6.2058010100e-03 
1555.000  2.3140885220e-01  6.3013086320e-03 
1556.000  2.2690338050e-01  6.2042069440e-03 
1557.000  2.3426893050e-01  6.4563384060e-03 
1558.000  2.3247439240e-01  6.4494037630e-03 
1559.000  2.3258551590e-01  6.4929385190e-03 
1560.000  2.2856907740e-01  6.4264817240e-03 
1561.000  2.3400714190e-01  6.5937194820e-03 
1562.000  2.3408225830e-01  6.5768198970e-03 
1563.000  2.3074220860e-01  6.4722929000e-03 
1564.000  2.2639903230e-01  6.3293142320e-03 
1565.000  2.3031283090e-01  6.4099936490e-03 
1566.000  2.2594864580e-01  6.2981858250e-03 
1567.000  2.2660133670e-01  6.3170633320e-03 
1568.000  2.2279162750e-01  6.1986293790e-03 
1569.000  2.2462008220e-01  6.2331018450e-03 
1570.000  2.1958231290e-01  6.0903577800e-03 
1571.000  2.2546606890e-01  6.2821960450e-03 
1572.000  2.2566868330e-01  6.3003597260e-03 
1573.000  2.2189206060e-01  6.2277164460e-03 
1574.000  2.2211370830e-01  6.2759504320e-03 
1575.000  2.0599304730e-01  5.8525671960e-03 
1576.000  2.2130479620e-01  6.2953433990e-03 
1577.000  1.9974241630e-01  5.6603641510e-03 
1578.000  2.1846031060e-01  6.1676940920e-03 
1579.000  2.1939419070e-01  6.1772227290e-03 
1580.000  2.2330028830e-01  6.2804088590e-03 
1581.000  2.2181957590e-01  6.2160167690e-03 
1582.000  2.1672170650e-01  6.1107001300e-03 
1583.000  2.1881088670e-01  6.2059273720e-03 
1584.000  2.1634849850e-01  6.1721148490e-03 
1585.000  2.2237260660e-01  6.3743257520e-03 
1586.000  2.1957959020e-01  6.3074955940e-03 
1587.000  2.1690400740e-01  6.2607350350e-03 
1588.000  2.1343432820e-01  6.1876916890e-03 
1589.000  1.9522007650e-01  5.6702489850e-03 
1590.000  2.1037338110e-01  6.1251196860e-03 
1591.000  2.0565997030e-01  6.0041508670e-03 
1592.000  2.1656817680e-01  6.3332533840e-03 
1593.000  2.2148600560e-01  6.4835004810e-03 
1594.000  2.1993162170e-01  6.4430379870e-03 
1595.000  2.2139634140e-01  6.4894342420e-03 
1596.000  2.0738972360e-01  6.0973238950e-03 
1597.000  2.1584817590e-01  6.3408851620e-03 
1598.000  2.1992123570e-01  6.4458732600e-03 
1599.000  2.1255898660e-01  6.2101631160e-03 
1600.000  2.1610125490e-01  6.3023300170e-03 
1601.000  2.0700418070e-01  6.0531749730e-03 
1602.000  2.1229767540e-01  6.2378940580e-03 
1603.000  2.1068732720e-01  6.2388930320e-03 
1604.000  2.1327468120e-01  6.3713564870e-03 
1605.000  2.1012143020e-01  6.3132157330e-03 
1606.000  2.0926588470e-01  6.3268413540e-03 
1607.000  2.1014552190e-01  6.3271117210e-03 
1608.000  2.1253989880e-01  6.3739533420e-03 
1609.000  2.1172282180e-01  6.3303041460e-03 
1610.000  1.9851151280e-01  5.9215307240e-03 
1611.000  2.0421840110e-01  6.0935001370e-03 
1612.000  2.0596470870e-01  6.1502695080e-03 
1613.000  2.1036079710e-01  6.2846884730e-03 
1614.000  2.0829625570e-01  6.2002773280e-03 
1615.000  2.1156065930e-01  6.2948403360e-03 
1616.000  1.9821878900e-01  5.8920869830e-03 
1617.000  2.0393193460e-01  6.1053342820e-03 
1618.000  2.1028598500e-01  6.3197360040e-03 
1619.000  2.0954162020e-01  6.3422660830e-03 
1620.000  2.0419098980e-01  6.2235527040e-03 
1621.000  2.0113006800e-01  6.1652436260e-03 
1622.000  2.0619263710e-01  6.3268084530e-03 
1623.000  2.1032108510e-01  6.4696035390e-03 
1624.000  2.1177454850e-01  6.5251722340e-03 
1625.000  2.0645623580e-01  6.3878235820e-03 
1626.000  2.0898781930e-01  6.4565434460e-03 
1627.000  2.0871815750e-01  6.4665479660e-03 
1628.000  2.1039539820e-01  6.5278005600e-03 
1629.000  2.1036486360e-01  6.5344491000e-03 
1630.000  2.0465359140e-01  6.3575263020e-03 
1631.000  2.0785438680e-01  6.4677448270e-03 
1632.000  2.0790689270e-01  6.4213533400e-03 
1633.000  2.0523118000e-01  6.3052439690e-03 
1634.000  2.0042877480e-01  6.1223354340e-03 
1635.000  2.0580238490e-01  6.2560405730e-03 
1636.000  2.0525775910e-01  6.2013936040e-03 
1637.000  1.9611927830e-01  5.8903646470e-03 
1638.000  1.9468631780e-01  5.8221750260e-03 
1639.000  1.9274636310e-01  5.7244558330e-03 
1640.000  1.9390260720e-01  5.7276935580e-03 
1641.000  1.9270264090e-01  5.6735901830e-03 
1642.000  1.9246228380e-01  5.7247047420e-03 
1643.000  1.9740885150e-01  5.9270014760e-03 
1644.000  1.9435398580e-01  5.8881354330e-03 
1645.000  1.9478700430e-01  5.9506511690e-03 
1646.000  1.9712801740e-01  6.0708670620e-03 
1647.000  1.9897889040e-01  6.1278371810e-03 
1648.000  1.9821052340e-01  6.0974025730e-03 
1649.000  1.9368220840e-01  5.9569516180e-03 
1650.000  1.9859017630e-01  6.1088600160e-03 
1651.000  1.9411559980e-01  5.9709172250e-03 
1652.000  1.9798993480e-01  6.0880136490e-03 
1653.000  1.9576662800e-01  6.0286765100e-03 
1654.000  1.9796306490e-01  6.0993695260e-03 
1655.000  1.9399541780e-01  5.9886317250e-03 
1656.000  1.9772211190e-01  6.1118216510e-03 
1657.000  1.9628847130e-01  6.0690503120e-03 
1658.000  1.9734861710e-01  6.1114902500e-03 
1659.000  1.9371377830e-01  6.0013799670e-03 
1660.000  1.9607778360e-01  6.0692467690e-03 
1661.000  1.9684655300e-01  6.0791878700e-03 
1662.000  1.9552443430e-01  5.9873485570e-03 
1663.000  1.9429375460e-01  5.9055600170e-03 
1664.000  1.9347092500e-01  5.8357076640e-03 
1665.000  1.9149603630e-01  5.7319097520e-03 
1666.000  1.9056369560e-01  5.6994066240e-03 
1667.000  1.9208643050e-01  5.7973513600e-03 
1668.000  1.8883208600e-01  5.7329311370e-03 
1669.000  1.8913427320e-01  5.7844624520e-03 
1670.000  1.9320668990e-01  5.9537858960e-03 
1671.000  1.9173110250e-01  5.9497566220e-03 
1672.000  1.8264993340e-01  5.7169961930e-03 
1673.000  1.8803113310e-01  5.9253926280e-03 
1674.000  1.8890458560e-01  5.9966983800e-03 
1675.000  1.8715368970e-01  5.9911580090e-03 
1676.000  1.8417274900e-01  5.9124526980e-03 
1677.000  1.8505834390e-01  5.9406971930e-03 
1678.000  1.8592634780e-01  5.9746580120e-03 
1679.000  1.8345445120e-01  5.8910856250e-03 
1680.000  1.7704538060e-01  5.6898479460e-03 
1681.000  1.7083897120e-01  5.4934892650e-03 
1682.000  1.7577271940e-01  5.6517567630e-03 
1683.000  1.8016602530e-01  5.7888059620e-03 
1684.000  1.8352731020e-01  5.8935732840e-03 
1685.000  1.8424627070e-01  5.9026637080e-03 
1686.000  1.8202354430e-01  5.8220458030e-03 
1687.000  1.8303932510e-01  5.8203477860e-03 
1688.000  1.8338139790e-01  5.8021516800e-03 
1689.000  1.8117145080e-01  5.7192125320e-03 
1690.000  1.8133475030e-01  5.6928830150e-03 
1691.000  1.8370786110e-01  5.7750878330e-03 
1692.000  1.8404201860e-01  5.8002991680e-03 
1693.000  1.8334193010e-01  5.7961449620e-03 
1694.000  1.8306456080e-01  5.8023457530e-03 
1695.000  1.8327421400e-01  5.8126707080e-03 
1696.000  1.8220231090e-01  5.7486801150e-03 
1697.000  1.8116134240e-01  5.6755232810e-03 
1698.000  1.8225460260e-01  5.6729779240e-03 
1699.000  1.8107715570e-01  5.6027402880e-03 
1700.000  1.7875605290e-01  5.4997100830e-03 
