 lambda   Irr_dw            Rad_up 
 550.000  1.5536128200e+00  4.7585075380e-02 
 551.000  1.5433498500e+00  4.7113189700e-02 
 552.000  1.6092370600e+00  4.9089672090e-02 
 553.000  1.5456638600e+00  4.6967643740e-02 
 554.000  1.5956323800e+00  4.8426048280e-02 
 555.000  1.5996168100e+00  4.8325813290e-02 
 556.000  1.5550756500e+00  4.6770446780e-02 
 557.000  1.5085739200e+00  4.5324371340e-02 
 558.000  1.5655190700e+00  4.6826034550e-02 
 559.000  1.4794441800e+00  4.4120693210e-02 
 560.000  1.4857053700e+00  4.4253990170e-02 
 561.000  1.6326581000e+00  4.8398269650e-02 
 562.000  1.4988358900e+00  4.4346881870e-02 
 563.000  1.5680441600e+00  4.6182159420e-02 
 564.000  1.5460601600e+00  4.5258392330e-02 
 565.000  1.5648070700e+00  4.5732921600e-02 
 566.000  1.4428215100e+00  4.1972579960e-02 
 567.000  1.5489985400e+00  4.4740020750e-02 
 568.000  1.5495767400e+00  4.4159603120e-02 
 569.000  1.5281918100e+00  4.2365936280e-02 
 570.000  1.5347280300e+00  4.2538486480e-02 
 571.000  1.4738193400e+00  4.1412860870e-02 
 572.000  1.5645946500e+00  4.3216846470e-02 
 573.000  1.5794452600e+00  4.3711616520e-02 
 574.000  1.5703938700e+00  4.3358661650e-02 
 575.000  1.5326027300e+00  4.2120479580e-02 
 576.000  1.5050140600e+00  4.1230087280e-02 
 577.000  1.5656300800e+00  4.2895397190e-02 
 578.000  1.5172197900e+00  4.1822227480e-02 
 579.000  1.5034154000e+00  4.1427909850e-02 
 580.000  1.5532329200e+00  4.3000194550e-02 
 581.000  1.5221371600e+00  4.2262096410e-02 
 582.000  1.5430821500e+00  4.2710895540e-02 
 583.000  1.5529837300e+00  4.3032943730e-02 
 584.000  1.5473315400e+00  4.2676536560e-02 
 585.000  1.5367289600e+00  4.2224384310e-02 
 586.000  1.4703808300e+00  4.0350502010e-02 
 587.000  1.5309523900e+00  4.1448616030e-02 
 588.000  1.5290743900e+00  4.0036994930e-02 
 589.000  1.3746908600e+00  3.4362796780e-02 
 590.000  1.4365698800e+00  3.5797687530e-02 
 591.000  1.5118534300e+00  3.8651859280e-02 
 592.000  1.4904830200e+00  3.7333721160e-02 
 593.000  1.4897580000e+00  3.8445156100e-02 
 594.000  1.5070374200e+00  3.8552524570e-02 
 595.000  1.4896995800e+00  3.7124748230e-02 
 596.000  1.5099387700e+00  3.8850158690e-02 
 597.000  1.5179911900e+00  3.8566471100e-02 
 598.000  1.4800986800e+00  3.8101474760e-02 
 599.000  1.4776291900e+00  3.8190826420e-02 
 600.000  1.4717485600e+00  3.8497993470e-02 
 601.000  1.4593435400e+00  3.8525020600e-02 
 602.000  1.4418934000e+00  3.8058303830e-02 
 603.000  1.4491352500e+00  3.8363060000e-02 
 604.000  1.4937799400e+00  3.9695270540e-02 
 605.000  1.4893571100e+00  3.9421501160e-02 
 606.000  1.4718776800e+00  3.9006629940e-02 
 607.000  1.4634237300e+00  3.8676311490e-02 
 608.000  1.4579323400e+00  3.8395668030e-02 
 609.000  1.4428851400e+00  3.7967224120e-02 
 610.000  1.4196839800e+00  3.7229087830e-02 
 611.000  1.4426525900e+00  3.7778102870e-02 
 612.000  1.4238289200e+00  3.7242702480e-02 
 613.000  1.4029975900e+00  3.6583412170e-02 
 614.000  1.3518554100e+00  3.5232189180e-02 
 615.000  1.4171495100e+00  3.6774021150e-02 
 616.000  1.3474549600e+00  3.4958538060e-02 
 617.000  1.3551396200e+00  3.5107345580e-02 
 618.000  1.4191874900e+00  3.6578544620e-02 
 619.000  1.4063732800e+00  3.6270931240e-02 
 620.000  1.4273708100e+00  3.6622093200e-02 
 621.000  1.4522290400e+00  3.7217346190e-02 
 622.000  1.3759570400e+00  3.5157287600e-02 
 623.000  1.3871735700e+00  3.5224292760e-02 
 624.000  1.3891184300e+00  3.5322601320e-02 
 625.000  1.3519299100e+00  3.4341350560e-02 
 626.000  1.3598524500e+00  3.4295631410e-02 
 627.000  1.3882950500e+00  3.4481151580e-02 
 628.000  1.3948745500e+00  3.3181514740e-02 
 629.000  1.4157416500e+00  3.4232131960e-02 
 630.000  1.3649398600e+00  3.3393867490e-02 
 631.000  1.4106989100e+00  3.4605022430e-02 
 632.000  1.3162011200e+00  3.2044033050e-02 
 633.000  1.4062783200e+00  3.4603294370e-02 
 634.000  1.3617292400e+00  3.3665596010e-02 
 635.000  1.3862113400e+00  3.4289173130e-02 
 636.000  1.3360229700e+00  3.3117149350e-02 
 637.000  1.3792957400e+00  3.4241580960e-02 
 638.000  1.3980207400e+00  3.4842624660e-02 
 639.000  1.3861901100e+00  3.4375446320e-02 
 640.000  1.3412780100e+00  3.3511554720e-02 
 641.000  1.3605025100e+00  3.3929729460e-02 
 642.000  1.3431728800e+00  3.3509193420e-02 
 643.000  1.3683391500e+00  3.3946716310e-02 
 644.000  1.3525691600e+00  3.3409496310e-02 
 645.000  1.3667839100e+00  3.3591049190e-02 
 646.000  1.3246014900e+00  3.1552774430e-02 
 647.000  1.3498441900e+00  3.1468635560e-02 
 648.000  1.3554103100e+00  3.1088314060e-02 
 649.000  1.3754037700e+00  3.1850723270e-02 
 650.000  1.2622073500e+00  3.0163887020e-02 
 651.000  1.3597537300e+00  3.2461448670e-02 
 652.000  1.3451972600e+00  3.1204666140e-02 
 653.000  1.3588640400e+00  3.2501724240e-02 
 654.000  1.3426451100e+00  3.1824590680e-02 
 655.000  1.3120531200e+00  3.0687866210e-02 
 656.000  1.1126057000e+00  2.6075157170e-02 
 657.000  1.1852505200e+00  2.7938854220e-02 
 658.000  1.3158426200e+00  3.1435476300e-02 
 659.000  1.3165042400e+00  3.1583072660e-02 
 660.000  1.3257888100e+00  3.1892711640e-02 
 661.000  1.3283990200e+00  3.2256587980e-02 
 662.000  1.3460676600e+00  3.2777729030e-02 
 663.000  1.3315132900e+00  3.2294925690e-02 
 664.000  1.3098525800e+00  3.1767557140e-02 
 665.000  1.3151960300e+00  3.1870092390e-02 
 666.000  1.3304689700e+00  3.2362514500e-02 
 667.000  1.3036674700e+00  3.1601924900e-02 
 668.000  1.3105296400e+00  3.1884582520e-02 
 669.000  1.3291349100e+00  3.2377071380e-02 
 670.000  1.3131107100e+00  3.1817970280e-02 
 671.000  1.2990400700e+00  3.1493122100e-02 
 672.000  1.2947469800e+00  3.1346340180e-02 
 673.000  1.3039578600e+00  3.1507921220e-02 
 674.000  1.3064229500e+00  3.1558620450e-02 
 675.000  1.2864114600e+00  3.0993747710e-02 
 676.000  1.3106411700e+00  3.1570707320e-02 
 677.000  1.2845086200e+00  3.0941894530e-02 
 678.000  1.3056977200e+00  3.1387624740e-02 
 679.000  1.2872949800e+00  3.0843860630e-02 
 680.000  1.2778602200e+00  3.0578914640e-02 
 681.000  1.2798452800e+00  3.0527755740e-02 
 682.000  1.2774068400e+00  3.0332721710e-02 
 683.000  1.2860932900e+00  3.0410202030e-02 
 684.000  1.2638990000e+00  2.9848415370e-02 
 685.000  1.2775687900e+00  3.0103612900e-02 
 686.000  1.2243996000e+00  2.8432868960e-02 
 687.000  1.2254606600e+00  2.4591247560e-02 
 688.000  1.2263542400e+00  2.5562110900e-02 
 689.000  1.2299033900e+00  2.5424676900e-02 
 690.000  1.2358407200e+00  2.6059597020e-02 
 691.000  1.2407930800e+00  2.6838331220e-02 
 692.000  1.2333099300e+00  2.6994848250e-02 
 693.000  1.2414525100e+00  2.6213657380e-02 
 694.000  1.2550797500e+00  2.5780023570e-02 
 695.000  1.2320979100e+00  2.5686920170e-02 
 696.000  1.2458989000e+00  2.6219722750e-02 
 697.000  1.2448280700e+00  2.7840093610e-02 
 698.000  1.2225669100e+00  2.6886146550e-02 
 699.000  1.2483998700e+00  2.6075902940e-02 
 700.000  1.2334679600e+00  2.5924430850e-02 
 701.000  1.2065693800e+00  2.5006996150e-02 
 702.000  1.2003655300e+00  2.5072103500e-02 
 703.000  1.2149692200e+00  2.6404359820e-02 
 704.000  1.2185100400e+00  2.6545154570e-02 
 705.000  1.2289652700e+00  2.6272264480e-02 
 706.000  1.2158532900e+00  2.6073034290e-02 
 707.000  1.1972553300e+00  2.5836353300e-02 
 708.000  1.2316912600e+00  2.6762990950e-02 
 709.000  1.1872147600e+00  2.6136178970e-02 
 710.000  1.2154598100e+00  2.6261737820e-02 
 711.000  1.2024717700e+00  2.6351934430e-02 
 712.000  1.1850641300e+00  2.6350986480e-02 
 713.000  1.1806655100e+00  2.5906715390e-02 
 714.000  1.2009635300e+00  2.6148393630e-02 
 715.000  1.1598795300e+00  2.4730094910e-02 
 716.000  1.1910656300e+00  2.4856517790e-02 
 717.000  1.1613220700e+00  2.1754016880e-02 
 718.000  1.1551693700e+00  2.0186105730e-02 
 719.000  1.1418722700e+00  1.9341575620e-02 
 720.000  1.1502024100e+00  1.8815223690e-02 
 721.000  1.1485470400e+00  2.2026826860e-02 
 722.000  1.1646223200e+00  2.3441642760e-02 
 723.000  1.1622655900e+00  2.2641027450e-02 
 724.000  1.1693169800e+00  2.0841821670e-02 
 725.000  1.1565548000e+00  2.0878793720e-02 
 726.000  1.1544421400e+00  2.0753181460e-02 
 727.000  1.1715237400e+00  2.1253301620e-02 
 728.000  1.1514034300e+00  2.0650295260e-02 
 729.000  1.1056382600e+00  2.0462730410e-02 
 730.000  1.1464973500e+00  2.1092966080e-02 
 731.000  1.1275975500e+00  2.0680868150e-02 
 732.000  1.1487068800e+00  2.2193763730e-02 
 733.000  1.1308619200e+00  2.3125741960e-02 
 734.000  1.1540657600e+00  2.4185379030e-02 
 735.000  1.1448631700e+00  2.3704486850e-02 
 736.000  1.1238509600e+00  2.2874944690e-02 
 737.000  1.1384307200e+00  2.3411878590e-02 
 738.000  1.1349829900e+00  2.3764537810e-02 
 739.000  1.0981305000e+00  2.3213727950e-02 
 740.000  1.1081080500e+00  2.3846330640e-02 
 741.000  1.0990605900e+00  2.3998943330e-02 
 742.000  1.0808713200e+00  2.3729181290e-02 
 743.000  1.1123295000e+00  2.4710031510e-02 
 744.000  1.1227576100e+00  2.5091991420e-02 
 745.000  1.0934384700e+00  2.4563995360e-02 
 746.000  1.1085698600e+00  2.4929277420e-02 
 747.000  1.1251766200e+00  2.5266090390e-02 
 748.000  1.1049550500e+00  2.4800155640e-02 
 749.000  1.1051490800e+00  2.4818279270e-02 
 750.000  1.0890119400e+00  2.4358394620e-02 
 751.000  1.0862078800e+00  2.4281053540e-02 
 752.000  1.1026664800e+00  2.4694059370e-02 
 753.000  1.0922280400e+00  2.4461795810e-02 
 754.000  1.1093318000e+00  2.4838804240e-02 
 755.000  1.1029682300e+00  2.4681907650e-02 
 756.000  1.0813764100e+00  2.4185361860e-02 
 757.000  1.0893681400e+00  2.4348106380e-02 
 758.000  1.0882255700e+00  2.4244485860e-02 
 759.000  1.0470680100e+00  2.1388019560e-02 
 760.000  8.2383480300e-01  8.6624298100e-03 
 761.000  7.9393653400e-01  7.6760153770e-03 
 762.000  9.2602580300e-01  1.3853173260e-02 
 763.000  9.1117459800e-01  1.1980931280e-02 
 764.000  9.3454688100e-01  1.3077092170e-02 
 765.000  9.8083066400e-01  1.5874506000e-02 
 766.000  9.7252186300e-01  1.8208637240e-02 
 767.000  1.0023825720e+00  1.9959569930e-02 
 768.000  1.0512883000e+00  2.1892822270e-02 
 769.000  1.0527373200e+00  2.2655426030e-02 
 770.000  1.0500499800e+00  2.2972244260e-02 
 771.000  1.0514982000e+00  2.3215711590e-02 
 772.000  1.0476212700e+00  2.3168706890e-02 
 773.000  1.0433050800e+00  2.3081165310e-02 
 774.000  1.0543152400e+00  2.3334707260e-02 
 775.000  1.0146057900e+00  2.2456718440e-02 
 776.000  1.0563196100e+00  2.3421508790e-02 
 777.000  1.0490043800e+00  2.3230278020e-02 
 778.000  1.0434617300e+00  2.3052789690e-02 
 779.000  1.0469342900e+00  2.3062570570e-02 
 780.000  1.0340649800e+00  2.2793296810e-02 
 781.000  1.0322061800e+00  2.2737731930e-02 
 782.000  1.0447397800e+00  2.2921249390e-02 
 783.000  1.0204049900e+00  2.2475036620e-02 
 784.000  1.0263154030e+00  2.2545753480e-02 
 785.000  1.0296891980e+00  2.2405656810e-02 
 786.000  1.0128301790e+00  2.1893520360e-02 
 787.000  1.0297145880e+00  2.1772935870e-02 
 788.000  1.0152463450e+00  2.1297176360e-02 
 789.000  1.0243810540e+00  2.0835805890e-02 
 790.000  1.0143393280e+00  2.0526390080e-02 
 791.000  1.0086066120e+00  2.0535161970e-02 
 792.000  9.9215359200e-01  2.0235916140e-02 
 793.000  9.9001056700e-01  2.0418304440e-02 
 794.000  9.7734240200e-01  2.0726688390e-02 
 795.000  9.7364228300e-01  2.0174184800e-02 
 796.000  9.9435110900e-01  1.9883686070e-02 
 797.000  9.9949072600e-01  2.0231330870e-02 
 798.000  9.9746378900e-01  2.0687082290e-02 
 799.000  9.9728820500e-01  2.0496435170e-02 
 800.000  9.7312860300e-01  1.9600492480e-02 
 801.000  9.9114919300e-01  1.9999364850e-02 
 802.000  9.8938026600e-01  1.9873529430e-02 
 803.000  9.7507550300e-01  1.9654012680e-02 
 804.000  9.8306229300e-01  2.0042921070e-02 
 805.000  9.5461191300e-01  1.9825817110e-02 
 806.000  9.7954010000e-01  2.0500904080e-02 
 807.000  9.7348219100e-01  2.0415727620e-02 
 808.000  9.6833645100e-01  2.0130727770e-02 
 809.000  9.5254360600e-01  1.9625780110e-02 
 810.000  9.4890710700e-01  1.9349304200e-02 
 811.000  9.6532462800e-01  1.9354217530e-02 
 812.000  9.6356727400e-01  1.8964391710e-02 
 813.000  9.6103821000e-01  1.8385835650e-02 
 814.000  9.6167616300e-01  1.7918025970e-02 
 815.000  9.5346313900e-01  1.7175352100e-02 
 816.000  9.4738326400e-01  1.6361310960e-02 
 817.000  9.5297964400e-01  1.6471990590e-02 
 818.000  9.4696833800e-01  1.6331628800e-02 
 819.000  9.2083063700e-01  1.6168760300e-02 
 820.000  9.0119988400e-01  1.6576843260e-02 
 821.000  9.2899458900e-01  1.7998128890e-02 
 822.000  9.0438461900e-01  1.6698585510e-02 
 823.000  9.2060595700e-01  1.5258090970e-02 
 824.000  9.3118565400e-01  1.6913431170e-02 
 825.000  9.2727164300e-01  1.8117853160e-02 
 826.000  9.3357359400e-01  1.7952566150e-02 
 827.000  9.3092508300e-01  1.7705205920e-02 
 828.000  9.3080303800e-01  1.6926420210e-02 
 829.000  9.2973097500e-01  1.7120542530e-02 
 830.000  9.1426348900e-01  1.7126615520e-02 
 831.000  8.9804241900e-01  1.6875913620e-02 
 832.000  9.1633311900e-01  1.7214263920e-02 
 833.000  8.8738722200e-01  1.6942359920e-02 
 834.000  8.9986743400e-01  1.7401502610e-02 
 835.000  8.9981231800e-01  1.7698469160e-02 
 836.000  9.1093971600e-01  1.7924587250e-02 
 837.000  9.0350644500e-01  1.7716117860e-02 
 838.000  9.0573459300e-01  1.8005018230e-02 
 839.000  8.7681313000e-01  1.7526382450e-02 
 840.000  9.0002727800e-01  1.7972864150e-02 
 841.000  9.0334630700e-01  1.7864299770e-02 
 842.000  8.9686106900e-01  1.7830801010e-02 
 843.000  8.8863756100e-01  1.8100706100e-02 
 844.000  8.7295064100e-01  1.7944599150e-02 
 845.000  8.8572140100e-01  1.8276256560e-02 
 846.000  8.9307463100e-01  1.8569866180e-02 
 847.000  8.6169531800e-01  1.8068454740e-02 
 848.000  8.8818952800e-01  1.8422037120e-02 
 849.000  8.8970789500e-01  1.8560665130e-02 
 850.000  7.6973718000e-01  1.5903375630e-02 
 851.000  8.8255320000e-01  1.8089717860e-02 
 852.000  8.4904549100e-01  1.7474084850e-02 
 853.000  8.5774260700e-01  1.7696151730e-02 
 854.000  6.8965878200e-01  1.4259792330e-02 
 855.000  7.5865328100e-01  1.5795906070e-02 
 856.000  8.5953434000e-01  1.7937553410e-02 
 857.000  8.7263943700e-01  1.8366455080e-02 
 858.000  8.5835682300e-01  1.8061367030e-02 
 859.000  8.5748665000e-01  1.8096080780e-02 
 860.000  8.4944390400e-01  1.8015855790e-02 
 861.000  8.4929369600e-01  1.7990047450e-02 
 862.000  8.4628694000e-01  1.7861457820e-02 
 863.000  8.6245951000e-01  1.8305789950e-02 
 864.000  8.6058563400e-01  1.8112079620e-02 
 865.000  8.4443971900e-01  1.7907665250e-02 
 866.000  7.0830054900e-01  1.5065539360e-02 
 867.000  7.5431198400e-01  1.5826749800e-02 
 868.000  8.1809200200e-01  1.7255331040e-02 
 869.000  8.0659224300e-01  1.7000152590e-02 
 870.000  8.3992106800e-01  1.7821388240e-02 
 871.000  8.3871986900e-01  1.7723829270e-02 
 872.000  8.3525732700e-01  1.7413696290e-02 
 873.000  8.3874299800e-01  1.7617708210e-02 
 874.000  8.2043945700e-01  1.7146987920e-02 
 875.000  8.1293221100e-01  1.7140131000e-02 
 876.000  8.1989594600e-01  1.7199295040e-02 
 877.000  8.3635667200e-01  1.7386676790e-02 
 878.000  8.2259451900e-01  1.7175806050e-02 
 879.000  8.2455191800e-01  1.7274650570e-02 
 880.000  8.2030000000e-01  1.6989105220e-02 
 881.000  7.7793936800e-01  1.6155855180e-02 
 882.000  8.2119080300e-01  1.6848514560e-02 
 883.000  8.0221550300e-01  1.6649709700e-02 
 884.000  8.0894501300e-01  1.7009634020e-02 
 885.000  8.1828924900e-01  1.6718210220e-02 
 886.000  7.9280068300e-01  1.6225830080e-02 
 887.000  7.8372518200e-01  1.6026079180e-02 
 888.000  8.0728692400e-01  1.6314020160e-02 
 889.000  8.1239728900e-01  1.6712217330e-02 
 890.000  8.1056988200e-01  1.6572645190e-02 
 891.000  8.0753309200e-01  1.6274444580e-02 
 892.000  8.0688453300e-01  1.6022197720e-02 
 893.000  7.8129987800e-01  1.4639525410e-02 
 894.000  8.0971591800e-01  1.4901290890e-02 
 895.000  7.7473398600e-01  1.3579972270e-02 
 896.000  8.0548058600e-01  1.3231816290e-02 
 897.000  7.8694215200e-01  1.2416892050e-02 
 898.000  7.8829661500e-01  1.2042213440e-02 
 899.000  7.8758796500e-01  1.1114132880e-02 
 900.000  7.6792104800e-01  1.0840820310e-02 
 901.000  7.5146984800e-01  1.0424793240e-02 
 902.000  7.3763982400e-01  1.0270049100e-02 
 903.000  7.7372658600e-01  1.2112303730e-02 
 904.000  7.8809106300e-01  1.3155756000e-02 
 905.000  7.8600467800e-01  1.3374641420e-02 
 906.000  7.6518853300e-01  1.2480757710e-02 
 907.000  7.7815668000e-01  1.1666121480e-02 
 908.000  7.5912384600e-01  1.0693419460e-02 
 909.000  7.4423230300e-01  1.0486117360e-02 
 910.000  7.5303531700e-01  1.0688714030e-02 
 911.000  7.5103876300e-01  1.1234837530e-02 
 912.000  7.5266681400e-01  1.0815470700e-02 
 913.000  7.7028420400e-01  1.0290320400e-02 
 914.000  7.6532582100e-01  1.0572332380e-02 
 915.000  7.5269369600e-01  1.0923862460e-02 
 916.000  7.6104999600e-01  1.1060994150e-02 
 917.000  7.4914007700e-01  1.1042078020e-02 
 918.000  7.4533611700e-01  1.1218542100e-02 
 919.000  7.5516618700e-01  1.2559781070e-02 
 920.000  7.4796219400e-01  1.2779952050e-02 
 921.000  7.3158374100e-01  1.2342696190e-02 
 922.000  7.2503536800e-01  1.2327081680e-02 
 923.000  6.9464608700e-01  1.1273989680e-02 
 924.000  7.2403954100e-01  1.1667895320e-02 
 925.000  7.3365105400e-01  1.1712982180e-02 
 926.000  7.0745941400e-01  1.1127034190e-02 
 927.000  7.3381407000e-01  1.1339681630e-02 
 928.000  7.3833231000e-01  1.0534186360e-02 
 929.000  7.2801866900e-01  9.2869701390e-03 
 930.000  7.2619151400e-01  8.0853309630e-03 
 931.000  7.2589538400e-01  7.1908373830e-03 
 932.000  7.1878490100e-01  6.1655960080e-03 
 933.000  7.2074828000e-01  5.6286120410e-03 
 934.000  7.1443965500e-01  5.1170973780e-03 
 935.000  7.0385303900e-01  4.9931306840e-03 
 936.000  6.9878582000e-01  5.1090993880e-03 
 937.000  7.1438348100e-01  5.1845021250e-03 
 938.000  7.0688775400e-01  5.6666474340e-03 
 939.000  7.1314998100e-01  7.5747618680e-03 
 940.000  7.0951035300e-01  7.9277949330e-03 
 941.000  6.9338083200e-01  7.4349169730e-03 
 942.000  6.6684791600e-01  6.5021996500e-03 
 943.000  7.0262539500e-01  5.9294538500e-03 
 944.000  6.8331150100e-01  5.6994543080e-03 
 945.000  6.8985869500e-01  6.0385832790e-03 
 946.000  6.9921504400e-01  6.1431107520e-03 
 947.000  6.9498549300e-01  6.4058656690e-03 
 948.000  6.9918867500e-01  6.6286330220e-03 
 949.000  7.0140354900e-01  6.6356735230e-03 
 950.000  6.9678021700e-01  6.6409211160e-03 
 951.000  6.9264349600e-01  7.0432481770e-03 
 952.000  6.9257152800e-01  6.5920071600e-03 
 953.000  6.9065977500e-01  6.9078555110e-03 
 954.000  6.8398799100e-01  7.2380070690e-03 
 955.000  6.3888344300e-01  6.4856925010e-03 
 956.000  6.8153893100e-01  6.8816566470e-03 
 957.000  6.8118637600e-01  7.9721145630e-03 
 958.000  6.8643771700e-01  8.2237310410e-03 
 959.000  6.8909110900e-01  8.0542364120e-03 
 960.000  6.8258041600e-01  7.9285650250e-03 
 961.000  6.7525897200e-01  7.7480773930e-03 
 962.000  6.7862086600e-01  7.8843221660e-03 
 963.000  6.7721929400e-01  8.6181945800e-03 
 964.000  6.6946979500e-01  8.6407680510e-03 
 965.000  6.7765392000e-01  8.6724300380e-03 
 966.000  6.5809344400e-01  8.4719915390e-03 
 967.000  6.7766518100e-01  9.3544044490e-03 
 968.000  6.7019707100e-01  1.0275229450e-02 
 969.000  6.7428675100e-01  1.0788361550e-02 
 970.000  6.7611656500e-01  1.0842005730e-02 
 971.000  6.7013581300e-01  1.0727876660e-02 
 972.000  6.7488544900e-01  1.0662183760e-02 
 973.000  6.6864803200e-01  1.0264374730e-02 
 974.000  6.5839832000e-01  9.7539844510e-03 
 975.000  6.6169019000e-01  9.5642433170e-03 
 976.000  6.6969910100e-01  9.9550123210e-03 
 977.000  6.5272135000e-01  1.0133759500e-02 
 978.000  6.6886808700e-01  1.0347835540e-02 
 979.000  6.4943060700e-01  1.0161784170e-02 
 980.000  6.5858946800e-01  1.0779317860e-02 
 981.000  6.6307529100e-01  1.0969564440e-02 
 982.000  6.6164940300e-01  1.0830459590e-02 
 983.000  6.5985633800e-01  1.1074764250e-02 
 984.000  6.5543713600e-01  1.1309867860e-02 
 985.000  6.5512468000e-01  1.1494632720e-02 
 986.000  6.4978022500e-01  1.1667617800e-02 
 987.000  6.5716902400e-01  1.1922617910e-02 
 988.000  6.4906640800e-01  1.1798290250e-02 
 989.000  6.4082587900e-01  1.1659170150e-02 
 990.000  6.4628978300e-01  1.1781643870e-02 
 991.000  6.5153232700e-01  1.1978931430e-02 
 992.000  6.4550083500e-01  1.1885239600e-02 
 993.000  6.4545568500e-01  1.1880314830e-02 
 994.000  6.4869415500e-01  1.2024839400e-02 
 995.000  6.4388296500e-01  1.2002968790e-02 
 996.000  6.4376517500e-01  1.1983000760e-02 
 997.000  6.4448240100e-01  1.1924916270e-02 
 998.000  6.4212031100e-01  1.1815011980e-02 
 999.000  6.4055304300e-01  1.1748360630e-02 
1000.000  6.3544172000e-01  1.1654054640e-02 
1001.000  6.3908545200e-01  1.1597541810e-02 
1002.000  6.3844735500e-01  1.1403355600e-02 
1003.000  6.3092126900e-01  1.1298449520e-02 
1004.000  6.2548989400e-01  1.1288376810e-02 
1005.000  5.8434592500e-01  1.0579003330e-02 
1006.000  6.1484274500e-01  1.1136756900e-02 
1007.000  6.2608740800e-01  1.1297398570e-02 
1008.000  6.2898147200e-01  1.1203075410e-02 
1009.000  6.2547781000e-01  1.0960439680e-02 
1010.000  6.2767054800e-01  1.1064929010e-02 
1011.000  6.2395929100e-01  1.1178186420e-02 
1012.000  6.2399633600e-01  1.1245645520e-02 
1013.000  6.1938253300e-01  1.1214763640e-02 
1014.000  6.2328336400e-01  1.1344646450e-02 
1015.000  6.1176913900e-01  1.1176732060e-02 
1016.000  6.1563247500e-01  1.1312989230e-02 
1017.000  6.0950404100e-01  1.1244258880e-02 
1018.000  6.1756702500e-01  1.1403598790e-02 
1019.000  6.0369395100e-01  1.1112071040e-02 
1020.000  6.0234741600e-01  1.1066656110e-02 
1021.000  6.0817388600e-01  1.1138965610e-02 
1022.000  5.9933662800e-01  1.0808434490e-02 
1023.000  6.1110079100e-01  1.0866858480e-02 
1024.000  6.0815989600e-01  1.0691230770e-02 
1025.000  6.0743893100e-01  1.0714684490e-02 
1026.000  6.0790469000e-01  1.0755207060e-02 
1027.000  6.0434220400e-01  1.0718652730e-02 
1028.000  6.0567126500e-01  1.0812570570e-02 
1029.000  5.9622089000e-01  1.0743644710e-02 
1030.000  6.0197191700e-01  1.0956066130e-02 
1031.000  5.9994219100e-01  1.1000982280e-02 
1032.000  5.9773021900e-01  1.1013717650e-02 
1033.000  5.8669827800e-01  1.0783900260e-02 
1034.000  5.9284171300e-01  1.0875490190e-02 
1035.000  5.8645531800e-01  1.0741865160e-02 
1036.000  5.9414896700e-01  1.0841995240e-02 
1037.000  5.8162826900e-01  1.0584235190e-02 
1038.000  5.8734603300e-01  1.0658482550e-02 
1039.000  5.8985425500e-01  1.0665651320e-02 
1040.000  5.8296537100e-01  1.0504854200e-02 
1041.000  5.8609537800e-01  1.0526532170e-02 
1042.000  5.8786512600e-01  1.0527059560e-02 
1043.000  5.7773138000e-01  1.0316255570e-02 
1044.000  5.8355012700e-01  1.0386764530e-02 
1045.000  5.8121691200e-01  1.0383256910e-02 
1046.000  5.6442405500e-01  1.0132543560e-02 
1047.000  5.7493533700e-01  1.0370112420e-02 
1048.000  5.8082622400e-01  1.0527282710e-02 
1049.000  5.7726144400e-01  1.0515361790e-02 
1050.000  5.7399930400e-01  1.0492361070e-02 
1051.000  5.7432839800e-01  1.0471944810e-02 
1052.000  5.7182656200e-01  1.0380805020e-02 
1053.000  5.7210829200e-01  1.0359996800e-02 
1054.000  5.6651186800e-01  1.0198201180e-02 
1055.000  5.7095860000e-01  1.0224671360e-02 
1056.000  5.6967713600e-01  1.0154383660e-02 
1057.000  5.6925641300e-01  1.0101059910e-02 
1058.000  5.6429928100e-01  9.9493398670e-03 
1059.000  5.4649813000e-01  9.6586751940e-03 
1060.000  5.6569337400e-01  1.0059152600e-02 
1061.000  5.4599163600e-01  9.7161207200e-03 
1062.000  5.6175618900e-01  9.9642467500e-03 
1063.000  5.5249204600e-01  9.7686338420e-03 
1064.000  5.5991763800e-01  9.8054647450e-03 
1065.000  5.5982900000e-01  9.6970806120e-03 
1066.000  5.4262711900e-01  9.3501615520e-03 
1067.000  5.5580802400e-01  9.5076456070e-03 
1068.000  5.5446568300e-01  9.3409261700e-03 
1069.000  5.1311073100e-01  8.5816898350e-03 
1070.000  5.4342040800e-01  9.1345634460e-03 
1071.000  5.4483281400e-01  9.1429290770e-03 
1072.000  5.4719467900e-01  9.1684627530e-03 
1073.000  5.2928858600e-01  8.8954448700e-03 
1074.000  5.4776098700e-01  9.2522230150e-03 
1075.000  5.3001617100e-01  9.0577411650e-03 
1076.000  5.4215803300e-01  9.2300405500e-03 
1077.000  5.4157095100e-01  9.1701517110e-03 
1078.000  5.4369459800e-01  9.1478939060e-03 
1079.000  5.2286572300e-01  8.8012084960e-03 
1080.000  5.4026716200e-01  8.9272117610e-03 
1081.000  5.2048620500e-01  8.5870761870e-03 
1082.000  5.2632268800e-01  8.7087287900e-03 
1083.000  5.1304764100e-01  8.3531713490e-03 
1084.000  5.3366556800e-01  8.5459375380e-03 
1085.000  5.2906055400e-01  8.2231674190e-03 
1086.000  5.3540805600e-01  8.3195075990e-03 
1087.000  5.0013126600e-01  7.9567008020e-03 
1088.000  5.3034062500e-01  8.5069952010e-03 
1089.000  5.1312563900e-01  8.0178174970e-03 
1090.000  5.2485553800e-01  8.2055377960e-03 
1091.000  5.2765705300e-01  8.3542232510e-03 
1092.000  5.1690089100e-01  8.1117286680e-03 
1093.000  5.1377517000e-01  7.8399329190e-03 
1094.000  4.6876610400e-01  7.0167303090e-03 
1095.000  5.0716804800e-01  7.5639719960e-03 
1096.000  5.0790405900e-01  7.5486178400e-03 
1097.000  4.9869972000e-01  7.3120713230e-03 
1098.000  4.9774882300e-01  6.6962661740e-03 
1099.000  5.0223898700e-01  6.2079691890e-03 
1100.000  5.1065360000e-01  6.3459692000e-03 
1101.000  5.0907176500e-01  6.3954720500e-03 
1102.000  4.8815999900e-01  6.0939650540e-03 
1103.000  5.0719409900e-01  6.3730769160e-03 
1104.000  5.0394808500e-01  6.2415180210e-03 
1105.000  5.0430904100e-01  6.0307374000e-03 
1106.000  5.0119830600e-01  5.7973995210e-03 
1107.000  5.0030124000e-01  5.8232297900e-03 
1108.000  4.9846044400e-01  5.8207588200e-03 
1109.000  4.9977554200e-01  5.9829192160e-03 
1110.000  5.0233921700e-01  5.9615154270e-03 
1111.000  4.9630536800e-01  5.7814817430e-03 
1112.000  4.9189237100e-01  5.3356723790e-03 
1113.000  4.9016998900e-01  4.8461298940e-03 
1114.000  4.9547752200e-01  4.7435054780e-03 
1115.000  4.9048786100e-01  4.2471852300e-03 
1116.000  4.8428254400e-01  3.9644801620e-03 
1117.000  4.9002722700e-01  3.5771839620e-03 
1118.000  4.8489512300e-01  3.2058219910e-03 
1119.000  4.7133736000e-01  2.9752841000e-03 
1120.000  4.7228662100e-01  2.8458282950e-03 
1121.000  4.7529375600e-01  2.8376834390e-03 
1122.000  4.7308969400e-01  2.7214980130e-03 
1123.000  4.7531175800e-01  2.7867763040e-03 
1124.000  4.7622583600e-01  2.8300309180e-03 
1125.000  4.6630311600e-01  2.7509825230e-03 
1126.000  4.5738538300e-01  2.6910533910e-03 
1127.000  4.7287064400e-01  2.7916543480e-03 
1128.000  4.6422550500e-01  2.7593100070e-03 
1129.000  4.6712011600e-01  2.8967678550e-03 
1130.000  4.6803644800e-01  3.2767210010e-03 
1131.000  4.7316559600e-01  3.4397594930e-03 
1132.000  4.7416543100e-01  3.2691514490e-03 
1133.000  4.6192002300e-01  2.9180552960e-03 
1134.000  4.5652351200e-01  2.5624260900e-03 
1135.000  4.6250564900e-01  2.6143605710e-03 
1136.000  4.6442073900e-01  2.9732604030e-03 
1137.000  4.7121710400e-01  3.3118221760e-03 
1138.000  4.5515718700e-01  3.5420346260e-03 
1139.000  4.6536983300e-01  3.7777030470e-03 
1140.000  4.6659752300e-01  3.7128815650e-03 
1141.000  4.5310989700e-01  3.4772040840e-03 
1142.000  4.6537463400e-01  3.5181453230e-03 
1143.000  4.5699832000e-01  3.3007385730e-03 
1144.000  4.5372373600e-01  3.1207945350e-03 
1145.000  4.5634211000e-01  2.9383366110e-03 
1146.000  4.6102023100e-01  3.0115633010e-03 
1147.000  4.6335746800e-01  3.1910159590e-03 
1148.000  4.5895077600e-01  3.3228590490e-03 
1149.000  4.6042341200e-01  3.4081256390e-03 
1150.000  4.5846817900e-01  3.4139153960e-03 
1151.000  4.5712337700e-01  3.5336892600e-03 
1152.000  4.5626888900e-01  3.5941960810e-03 
1153.000  4.5547134100e-01  3.6854960920e-03 
1154.000  4.5895077800e-01  3.7084364890e-03 
1155.000  4.6052955800e-01  3.9279017450e-03 
1156.000  4.5428699000e-01  4.1057968140e-03 
1157.000  4.5854541600e-01  4.7003884320e-03 
1158.000  4.5861683000e-01  5.0169987680e-03 
1159.000  4.5213408000e-01  5.2557387350e-03 
1160.000  4.4639012700e-01  5.3328123090e-03 
1161.000  4.3676242600e-01  5.5464777950e-03 
1162.000  4.5257366500e-01  6.0242648120e-03 
1163.000  4.5445338500e-01  6.3667387960e-03 
1164.000  4.4522219800e-01  6.3016395570e-03 
1165.000  4.5381605200e-01  6.4781517980e-03 
1166.000  4.4204516200e-01  6.3917078970e-03 
1167.000  4.4921424600e-01  6.5477542880e-03 
1168.000  4.5314065700e-01  6.5938186650e-03 
1169.000  4.3747164800e-01  6.4158968930e-03 
1170.000  4.4923593600e-01  6.6327786450e-03 
1171.000  4.5131469600e-01  6.7662935260e-03 
1172.000  4.4990316500e-01  6.6895427700e-03 
1173.000  4.4676914100e-01  6.5912775990e-03 
1174.000  4.4699587900e-01  6.6001210210e-03 
1175.000  4.4176293700e-01  6.6748590470e-03 
1176.000  4.3109770800e-01  6.6546163560e-03 
1177.000  4.4440957600e-01  6.7916507720e-03 
1178.000  4.3690285200e-01  6.5429143910e-03 
1179.000  4.3494322800e-01  6.5152921680e-03 
1180.000  4.4104920100e-01  6.5584630970e-03 
1181.000  4.3879621200e-01  6.4027352330e-03 
1182.000  4.3935108200e-01  6.2852606770e-03 
1183.000  4.1384244300e-01  5.9283947940e-03 
1184.000  4.3249436600e-01  6.2587399480e-03 
1185.000  4.3821670600e-01  6.5072965620e-03 
1186.000  4.3560959100e-01  6.4110522270e-03 
1187.000  4.3576345700e-01  6.2342448230e-03 
1188.000  4.3352804600e-01  6.1432304380e-03 
1189.000  4.0816484900e-01  5.8549389840e-03 
1190.000  4.2823706100e-01  6.3733830450e-03 
1191.000  4.3491395700e-01  6.5160374640e-03 
1192.000  4.3254621800e-01  6.5625491140e-03 
1193.000  4.3271242600e-01  6.4967951770e-03 
1194.000  4.3189985800e-01  6.4607315060e-03 
1195.000  4.2705814400e-01  6.2795705800e-03 
1196.000  4.2678899100e-01  6.2957005500e-03 
1197.000  4.2667575200e-01  6.2440080640e-03 
1198.000  4.1234574700e-01  6.0264749530e-03 
1199.000  3.9702221100e-01  5.7441248890e-03 
1200.000  4.2205070900e-01  6.1448273660e-03 
1201.000  4.2507948700e-01  6.2092332840e-03 
1202.000  4.2589471500e-01  6.2493977550e-03 
1203.000  4.0510897200e-01  5.9233689310e-03 
1204.000  4.1182262700e-01  6.0572142600e-03 
1205.000  4.2137537400e-01  6.3950791360e-03 
1206.000  4.1881225600e-01  6.4494304660e-03 
1207.000  4.2162446900e-01  6.5323200230e-03 
1208.000  4.1548692400e-01  6.4074282650e-03 
1209.000  3.8952873600e-01  5.9604706760e-03 
1210.000  4.1680544300e-01  6.2968931200e-03 
1211.000  4.0288214700e-01  6.0813837050e-03 
1212.000  4.1549666300e-01  6.3068389890e-03 
1213.000  4.1703208200e-01  6.4247102740e-03 
1214.000  4.1524746600e-01  6.4011387830e-03 
1215.000  4.1667396300e-01  6.4696006770e-03 
1216.000  4.1544234600e-01  6.5999503140e-03 
1217.000  4.1457849200e-01  6.7082347870e-03 
1218.000  4.1312843100e-01  6.7366604800e-03 
1219.000  4.0926247100e-01  6.7010879520e-03 
1220.000  4.1201348300e-01  6.7361812590e-03 
1221.000  4.1116017600e-01  6.7230973240e-03 
1222.000  4.0888281100e-01  6.6782331470e-03 
1223.000  4.0688130000e-01  6.6749553680e-03 
1224.000  4.0982228800e-01  6.8202915190e-03 
1225.000  4.0749912700e-01  6.8161787990e-03 
1226.000  4.0882713700e-01  6.8822441100e-03 
1227.000  3.9479884100e-01  6.7065892220e-03 
1228.000  4.0689730300e-01  6.9847865100e-03 
1229.000  4.0622125200e-01  7.0231914520e-03 
1230.000  4.0459290400e-01  7.0533118250e-03 
1231.000  4.0446046300e-01  7.0862183570e-03 
1232.000  3.9986164200e-01  7.0218133930e-03 
1233.000  4.0298102500e-01  7.0880908970e-03 
1234.000  4.0151423600e-01  7.1360249520e-03 
1235.000  3.9864262500e-01  7.1074962620e-03 
1236.000  4.0090098200e-01  7.1575875280e-03 
1237.000  4.0079550900e-01  7.1785998340e-03 
1238.000  4.0051107000e-01  7.1796979900e-03 
1239.000  3.9592799400e-01  7.0995125770e-03 
1240.000  3.9415094800e-01  7.1110954280e-03 
1241.000  3.9775893300e-01  7.2164015770e-03 
1242.000  3.9554038600e-01  7.2134761810e-03 
1243.000  3.9121054300e-01  7.1727437970e-03 
1244.000  3.8786218600e-01  7.1386752130e-03 
1245.000  3.9464151800e-01  7.2838058470e-03 
1246.000  3.9170801700e-01  7.1826634410e-03 
1247.000  3.8992080800e-01  7.1014099120e-03 
1248.000  3.9308837600e-01  7.1099929810e-03 
1249.000  3.9175789800e-01  7.0465159420e-03 
1250.000  3.9036358100e-01  6.9744238850e-03 
1251.000  3.8783243200e-01  6.8945012090e-03 
1252.000  3.8683546500e-01  6.8397154810e-03 
1253.000  3.8381185900e-01  6.7474436760e-03 
1254.000  3.8513831600e-01  6.7040982250e-03 
1255.000  3.8472709220e-01  6.6499080660e-03 
1256.000  3.8413312190e-01  6.5998578070e-03 
1257.000  3.8001866680e-01  6.4400625230e-03 
1258.000  3.8201110140e-01  6.3310890200e-03 
1259.000  3.7811563340e-01  6.1456165310e-03 
1260.000  3.7893219430e-01  6.0321412090e-03 
1261.000  3.7848490630e-01  5.8972854610e-03 
1262.000  3.7038685170e-01  5.6183452610e-03 
1263.000  3.7487918700e-01  5.6752953530e-03 
1264.000  3.6904253320e-01  5.5908923150e-03 
1265.000  3.6971499410e-01  5.6182389260e-03 
1266.000  3.7210284290e-01  5.6356015210e-03 
1267.000  3.6513402480e-01  5.5095524790e-03 
1268.000  3.6153847160e-01  5.4235200880e-03 
1269.000  3.6492282280e-01  5.4603509900e-03 
1270.000  3.6893313160e-01  5.6423754690e-03 
1271.000  3.7098135700e-01  5.7333269120e-03 
1272.000  3.6988432540e-01  5.7762651440e-03 
1273.000  3.6956601740e-01  5.8370237350e-03 
1274.000  3.6735877770e-01  5.8692307470e-03 
1275.000  3.6952063450e-01  5.9272074700e-03 
1276.000  3.7011380010e-01  5.9420762060e-03 
1277.000  3.6983749690e-01  5.9294176100e-03 
1278.000  3.6877712130e-01  5.9001121520e-03 
1279.000  3.6630849770e-01  5.8816528320e-03 
1280.000  3.6414521550e-01  5.9399666790e-03 
1281.000  3.5375962110e-01  5.8594045640e-03 
1282.000  3.1414541770e-01  5.2823743820e-03 
1283.000  3.4476880070e-01  5.8601074220e-03 
1284.000  3.5899573020e-01  6.1452255250e-03 
1285.000  3.6162811970e-01  6.2095966340e-03 
1286.000  3.6150995630e-01  6.1743350030e-03 
1287.000  3.6372107040e-01  6.1556324960e-03 
1288.000  3.6144085490e-01  5.9342565540e-03 
1289.000  3.6359538150e-01  5.9149599080e-03 
1290.000  3.5526442650e-01  5.7607216840e-03 
1291.000  3.6012735210e-01  5.8165640830e-03 
1292.000  3.6163033280e-01  5.8565573690e-03 
1293.000  3.6195363330e-01  5.8184838290e-03 
1294.000  3.5620878400e-01  5.6050858500e-03 
1295.000  3.6004385820e-01  5.5155968670e-03 
1296.000  3.6030878640e-01  5.4108943940e-03 
1297.000  3.5808741150e-01  5.3153977390e-03 
1298.000  3.5488826760e-01  5.2731237410e-03 
1299.000  3.5845138610e-01  5.3295059200e-03 
1300.000  3.5701210510e-01  5.3121628760e-03 
1301.000  3.5644315820e-01  5.2853512760e-03 
1302.000  3.5187096290e-01  5.1299104690e-03 
1303.000  3.4998179500e-01  4.9235415460e-03 
1304.000  3.5020924760e-01  4.8332710270e-03 
1305.000  3.5236670590e-01  4.8096570970e-03 
1306.000  3.5270167230e-01  4.7561440470e-03 
1307.000  3.5166057490e-01  4.7036471370e-03 
1308.000  3.5136142870e-01  4.6157393460e-03 
1309.000  3.5104798220e-01  4.4919686320e-03 
1310.000  3.4959081340e-01  4.4709444050e-03 
1311.000  3.4851943230e-01  4.4639286990e-03 
1312.000  3.4743402750e-01  4.3066430090e-03 
1313.000  3.3460192100e-01  3.9738578800e-03 
1314.000  3.4504674550e-01  3.9495193960e-03 
1315.000  3.3342869260e-01  3.8877587320e-03 
1316.000  3.4118500990e-01  4.0888257030e-03 
1317.000  3.4485567230e-01  4.1330847740e-03 
1318.000  3.3997590680e-01  3.8920598030e-03 
1319.000  3.4463336890e-01  3.7111980920e-03 
1320.000  3.4208939810e-01  3.4474728110e-03 
1321.000  3.4058685540e-01  3.3487930300e-03 
1322.000  3.3990664880e-01  3.4709386830e-03 
1323.000  3.4065885550e-01  3.6296505930e-03 
1324.000  3.4083943150e-01  3.7217552660e-03 
1325.000  3.3975019610e-01  3.6459312440e-03 
1326.000  3.3816154370e-01  3.4710214140e-03 
1327.000  3.3546133260e-01  3.1389300820e-03 
1328.000  3.3634715760e-01  2.8790588380e-03 
1329.000  3.2407159220e-01  2.3861281870e-03 
1330.000  3.2914607340e-01  2.2920126910e-03 
1331.000  3.3061193250e-01  2.2255311010e-03 
1332.000  3.2306610200e-01  2.1962203980e-03 
1333.000  3.3160404750e-01  2.3227581980e-03 
1334.000  3.3201851450e-01  2.4201295380e-03 
1335.000  3.3230393220e-01  2.4930927750e-03 
1336.000  3.2870633270e-01  2.4894721510e-03 
1337.000  3.2977067990e-01  2.5008759500e-03 
1338.000  3.2952703900e-01  2.5517342090e-03 
1339.000  3.2598637290e-01  2.5262770650e-03 
1340.000  3.2364642240e-01  2.5525517460e-03 
1341.000  3.2853133940e-01  2.5297410490e-03 
1342.000  3.2772761480e-01  2.5300278660e-03 
1343.000  3.2769894210e-01  2.3433821200e-03 
1344.000  3.2620132270e-01  2.1813101770e-03 
1345.000  3.2370208990e-01  1.8998129370e-03 
1346.000  3.1853087200e-01  1.7554346320e-03 
1347.000  3.1913678110e-01  1.7056638000e-03 
1348.000  3.1555957470e-01  1.6338418720e-03 
1349.000  3.1341756930e-01  1.6006299260e-03 
1350.000  3.0701959730e-01  1.5251185890e-03 
1351.000  3.0485167520e-01  1.4863899950e-03 
1352.000  3.0540931360e-01  1.4475016590e-03 
1353.000  2.9955680780e-01  1.3701703550e-03 
1354.000  2.9593933590e-01  1.3250986340e-03 
1355.000  2.9029951810e-01  1.2690404650e-03 
1356.000  2.8602552820e-01  1.2168443200e-03 
1357.000  2.7932681340e-01  1.1472421880e-03 
1358.000  2.7972451370e-01  1.1048094030e-03 
1359.000  2.7200815670e-01  9.9972456690e-04 
1360.000  2.6204039260e-01  9.1626942160e-04 
1361.000  2.6423814420e-01  8.9343786240e-04 
1362.000  2.6197455230e-01  8.7719148400e-04 
1363.000  2.6223739200e-01  9.2480927710e-04 
1364.000  2.6750755450e-01  9.5923227070e-04 
1365.000  2.6737093030e-01  9.6738272910e-04 
1366.000  2.6924882490e-01  9.9231100080e-04 
1367.000  2.6429890520e-01  9.5082747940e-04 
1368.000  2.6432293390e-01  9.2935162780e-04 
1369.000  2.5956048530e-01  9.1776835920e-04 
1370.000  2.6507192900e-01  9.9156236650e-04 
1371.000  2.7285163370e-01  1.0955914260e-03 
1372.000  2.8368940370e-01  1.2168445590e-03 
1373.000  2.8779248590e-01  1.2820650340e-03 
1374.000  2.9108006330e-01  1.3219766620e-03 
1375.000  2.8698941070e-01  1.3146407600e-03 
1376.000  2.8270069050e-01  1.2865358590e-03 
1377.000  2.8527984600e-01  1.2801029680e-03 
1378.000  2.8038159830e-01  1.2237852810e-03 
1379.000  2.7852762050e-01  1.1643346550e-03 
1380.000  2.6853975260e-01  1.0519890790e-03 
1381.000  2.6248597490e-01  9.5969301460e-04 
1382.000  2.5434208230e-01  8.9239221810e-04 
1383.000  2.5656734100e-01  8.9583766460e-04 
1384.000  2.6226341360e-01  9.7224354740e-04 
1385.000  2.6434647120e-01  1.0238405470e-03 
1386.000  2.7232482510e-01  1.1067541840e-03 
1387.000  2.7622726630e-01  1.2003133300e-03 
1388.000  2.8201766380e-01  1.2610317470e-03 
1389.000  2.8426269260e-01  1.2864627840e-03 
1390.000  2.7925043610e-01  1.2682907580e-03 
1391.000  2.8198658100e-01  1.2682044510e-03 
1392.000  2.7754582600e-01  1.2116460800e-03 
1393.000  2.7300246010e-01  1.1564813850e-03 
1394.000  2.6695092450e-01  1.0978224280e-03 
1395.000  2.6825176640e-01  1.1180900340e-03 
1396.000  2.7418093530e-01  1.1826461550e-03 
1397.000  2.7724840090e-01  1.2277423140e-03 
1398.000  2.7745984210e-01  1.2323572640e-03 
1399.000  2.7564651160e-01  1.2135655880e-03 
1400.000  2.6764310670e-01  1.1730422970e-03 
1401.000  2.6885531420e-01  1.1818606850e-03 
1402.000  2.7541959150e-01  1.2356572150e-03 
1403.000  2.7472001280e-01  1.2476022240e-03 
1404.000  2.7263761180e-01  1.2295358180e-03 
1405.000  2.7280300410e-01  1.2316926720e-03 
1406.000  2.7241904630e-01  1.2187029120e-03 
1407.000  2.7268941120e-01  1.2193135020e-03 
1408.000  2.7353132670e-01  1.2467795610e-03 
1409.000  2.7644644050e-01  1.2771369220e-03 
1410.000  2.7763782510e-01  1.3120870590e-03 
1411.000  2.7970904680e-01  1.3434559110e-03 
1412.000  2.6877936310e-01  1.2895498280e-03 
1413.000  2.7396982480e-01  1.3220080140e-03 
1414.000  2.7755271490e-01  1.3320665360e-03 
1415.000  2.7739181290e-01  1.3437824250e-03 
1416.000  2.7688290320e-01  1.3527677060e-03 
1417.000  2.7890414120e-01  1.3616821770e-03 
1418.000  2.7901288810e-01  1.3613874910e-03 
1419.000  2.7503922940e-01  1.3406724930e-03 
1420.000  2.7443559500e-01  1.3405752180e-03 
1421.000  2.7899031890e-01  1.3817240000e-03 
1422.000  2.7275644910e-01  1.3590428830e-03 
1423.000  2.7109601520e-01  1.3519891500e-03 
1424.000  2.7134104860e-01  1.3486526010e-03 
1425.000  2.7657687750e-01  1.3630064730e-03 
1426.000  2.6538556980e-01  1.3057904240e-03 
1427.000  2.6952639100e-01  1.3342183830e-03 
1428.000  2.7537640750e-01  1.3693699840e-03 
1429.000  2.6891809250e-01  1.3455812930e-03 
1430.000  2.6307680800e-01  1.3105330470e-03 
1431.000  2.6247385470e-01  1.2809978720e-03 
1432.000  2.6724525080e-01  1.2885853050e-03 
1433.000  2.6738105900e-01  1.2853230240e-03 
1434.000  2.6199221470e-01  1.2501664160e-03 
1435.000  2.6518867150e-01  1.2781083580e-03 
1436.000  2.6522446300e-01  1.2820994850e-03 
1437.000  2.6627216760e-01  1.2874424460e-03 
1438.000  2.6562424600e-01  1.3013365270e-03 
1439.000  2.6876470150e-01  1.3164393900e-03 
1440.000  2.5212807330e-01  1.2402981520e-03 
1441.000  2.6483329150e-01  1.3038456440e-03 
1442.000  2.5866732360e-01  1.2629131080e-03 
1443.000  2.6296264550e-01  1.2804403310e-03 
1444.000  2.6424140720e-01  1.2899074550e-03 
1445.000  2.6344387420e-01  1.2843549250e-03 
1446.000  2.6627185630e-01  1.3099011180e-03 
1447.000  2.6505458180e-01  1.3159292940e-03 
1448.000  2.6708104680e-01  1.3248701100e-03 
1449.000  2.6697480770e-01  1.3101540800e-03 
1450.000  2.6517849970e-01  1.2808576820e-03 
1451.000  2.6346871950e-01  1.2753583190e-03 
1452.000  2.6022481060e-01  1.2851604220e-03 
1453.000  2.6517771170e-01  1.3680429460e-03 
1454.000  2.6620829180e-01  1.4560257200e-03 
1455.000  2.6284126580e-01  1.4993758200e-03 
1456.000  2.6272116240e-01  1.5686271190e-03 
1457.000  2.6524028160e-01  1.5889865160e-03 
1458.000  2.6886713950e-01  1.6228903530e-03 
1459.000  2.6986607520e-01  1.5666459800e-03 
1460.000  2.6527472080e-01  1.4889791010e-03 
1461.000  2.6469512840e-01  1.4550681110e-03 
1462.000  2.6180435930e-01  1.3739632370e-03 
1463.000  2.6005870030e-01  1.3594065900e-03 
1464.000  2.5988759170e-01  1.3370652200e-03 
1465.000  2.6289285630e-01  1.3107923270e-03 
1466.000  2.5663157590e-01  1.2359700200e-03 
1467.000  2.6278268920e-01  1.2365380530e-03 
1468.000  2.5631568420e-01  1.1778585910e-03 
1469.000  2.5914221800e-01  1.1539778710e-03 
1470.000  2.5764748970e-01  1.1322020290e-03 
1471.000  2.5357319290e-01  1.1435693500e-03 
1472.000  2.5510555180e-01  1.2027840610e-03 
1473.000  2.5735023560e-01  1.3135049340e-03 
1474.000  2.5026478550e-01  1.3718570470e-03 
1475.000  2.5558594150e-01  1.3972172740e-03 
1476.000  2.5599018790e-01  1.3946067090e-03 
1477.000  2.5674143060e-01  1.3618242740e-03 
1478.000  2.5302793750e-01  1.3074064250e-03 
1479.000  2.5592670650e-01  1.2769927980e-03 
1480.000  2.5732909280e-01  1.3060948850e-03 
1481.000  2.5349282980e-01  1.3310319190e-03 
1482.000  2.5664883870e-01  1.4054027800e-03 
1483.000  2.5136285600e-01  1.3904279470e-03 
1484.000  2.5368619310e-01  1.4061821700e-03 
1485.000  2.5851542970e-01  1.4216098790e-03 
1486.000  2.5425552440e-01  1.4565852880e-03 
1487.000  2.5454641920e-01  1.5847203730e-03 
1488.000  2.2252458400e-01  1.3978109360e-03 
1489.000  2.5550537370e-01  1.7948733570e-03 
1490.000  2.5610014970e-01  1.9834542270e-03 
1491.000  2.5864581080e-01  2.1374254230e-03 
1492.000  2.5263583030e-01  2.1120009420e-03 
1493.000  2.5831308380e-01  2.2564623360e-03 
1494.000  2.5733202840e-01  2.2566204070e-03 
1495.000  2.5553151220e-01  2.3273675440e-03 
1496.000  2.4797493430e-01  2.4084405900e-03 
1497.000  2.5379899870e-01  2.4558711050e-03 
1498.000  2.5636964340e-01  2.6215188500e-03 
1499.000  2.5205770870e-01  2.7059657570e-03 
1500.000  2.5635620740e-01  2.8457028870e-03 
1501.000  2.5599017750e-01  2.7886333470e-03 
1502.000  2.5401286270e-01  2.6969535350e-03 
1503.000  2.2808882500e-01  2.3697810170e-03 
1504.000  2.3763284930e-01  2.4896137710e-03 
1505.000  2.3689465570e-01  2.5995173450e-03 
1506.000  2.4008852190e-01  2.6631150250e-03 
1507.000  2.5109991750e-01  2.9015297890e-03 
1508.000  2.4717926400e-01  2.9268937110e-03 
1509.000  2.4824702040e-01  3.0185480120e-03 
1510.000  2.5208314460e-01  3.1056933400e-03 
1511.000  2.5322945470e-01  3.1844799520e-03 
1512.000  2.4847584530e-01  3.1702997680e-03 
1513.000  2.4805997810e-01  3.2042679790e-03 
1514.000  2.4466448240e-01  3.1821572780e-03 
1515.000  2.4947239090e-01  3.2635073660e-03 
1516.000  2.4715737930e-01  3.2013456820e-03 
1517.000  2.4569357040e-01  3.1642987730e-03 
1518.000  2.5022198900e-01  3.2327649590e-03 
1519.000  2.4650868840e-01  3.2013862130e-03 
1520.000  2.4802513580e-01  3.2963299750e-03 
1521.000  2.4330094120e-01  3.3299040790e-03 
1522.000  2.4187717500e-01  3.3597097400e-03 
1523.000  2.4776473840e-01  3.5081300740e-03 
1524.000  2.4600602370e-01  3.5146660800e-03 
1525.000  2.4052380570e-01  3.4484908580e-03 
1526.000  2.4729889760e-01  3.5213563440e-03 
1527.000  2.4462620850e-01  3.4785740380e-03 
1528.000  2.4610946790e-01  3.5034847260e-03 
1529.000  2.4533063210e-01  3.4620020390e-03 
1530.000  2.2949942580e-01  3.2355816360e-03 
1531.000  2.4522398490e-01  3.4247000220e-03 
1532.000  2.4365083960e-01  3.3727102280e-03 
1533.000  2.4242009650e-01  3.3138039110e-03 
1534.000  2.3856747910e-01  3.2182600500e-03 
1535.000  2.3918173880e-01  3.1845004560e-03 
1536.000  2.4238012810e-01  3.2623870370e-03 
1537.000  2.4294282510e-01  3.3212435250e-03 
1538.000  2.3609846830e-01  3.2801692490e-03 
1539.000  2.4092627840e-01  3.3981447220e-03 
1540.000  2.3209815530e-01  3.3148505690e-03 
1541.000  2.3686040800e-01  3.3839447500e-03 
1542.000  2.3826885700e-01  3.3937699790e-03 
1543.000  2.3738241510e-01  3.3791365620e-03 
1544.000  2.4006732140e-01  3.4204187390e-03 
1545.000  2.4046875940e-01  3.4381225110e-03 
1546.000  2.4026206720e-01  3.4633867740e-03 
1547.000  2.3761003670e-01  3.4518709180e-03 
1548.000  2.3040504610e-01  3.3714342120e-03 
1549.000  2.3631037160e-01  3.4725925920e-03 
1550.000  2.3499832840e-01  3.4654610160e-03 
1551.000  2.3376804450e-01  3.4327342510e-03 
1552.000  2.3774165580e-01  3.4630913730e-03 
1553.000  2.3640033040e-01  3.4213213920e-03 
1554.000  2.2773860360e-01  3.2684335710e-03 
1555.000  2.3139111560e-01  3.3020679950e-03 
1556.000  2.2688603850e-01  3.2596662040e-03 
1557.000  2.3425102690e-01  3.4209609030e-03 
1558.000  2.3245670280e-01  3.4416573050e-03 
1559.000  2.3256784950e-01  3.4878959660e-03 
1560.000  2.2855173210e-01  3.4775388240e-03 
1561.000  2.3398935070e-01  3.5696079730e-03 
1562.000  2.3406444040e-01  3.5370321270e-03 
1563.000  2.3072530210e-01  3.4608049390e-03 
1564.000  2.2638179180e-01  3.3610117440e-03 
1565.000  2.3029541380e-01  3.3774678710e-03 
1566.000  2.2593162620e-01  3.3149263860e-03 
1567.000  2.2658440560e-01  3.3264992240e-03 
1568.000  2.2277536710e-01  3.2599093910e-03 
1569.000  2.2460383950e-01  3.2718844410e-03 
1570.000  2.1956662880e-01  3.1965513230e-03 
1571.000  2.2544987280e-01  3.3092370030e-03 
1572.000  2.2565263710e-01  3.3217427730e-03 
1573.000  2.2187622640e-01  3.2951498030e-03 
1574.000  2.2209779670e-01  3.3362948890e-03 
1575.000  2.0597824680e-01  3.1224410530e-03 
1576.000  2.2128888200e-01  3.3538358210e-03 
1577.000  1.9972797120e-01  2.9869315620e-03 
1578.000  2.1844433270e-01  3.2232155800e-03 
1579.000  2.1937821300e-01  3.1992254260e-03 
1580.000  2.2328385790e-01  3.2275438310e-03 
1581.000  2.2180318900e-01  3.1672618390e-03 
1582.000  2.1670553690e-01  3.1252448560e-03 
1583.000  2.1879439510e-01  3.1848492620e-03 
1584.000  2.1633197570e-01  3.1787450310e-03 
1585.000  2.2235567220e-01  3.2911870480e-03 
1586.000  2.1956273250e-01  3.2581725120e-03 
1587.000  2.1688716450e-01  3.2436828610e-03 
1588.000  2.1341795330e-01  3.2144410610e-03 
1589.000  1.9520506340e-01  2.9476075170e-03 
1590.000  2.1035767850e-01  3.1854231360e-03 
1591.000  2.0564434140e-01  3.1259362700e-03 
1592.000  2.1655131560e-01  3.2978088860e-03 
1593.000  2.2146902550e-01  3.3744893070e-03 
1594.000  2.1991471270e-01  3.3518249990e-03 
1595.000  2.2137964310e-01  3.3745245930e-03 
1596.000  2.0737413460e-01  3.1755471230e-03 
1597.000  2.1583173640e-01  3.2978076930e-03 
1598.000  2.1990492520e-01  3.3441746230e-03 
1599.000  2.1254331300e-01  3.2113931180e-03 
1600.000  2.1608562510e-01  3.2517626290e-03 
1601.000  2.0698923670e-01  3.1303234100e-03 
1602.000  2.1228238770e-01  3.2467792030e-03 
1603.000  2.1067222710e-01  3.2758135800e-03 
1604.000  2.1325930820e-01  3.3767399790e-03 
1605.000  2.1010635240e-01  3.3679497240e-03 
1606.000  2.0925087800e-01  3.3973336220e-03 
1607.000  2.1013041810e-01  3.3733825680e-03 
1608.000  2.1252462000e-01  3.3743901250e-03 
1609.000  2.1170760780e-01  3.3306503300e-03 
1610.000  1.9849720600e-01  3.0975863930e-03 
1611.000  2.0420355470e-01  3.1774773600e-03 
1612.000  2.0594962750e-01  3.1970708370e-03 
1613.000  2.1034523350e-01  3.2559196950e-03 
1614.000  2.0828088130e-01  3.1902122500e-03 
1615.000  2.1154491760e-01  3.2250700000e-03 
1616.000  1.9820391050e-01  3.0048291680e-03 
1617.000  2.0391651190e-01  3.1369352340e-03 
1618.000  2.1027012600e-01  3.2616355420e-03 
1619.000  2.0952630680e-01  3.2972028260e-03 
1620.000  2.0417583350e-01  3.2584455010e-03 
1621.000  2.0111497940e-01  3.2481288910e-03 
1622.000  2.0617714020e-01  3.3353676800e-03 
1623.000  2.1030531330e-01  3.4166500570e-03 
1624.000  2.1175868570e-01  3.4498732090e-03 
1625.000  2.0644081580e-01  3.3886656760e-03 
1626.000  2.0897216630e-01  3.4198679920e-03 
1627.000  2.0870261060e-01  3.4355247020e-03 
1628.000  2.1037972520e-01  3.4741175170e-03 
1629.000  2.1034917810e-01  3.4828069210e-03 
1630.000  2.0463833170e-01  3.3902206420e-03 
1631.000  2.0783890280e-01  3.4554083350e-03 
1632.000  2.0789138950e-01  3.3974623680e-03 
1633.000  2.0521588760e-01  3.3099696640e-03 
1634.000  2.0041392230e-01  3.1860046390e-03 
1635.000  2.0578718900e-01  3.2304944990e-03 
1636.000  2.0524283990e-01  3.1744055750e-03 
1637.000  1.9610516960e-01  2.9902238850e-03 
1638.000  1.9467208700e-01  2.9344263080e-03 
1639.000  1.9273213160e-01  2.8574776650e-03 
1640.000  1.9388824630e-01  2.8355667590e-03 
1641.000  1.9268836110e-01  2.7918159960e-03 
1642.000  1.9244818120e-01  2.8587591650e-03 
1643.000  1.9739441540e-01  2.9995267390e-03 
1644.000  1.9433962520e-01  3.0174705980e-03 
1645.000  1.9477290930e-01  3.0849051480e-03 
1646.000  1.9711388840e-01  3.1799793240e-03 
1647.000  1.9896460510e-01  3.2052009110e-03 
1648.000  1.9819602030e-01  3.1810767650e-03 
1649.000  1.9366835670e-01  3.1025533680e-03 
1650.000  1.9857588690e-01  3.1776158810e-03 
1651.000  1.9410178650e-01  3.1024222370e-03 
1652.000  1.9797552580e-01  3.1591157910e-03 
1653.000  1.9575259340e-01  3.1302299500e-03 
1654.000  1.9794894020e-01  3.1664464470e-03 
1655.000  1.9398137770e-01  3.1122901440e-03 
1656.000  1.9770711250e-01  3.1778426170e-03 
1657.000  1.9627411140e-01  3.1539573670e-03 
1658.000  1.9733464000e-01  3.1782038210e-03 
1659.000  1.9369959290e-01  3.1195528510e-03 
1660.000  1.9606346880e-01  3.1496250630e-03 
1661.000  1.9683314850e-01  3.1412327290e-03 
1662.000  1.9551054740e-01  3.0539457800e-03 
1663.000  1.9427990990e-01  2.9762239460e-03 
1664.000  1.9345758640e-01  2.9043929580e-03 
1665.000  1.9148201940e-01  2.8152461050e-03 
1666.000  1.9054997930e-01  2.7909727100e-03 
1667.000  1.9207252460e-01  2.8720159530e-03 
1668.000  1.8881830010e-01  2.8639335630e-03 
1669.000  1.8912064140e-01  2.9167771340e-03 
1670.000  1.9319299020e-01  3.0284571650e-03 
1671.000  1.9171786320e-01  3.0575783250e-03 
1672.000  1.8263694540e-01  2.9728543760e-03 
1673.000  1.8801732320e-01  3.1114263530e-03 
1674.000  1.8889098450e-01  3.1806404590e-03 
1675.000  1.8714113220e-01  3.2122757430e-03 
1676.000  1.8415996320e-01  3.1805512910e-03 
1677.000  1.8504503000e-01  3.1919991970e-03 
1678.000  1.8591372320e-01  3.2097587590e-03 
1679.000  1.8344117120e-01  3.1588130000e-03 
1680.000  1.7703229490e-01  3.0498037340e-03 
1681.000  1.7082692650e-01  2.9427969460e-03 
1682.000  1.7576025230e-01  3.0243277550e-03 
1683.000  1.8015337390e-01  3.0925114150e-03 
1684.000  1.8351432940e-01  3.1435525420e-03 
1685.000  1.8423333250e-01  3.1379597190e-03 
1686.000  1.8201050490e-01  3.0850121970e-03 
1687.000  1.8302666330e-01  3.0602748390e-03 
1688.000  1.8336849930e-01  3.0292782780e-03 
1689.000  1.8115847540e-01  2.9731941220e-03 
1690.000  1.8132166940e-01  2.9367125030e-03 
1691.000  1.8369455100e-01  2.9846007820e-03 
1692.000  1.8402893220e-01  3.0081665520e-03 
1693.000  1.8332935580e-01  3.0182688240e-03 
1694.000  1.8305198530e-01  3.0320365430e-03 
1695.000  1.8326114520e-01  3.0417006020e-03 
1696.000  1.8218946400e-01  2.9849064350e-03 
1697.000  1.8114875740e-01  2.9169921880e-03 
1698.000  1.8224197340e-01  2.8872787950e-03 
1699.000  1.8106429200e-01  2.8251304630e-03 
1700.000  1.7874323690e-01  2.7481191160e-03 
