 lambda   Irr_dw            Rad_up 
 550.000  1.5576598700e+00  7.8968994140e-02 
 551.000  1.5473430700e+00  7.8287330630e-02 
 552.000  1.6133703800e+00  8.1567100520e-02 
 553.000  1.5496119200e+00  7.8163581850e-02 
 554.000  1.5996760000e+00  8.0608581540e-02 
 555.000  1.6036516800e+00  8.0596267700e-02 
 556.000  1.5589682800e+00  7.8147476200e-02 
 557.000  1.5123252200e+00  7.5739898680e-02 
 558.000  1.5693861300e+00  7.8394332890e-02 
 559.000  1.4830759800e+00  7.3945014950e-02 
 560.000  1.4893255000e+00  7.4181518550e-02 
 561.000  1.6366133900e+00  8.1298042300e-02 
 562.000  1.5024438700e+00  7.4527999880e-02 
 563.000  1.5717973200e+00  7.7763931270e-02 
 564.000  1.5497377700e+00  7.6413238530e-02 
 565.000  1.5685047200e+00  7.7237319950e-02 
 566.000  1.4462097600e+00  7.1025894170e-02 
 567.000  1.5526173700e+00  7.5923301700e-02 
 568.000  1.5531887800e+00  7.5292640690e-02 
 569.000  1.5317525500e+00  7.3063606260e-02 
 570.000  1.5382785000e+00  7.3365257260e-02 
 571.000  1.4771967300e+00  7.1059501650e-02 
 572.000  1.5681723400e+00  7.4698097230e-02 
 573.000  1.5830323400e+00  7.5526718140e-02 
 574.000  1.5739398600e+00  7.5034324650e-02 
 575.000  1.5360476600e+00  7.3073371890e-02 
 576.000  1.5083812900e+00  7.1662704470e-02 
 577.000  1.5691157800e+00  7.4598793030e-02 
 578.000  1.5205726200e+00  7.2595390320e-02 
 579.000  1.5067195500e+00  7.2003959660e-02 
 580.000  1.5566333000e+00  7.4621864320e-02 
 581.000  1.5254472100e+00  7.3287918090e-02 
 582.000  1.5464237700e+00  7.4214263920e-02 
 583.000  1.5563300000e+00  7.4725471500e-02 
 584.000  1.5506507400e+00  7.4284317020e-02 
 585.000  1.5400113300e+00  7.3630447390e-02 
 586.000  1.4735050600e+00  7.0396835330e-02 
 587.000  1.5341985700e+00  7.2747314450e-02 
 588.000  1.5323244900e+00  7.1270828250e-02 
 589.000  1.3776172900e+00  6.2462192540e-02 
 590.000  1.4396127100e+00  6.5151046750e-02 
 591.000  1.5150246200e+00  6.9539184570e-02 
 592.000  1.4936011400e+00  6.7813407900e-02 
 593.000  1.4928396800e+00  6.8913322450e-02 
 594.000  1.5101427100e+00  6.9366188050e-02 
 595.000  1.4927631500e+00  6.7596809390e-02 
 596.000  1.5130080200e+00  6.9726623540e-02 
 597.000  1.5210617300e+00  6.9631973270e-02 
 598.000  1.4830650800e+00  6.8389045720e-02 
 599.000  1.4805665200e+00  6.8433319090e-02 
 600.000  1.4746476100e+00  6.8637290950e-02 
 601.000  1.4621897300e+00  6.8402771000e-02 
 602.000  1.4446868600e+00  6.7604019170e-02 
 603.000  1.4519231600e+00  6.8059135440e-02 
 604.000  1.4966331400e+00  7.0293098450e-02 
 605.000  1.4921903400e+00  6.9955505370e-02 
 606.000  1.4746621000e+00  6.9157661440e-02 
 607.000  1.4661786700e+00  6.8658920290e-02 
 608.000  1.4606629900e+00  6.8273849490e-02 
 609.000  1.4455750800e+00  6.7524559020e-02 
 610.000  1.4223186900e+00  6.6317634580e-02 
 611.000  1.4453200600e+00  6.7334510800e-02 
 612.000  1.4264432200e+00  6.6408294680e-02 
 613.000  1.4055631200e+00  6.5330291750e-02 
 614.000  1.3543187800e+00  6.2920532230e-02 
 615.000  1.4197175000e+00  6.5815498350e-02 
 616.000  1.3498860400e+00  6.2559589390e-02 
 617.000  1.3575690100e+00  6.2861183170e-02 
 618.000  1.4217225500e+00  6.5661872860e-02 
 619.000  1.4088719400e+00  6.5069702150e-02 
 620.000  1.4298972300e+00  6.5866416930e-02 
 621.000  1.4547840100e+00  6.6949951170e-02 
 622.000  1.3783684600e+00  6.3317863460e-02 
 623.000  1.3895953800e+00  6.3623443600e-02 
 624.000  1.3915283400e+00  6.3721252440e-02 
 625.000  1.3542608500e+00  6.1955162050e-02 
 626.000  1.3621900400e+00  6.2067169190e-02 
 627.000  1.3906753200e+00  6.2774551390e-02 
 628.000  1.3971829700e+00  6.1386863710e-02 
 629.000  1.4181236100e+00  6.2989574430e-02 
 630.000  1.3672167600e+00  6.1094829560e-02 
 631.000  1.4130534500e+00  6.3298011780e-02 
 632.000  1.3184016700e+00  5.8811492920e-02 
 633.000  1.4086207600e+00  6.3259040830e-02 
 634.000  1.3639895900e+00  6.1419021610e-02 
 635.000  1.3885029900e+00  6.2535549160e-02 
 636.000  1.3382210300e+00  6.0352886200e-02 
 637.000  1.3815560500e+00  6.2363269810e-02 
 638.000  1.4003001900e+00  6.3388603210e-02 
 639.000  1.3884407200e+00  6.2709491730e-02 
 640.000  1.3434444000e+00  6.0912509920e-02 
 641.000  1.3626921000e+00  6.1729858400e-02 
 642.000  1.3453213700e+00  6.0973403930e-02 
 643.000  1.3705243400e+00  6.1903099060e-02 
 644.000  1.3547215900e+00  6.1064472200e-02 
 645.000  1.3689536500e+00  6.1514083860e-02 
 646.000  1.3267057300e+00  5.8609222410e-02 
 647.000  1.3519889700e+00  5.9058639530e-02 
 648.000  1.3575573800e+00  5.8776947020e-02 
 649.000  1.3775673100e+00  5.9976329800e-02 
 650.000  1.2641788100e+00  5.5980937960e-02 
 651.000  1.3618653300e+00  6.0268123630e-02 
 652.000  1.3472864100e+00  5.8696575160e-02 
 653.000  1.3609519500e+00  6.0286926270e-02 
 654.000  1.3447001100e+00  5.9295253750e-02 
 655.000  1.3140561000e+00  5.7522338870e-02 
 656.000  1.1142955200e+00  4.8833774570e-02 
 657.000  1.1870429300e+00  5.2180698390e-02 
 658.000  1.3178181200e+00  5.8338336940e-02 
 659.000  1.3184673600e+00  5.8516147610e-02 
 660.000  1.3277554100e+00  5.9011920930e-02 
 661.000  1.3303549500e+00  5.9435123440e-02 
 662.000  1.3480383900e+00  6.0335567470e-02 
 663.000  1.3334576600e+00  5.9557407380e-02 
 664.000  1.3117559600e+00  5.8594123840e-02 
 665.000  1.3170954700e+00  5.8813842770e-02 
 666.000  1.3323830400e+00  5.9606548310e-02 
 667.000  1.3055344100e+00  5.8320388790e-02 
 668.000  1.3123924400e+00  5.8730510710e-02 
 669.000  1.3310159000e+00  5.9593116760e-02 
 670.000  1.3149715100e+00  5.8736156460e-02 
 671.000  1.3008682300e+00  5.8103500370e-02 
 672.000  1.2965618900e+00  5.7863548280e-02 
 673.000  1.3057792000e+00  5.8208835600e-02 
 674.000  1.3082433400e+00  5.8294971470e-02 
 675.000  1.2881878100e+00  5.7319515230e-02 
 676.000  1.3124450600e+00  5.8376495360e-02 
 677.000  1.2862686000e+00  5.7197265620e-02 
 678.000  1.3074745200e+00  5.8072799680e-02 
 679.000  1.2890503000e+00  5.7151824950e-02 
 680.000  1.2795800200e+00  5.6672660830e-02 
 681.000  1.2815704900e+00  5.6655883790e-02 
 682.000  1.2791168200e+00  5.6426990510e-02 
 683.000  1.2878140100e+00  5.6690605160e-02 
 684.000  1.2655798100e+00  5.5646682740e-02 
 685.000  1.2792652300e+00  5.6204662320e-02 
 686.000  1.2260092600e+00  5.3446445470e-02 
 687.000  1.2269000300e+00  4.8981910710e-02 
 688.000  1.2278237500e+00  5.0152912140e-02 
 689.000  1.2313594100e+00  5.0012542720e-02 
 690.000  1.2373176700e+00  5.0858692170e-02 
 691.000  1.2423046800e+00  5.1874713900e-02 
 692.000  1.2348440300e+00  5.1983753200e-02 
 693.000  1.2430248800e+00  5.1476463320e-02 
 694.000  1.2566829400e+00  5.1356842040e-02 
 695.000  1.2336750900e+00  5.0824642180e-02 
 696.000  1.2474890900e+00  5.1650554660e-02 
 697.000  1.2464109100e+00  5.3244213100e-02 
 698.000  1.2241257700e+00  5.1845699310e-02 
 699.000  1.2499759200e+00  5.1564716340e-02 
 700.000  1.2350270000e+00  5.1110816960e-02 
 701.000  1.2080756400e+00  4.9653453830e-02 
 702.000  1.2018660000e+00  4.9582805630e-02 
 703.000  1.2164596800e+00  5.1215362550e-02 
 704.000  1.2199884500e+00  5.1417617800e-02 
 705.000  1.2304786500e+00  5.1356208800e-02 
 706.000  1.2173156900e+00  5.0882804870e-02 
 707.000  1.1986808700e+00  5.0260150910e-02 
 708.000  1.2331862900e+00  5.1883293150e-02 
 709.000  1.1886455500e+00  5.0353260040e-02 
 710.000  1.2169150700e+00  5.1057769780e-02 
 711.000  1.2038985700e+00  5.0894111630e-02 
 712.000  1.1864769300e+00  5.0542636870e-02 
 713.000  1.1820674700e+00  5.0006481170e-02 
 714.000  1.2023892700e+00  5.0677444460e-02 
 715.000  1.1612318000e+00  4.8425472260e-02 
 716.000  1.1924660200e+00  4.9199150090e-02 
 717.000  1.1626884700e+00  4.5503841400e-02 
 718.000  1.1565284100e+00  4.3812549590e-02 
 719.000  1.1432109200e+00  4.2722198490e-02 
 720.000  1.1515449600e+00  4.2367004390e-02 
 721.000  1.1498830600e+00  4.5514892580e-02 
 722.000  1.1658952300e+00  4.7257736210e-02 
 723.000  1.1636052000e+00  4.6405563350e-02 
 724.000  1.1706577000e+00  4.4734741210e-02 
 725.000  1.1578744600e+00  4.4493278500e-02 
 726.000  1.1557493800e+00  4.4306419370e-02 
 727.000  1.1728456100e+00  4.5153560640e-02 
 728.000  1.1526926100e+00  4.4112766270e-02 
 729.000  1.1068805400e+00  4.2989578250e-02 
 730.000  1.1477700200e+00  4.4437679290e-02 
 731.000  1.1288475300e+00  4.3618476870e-02 
 732.000  1.1499480700e+00  4.5574012760e-02 
 733.000  1.1321045300e+00  4.6116764070e-02 
 734.000  1.1553215200e+00  4.7654613490e-02 
 735.000  1.1461078300e+00  4.6990646360e-02 
 736.000  1.1250625500e+00  4.5726757050e-02 
 737.000  1.1396568100e+00  4.6564373020e-02 
 738.000  1.1361952100e+00  4.6843475340e-02 
 739.000  1.0992996800e+00  4.5532436370e-02 
 740.000  1.1092789700e+00  4.6375774380e-02 
 741.000  1.1001878200e+00  4.6339763640e-02 
 742.000  1.0820105900e+00  4.5700984950e-02 
 743.000  1.1134817200e+00  4.7336479190e-02 
 744.000  1.1239107600e+00  4.7924388890e-02 
 745.000  1.0945630000e+00  4.6807556150e-02 
 746.000  1.1096980300e+00  4.7498516080e-02 
 747.000  1.1263157900e+00  4.8178707120e-02 
 748.000  1.1060762400e+00  4.7322280880e-02 
 749.000  1.1062676600e+00  4.7347965240e-02 
 750.000  1.0901093200e+00  4.6563030240e-02 
 751.000  1.0872990200e+00  4.6424839020e-02 
 752.000  1.1037669300e+00  4.7178802490e-02 
 753.000  1.0933155100e+00  4.6731388090e-02 
 754.000  1.1104306900e+00  4.7454952240e-02 
 755.000  1.1040572100e+00  4.7166362760e-02 
 756.000  1.0824338500e+00  4.6227260590e-02 
 757.000  1.0904330200e+00  4.6550903320e-02 
 758.000  1.0893023600e+00  4.6404811860e-02 
 759.000  1.0480147200e+00  4.2362888340e-02 
 760.000  8.2436672000e-01  2.3419076920e-02 
 761.000  7.9440813100e-01  2.1600244520e-02 
 762.000  9.2675601200e-01  3.1512287140e-02 
 763.000  9.1185817900e-01  2.9066562650e-02 
 764.000  9.3526307500e-01  3.0752944950e-02 
 765.000  9.8160980000e-01  3.4763965610e-02 
 766.000  9.7333002000e-01  3.7406536100e-02 
 767.000  1.0032468200e+00  3.9965488430e-02 
 768.000  1.0522197300e+00  4.3025741580e-02 
 769.000  1.0536915000e+00  4.3943485260e-02 
 770.000  1.0510171600e+00  4.4283592220e-02 
 771.000  1.0524872900e+00  4.4597660060e-02 
 772.000  1.0485865200e+00  4.4480278020e-02 
 773.000  1.0442640900e+00  4.4307224270e-02 
 774.000  1.0552831900e+00  4.4786163330e-02 
 775.000  1.0155299300e+00  4.3100070950e-02 
 776.000  1.0572799800e+00  4.4903018950e-02 
 777.000  1.0499544400e+00  4.4560112000e-02 
 778.000  1.0444023500e+00  4.4271045680e-02 
 779.000  1.0478770300e+00  4.4353359220e-02 
 780.000  1.0349907600e+00  4.3812229160e-02 
 781.000  1.0331278500e+00  4.3722740170e-02 
 782.000  1.0456685800e+00  4.4171089170e-02 
 783.000  1.0213089800e+00  4.3206726070e-02 
 784.000  1.0272209500e+00  4.3394630430e-02 
 785.000  1.0305977700e+00  4.3316013340e-02 
 786.000  1.0137223300e+00  4.2436538700e-02 
 787.000  1.0306175500e+00  4.2649734500e-02 
 788.000  1.0161347700e+00  4.1864795680e-02 
 789.000  1.0252790100e+00  4.1582248690e-02 
 790.000  1.0152227800e+00  4.1074794770e-02 
 791.000  1.0094824000e+00  4.0954727170e-02 
 792.000  9.9301478000e-01  4.0325824740e-02 
 793.000  9.9085288000e-01  4.0460906980e-02 
 794.000  9.7817517600e-01  4.0516551970e-02 
 795.000  9.7447225100e-01  3.9892452240e-02 
 796.000  9.9519609000e-01  3.9988361360e-02 
 797.000  1.0003333900e+00  4.0424797060e-02 
 798.000  9.9830867000e-01  4.0839359280e-02 
 799.000  9.9815435000e-01  4.0646820070e-02 
 800.000  9.7394627200e-01  3.9257724760e-02 
 801.000  9.9197606800e-01  4.0014572140e-02 
 802.000  9.9020333200e-01  3.9856376650e-02 
 803.000  9.7588215600e-01  3.9338150020e-02 
 804.000  9.8387434500e-01  3.9871044160e-02 
 805.000  9.5539916400e-01  3.9073219300e-02 
 806.000  9.8034266000e-01  4.0261768340e-02 
 807.000  9.7427399300e-01  4.0041290280e-02 
 808.000  9.6912012000e-01  3.9650840760e-02 
 809.000  9.5331721200e-01  3.8823043820e-02 
 810.000  9.4967007500e-01  3.8471229550e-02 
 811.000  9.6609890500e-01  3.8803932190e-02 
 812.000  9.6433812100e-01  3.8368793490e-02 
 813.000  9.6180799500e-01  3.7757137300e-02 
 814.000  9.6243890300e-01  3.7293106080e-02 
 815.000  9.5421602900e-01  3.6378524780e-02 
 816.000  9.4813298500e-01  3.5431556700e-02 
 817.000  9.5372515700e-01  3.5651485440e-02 
 818.000  9.4772021700e-01  3.5406288150e-02 
 819.000  9.2155356400e-01  3.4703006740e-02 
 820.000  9.0189694600e-01  3.4712177280e-02 
 821.000  9.2971205200e-01  3.6703090670e-02 
 822.000  9.0508171700e-01  3.4938331600e-02 
 823.000  9.2131256400e-01  3.3805660250e-02 
 824.000  9.3190171500e-01  3.5704299930e-02 
 825.000  9.2797973200e-01  3.6795478820e-02 
 826.000  9.3428618400e-01  3.6784343720e-02 
 827.000  9.3162985300e-01  3.6500366210e-02 
 828.000  9.3150475600e-01  3.5743095400e-02 
 829.000  9.3042960400e-01  3.5926681520e-02 
 830.000  9.1494903500e-01  3.5622783660e-02 
 831.000  8.9871475800e-01  3.5045310970e-02 
 832.000  9.1701808000e-01  3.5762248990e-02 
 833.000  8.8804634300e-01  3.4881713870e-02 
 834.000  9.0053400500e-01  3.5589496610e-02 
 835.000  9.0047380600e-01  3.5913158420e-02 
 836.000  9.1161061000e-01  3.6332668300e-02 
 837.000  9.0416705100e-01  3.5983333590e-02 
 838.000  9.0639309700e-01  3.6313034060e-02 
 839.000  8.7744953900e-01  3.5258068080e-02 
 840.000  9.0067547300e-01  3.6186702730e-02 
 841.000  9.0399432000e-01  3.6148567200e-02 
 842.000  8.9750964400e-01  3.5996036530e-02 
 843.000  8.8927027900e-01  3.6092388150e-02 
 844.000  8.7356963700e-01  3.5628311160e-02 
 845.000  8.8634877700e-01  3.6226173400e-02 
 846.000  8.9370580300e-01  3.6665096280e-02 
 847.000  8.6230243600e-01  3.5526836400e-02 
 848.000  8.8881109700e-01  3.6414131160e-02 
 849.000  8.9032621600e-01  3.6569282530e-02 
 850.000  7.7027306400e-01  3.1497020720e-02 
 851.000  8.8316607600e-01  3.5974849700e-02 
 852.000  8.4963062500e-01  3.4668788910e-02 
 853.000  8.5833160600e-01  3.5093879700e-02 
 854.000  6.9013078600e-01  2.8240953450e-02 
 855.000  7.5917251300e-01  3.1171623230e-02 
 856.000  8.6011507200e-01  3.5384128570e-02 
 857.000  8.7322844700e-01  3.6072849270e-02 
 858.000  8.5893475000e-01  3.5491504670e-02 
 859.000  8.5806123200e-01  3.5524734500e-02 
 860.000  8.5001178700e-01  3.5278087620e-02 
 861.000  8.4985872000e-01  3.5254596710e-02 
 862.000  8.4684703100e-01  3.5082485200e-02 
 863.000  8.6302815700e-01  3.5837574010e-02 
 864.000  8.6115226400e-01  3.5638523100e-02 
 865.000  8.4499448500e-01  3.5084602360e-02 
 866.000  7.0876524400e-01  2.9464693070e-02 
 867.000  7.5480415300e-01  3.1200742720e-02 
 868.000  8.1862289300e-01  3.3912174220e-02 
 869.000  8.0711433400e-01  3.3426445010e-02 
 870.000  8.4046247200e-01  3.4902679440e-02 
 871.000  8.3925840700e-01  3.4788219450e-02 
 872.000  8.3579272100e-01  3.4449172970e-02 
 873.000  8.3927732500e-01  3.4690624240e-02 
 874.000  8.2096138500e-01  3.3855430600e-02 
 875.000  8.1344767700e-01  3.3662693020e-02 
 876.000  8.2041317100e-01  3.3868045810e-02 
 877.000  8.3688324500e-01  3.4411201480e-02 
 878.000  8.2311062900e-01  3.3883636470e-02 
 879.000  8.2506663700e-01  3.4004497530e-02 
 880.000  8.2081310000e-01  3.3649192810e-02 
 881.000  7.7842248800e-01  3.1934947970e-02 
 882.000  8.2169897800e-01  3.3530712130e-02 
 883.000  8.0271120200e-01  3.2913280490e-02 
 884.000  8.0944078800e-01  3.3365863800e-02 
 885.000  8.1879654600e-01  3.3321014400e-02 
 886.000  7.9328464600e-01  3.2280399320e-02 
 887.000  7.8420392300e-01  3.1906759260e-02 
 888.000  8.0777297200e-01  3.2700714110e-02 
 889.000  8.1289290500e-01  3.3151218410e-02 
 890.000  8.1105837500e-01  3.2980361940e-02 
 891.000  8.0801954500e-01  3.2626152040e-02 
 892.000  8.0737321100e-01  3.2338321690e-02 
 893.000  7.8177007900e-01  3.0460124970e-02 
 894.000  8.1020064400e-01  3.1284561160e-02 
 895.000  7.7519652300e-01  2.9237516400e-02 
 896.000  8.0595992000e-01  2.9549598690e-02 
 897.000  7.8740595100e-01  2.8314609530e-02 
 898.000  7.8875917400e-01  2.7976583480e-02 
 899.000  7.8804706100e-01  2.7040760040e-02 
 900.000  7.6836662500e-01  2.6390316010e-02 
 901.000  7.5190602500e-01  2.5634696960e-02 
 902.000  7.3806523900e-01  2.5198616030e-02 
 903.000  7.7417430000e-01  2.7770576480e-02 
 904.000  7.8855174500e-01  2.9131759640e-02 
 905.000  7.8645719800e-01  2.9249687190e-02 
 906.000  7.6562961800e-01  2.7935132980e-02 
 907.000  7.7859929600e-01  2.7384828570e-02 
 908.000  7.5955264100e-01  2.6040752410e-02 
 909.000  7.4465046400e-01  2.5531711580e-02 
 910.000  7.5345840900e-01  2.5911012650e-02 
 911.000  7.5145948900e-01  2.6376611710e-02 
 912.000  7.5308534300e-01  2.6039476390e-02 
 913.000  7.7071039100e-01  2.5856941220e-02 
 914.000  7.6575148700e-01  2.6045114520e-02 
 915.000  7.5311004900e-01  2.6097385410e-02 
 916.000  7.6146828400e-01  2.6413600920e-02 
 917.000  7.4954796000e-01  2.6157943730e-02 
 918.000  7.4574369500e-01  2.6257280350e-02 
 919.000  7.5557836800e-01  2.7720273970e-02 
 920.000  7.4836740800e-01  2.7848474500e-02 
 921.000  7.3198516600e-01  2.7086791990e-02 
 922.000  7.2543357600e-01  2.6915616990e-02 
 923.000  6.9501600300e-01  2.5325872420e-02 
 924.000  7.2442827000e-01  2.6247118000e-02 
 925.000  7.3404420400e-01  2.6494455340e-02 
 926.000  7.0783877800e-01  2.5401954650e-02 
 927.000  7.3420433400e-01  2.6079292300e-02 
 928.000  7.3872198300e-01  2.5388273240e-02 
 929.000  7.2840246700e-01  2.3968256000e-02 
 930.000  7.2656774900e-01  2.2769979480e-02 
 931.000  7.2626495100e-01  2.1845062260e-02 
 932.000  7.1914642200e-01  2.0620307920e-02 
 933.000  7.2110100900e-01  2.0046546940e-02 
 934.000  7.1478218200e-01  1.9302640910e-02 
 935.000  7.0418943400e-01  1.8959491730e-02 
 936.000  6.9912217700e-01  1.9026557920e-02 
 937.000  7.1472515800e-01  1.9396375660e-02 
 938.000  7.0723000100e-01  1.9834802630e-02 
 939.000  7.1351232000e-01  2.2047004700e-02 
 940.000  7.0986988600e-01  2.2329097750e-02 
 941.000  6.9373043800e-01  2.1500867840e-02 
 942.000  6.6717893200e-01  1.9996740340e-02 
 943.000  7.0296357000e-01  2.0041904450e-02 
 944.000  6.8364071000e-01  1.9417659760e-02 
 945.000  6.9019149600e-01  1.9934547420e-02 
 946.000  6.9954973100e-01  2.0226047520e-02 
 947.000  6.9532214700e-01  2.0431755070e-02 
 948.000  6.9952446200e-01  2.0754354480e-02 
 949.000  7.0173998400e-01  2.0799377440e-02 
 950.000  6.9711380200e-01  2.0713489530e-02 
 951.000  6.9297849500e-01  2.1061027530e-02 
 952.000  6.9289951800e-01  2.0568048480e-02 
 953.000  6.9098899200e-01  2.0866224290e-02 
 954.000  6.8431558100e-01  2.1076036450e-02 
 955.000  6.3918525600e-01  1.9392438890e-02 
 956.000  6.8186069400e-01  2.0636798860e-02 
 957.000  6.8151107900e-01  2.1750408170e-02 
 958.000  6.8676447700e-01  2.2104492190e-02 
 959.000  6.8941678000e-01  2.1984512330e-02 
 960.000  6.8290213700e-01  2.1723817830e-02 
 961.000  6.7557595300e-01  2.1387266160e-02 
 962.000  6.7893724600e-01  2.1586282730e-02 
 963.000  6.7753569800e-01  2.2286895750e-02 
 964.000  6.6978378600e-01  2.2146730420e-02 
 965.000  6.7796966600e-01  2.2338071820e-02 
 966.000  6.5839688300e-01  2.1737237930e-02 
 967.000  6.7797806000e-01  2.3005983350e-02 
 968.000  6.7050800900e-01  2.3788679120e-02 
 969.000  6.7460275400e-01  2.4387186050e-02 
 970.000  6.7643350800e-01  2.4473386760e-02 
 971.000  6.7044446400e-01  2.4236852650e-02 
 972.000  6.7519477200e-01  2.4262899400e-02 
 973.000  6.6895385500e-01  2.3731987000e-02 
 974.000  6.5869597600e-01  2.3004035950e-02 
 975.000  6.6198990600e-01  2.2873172760e-02 
 976.000  6.7000254600e-01  2.3429513930e-02 
 977.000  6.5301564400e-01  2.3276487350e-02 
 978.000  6.6916659400e-01  2.3812921520e-02 
 979.000  6.4972064800e-01  2.3235893250e-02 
 980.000  6.5888801000e-01  2.4040325160e-02 
 981.000  6.6337061800e-01  2.4319393160e-02 
 982.000  6.6194094100e-01  2.4152097700e-02 
 983.000  6.6014899800e-01  2.4357896800e-02 
 984.000  6.5572806500e-01  2.4501306530e-02 
 985.000  6.5541534800e-01  2.4679159160e-02 
 986.000  6.5006708900e-01  2.4747476580e-02 
 987.000  6.5745784200e-01  2.5153923030e-02 
 988.000  6.4934952400e-01  2.4867204670e-02 
 989.000  6.4110512000e-01  2.4562189100e-02 
 990.000  6.4656774100e-01  2.4795724870e-02 
 991.000  6.5180948700e-01  2.5082628250e-02 
 992.000  6.4577937900e-01  2.4848834990e-02 
 993.000  6.4573281200e-01  2.4822813030e-02 
 994.000  6.4896656500e-01  2.5012464520e-02 
 995.000  6.4414835900e-01  2.4884128570e-02 
 996.000  6.4403135800e-01  2.4839262010e-02 
 997.000  6.4475351900e-01  2.4768362050e-02 
 998.000  6.4239115200e-01  2.4590625760e-02 
 999.000  6.4081888500e-01  2.4470083240e-02 
1000.000  6.3570222100e-01  2.4254814150e-02 
1001.000  6.3934324700e-01  2.4268241880e-02 
1002.000  6.3871117000e-01  2.4057006840e-02 
1003.000  6.3118085500e-01  2.3808975220e-02 
1004.000  6.2574689800e-01  2.3700336460e-02 
1005.000  5.8459506200e-01  2.2181314470e-02 
1006.000  6.1508519100e-01  2.3349161150e-02 
1007.000  6.2634419100e-01  2.3736339570e-02 
1008.000  6.2923695600e-01  2.3697229390e-02 
1009.000  6.2573040000e-01  2.3384590150e-02 
1010.000  6.2792511200e-01  2.3538335800e-02 
1011.000  6.2420688300e-01  2.3590629580e-02 
1012.000  6.2425056800e-01  2.3668416980e-02 
1013.000  6.1962758700e-01  2.3554800030e-02 
1014.000  6.2353291100e-01  2.3761396410e-02 
1015.000  6.1201384000e-01  2.3361408230e-02 
1016.000  6.1587591000e-01  2.3573307040e-02 
1017.000  6.0974296400e-01  2.3374794010e-02 
1018.000  6.1780811400e-01  2.3694011690e-02 
1019.000  6.0393177700e-01  2.3118112560e-02 
1020.000  6.0258407300e-01  2.3059427260e-02 
1021.000  6.0840571100e-01  2.3266778950e-02 
1022.000  5.9956919000e-01  2.2768964770e-02 
1023.000  6.1133832000e-01  2.3073040010e-02 
1024.000  6.0839411600e-01  2.2851825710e-02 
1025.000  6.0767399400e-01  2.2883386610e-02 
1026.000  6.0813679400e-01  2.2940734860e-02 
1027.000  6.0457492400e-01  2.2820543290e-02 
1028.000  6.0590710600e-01  2.2932758330e-02 
1029.000  5.9644634500e-01  2.2665033340e-02 
1030.000  6.0219757900e-01  2.2988958360e-02 
1031.000  6.0016832000e-01  2.2990705490e-02 
1032.000  5.9795440300e-01  2.2960062030e-02 
1033.000  5.8691998900e-01  2.2519269940e-02 
1034.000  5.9306104100e-01  2.2732370380e-02 
1035.000  5.8666660500e-01  2.2491022110e-02 
1036.000  5.9436913000e-01  2.2755123140e-02 
1037.000  5.8183967400e-01  2.2255161290e-02 
1038.000  5.8755748700e-01  2.2453687670e-02 
1039.000  5.9007104500e-01  2.2518215180e-02 
1040.000  5.8317605600e-01  2.2226652150e-02 
1041.000  5.8630918400e-01  2.2317316060e-02 
1042.000  5.8807576000e-01  2.2359966280e-02 
1043.000  5.7794140900e-01  2.1952222820e-02 
1044.000  5.8375948800e-01  2.2146263120e-02 
1045.000  5.8142409500e-01  2.2085895540e-02 
1046.000  5.6462502500e-01  2.1486091610e-02 
1047.000  5.7514041600e-01  2.1924221040e-02 
1048.000  5.8103196000e-01  2.2188299180e-02 
1049.000  5.7746507900e-01  2.2093618390e-02 
1050.000  5.7420045300e-01  2.2001886370e-02 
1051.000  5.7452930400e-01  2.1980953220e-02 
1052.000  5.7202533900e-01  2.1845846180e-02 
1053.000  5.7230630500e-01  2.1824611660e-02 
1054.000  5.6670830100e-01  2.1568599700e-02 
1055.000  5.7115587200e-01  2.1689064030e-02 
1056.000  5.6987327300e-01  2.1598134990e-02 
1057.000  5.6945136700e-01  2.1532711030e-02 
1058.000  5.6449245100e-01  2.1269895550e-02 
1059.000  5.4668439000e-01  2.0621290210e-02 
1060.000  5.6588516300e-01  2.1410720830e-02 
1061.000  5.4617626700e-01  2.0668708800e-02 
1062.000  5.6194568400e-01  2.1224554060e-02 
1063.000  5.5267763300e-01  2.0845525740e-02 
1064.000  5.6010533700e-01  2.1036087040e-02 
1065.000  5.6001641300e-01  2.0932817460e-02 
1066.000  5.4280853600e-01  2.0252159120e-02 
1067.000  5.5599332300e-01  2.0688793180e-02 
1068.000  5.5465183000e-01  2.0501600270e-02 
1069.000  5.1328171600e-01  1.8914045330e-02 
1070.000  5.4360283700e-01  2.0072713850e-02 
1071.000  5.4501182200e-01  2.0105504990e-02 
1072.000  5.4737479700e-01  2.0174556730e-02 
1073.000  5.2946276300e-01  1.9538694380e-02 
1074.000  5.4794300000e-01  2.0264888760e-02 
1075.000  5.3019232000e-01  1.9714691160e-02 
1076.000  5.4232930400e-01  2.0132030490e-02 
1077.000  5.4174445200e-01  2.0061414720e-02 
1078.000  5.4387061800e-01  2.0083036420e-02 
1079.000  5.2303398700e-01  1.9319976810e-02 
1080.000  5.4044185200e-01  1.9798023220e-02 
1081.000  5.2065750700e-01  1.9058151250e-02 
1082.000  5.2649450500e-01  1.9303823470e-02 
1083.000  5.1321284900e-01  1.8687345500e-02 
1084.000  5.3384025800e-01  1.9303091050e-02 
1085.000  5.2923095100e-01  1.8894029620e-02 
1086.000  5.3557979200e-01  1.9124780650e-02 
1087.000  5.0028807700e-01  1.8051996230e-02 
1088.000  5.3050804000e-01  1.9197238920e-02 
1089.000  5.1328495200e-01  1.8346916200e-02 
1090.000  5.2502020000e-01  1.8757705690e-02 
1091.000  5.2782444400e-01  1.8950622560e-02 
1092.000  5.1706236900e-01  1.8482086180e-02 
1093.000  5.1392995600e-01  1.8138772960e-02 
1094.000  4.6891044300e-01  1.6419275280e-02 
1095.000  5.0732653200e-01  1.7745805740e-02 
1096.000  5.0806015500e-01  1.7755111690e-02 
1097.000  4.9885466000e-01  1.7340383530e-02 
1098.000  4.9790308000e-01  1.6694644930e-02 
1099.000  5.0239241500e-01  1.6296211240e-02 
1100.000  5.1080561700e-01  1.6603366850e-02 
1101.000  5.0922385400e-01  1.6620924000e-02 
1102.000  4.8830178300e-01  1.5898806570e-02 
1103.000  5.0734273800e-01  1.6559753420e-02 
1104.000  5.0409740700e-01  1.6361925130e-02 
1105.000  5.0445736400e-01  1.6157258990e-02 
1106.000  5.0134691700e-01  1.5858754160e-02 
1107.000  5.0044794800e-01  1.5867625240e-02 
1108.000  4.9860813800e-01  1.5829092980e-02 
1109.000  4.9992434800e-01  1.6019901280e-02 
1110.000  5.0248969600e-01  1.6052499770e-02 
1111.000  4.9645229500e-01  1.5753396030e-02 
1112.000  4.9203786100e-01  1.5219676020e-02 
1113.000  4.9031182000e-01  1.4691010480e-02 
1114.000  4.9562075300e-01  1.4701831820e-02 
1115.000  4.9062802600e-01  1.4084722520e-02 
1116.000  4.8441919400e-01  1.3656502720e-02 
1117.000  4.9016297900e-01  1.3307241440e-02 
1118.000  4.8502715500e-01  1.2750279430e-02 
1119.000  4.7145922700e-01  1.2206334110e-02 
1120.000  4.7240990700e-01  1.2017155650e-02 
1121.000  4.7541448200e-01  1.2048886300e-02 
1122.000  4.7320795700e-01  1.1780108450e-02 
1123.000  4.7543160700e-01  1.1958003040e-02 
1124.000  4.7634892400e-01  1.2062636380e-02 
1125.000  4.6642365900e-01  1.1770947460e-02 
1126.000  4.5750113600e-01  1.1529356960e-02 
1127.000  4.7298910300e-01  1.1935526850e-02 
1128.000  4.6434203600e-01  1.1748517040e-02 
1129.000  4.6724159900e-01  1.2034807210e-02 
1130.000  4.6816150700e-01  1.2610360150e-02 
1131.000  4.7329362700e-01  1.2917503360e-02 
1132.000  4.7429222000e-01  1.2708771710e-02 
1133.000  4.6203776900e-01  1.1984136580e-02 
1134.000  4.5663409800e-01  1.1201863290e-02 
1135.000  4.6261659300e-01  1.1394145970e-02 
1136.000  4.6453987200e-01  1.2097181320e-02 
1137.000  4.7134216700e-01  1.2684902190e-02 
1138.000  4.5527936000e-01  1.2675162320e-02 
1139.000  4.6549749500e-01  1.3120820050e-02 
1140.000  4.6672376500e-01  1.3064868930e-02 
1141.000  4.5323062000e-01  1.2522176740e-02 
1142.000  4.6549739500e-01  1.2797542570e-02 
1143.000  4.5711612200e-01  1.2377855300e-02 
1144.000  4.5383936600e-01  1.2086870190e-02 
1145.000  4.5645738400e-01  1.1882290840e-02 
1146.000  4.6113361700e-01  1.2064418790e-02 
1147.000  4.6347411200e-01  1.2347238540e-02 
1148.000  4.5906672100e-01  1.2435525890e-02 
1149.000  4.6054117000e-01  1.2561831470e-02 
1150.000  4.5858651900e-01  1.2523022650e-02 
1151.000  4.5724034800e-01  1.2628709790e-02 
1152.000  4.5638662300e-01  1.2676402090e-02 
1153.000  4.5559033300e-01  1.2760202410e-02 
1154.000  4.5906790500e-01  1.2839139940e-02 
1155.000  4.6064863900e-01  1.3102808000e-02 
1156.000  4.5440530300e-01  1.3174404140e-02 
1157.000  4.5866643700e-01  1.3878215790e-02 
1158.000  4.5873940000e-01  1.4190220830e-02 
1159.000  4.5225263900e-01  1.4289351460e-02 
1160.000  4.4650729800e-01  1.4245239260e-02 
1161.000  4.3687800800e-01  1.4261341090e-02 
1162.000  4.5269376400e-01  1.5050637250e-02 
1163.000  4.5457299600e-01  1.5431748390e-02 
1164.000  4.4534047400e-01  1.5182298660e-02 
1165.000  4.5393544700e-01  1.5527393340e-02 
1166.000  4.4216028700e-01  1.5204905510e-02 
1167.000  4.4933235200e-01  1.5502432820e-02 
1168.000  4.5325959200e-01  1.5624558450e-02 
1169.000  4.3758568400e-01  1.5133176800e-02 
1170.000  4.4935364900e-01  1.5583347320e-02 
1171.000  4.5143313500e-01  1.5757669450e-02 
1172.000  4.5001906100e-01  1.5649068830e-02 
1173.000  4.4688464200e-01  1.5484583850e-02 
1174.000  4.4711067900e-01  1.5495661740e-02 
1175.000  4.4187701300e-01  1.5466465000e-02 
1176.000  4.3120967800e-01  1.5232577320e-02 
1177.000  4.4452288700e-01  1.5631811140e-02 
1178.000  4.3701390500e-01  1.5229368210e-02 
1179.000  4.3505483000e-01  1.5160330770e-02 
1180.000  4.4116122000e-01  1.5321613310e-02 
1181.000  4.3890711300e-01  1.5117188450e-02 
1182.000  4.3946253000e-01  1.5006818770e-02 
1183.000  4.1394664500e-01  1.4144461630e-02 
1184.000  4.3260345100e-01  1.4847414020e-02 
1185.000  4.3832763600e-01  1.5214337350e-02 
1186.000  4.3571752600e-01  1.5065841670e-02 
1187.000  4.3587340900e-01  1.4888205530e-02 
1188.000  4.3363559100e-01  1.4755107880e-02 
1189.000  4.0826700300e-01  1.3971929550e-02 
1190.000  4.2834339200e-01  1.4902732850e-02 
1191.000  4.3502339200e-01  1.5183900830e-02 
1192.000  4.3265458700e-01  1.5188561440e-02 
1193.000  4.3282162200e-01  1.5130755420e-02 
1194.000  4.3200630700e-01  1.5076066970e-02 
1195.000  4.2716364000e-01  1.4792377470e-02 
1196.000  4.2689371700e-01  1.4798645970e-02 
1197.000  4.2678151600e-01  1.4739167210e-02 
1198.000  4.1244645700e-01  1.4231604580e-02 
1199.000  3.9711942800e-01  1.3638529780e-02 
1200.000  4.2215300800e-01  1.4533759120e-02 
1201.000  4.2518084400e-01  1.4655409810e-02 
1202.000  4.2599662800e-01  1.4702927590e-02 
1203.000  4.0520545900e-01  1.3956516270e-02 
1204.000  4.1192006000e-01  1.4218280790e-02 
1205.000  4.2147529000e-01  1.4747173310e-02 
1206.000  4.1891112600e-01  1.4751246450e-02 
1207.000  4.2172430500e-01  1.4889526370e-02 
1208.000  4.1558499700e-01  1.4642970090e-02 
1209.000  3.8962018000e-01  1.3681126590e-02 
1210.000  4.1690403700e-01  1.4559444430e-02 
1211.000  4.0297733000e-01  1.4064390180e-02 
1212.000  4.1559425600e-01  1.4534297940e-02 
1213.000  4.1713034800e-01  1.4677295680e-02 
1214.000  4.1534498300e-01  1.4612169270e-02 
1215.000  4.1677185100e-01  1.4701976780e-02 
1216.000  4.1553909800e-01  1.4797265050e-02 
1217.000  4.1467487500e-01  1.4881012920e-02 
1218.000  4.1322354800e-01  1.4875704770e-02 
1219.000  4.0935630600e-01  1.4759616850e-02 
1220.000  4.1210754800e-01  1.4848478320e-02 
1221.000  4.1125436400e-01  1.4819208150e-02 
1222.000  4.0897619000e-01  1.4730166440e-02 
1223.000  4.0697418500e-01  1.4681566240e-02 
1224.000  4.0991597600e-01  1.4879012110e-02 
1225.000  4.0759161300e-01  1.4823358540e-02 
1226.000  4.0892057700e-01  1.4909394260e-02 
1227.000  3.9488825600e-01  1.4452416420e-02 
1228.000  4.0698908200e-01  1.4962707520e-02 
1229.000  4.0631385400e-01  1.4984866140e-02 
1230.000  4.0468400300e-01  1.4980399130e-02 
1231.000  4.0455090100e-01  1.5008913990e-02 
1232.000  3.9995091200e-01  1.4852303500e-02 
1233.000  4.0307123800e-01  1.4977342610e-02 
1234.000  4.0160433500e-01  1.4997839930e-02 
1235.000  3.9873029000e-01  1.4913948060e-02 
1236.000  4.0099010000e-01  1.5005536080e-02 
1237.000  4.0088421200e-01  1.5027059560e-02 
1238.000  4.0059957400e-01  1.5023545270e-02 
1239.000  3.9601521500e-01  1.4853843690e-02 
1240.000  3.9423737500e-01  1.4821362500e-02 
1241.000  3.9784585700e-01  1.4984074590e-02 
1242.000  3.9562650900e-01  1.4924682620e-02 
1243.000  3.9129544200e-01  1.4786540990e-02 
1244.000  3.8794601900e-01  1.4673375130e-02 
1245.000  3.9472658400e-01  1.4939588550e-02 
1246.000  3.9179211700e-01  1.4783270840e-02 
1247.000  3.9000433500e-01  1.4669565200e-02 
1248.000  3.9317235200e-01  1.4739771840e-02 
1249.000  3.9184112200e-01  1.4652438160e-02 
1250.000  3.9044639600e-01  1.4554575920e-02 
1251.000  3.8791436800e-01  1.4425921440e-02 
1252.000  3.8691689600e-01  1.4349833490e-02 
1253.000  3.8389238700e-01  1.4197064400e-02 
1254.000  3.8521877300e-01  1.4174458500e-02 
1255.000  3.8480710800e-01  1.4108912470e-02 
1256.000  3.8421253100e-01  1.4044095040e-02 
1257.000  3.8009709000e-01  1.3811724660e-02 
1258.000  3.8208891900e-01  1.3741358760e-02 
1259.000  3.7819177800e-01  1.3482718470e-02 
1260.000  3.7900719000e-01  1.3387349130e-02 
1261.000  3.7855973700e-01  1.3244173050e-02 
1262.000  3.7045790100e-01  1.2797727580e-02 
1263.000  3.7495073300e-01  1.2926451680e-02 
1264.000  3.6911273450e-01  1.2715966220e-02 
1265.000  3.6978508390e-01  1.2746824260e-02 
1266.000  3.7217271340e-01  1.2796809200e-02 
1267.000  3.6520238850e-01  1.2521986010e-02 
1268.000  3.6160508970e-01  1.2352352140e-02 
1269.000  3.6498966940e-01  1.2446643830e-02 
1270.000  3.6900232710e-01  1.2728741650e-02 
1271.000  3.7105188710e-01  1.2869717600e-02 
1272.000  3.6995445580e-01  1.2898031230e-02 
1273.000  3.6963650340e-01  1.2955646510e-02 
1274.000  3.6742933410e-01  1.2952350620e-02 
1275.000  3.6959212190e-01  1.3058264730e-02 
1276.000  3.7018602040e-01  1.3090623860e-02 
1277.000  3.6990934020e-01  1.3079304700e-02 
1278.000  3.6884931110e-01  1.3037727360e-02 
1279.000  3.6638046590e-01  1.2972013470e-02 
1280.000  3.6421653640e-01  1.2981222150e-02 
1281.000  3.5382882830e-01  1.2693354610e-02 
1282.000  3.1420725420e-01  1.1344330790e-02 
1283.000  3.4483707420e-01  1.2507289890e-02 
1284.000  3.5906615850e-01  1.3059068680e-02 
1285.000  3.6170055890e-01  1.3173961640e-02 
1286.000  3.6158108980e-01  1.3138068200e-02 
1287.000  3.6379199320e-01  1.3163855550e-02 
1288.000  3.6151135900e-01  1.2905575750e-02 
1289.000  3.6366663660e-01  1.2930932040e-02 
1290.000  3.5533361490e-01  1.2618888850e-02 
1291.000  3.6019811810e-01  1.2780271530e-02 
1292.000  3.6170089260e-01  1.2860177040e-02 
1293.000  3.6202404650e-01  1.2841220860e-02 
1294.000  3.5627812110e-01  1.2530968670e-02 
1295.000  3.6011354660e-01  1.2531608580e-02 
1296.000  3.6037831470e-01  1.2438471790e-02 
1297.000  3.5815647940e-01  1.2300701140e-02 
1298.000  3.5495573630e-01  1.2195839880e-02 
1299.000  3.5851958670e-01  1.2321375850e-02 
1300.000  3.5708033890e-01  1.2275082590e-02 
1301.000  3.5651254320e-01  1.2233580590e-02 
1302.000  3.5193709390e-01  1.1994682310e-02 
1303.000  3.5004603340e-01  1.1756276130e-02 
1304.000  3.5027584180e-01  1.1674551010e-02 
1305.000  3.5243106020e-01  1.1696953770e-02 
1306.000  3.5276856100e-01  1.1654586790e-02 
1307.000  3.5172615100e-01  1.1579854010e-02 
1308.000  3.5142579320e-01  1.1479428290e-02 
1309.000  3.5111331230e-01  1.1343688010e-02 
1310.000  3.4965423680e-01  1.1288802150e-02 
1311.000  3.4858418930e-01  1.1257577900e-02 
1312.000  3.4749830500e-01  1.1075114250e-02 
1313.000  3.3466359200e-01  1.0497549060e-02 
1314.000  3.4510981690e-01  1.0671632770e-02 
1315.000  3.3348946450e-01  1.0380338670e-02 
1316.000  3.4124742360e-01  1.0729182240e-02 
1317.000  3.4491838070e-01  1.0842683790e-02 
1318.000  3.4003771200e-01  1.0509974480e-02 
1319.000  3.4469520920e-01  1.0422506330e-02 
1320.000  3.4215048090e-01  1.0109552380e-02 
1321.000  3.4064714050e-01  9.9792852400e-03 
1322.000  3.3996699040e-01  1.0089915280e-02 
1323.000  3.4071955740e-01  1.0263413430e-02 
1324.000  3.4090217820e-01  1.0356105800e-02 
1325.000  3.3981159130e-01  1.0260545730e-02 
1326.000  3.3822094840e-01  1.0054229740e-02 
1327.000  3.3552050440e-01  9.6662378310e-03 
1328.000  3.3640339560e-01  9.4077014920e-03 
1329.000  3.2412672330e-01  8.6306304930e-03 
1330.000  3.2919686600e-01  8.6154584880e-03 
1331.000  3.3066421760e-01  8.5610103610e-03 
1332.000  3.2311810530e-01  8.3949241640e-03 
1333.000  3.3165863140e-01  8.6975507740e-03 
1334.000  3.3207446060e-01  8.8230190280e-03 
1335.000  3.3235866960e-01  8.9141912460e-03 
1336.000  3.2876118720e-01  8.8470897670e-03 
1337.000  3.2982543610e-01  8.8878917690e-03 
1338.000  3.2958238490e-01  8.9408588410e-03 
1339.000  3.2604091860e-01  8.8630294800e-03 
1340.000  3.2370066830e-01  8.8492937090e-03 
1341.000  3.2858707370e-01  8.9412536620e-03 
1342.000  3.2778231930e-01  8.9258527760e-03 
1343.000  3.2775342390e-01  8.7466964720e-03 
1344.000  3.2625481970e-01  8.5345134740e-03 
1345.000  3.2375098820e-01  8.0956573490e-03 
1346.000  3.1857864840e-01  7.7713251110e-03 
1347.000  3.1918256070e-01  7.6398744580e-03 
1348.000  3.1560440800e-01  7.3976788520e-03 
1349.000  3.1346114800e-01  7.2630534170e-03 
1350.000  3.0706038240e-01  6.9485821720e-03 
1351.000  3.0489167500e-01  6.7828221320e-03 
1352.000  3.0544769190e-01  6.6196179390e-03 
1353.000  2.9959388910e-01  6.2748551370e-03 
1354.000  2.9597348620e-01  6.0707697870e-03 
1355.000  2.9033011290e-01  5.8133254050e-03 
1356.000  2.8605634040e-01  5.5699424740e-03 
1357.000  2.7935410870e-01  5.2417740820e-03 
1358.000  2.7975054720e-01  5.0337648390e-03 
1359.000  2.7203066570e-01  4.5318517680e-03 
1360.000  2.6205949860e-01  4.1417407990e-03 
1361.000  2.6425619280e-01  4.0314435960e-03 
1362.000  2.6199230530e-01  3.9563114640e-03 
1363.000  2.6225624640e-01  4.1817712780e-03 
1364.000  2.6752826800e-01  4.3417019840e-03 
1365.000  2.6739183470e-01  4.3809990880e-03 
1366.000  2.6926943090e-01  4.4994459150e-03 
1367.000  2.6431892430e-01  4.3040976520e-03 
1368.000  2.6434197490e-01  4.2009611130e-03 
1369.000  2.5957964890e-01  4.1497673990e-03 
1370.000  2.6509276710e-01  4.4997048380e-03 
1371.000  2.7287546940e-01  4.9991397860e-03 
1372.000  2.8371844380e-01  5.5754809380e-03 
1373.000  2.8782254540e-01  5.8791017530e-03 
1374.000  2.9111126610e-01  6.0612640380e-03 
1375.000  2.8702299380e-01  6.0267286300e-03 
1376.000  2.8273230660e-01  5.8981900220e-03 
1377.000  2.8531013060e-01  5.8693022730e-03 
1378.000  2.8041102400e-01  5.6096324920e-03 
1379.000  2.7855495830e-01  5.3267431260e-03 
1380.000  2.6856282980e-01  4.7893676760e-03 
1381.000  2.6250688170e-01  4.3470444680e-03 
1382.000  2.5436042590e-01  4.0322170260e-03 
1383.000  2.5658508810e-01  4.0467939380e-03 
1384.000  2.6228355710e-01  4.4084467890e-03 
1385.000  2.6436896040e-01  4.6580696110e-03 
1386.000  2.7234932650e-01  5.0544800760e-03 
1387.000  2.7625612350e-01  5.5012331010e-03 
1388.000  2.8204650640e-01  5.7808542250e-03 
1389.000  2.8429222170e-01  5.8966994290e-03 
1390.000  2.7928183430e-01  5.8132863040e-03 
1391.000  2.8201589080e-01  5.8134627340e-03 
1392.000  2.7757385780e-01  5.5537462230e-03 
1393.000  2.7302806240e-01  5.2955865860e-03 
1394.000  2.6697624000e-01  5.0184397700e-03 
1395.000  2.6827656550e-01  5.1154937740e-03 
1396.000  2.7420762880e-01  5.4195256230e-03 
1397.000  2.7727635700e-01  5.6286964420e-03 
1398.000  2.7748776430e-01  5.6498379710e-03 
1399.000  2.7567479630e-01  5.5635213850e-03 
1400.000  2.6767066980e-01  5.3776063920e-03 
1401.000  2.6888200440e-01  5.4170560840e-03 
1402.000  2.7544708450e-01  5.6627225880e-03 
1403.000  2.7474843640e-01  5.7151060100e-03 
1404.000  2.7266442600e-01  5.6320490840e-03 
1405.000  2.7283279120e-01  5.6405634880e-03 
1406.000  2.7244664100e-01  5.5806713100e-03 
1407.000  2.7271737560e-01  5.5822854040e-03 
1408.000  2.7356022200e-01  5.7046556470e-03 
1409.000  2.7647648940e-01  5.8389205930e-03 
1410.000  2.7766808100e-01  5.9908881190e-03 
1411.000  2.7974139570e-01  6.1238203050e-03 
1412.000  2.6880918790e-01  5.8760704990e-03 
1413.000  2.7399989230e-01  6.0160999300e-03 
1414.000  2.7758419080e-01  6.0622773170e-03 
1415.000  2.7742276110e-01  6.1040377620e-03 
1416.000  2.7691462940e-01  6.1354184150e-03 
1417.000  2.7893544480e-01  6.1688771250e-03 
1418.000  2.7904508680e-01  6.1647601130e-03 
1419.000  2.7507016200e-01  6.0648241040e-03 
1420.000  2.7446675790e-01  6.0584392550e-03 
1421.000  2.7902239030e-01  6.2142715450e-03 
1422.000  2.7278847340e-01  6.0948858260e-03 
1423.000  2.7112660830e-01  6.0488743780e-03 
1424.000  2.7137206270e-01  6.0322704320e-03 
1425.000  2.7660853090e-01  6.1006298070e-03 
1426.000  2.6541536250e-01  5.8396792410e-03 
1427.000  2.6955722360e-01  5.9444112780e-03 
1428.000  2.7540714830e-01  6.0809831620e-03 
1429.000  2.6894834480e-01  5.9467659000e-03 
1430.000  2.6310587000e-01  5.7877774240e-03 
1431.000  2.6250203800e-01  5.6865673070e-03 
1432.000  2.6727350410e-01  5.7328996660e-03 
1433.000  2.6740921250e-01  5.7153282170e-03 
1434.000  2.6201954330e-01  5.5652384760e-03 
1435.000  2.6521653150e-01  5.6619143490e-03 
1436.000  2.6525228370e-01  5.6637134550e-03 
1437.000  2.6629996690e-01  5.6763968470e-03 
1438.000  2.6565216850e-01  5.6952137950e-03 
1439.000  2.6879288060e-01  5.7519598010e-03 
1440.000  2.5215451380e-01  5.4001898770e-03 
1441.000  2.6486114440e-01  5.6628174780e-03 
1442.000  2.5869434280e-01  5.4960885050e-03 
1443.000  2.6298985290e-01  5.5656371120e-03 
1444.000  2.6426858750e-01  5.5875492100e-03 
1445.000  2.6347098660e-01  5.5542893410e-03 
1446.000  2.6629934660e-01  5.6248059270e-03 
1447.000  2.6508209290e-01  5.6084208490e-03 
1448.000  2.6710849020e-01  5.6334905620e-03 
1449.000  2.6700180890e-01  5.5908951760e-03 
1450.000  2.6520538100e-01  5.4954290390e-03 
1451.000  2.6349492850e-01  5.4484953880e-03 
1452.000  2.6025142610e-01  5.4058060650e-03 
1453.000  2.6520519030e-01  5.5806851390e-03 
1454.000  2.6623537030e-01  5.6860737800e-03 
1455.000  2.6286821630e-01  5.6666483880e-03 
1456.000  2.6274853860e-01  5.7173562050e-03 
1457.000  2.6526747220e-01  5.7546114920e-03 
1458.000  2.6889437870e-01  5.8189053540e-03 
1459.000  2.6989319800e-01  5.7475275990e-03 
1460.000  2.6530099620e-01  5.5682830810e-03 
1461.000  2.6472167060e-01  5.4968433380e-03 
1462.000  2.6183076020e-01  5.3380284310e-03 
1463.000  2.6008305230e-01  5.2733192440e-03 
1464.000  2.5991098040e-01  5.2227344510e-03 
1465.000  2.6291792510e-01  5.2090907100e-03 
1466.000  2.5665496080e-01  5.0038690570e-03 
1467.000  2.6280702250e-01  5.0621457100e-03 
1468.000  2.5633855430e-01  4.8730206490e-03 
1469.000  2.5916441200e-01  4.8434185980e-03 
1470.000  2.5766960310e-01  4.7687811850e-03 
1471.000  2.5359569140e-01  4.7293610570e-03 
1472.000  2.5512820790e-01  4.8192644120e-03 
1473.000  2.5737343470e-01  4.9679102900e-03 
1474.000  2.5028723180e-01  4.9174313550e-03 
1475.000  2.5560910000e-01  4.9938955310e-03 
1476.000  2.5601301710e-01  4.9758973120e-03 
1477.000  2.5676414130e-01  4.9275550840e-03 
1478.000  2.5304988250e-01  4.7951512340e-03 
1479.000  2.5594867140e-01  4.7796196940e-03 
1480.000  2.5735078320e-01  4.8057217600e-03 
1481.000  2.5351438810e-01  4.7706508640e-03 
1482.000  2.5667131780e-01  4.8740239140e-03 
1483.000  2.5138411720e-01  4.7764492030e-03 
1484.000  2.5370809550e-01  4.8072476390e-03 
1485.000  2.5853659440e-01  4.8757076260e-03 
1486.000  2.5427708400e-01  4.8359980580e-03 
1487.000  2.5456774350e-01  4.9514374730e-03 
1488.000  2.2254355850e-01  4.3268651960e-03 
1489.000  2.5552700320e-01  5.1298136710e-03 
1490.000  2.5612236080e-01  5.2938899990e-03 
1491.000  2.5866763680e-01  5.4580531120e-03 
1492.000  2.5265684580e-01  5.3508296010e-03 
1493.000  2.5833521570e-01  5.5495190620e-03 
1494.000  2.5735296060e-01  5.5352029800e-03 
1495.000  2.5555248250e-01  5.5695738790e-03 
1496.000  2.4799545810e-01  5.5327653880e-03 
1497.000  2.5382012700e-01  5.6569666860e-03 
1498.000  2.5639038690e-01  5.8345804210e-03 
1499.000  2.5207830010e-01  5.8485355380e-03 
1500.000  2.5637680630e-01  6.0299525260e-03 
1501.000  2.5601095030e-01  5.9857006070e-03 
1502.000  2.5403403570e-01  5.8881740570e-03 
1503.000  2.2810690550e-01  5.2512879370e-03 
1504.000  2.3765237930e-01  5.4970884320e-03 
1505.000  2.3691414940e-01  5.5854706760e-03 
1506.000  2.4010778040e-01  5.6879510880e-03 
1507.000  2.5112085640e-01  6.0525164600e-03 
1508.000  2.4719924750e-01  6.0221190450e-03 
1509.000  2.4826725510e-01  6.1189851760e-03 
1510.000  2.5210400840e-01  6.2515182500e-03 
1511.000  2.5325068180e-01  6.3372316360e-03 
1512.000  2.4849639770e-01  6.2592339520e-03 
1513.000  2.4808007770e-01  6.2843146320e-03 
1514.000  2.4468400390e-01  6.2189121250e-03 
1515.000  2.4949242520e-01  6.3638710980e-03 
1516.000  2.4717739670e-01  6.2884211540e-03 
1517.000  2.4571358610e-01  6.2466578480e-03 
1518.000  2.5024221960e-01  6.3813953400e-03 
1519.000  2.4652861270e-01  6.3115930560e-03 
1520.000  2.4804519570e-01  6.4206285480e-03 
1521.000  2.4332039310e-01  6.3800868990e-03 
1522.000  2.4189644310e-01  6.3848333360e-03 
1523.000  2.4778384850e-01  6.5968160630e-03 
1524.000  2.4602531490e-01  6.5765662190e-03 
1525.000  2.4054253070e-01  6.4429960250e-03 
1526.000  2.4731807890e-01  6.6134910580e-03 
1527.000  2.4464543260e-01  6.5475978850e-03 
1528.000  2.4612892700e-01  6.5999455450e-03 
1529.000  2.4535023160e-01  6.5635194780e-03 
1530.000  2.2951749590e-01  6.1463880540e-03 
1531.000  2.4524319710e-01  6.5541014670e-03 
1532.000  2.4366978560e-01  6.5009446140e-03 
1533.000  2.4243889030e-01  6.4471778870e-03 
1534.000  2.3858610210e-01  6.3236017230e-03 
1535.000  2.3920041040e-01  6.3199877740e-03 
1536.000  2.4239899070e-01  6.4385395050e-03 
1537.000  2.4296186410e-01  6.5024123190e-03 
1538.000  2.3611681980e-01  6.3688936230e-03 
1539.000  2.4094470790e-01  6.5471763610e-03 
1540.000  2.3211619040e-01  6.3466243740e-03 
1541.000  2.3687858540e-01  6.4866123200e-03 
1542.000  2.3828721850e-01  6.5253977780e-03 
1543.000  2.3740094740e-01  6.5095677380e-03 
1544.000  2.4008608320e-01  6.5966153140e-03 
1545.000  2.4048762990e-01  6.6292924880e-03 
1546.000  2.4028093830e-01  6.6566886900e-03 
1547.000  2.3762873370e-01  6.6121902470e-03 
1548.000  2.3042318730e-01  6.4397792820e-03 
1549.000  2.3632899390e-01  6.6236548420e-03 
1550.000  2.3501690960e-01  6.6034884450e-03 
1551.000  2.3378665620e-01  6.5663018230e-03 
1552.000  2.3776053530e-01  6.6657543180e-03 
1553.000  2.3641912510e-01  6.6214208600e-03 
1554.000  2.2775679930e-01  6.3664965630e-03 
1555.000  2.3140956940e-01  6.4649100300e-03 
1556.000  2.2690406800e-01  6.3648285870e-03 
1557.000  2.3426957570e-01  6.6221852300e-03 
1558.000  2.3247519280e-01  6.6140160560e-03 
1559.000  2.3258625260e-01  6.6576375960e-03 
1560.000  2.2856980150e-01  6.5881509780e-03 
1561.000  2.3400789930e-01  6.7592759130e-03 
1562.000  2.3408295170e-01  6.7426009180e-03 
1563.000  2.3074279140e-01  6.6359252930e-03 
1564.000  2.2639976930e-01  6.4899482730e-03 
1565.000  2.3031356540e-01  6.5734691620e-03 
1566.000  2.2594939780e-01  6.4585413930e-03 
1567.000  2.2660197590e-01  6.4775662420e-03 
1568.000  2.2279229530e-01  6.3559198380e-03 
1569.000  2.2462072170e-01  6.3911423680e-03 
1570.000  2.1958295900e-01  6.2444624900e-03 
1571.000  2.2546673230e-01  6.4404826160e-03 
1572.000  2.2566933420e-01  6.4587335590e-03 
1573.000  2.2189270200e-01  6.3835854530e-03 
1574.000  2.2211437390e-01  6.4322233200e-03 
1575.000  2.0599369350e-01  5.9976511000e-03 
1576.000  2.2130545700e-01  6.4513921740e-03 
1577.000  1.9974302960e-01  5.8016152380e-03 
1578.000  2.1846096140e-01  6.3226318360e-03 
1579.000  2.1939484800e-01  6.3333559040e-03 
1580.000  2.2330095970e-01  6.4399566650e-03 
1581.000  2.2182024820e-01  6.3747973440e-03 
1582.000  2.1672240400e-01  6.2661728860e-03 
1583.000  2.1881157920e-01  6.3632183070e-03 
1584.000  2.1634915320e-01  6.3279047010e-03 
1585.000  2.2237327390e-01  6.5346975330e-03 
1586.000  2.1958029270e-01  6.4659194950e-03 
1587.000  2.1690481310e-01  6.4173917770e-03 
1588.000  2.1343501450e-01  6.3419685360e-03 
1589.000  1.9522070870e-01  5.8113880160e-03 
1590.000  2.1037400270e-01  6.2773346900e-03 
1591.000  2.0566067270e-01  6.1533675190e-03 
1592.000  2.1656898170e-01  6.4907698630e-03 
1593.000  2.2148686850e-01  6.6449604030e-03 
1594.000  2.1993237250e-01  6.6037244800e-03 
1595.000  2.2139703800e-01  6.6514811520e-03 
1596.000  2.0739043010e-01  6.2495284080e-03 
1597.000  2.1584886740e-01  6.4994745250e-03 
1598.000  2.1992193740e-01  6.6075119970e-03 
1599.000  2.1255966170e-01  6.3664264680e-03 
1600.000  2.1610192940e-01  6.4613280300e-03 
1601.000  2.0700479110e-01  6.2054796220e-03 
1602.000  2.1229829080e-01  6.3938479420e-03 
1603.000  2.1068796790e-01  6.3936023710e-03 
1604.000  2.1327533530e-01  6.5279712680e-03 
1605.000  2.1012206750e-01  6.4673690800e-03 
1606.000  2.0926652940e-01  6.4803047180e-03 
1607.000  2.1014617380e-01  6.4814519880e-03 
1608.000  2.1254051110e-01  6.5302724840e-03 
1609.000  2.1172347870e-01  6.4862723350e-03 
1610.000  1.9851209900e-01  6.0680356030e-03 
1611.000  2.0421901180e-01  6.2445445060e-03 
1612.000  2.0596534150e-01  6.3030815120e-03 
1613.000  2.1036146270e-01  6.4411988260e-03 
1614.000  2.0829687160e-01  6.3554620740e-03 
1615.000  2.1156130280e-01  6.4528417590e-03 
1616.000  1.9821936810e-01  6.0403981210e-03 
1617.000  2.0393258000e-01  6.2580261230e-03 
1618.000  2.1028661760e-01  6.4770936970e-03 
1619.000  2.0954229880e-01  6.4991106990e-03 
1620.000  2.0419183240e-01  6.3763947490e-03 
1621.000  2.0113073370e-01  6.3157606120e-03 
1622.000  2.0619331950e-01  6.4811396600e-03 
1623.000  2.1032178090e-01  6.6270775790e-03 
1624.000  2.1177532200e-01  6.6838183400e-03 
1625.000  2.0645690440e-01  6.5425205230e-03 
1626.000  2.0898849610e-01  6.6130938530e-03 
1627.000  2.0871890540e-01  6.6228675840e-03 
1628.000  2.1039607960e-01  6.6853241920e-03 
1629.000  2.1036553050e-01  6.6918349270e-03 
1630.000  2.0465426840e-01  6.5105409620e-03 
1631.000  2.0785503140e-01  6.6231055260e-03 
1632.000  2.0790756610e-01  6.5769238470e-03 
1633.000  2.0523190150e-01  6.4588694570e-03 
1634.000  2.0042930130e-01  6.2725749020e-03 
1635.000  2.0580309920e-01  6.4104843140e-03 
1636.000  2.0525835750e-01  6.3555336000e-03 
1637.000  1.9611992000e-01  6.0376644130e-03 
1638.000  1.9468702380e-01  5.9686112400e-03 
1639.000  1.9274704370e-01  5.8694329260e-03 
1640.000  1.9390320400e-01  5.8735895160e-03 
1641.000  1.9270323610e-01  5.8188104630e-03 
1642.000  1.9246291040e-01  5.8695282940e-03 
1643.000  1.9740945870e-01  6.0753111840e-03 
1644.000  1.9435462090e-01  6.0339303020e-03 
1645.000  1.9478761660e-01  6.0965290070e-03 
1646.000  1.9712868960e-01  6.2183747290e-03 
1647.000  1.9897949040e-01  6.2768902780e-03 
1648.000  1.9821118240e-01  6.2460446360e-03 
1649.000  1.9368278140e-01  6.1023731230e-03 
1650.000  1.9859083680e-01  6.2581539150e-03 
1651.000  1.9411615550e-01  6.1168665890e-03 
1652.000  1.9799056100e-01  6.2369141580e-03 
1653.000  1.9576715760e-01  6.1759486200e-03 
1654.000  1.9796365160e-01  6.2482905390e-03 
1655.000  1.9399597170e-01  6.1345968250e-03 
1656.000  1.9772267680e-01  6.2606339450e-03 
1657.000  1.9628911600e-01  6.2167758940e-03 
1658.000  1.9734924420e-01  6.2600378990e-03 
1659.000  1.9371445370e-01  6.1472120290e-03 
1660.000  1.9607837030e-01  6.2168540950e-03 
1661.000  1.9684710900e-01  6.2274713520e-03 
1662.000  1.9552495780e-01  6.1349396710e-03 
1663.000  1.9429436400e-01  6.0524992940e-03 
1664.000  1.9347154190e-01  5.9822807310e-03 
1665.000  1.9149672230e-01  5.8773140910e-03 
1666.000  1.9056432990e-01  5.8442277910e-03 
1667.000  1.9208703940e-01  5.9431924820e-03 
1668.000  1.8883258510e-01  5.8760929110e-03 
1669.000  1.8913485970e-01  5.9277110100e-03 
1670.000  1.9320718690e-01  6.1000165940e-03 
1671.000  1.9173165270e-01  6.0944967270e-03 
1672.000  1.8265043920e-01  5.8545026780e-03 
1673.000  1.8803172510e-01  6.0665612220e-03 
1674.000  1.8890524020e-01  6.1381397250e-03 
1675.000  1.8715417540e-01  6.1309094430e-03 
1676.000  1.8417338860e-01  6.0497765540e-03 
1677.000  1.8505901980e-01  6.0786981580e-03 
1678.000  1.8592708240e-01  6.1132950780e-03 
1679.000  1.8345511130e-01  6.0278935430e-03 
1680.000  1.7704593750e-01  5.8218708040e-03 
1681.000  1.7083947790e-01  5.6209573750e-03 
1682.000  1.7577340870e-01  5.7829742430e-03 
1683.000  1.8016657280e-01  5.9233713150e-03 
1684.000  1.8352788810e-01  6.0307121280e-03 
1685.000  1.8424676710e-01  6.0404219630e-03 
1686.000  1.8202409700e-01  5.9582796100e-03 
1687.000  1.8303989460e-01  5.9574975970e-03 
1688.000  1.8338192970e-01  5.9397249220e-03 
1689.000  1.8117202170e-01  5.8552641870e-03 
1690.000  1.8133530580e-01  5.8292093280e-03 
1691.000  1.8370840350e-01  5.9131016730e-03 
1692.000  1.8404256140e-01  5.9384036060e-03 
1693.000  1.8334242880e-01  5.9335594180e-03 
1694.000  1.8306510560e-01  5.9393944740e-03 
1695.000  1.8327473880e-01  5.9497270580e-03 
1696.000  1.8220277470e-01  5.8851008420e-03 
1697.000  1.8116193500e-01  5.8113794330e-03 
1698.000  1.8225513280e-01  5.8098545070e-03 
1699.000  1.8107777350e-01  5.7388920780e-03 
1700.000  1.7875659980e-01  5.6343154910e-03 
