 lambda   Irr_dw            Rad_up 
 550.000  1.5550111800e+00  5.7006755830e-02 
 551.000  1.5447327400e+00  5.6471134190e-02 
 552.000  1.6106665400e+00  5.8837608340e-02 
 553.000  1.5470299700e+00  5.6329620360e-02 
 554.000  1.5970319900e+00  5.8082141880e-02 
 555.000  1.6010155400e+00  5.8007766720e-02 
 556.000  1.5564253800e+00  5.6183750150e-02 
 557.000  1.5098736700e+00  5.4447189330e-02 
 558.000  1.5668563200e+00  5.6294185640e-02 
 559.000  1.4807046500e+00  5.3063861850e-02 
 560.000  1.4869589100e+00  5.3226505280e-02 
 561.000  1.6340287200e+00  5.8260303500e-02 
 562.000  1.5000870700e+00  5.3391269680e-02 
 563.000  1.5693454300e+00  5.5644794460e-02 
 564.000  1.5473347200e+00  5.4591259000e-02 
 565.000  1.5660899700e+00  5.5166351320e-02 
 566.000  1.4439961000e+00  5.0671108250e-02 
 567.000  1.5502567000e+00  5.4071548460e-02 
 568.000  1.5508323600e+00  5.3464183810e-02 
 569.000  1.5294326500e+00  5.1529144290e-02 
 570.000  1.5359659000e+00  5.1739582060e-02 
 571.000  1.4749948200e+00  5.0265003200e-02 
 572.000  1.5658405100e+00  5.2604732510e-02 
 573.000  1.5806938800e+00  5.3197196960e-02 
 574.000  1.5716267900e+00  5.2799819950e-02 
 575.000  1.5338011000e+00  5.1341747280e-02 
 576.000  1.5061852900e+00  5.0292629240e-02 
 577.000  1.5668438600e+00  5.2333808900e-02 
 578.000  1.5183856400e+00  5.0985275270e-02 
 579.000  1.5045620200e+00  5.0533550260e-02 
 580.000  1.5544112200e+00  5.2415210720e-02 
 581.000  1.5232847200e+00  5.1504283910e-02 
 582.000  1.5442407800e+00  5.2098510740e-02 
 583.000  1.5541441800e+00  5.2475673680e-02 
 584.000  1.5484823300e+00  5.2095149990e-02 
 585.000  1.5378684200e+00  5.1582420350e-02 
 586.000  1.4714671600e+00  4.9302856450e-02 
 587.000  1.5320788000e+00  5.0770057680e-02 
 588.000  1.5302062300e+00  4.9324626920e-02 
 589.000  1.3757120000e+00  4.2707878110e-02 
 590.000  1.4376315200e+00  4.4514240260e-02 
 591.000  1.5129595300e+00  4.7830608370e-02 
 592.000  1.4915712900e+00  4.6388343810e-02 
 593.000  1.4908302100e+00  4.7505058290e-02 
 594.000  1.5081195400e+00  4.7712703700e-02 
 595.000  1.4907699500e+00  4.6177825930e-02 
 596.000  1.5110068800e+00  4.8031761170e-02 
 597.000  1.5190627700e+00  4.7803264620e-02 
 598.000  1.4811314200e+00  4.7111003880e-02 
 599.000  1.4786510400e+00  4.7189636230e-02 
 600.000  1.4727559200e+00  4.7472122190e-02 
 601.000  1.4603327200e+00  4.7424369810e-02 
 602.000  1.4428646300e+00  4.6862098690e-02 
 603.000  1.4501053500e+00  4.7213436130e-02 
 604.000  1.4947714100e+00  4.8815219880e-02 
 605.000  1.4903418700e+00  4.8523704530e-02 
 606.000  1.4728471300e+00  4.7992965700e-02 
 607.000  1.4643816900e+00  4.7612689970e-02 
 608.000  1.4588815400e+00  4.7300228120e-02 
 609.000  1.4438205900e+00  4.6775714870e-02 
 610.000  1.4205988400e+00  4.5897361760e-02 
 611.000  1.4435806800e+00  4.6584674840e-02 
 612.000  1.4247385200e+00  4.5931858060e-02 
 613.000  1.4038905600e+00  4.5147193910e-02 
 614.000  1.3527129400e+00  4.3479183200e-02 
 615.000  1.4180402600e+00  4.5423652650e-02 
 616.000  1.3483022400e+00  4.3177780150e-02 
 617.000  1.3559856100e+00  4.3370773320e-02 
 618.000  1.4200701900e+00  4.5237976070e-02 
 619.000  1.4072427800e+00  4.4843288420e-02 
 620.000  1.4282487300e+00  4.5326675420e-02 
 621.000  1.4531191800e+00  4.6064495090e-02 
 622.000  1.3767993000e+00  4.3534393310e-02 
 623.000  1.3880172000e+00  4.3670444490e-02 
 624.000  1.3899595300e+00  4.3765060420e-02 
 625.000  1.3527423700e+00  4.2547863010e-02 
 626.000  1.3606658900e+00  4.2545875550e-02 
 627.000  1.3891277000e+00  4.2875556950e-02 
 628.000  1.3956820500e+00  4.1531299590e-02 
 629.000  1.4165747800e+00  4.2751316070e-02 
 630.000  1.3657356800e+00  4.1600830080e-02 
 631.000  1.4115223800e+00  4.3109130860e-02 
 632.000  1.3169714000e+00  3.9972320560e-02 
 633.000  1.4070969900e+00  4.3097618100e-02 
 634.000  1.3625214100e+00  4.1892620090e-02 
 635.000  1.3870119300e+00  4.2659980770e-02 
 636.000  1.3367897800e+00  4.1189426420e-02 
 637.000  1.3800843900e+00  4.2576225280e-02 
 638.000  1.3988166100e+00  4.3307502750e-02 
 639.000  1.3869783400e+00  4.2777385710e-02 
 640.000  1.3420348400e+00  4.1636692050e-02 
 641.000  1.3612672900e+00  4.2173801420e-02 
 642.000  1.3439217400e+00  4.1655746460e-02 
 643.000  1.3691019700e+00  4.2235336300e-02 
 644.000  1.3533198100e+00  4.1610046390e-02 
 645.000  1.3675434700e+00  4.1867961880e-02 
 646.000  1.3253412400e+00  3.9563426970e-02 
 647.000  1.3505962800e+00  3.9634086610e-02 
 648.000  1.3561628800e+00  3.9278850560e-02 
 649.000  1.3761622200e+00  4.0175197600e-02 
 650.000  1.2628998300e+00  3.7813541410e-02 
 651.000  1.3604936800e+00  4.0697570800e-02 
 652.000  1.3459332200e+00  3.9336376190e-02 
 653.000  1.3595955400e+00  4.0726528170e-02 
 654.000  1.3433650500e+00  3.9952957150e-02 
 655.000  1.3127531300e+00  3.8621627810e-02 
 656.000  1.1131967800e+00  3.2802284240e-02 
 657.000  1.1858783800e+00  3.5103450780e-02 
 658.000  1.3165341200e+00  3.9387222290e-02 
 659.000  1.3171906600e+00  3.9544479370e-02 
 660.000  1.3264760700e+00  3.9906963350e-02 
 661.000  1.3290839700e+00  4.0292736050e-02 
 662.000  1.3467576100e+00  4.0929237370e-02 
 663.000  1.3321935600e+00  4.0358806610e-02 
 664.000  1.3105203100e+00  3.9703006740e-02 
 665.000  1.3158590800e+00  3.9841930390e-02 
 666.000  1.3311396400e+00  4.0424114230e-02 
 667.000  1.3043206800e+00  3.9508399960e-02 
 668.000  1.3111776300e+00  3.9830802920e-02 
 669.000  1.3297832200e+00  4.0434337620e-02 
 670.000  1.3137668300e+00  3.9786144260e-02 
 671.000  1.2996799500e+00  3.9369426730e-02 
 672.000  1.2953769400e+00  3.9195358280e-02 
 673.000  1.3045948900e+00  3.9410305020e-02 
 674.000  1.3070613900e+00  3.9471282960e-02 
 675.000  1.2870324700e+00  3.8784164430e-02 
 676.000  1.3112718900e+00  3.9502037050e-02 
 677.000  1.2851257600e+00  3.8709262850e-02 
 678.000  1.3063212600e+00  3.9281791690e-02 
 679.000  1.2879121400e+00  3.8625949860e-02 
 680.000  1.2784659500e+00  3.8296550750e-02 
 681.000  1.2804481100e+00  3.8252456670e-02 
 682.000  1.2780068200e+00  3.8046714780e-02 
 683.000  1.2866972600e+00  3.8177387240e-02 
 684.000  1.2644838000e+00  3.7470703120e-02 
 685.000  1.2781604800e+00  3.7814712520e-02 
 686.000  1.2249641400e+00  3.5821537020e-02 
 687.000  1.2259678200e+00  3.1769489290e-02 
 688.000  1.2268710200e+00  3.2802104950e-02 
 689.000  1.2304152600e+00  3.2661216740e-02 
 690.000  1.2363601100e+00  3.3359622960e-02 
 691.000  1.2413243100e+00  3.4210472110e-02 
 692.000  1.2338498500e+00  3.4353969570e-02 
 693.000  1.2420071600e+00  3.3650798800e-02 
 694.000  1.2556487100e+00  3.3305030820e-02 
 695.000  1.2326548000e+00  3.3084865570e-02 
 696.000  1.2464548800e+00  3.3703601840e-02 
 697.000  1.2453881900e+00  3.5326236720e-02 
 698.000  1.2230882900e+00  3.4238040920e-02 
 699.000  1.2489604900e+00  3.3579730990e-02 
 700.000  1.2340222600e+00  3.3335517880e-02 
 701.000  1.2070999400e+00  3.2254245760e-02 
 702.000  1.2009000600e+00  3.2281211850e-02 
 703.000  1.2154900700e+00  3.3706890110e-02 
 704.000  1.2190483100e+00  3.3863502500e-02 
 705.000  1.2294979400e+00  3.3648876190e-02 
 706.000  1.2163572000e+00  3.3368125920e-02 
 707.000  1.1977793000e+00  3.3017353060e-02 
 708.000  1.2322229400e+00  3.4148311610e-02 
 709.000  1.1877240500e+00  3.3257324220e-02 
 710.000  1.2159743500e+00  3.3548652650e-02 
 711.000  1.2029726300e+00  3.3566730500e-02 
 712.000  1.1855582900e+00  3.3465721130e-02 
 713.000  1.1811545800e+00  3.2990959170e-02 
 714.000  1.2014702900e+00  3.3357406620e-02 
 715.000  1.1603745100e+00  3.1689996720e-02 
 716.000  1.1915954500e+00  3.2003211980e-02 
 717.000  1.1618050000e+00  2.8715787890e-02 
 718.000  1.1556536100e+00  2.7105018620e-02 
 719.000  1.1423483500e+00  2.6187387470e-02 
 720.000  1.1506807000e+00  2.5709323880e-02 
 721.000  1.1490213900e+00  2.8911333080e-02 
 722.000  1.1651419900e+00  3.0427614210e-02 
 723.000  1.1627408900e+00  2.9608371730e-02 
 724.000  1.1697947700e+00  2.7838384630e-02 
 725.000  1.1570262700e+00  2.7793460850e-02 
 726.000  1.1549104700e+00  2.7649044040e-02 
 727.000  1.1719922900e+00  2.8251447680e-02 
 728.000  1.1518584700e+00  2.7517911910e-02 
 729.000  1.1060733500e+00  2.7058958050e-02 
 730.000  1.1469488900e+00  2.7927942280e-02 
 731.000  1.1280425700e+00  2.7396072390e-02 
 732.000  1.1491542500e+00  2.9045228960e-02 
 733.000  1.1313017100e+00  2.9868234630e-02 
 734.000  1.1545098600e+00  3.1072526930e-02 
 735.000  1.1453038200e+00  3.0537248610e-02 
 736.000  1.1242750800e+00  2.9579149250e-02 
 737.000  1.1388675000e+00  3.0207004550e-02 
 738.000  1.1354121100e+00  3.0540761950e-02 
 739.000  1.0985418200e+00  2.9768236160e-02 
 740.000  1.1085207400e+00  3.0467140200e-02 
 741.000  1.0994572300e+00  3.0567525860e-02 
 742.000  1.0812785200e+00  3.0191093440e-02 
 743.000  1.1127356900e+00  3.1368799210e-02 
 744.000  1.1231658000e+00  3.1812913890e-02 
 745.000  1.0938386100e+00  3.1114006040e-02 
 746.000  1.1089653700e+00  3.1577991490e-02 
 747.000  1.1255738800e+00  3.2016773220e-02 
 748.000  1.1053504100e+00  3.1438482280e-02 
 749.000  1.1055441600e+00  3.1458831790e-02 
 750.000  1.0893971600e+00  3.0903118130e-02 
 751.000  1.0865959900e+00  3.0808010100e-02 
 752.000  1.1030538600e+00  3.1321865080e-02 
 753.000  1.0926111700e+00  3.1025499340e-02 
 754.000  1.1097181900e+00  3.1505411150e-02 
 755.000  1.1033510700e+00  3.1308294300e-02 
 756.000  1.0817445300e+00  3.0680807110e-02 
 757.000  1.0897440500e+00  3.0889665600e-02 
 758.000  1.0886118600e+00  3.0771493910e-02 
 759.000  1.0474045400e+00  2.7543447490e-02 
 760.000  8.2402370000e-01  1.2990482330e-02 
 761.000  7.9410365800e-01  1.1767596240e-02 
 762.000  9.2628581900e-01  1.9020914080e-02 
 763.000  9.1141825000e-01  1.6982730870e-02 
 764.000  9.3480214100e-01  1.8251554490e-02 
 765.000  9.8110781500e-01  2.1406988140e-02 
 766.000  9.7280786700e-01  2.3843502040e-02 
 767.000  1.0026881500e+00  2.5835384370e-02 
 768.000  1.0516202000e+00  2.8105094910e-02 
 769.000  1.0530735800e+00  2.8921281810e-02 
 770.000  1.0503929100e+00  2.9252754210e-02 
 771.000  1.0518517700e+00  2.9518926620e-02 
 772.000  1.0479643300e+00  2.9450672150e-02 
 773.000  1.0436422000e+00  2.9335325240e-02 
 774.000  1.0546552200e+00  2.9654430390e-02 
 775.000  1.0149334100e+00  2.8536556240e-02 
 776.000  1.0566579700e+00  2.9744760510e-02 
 777.000  1.0493390800e+00  2.9506803510e-02 
 778.000  1.0437935800e+00  2.9294763570e-02 
 779.000  1.0472670200e+00  2.9322185520e-02 
 780.000  1.0343917600e+00  2.8971555710e-02 
 781.000  1.0325300100e+00  2.8907289510e-02 
 782.000  1.0450674700e+00  2.9167966840e-02 
 783.000  1.0207247600e+00  2.8569149020e-02 
 784.000  1.0266346800e+00  2.8672464370e-02 
 785.000  1.0300097600e+00  2.8548259740e-02 
 786.000  1.0131452000e+00  2.7924112320e-02 
 787.000  1.0300349300e+00  2.7896787640e-02 
 788.000  1.0155631700e+00  2.7327337270e-02 
 789.000  1.0247015720e+00  2.6913711550e-02 
 790.000  1.0146525660e+00  2.6545925140e-02 
 791.000  1.0089178010e+00  2.6518123630e-02 
 792.000  9.9245891700e-01  2.6124420170e-02 
 793.000  9.9056659600e-01  2.6295377730e-02 
 794.000  9.7763727400e-01  2.6535707470e-02 
 795.000  9.7393052100e-01  2.5959941860e-02 
 796.000  9.9465121800e-01  2.5776880260e-02 
 797.000  9.9979131600e-01  2.6152267460e-02 
 798.000  9.9776232000e-01  2.6600700380e-02 
 799.000  9.9760040900e-01  2.6409070970e-02 
 800.000  9.7342067500e-01  2.5367221830e-02 
 801.000  9.9144227700e-01  2.5870683670e-02 
 802.000  9.8967248200e-01  2.5734518050e-02 
 803.000  9.7536073500e-01  2.5426595690e-02 
 804.000  9.8335381200e-01  2.5857000350e-02 
 805.000  9.5489360700e-01  2.5471225740e-02 
 806.000  9.7982517300e-01  2.6299016950e-02 
 807.000  9.7376110500e-01  2.6173242570e-02 
 808.000  9.6861657800e-01  2.5855075840e-02 
 809.000  9.5281640700e-01  2.5252552030e-02 
 810.000  9.4918373900e-01  2.4952762600e-02 
 811.000  9.6560057700e-01  2.5052240370e-02 
 812.000  9.6384189200e-01  2.4646614070e-02 
 813.000  9.6131401800e-01  2.4057350160e-02 
 814.000  9.6194978300e-01  2.3588970180e-02 
 815.000  9.5373256800e-01  2.2794010160e-02 
 816.000  9.4765521000e-01  2.1938369750e-02 
 817.000  9.5323399400e-01  2.2081275940e-02 
 818.000  9.4723595000e-01  2.1911422730e-02 
 819.000  9.2108585600e-01  2.1590885160e-02 
 820.000  9.0144844300e-01  2.1884250640e-02 
 821.000  9.2925048900e-01  2.3474651340e-02 
 822.000  9.0463359100e-01  2.2037767410e-02 
 823.000  9.2086261600e-01  2.0681463240e-02 
 824.000  9.3144021000e-01  2.2412523270e-02 
 825.000  9.2752456600e-01  2.3585037230e-02 
 826.000  9.3382688600e-01  2.3464776990e-02 
 827.000  9.3117694000e-01  2.3207151410e-02 
 828.000  9.3105229300e-01  2.2432498930e-02 
 829.000  9.2998021200e-01  2.2623918530e-02 
 830.000  9.1450907500e-01  2.2539590840e-02 
 831.000  8.9828034300e-01  2.2192808150e-02 
 832.000  9.1657796100e-01  2.2641431810e-02 
 833.000  8.8762195400e-01  2.2190021510e-02 
 834.000  9.0010391300e-01  2.2721786500e-02 
 835.000  9.0004897700e-01  2.3028913500e-02 
 836.000  9.1117789600e-01  2.3307476040e-02 
 837.000  9.0374244600e-01  2.3057882310e-02 
 838.000  9.0596600500e-01  2.3358646390e-02 
 839.000  8.7704094400e-01  2.2712045670e-02 
 840.000  9.0025873700e-01  2.3299068450e-02 
 841.000  9.0357577700e-01  2.3210092540e-02 
 842.000  8.9709372500e-01  2.3142326350e-02 
 843.000  8.8886306200e-01  2.3363353730e-02 
 844.000  8.7317051300e-01  2.3118755340e-02 
 845.000  8.8594436000e-01  2.3528629300e-02 
 846.000  8.9329836700e-01  2.3865345000e-02 
 847.000  8.6190980300e-01  2.3177993770e-02 
 848.000  8.8841036300e-01  2.3685005190e-02 
 849.000  8.8992612000e-01  2.3827039720e-02 
 850.000  7.6992719300e-01  2.0463003160e-02 
 851.000  8.8276873100e-01  2.3316806790e-02 
 852.000  8.4925200000e-01  2.2496852870e-02 
 853.000  8.5795239100e-01  2.2778696060e-02 
 854.000  6.8982621100e-01  1.8341850280e-02 
 855.000  7.5883721500e-01  2.0284362790e-02 
 856.000  8.5973813900e-01  2.3030853270e-02 
 857.000  8.7284934200e-01  2.3534955980e-02 
 858.000  8.5856174500e-01  2.3148473740e-02 
 859.000  8.5768939800e-01  2.3182437900e-02 
 860.000  8.4964544700e-01  2.3052318570e-02 
 861.000  8.4949444000e-01  2.3028675080e-02 
 862.000  8.4648434100e-01  2.2889247890e-02 
 863.000  8.6266002700e-01  2.3423921590e-02 
 864.000  8.6078684000e-01  2.3230915070e-02 
 865.000  8.4463644700e-01  2.2923822400e-02 
 866.000  7.0846502500e-01  1.9271469120e-02 
 867.000  7.5448714200e-01  2.0319601060e-02 
 868.000  8.1828044100e-01  2.2123020170e-02 
 869.000  8.0677764300e-01  2.1801490780e-02 
 870.000  8.4011221600e-01  2.2814424510e-02 
 871.000  8.3890941000e-01  2.2711690900e-02 
 872.000  8.3544625900e-01  2.2394826890e-02 
 873.000  8.3893208100e-01  2.2607540130e-02 
 874.000  8.2062486600e-01  2.2031089780e-02 
 875.000  8.1311513700e-01  2.1969167710e-02 
 876.000  8.2007908100e-01  2.2070255280e-02 
 877.000  8.3654285100e-01  2.2362155910e-02 
 878.000  8.2277735600e-01  2.2056335450e-02 
 879.000  8.2473410900e-01  2.2161256790e-02 
 880.000  8.2048199200e-01  2.1855125430e-02 
 881.000  7.7811158900e-01  2.0763368610e-02 
 882.000  8.2137163900e-01  2.1719411850e-02 
 883.000  8.0239149100e-01  2.1397691730e-02 
 884.000  8.0912080000e-01  2.1782716750e-02 
 885.000  8.1846939400e-01  2.1564296720e-02 
 886.000  7.9297293700e-01  2.0909387590e-02 
 887.000  7.8389664000e-01  2.0660223010e-02 
 888.000  8.0745968900e-01  2.1096960070e-02 
 889.000  8.1257153700e-01  2.1508197780e-02 
 890.000  8.1074356000e-01  2.1359132770e-02 
 891.000  8.0770622600e-01  2.1041471480e-02 
 892.000  8.0705419900e-01  2.0773696900e-02 
 893.000  7.8146764800e-01  1.9241045000e-02 
 894.000  8.0988814500e-01  1.9662597660e-02 
 895.000  7.7489864300e-01  1.8126089100e-02 
 896.000  8.0564113900e-01  1.7968357090e-02 
 897.000  7.8710790100e-01  1.7026128770e-02 
 898.000  7.8846213500e-01  1.6660240170e-02 
 899.000  7.8775255100e-01  1.5728964810e-02 
 900.000  7.6808152800e-01  1.5345067980e-02 
 901.000  7.5162670000e-01  1.4831492420e-02 
 902.000  7.3779142200e-01  1.4598274230e-02 
 903.000  7.7388395900e-01  1.6654758450e-02 
 904.000  7.8825743800e-01  1.7794673920e-02 
 905.000  7.8616333000e-01  1.7983837130e-02 
 906.000  7.6534683700e-01  1.6969518660e-02 
 907.000  7.7831490800e-01  1.6232456210e-02 
 908.000  7.5927834500e-01  1.5154652600e-02 
 909.000  7.4438230800e-01  1.4861353870e-02 
 910.000  7.5318715500e-01  1.5117184640e-02 
 911.000  7.5119020700e-01  1.5637867930e-02 
 912.000  7.5281668700e-01  1.5244924550e-02 
 913.000  7.7043766600e-01  1.4819494250e-02 
 914.000  7.6547853100e-01  1.5073632240e-02 
 915.000  7.5284304200e-01  1.5335762980e-02 
 916.000  7.6119966400e-01  1.5525800700e-02 
 917.000  7.4928648600e-01  1.5438038830e-02 
 918.000  7.4548281000e-01  1.5592659950e-02 
 919.000  7.5531470900e-01  1.6966659550e-02 
 920.000  7.4810685000e-01  1.7163642880e-02 
 921.000  7.3173569400e-01  1.6631488800e-02 
 922.000  7.2519970800e-01  1.6568958280e-02 
 923.000  6.9478845000e-01  1.5362581250e-02 
 924.000  7.2417985800e-01  1.5905342100e-02 
 925.000  7.3379421100e-01  1.6008371350e-02 
 926.000  7.0759528200e-01  1.5274835590e-02 
 927.000  7.3395515200e-01  1.5616957660e-02 
 928.000  7.3847322400e-01  1.4843944550e-02 
 929.000  7.2815669100e-01  1.3548444750e-02 
 930.000  7.2632692200e-01  1.2353622440e-02 
 931.000  7.2602903100e-01  1.1456333160e-02 
 932.000  7.1891533200e-01  1.0381181720e-02 
 933.000  7.2087589400e-01  9.8403005600e-03 
 934.000  7.1456357000e-01  9.2681369780e-03 
 935.000  7.0397470500e-01  9.0812969210e-03 
 936.000  6.9890736600e-01  9.1808671950e-03 
 937.000  7.1450695100e-01  9.3435316090e-03 
 938.000  7.0701137900e-01  9.8060235980e-03 
 939.000  7.1328090400e-01  1.1785729410e-02 
 940.000  7.0963997100e-01  1.2115823750e-02 
 941.000  6.9350702400e-01  1.1527937890e-02 
 942.000  6.6696750900e-01  1.0434308050e-02 
 943.000  7.0274762900e-01  1.0050273900e-02 
 944.000  6.8343040500e-01  9.7057695390e-03 
 945.000  6.8997898500e-01  1.0093700410e-02 
 946.000  6.9933605600e-01  1.0252644540e-02 
 947.000  6.9510722800e-01  1.0495847700e-02 
 948.000  6.9931014600e-01  1.0746200560e-02 
 949.000  7.0152515700e-01  1.0764500620e-02 
 950.000  6.9690071800e-01  1.0742822650e-02 
 951.000  6.9276467800e-01  1.1125660900e-02 
 952.000  6.9269017400e-01  1.0666153910e-02 
 953.000  6.9077879900e-01  1.0974273680e-02 
 954.000  6.8410640100e-01  1.1266705510e-02 
 955.000  6.3899252200e-01  1.0245527270e-02 
 956.000  6.8165505000e-01  1.0889234540e-02 
 957.000  6.8130334800e-01  1.1979830740e-02 
 958.000  6.8655546100e-01  1.2260674480e-02 
 959.000  6.8920847200e-01  1.2106936450e-02 
 960.000  6.8269647300e-01  1.1942576410e-02 
 961.000  6.7537346500e-01  1.1717059140e-02 
 962.000  6.7873514500e-01  1.1871105190e-02 
 963.000  6.7733338100e-01  1.2592172620e-02 
 964.000  6.6958277600e-01  1.2567160610e-02 
 965.000  6.7776762700e-01  1.2645434380e-02 
 966.000  6.5820310200e-01  1.2328584670e-02 
 967.000  6.7777742900e-01  1.3322397230e-02 
 968.000  6.7030818500e-01  1.4204576490e-02 
 969.000  6.7440577400e-01  1.4743207930e-02 
 970.000  6.7623120500e-01  1.4806323050e-02 
 971.000  6.7025141800e-01  1.4656091690e-02 
 972.000  6.7499624600e-01  1.4615756990e-02 
 973.000  6.6875803900e-01  1.4178607940e-02 
 974.000  6.5850551900e-01  1.3603465080e-02 
 975.000  6.6179823900e-01  1.3429934500e-02 
 976.000  6.6980812600e-01  1.3868883130e-02 
 977.000  6.5282807100e-01  1.3951510430e-02 
 978.000  6.6897522300e-01  1.4258700370e-02 
 979.000  6.4953482300e-01  1.3958970070e-02 
 980.000  6.5870074400e-01  1.4629883770e-02 
 981.000  6.6318427900e-01  1.4847040180e-02 
 982.000  6.6175012800e-01  1.4699761390e-02 
 983.000  6.5996037900e-01  1.4933921810e-02 
 984.000  6.5554132600e-01  1.5143323900e-02 
 985.000  6.5522936300e-01  1.5326831820e-02 
 986.000  6.4988329100e-01  1.5471505170e-02 
 987.000  6.5727188300e-01  1.5771123890e-02 
 988.000  6.4916862100e-01  1.5600593570e-02 
 989.000  6.4092660300e-01  1.5413853650e-02 
 990.000  6.4638846300e-01  1.5569053650e-02 
 991.000  6.5163183300e-01  1.5795309070e-02 
 992.000  6.4559998500e-01  1.5662990570e-02 
 993.000  6.4555497900e-01  1.5653690340e-02 
 994.000  6.4879057800e-01  1.5814015390e-02 
 995.000  6.4396938800e-01  1.5764488220e-02 
 996.000  6.4385184600e-01  1.5738454820e-02 
 997.000  6.4457792800e-01  1.5677328110e-02 
 998.000  6.4221696000e-01  1.5548949240e-02 
 999.000  6.4064879400e-01  1.5467794420e-02 
1000.000  6.3553348100e-01  1.5339985850e-02 
1001.000  6.3927044500e-01  1.5301508900e-02 
1002.000  6.3854213800e-01  1.5099766730e-02 
1003.000  6.3101438700e-01  1.4952895160e-02 
1004.000  6.2558266200e-01  1.4914259910e-02 
1005.000  5.8444095100e-01  1.3968467710e-02 
1006.000  6.1491690900e-01  1.4703956600e-02 
1007.000  6.2618322000e-01  1.4929484370e-02 
1008.000  6.2907401400e-01  1.4848944660e-02 
1009.000  6.2556841500e-01  1.4583959580e-02 
1010.000  6.2776104200e-01  1.4702791210e-02 
1011.000  6.2404730400e-01  1.4799121860e-02 
1012.000  6.2408255600e-01  1.4869561200e-02 
1013.000  6.1947217100e-01  1.4814642910e-02 
1014.000  6.2337139800e-01  1.4965766910e-02 
1015.000  6.1185475300e-01  1.4729179380e-02 
1016.000  6.1571823800e-01  1.4886610030e-02 
1017.000  6.0958883600e-01  1.4778444290e-02 
1018.000  6.1765263100e-01  1.4982988360e-02 
1019.000  6.0377999900e-01  1.4606545450e-02 
1020.000  6.0243323500e-01  1.4557097430e-02 
1021.000  6.0825494800e-01  1.4670586590e-02 
1022.000  5.9941952400e-01  1.4291266440e-02 
1023.000  6.1118707600e-01  1.4421571730e-02 
1024.000  6.0824332300e-01  1.4233445170e-02 
1025.000  6.0752283500e-01  1.4261932370e-02 
1026.000  6.0798665900e-01  1.4308818820e-02 
1027.000  6.0442699600e-01  1.4247590070e-02 
1028.000  6.0575442400e-01  1.4347327230e-02 
1029.000  5.9630227600e-01  1.4220711710e-02 
1030.000  6.0205155100e-01  1.4467307090e-02 
1031.000  6.0002287400e-01  1.4498040200e-02 
1032.000  5.9780710300e-01  1.4496545790e-02 
1033.000  5.8677326000e-01  1.4204322810e-02 
1034.000  5.9292450700e-01  1.4339499470e-02 
1035.000  5.8652829400e-01  1.4172389030e-02 
1036.000  5.9422720200e-01  1.4310680390e-02 
1037.000  5.8170321500e-01  1.3980946540e-02 
1038.000  5.8741952700e-01  1.4090255740e-02 
1039.000  5.8993160200e-01  1.4112350460e-02 
1040.000  5.8303835900e-01  1.3912239070e-02 
1041.000  5.8617118600e-01  1.3954552650e-02 
1042.000  5.8794168700e-01  1.3967583660e-02 
1043.000  5.7780606300e-01  1.3699882510e-02 
1044.000  5.8362451300e-01  1.3806896210e-02 
1045.000  5.8129064900e-01  1.3786351200e-02 
1046.000  5.6449632500e-01  1.3433794020e-02 
1047.000  5.7500887700e-01  1.3729231830e-02 
1048.000  5.8090013000e-01  1.3917002680e-02 
1049.000  5.7733359600e-01  1.3881065370e-02 
1050.000  5.7407129000e-01  1.3834190370e-02 
1051.000  5.7439967200e-01  1.3816195490e-02 
1052.000  5.7189768600e-01  1.3712182040e-02 
1053.000  5.7217917700e-01  1.3684377670e-02 
1054.000  5.6658221800e-01  1.3501137730e-02 
1055.000  5.7102887400e-01  1.3554694180e-02 
1056.000  5.6974721900e-01  1.3478094100e-02 
1057.000  5.6932621600e-01  1.3420046810e-02 
1058.000  5.6436833100e-01  1.3234172820e-02 
1059.000  5.4656481800e-01  1.2839428900e-02 
1060.000  5.6576201500e-01  1.3353169440e-02 
1061.000  5.4605770200e-01  1.2893958090e-02 
1062.000  5.6182402100e-01  1.3230396270e-02 
1063.000  5.5255830800e-01  1.2981424330e-02 
1064.000  5.5998487200e-01  1.3062284470e-02 
1065.000  5.5989598300e-01  1.2954965590e-02 
1066.000  5.4269203900e-01  1.2511764530e-02 
1067.000  5.5587415700e-01  1.2750993730e-02 
1068.000  5.5453229100e-01  1.2577639580e-02 
1069.000  5.1317205700e-01  1.1577857020e-02 
1070.000  5.4348571100e-01  1.2306163790e-02 
1071.000  5.4489704100e-01  1.2320459370e-02 
1072.000  5.4725931900e-01  1.2357728000e-02 
1073.000  5.2935111000e-01  1.1978916170e-02 
1074.000  5.4782613100e-01  1.2442218780e-02 
1075.000  5.3007922200e-01  1.2144782070e-02 
1076.000  5.4221971300e-01  1.2387485500e-02 
1077.000  5.4163319500e-01  1.2323592190e-02 
1078.000  5.4375767300e-01  1.2313590050e-02 
1079.000  5.2292607500e-01  1.1845755580e-02 
1080.000  5.4032992300e-01  1.2072823520e-02 
1081.000  5.2054727300e-01  1.1616140370e-02 
1082.000  5.2638450000e-01  1.1773281100e-02 
1083.000  5.1310676900e-01  1.1341248510e-02 
1084.000  5.3372816200e-01  1.1656173710e-02 
1085.000  5.2912202100e-01  1.1307662010e-02 
1086.000  5.3546968600e-01  1.1442304610e-02 
1087.000  5.0018759300e-01  1.0873617170e-02 
1088.000  5.3040063900e-01  1.1594372750e-02 
1089.000  5.1318325100e-01  1.0998333930e-02 
1090.000  5.2491468300e-01  1.1249848370e-02 
1091.000  5.2771723300e-01  1.1410831450e-02 
1092.000  5.1695865600e-01  1.1103282930e-02 
1093.000  5.1383106800e-01  1.0810916900e-02 
1094.000  4.6881785100e-01  9.7299766540e-03 
1095.000  5.0722482300e-01  1.0502795220e-02 
1096.000  5.0796025700e-01  1.0495193480e-02 
1097.000  4.9875517700e-01  1.0208226200e-02 
1098.000  4.9780429800e-01  9.5837783810e-03 
1099.000  5.0229422700e-01  9.1225156780e-03 
1100.000  5.1070851100e-01  9.3098144530e-03 
1101.000  5.0912657300e-01  9.3492984770e-03 
1102.000  4.8821142300e-01  8.9257154460e-03 
1103.000  5.0724801700e-01  9.3143053050e-03 
1104.000  5.0400198600e-01  9.1630554200e-03 
1105.000  5.0436283500e-01  8.9539947510e-03 
1106.000  5.0125199800e-01  8.7018480300e-03 
1107.000  5.0035426300e-01  8.7218236920e-03 
1108.000  4.9851384100e-01  8.7080516820e-03 
1109.000  4.9982932400e-01  8.8769998550e-03 
1110.000  5.0239349800e-01  8.8702850340e-03 
1111.000  4.9635846100e-01  8.6560068130e-03 
1112.000  4.9194487600e-01  8.1866235730e-03 
1113.000  4.9022122900e-01  7.6885147090e-03 
1114.000  4.9552938700e-01  7.6192021370e-03 
1115.000  4.9053861800e-01  7.0917472840e-03 
1116.000  4.8433198000e-01  6.7692427640e-03 
1117.000  4.9007629200e-01  6.3985338210e-03 
1118.000  4.8494285900e-01  5.9785723690e-03 
1119.000  4.7138161800e-01  5.6595792770e-03 
1120.000  4.7233122300e-01  5.5157008170e-03 
1121.000  4.7533754600e-01  5.5195417400e-03 
1122.000  4.7313256000e-01  5.3615431790e-03 
1123.000  4.7535520900e-01  5.4579253200e-03 
1124.000  4.7627034300e-01  5.5177526470e-03 
1125.000  4.6634665200e-01  5.3772053720e-03 
1126.000  4.5742727800e-01  5.2644667630e-03 
1127.000  4.7291354700e-01  5.4536128040e-03 
1128.000  4.6426778000e-01  5.3756151200e-03 
1129.000  4.6716400500e-01  5.5535326000e-03 
1130.000  4.6808173700e-01  5.9821724890e-03 
1131.000  4.7321189900e-01  6.1852011680e-03 
1132.000  4.7421129700e-01  6.0070624350e-03 
1133.000  4.6196267900e-01  5.5534853940e-03 
1134.000  4.5656350800e-01  5.0825252530e-03 
1135.000  4.6254581900e-01  5.1752781870e-03 
1136.000  4.6446381200e-01  5.6259512900e-03 
1137.000  4.7126229200e-01  6.0317263600e-03 
1138.000  4.5520141000e-01  6.1874513630e-03 
1139.000  4.6541602100e-01  6.4825563430e-03 
1140.000  4.6664319200e-01  6.4217801090e-03 
1141.000  4.5315351500e-01  6.0984249110e-03 
1142.000  4.6541905200e-01  6.2074027060e-03 
1143.000  4.5704096500e-01  5.9330153470e-03 
1144.000  4.5376562600e-01  5.7229027750e-03 
1145.000  4.5638379200e-01  5.5373725890e-03 
1146.000  4.6106133700e-01  5.6405420300e-03 
1147.000  4.6339971300e-01  5.8462429050e-03 
1148.000  4.5899283200e-01  5.9621744160e-03 
1149.000  4.6046605100e-01  6.0575771330e-03 
1150.000  4.5851094700e-01  6.0496282580e-03 
1151.000  4.5716569700e-01  6.1641330720e-03 
1152.000  4.5631144200e-01  6.2206039430e-03 
1153.000  4.5551430400e-01  6.3090147970e-03 
1154.000  4.5899315400e-01  6.3486514090e-03 
1155.000  4.6057256000e-01  6.5794239040e-03 
1156.000  4.5432970700e-01  6.7247657780e-03 
1157.000  4.5858915300e-01  7.3464164730e-03 
1158.000  4.5866111500e-01  7.6602845190e-03 
1159.000  4.5217702200e-01  7.8578801160e-03 
1160.000  4.4643248900e-01  7.9001178740e-03 
1161.000  4.3680427500e-01  8.0562868120e-03 
1162.000  4.5261694500e-01  8.6241455080e-03 
1163.000  4.5449649300e-01  8.9784326550e-03 
1164.000  4.4526459800e-01  8.8607120510e-03 
1165.000  4.5385902100e-01  9.0866355900e-03 
1166.000  4.4208666300e-01  8.9327888490e-03 
1167.000  4.4925684000e-01  9.1302623750e-03 
1168.000  4.5318337100e-01  9.1986856460e-03 
1169.000  4.3751258000e-01  8.9308748250e-03 
1170.000  4.4927834000e-01  9.2156085970e-03 
1171.000  4.5135736900e-01  9.3599023820e-03 
1172.000  4.4994478200e-01  9.2729702000e-03 
1173.000  4.4681070200e-01  9.1545476910e-03 
1174.000  4.4703718600e-01  9.1629676820e-03 
1175.000  4.4180398100e-01  9.2068166730e-03 
1176.000  4.3113801200e-01  9.1238975520e-03 
1177.000  4.4445026800e-01  9.3354291920e-03 
1178.000  4.3694253600e-01  9.0407209400e-03 
1179.000  4.3498330800e-01  9.0005931850e-03 
1180.000  4.4108941600e-01  9.0770025250e-03 
1181.000  4.3883611700e-01  8.9068098070e-03 
1182.000  4.3939128100e-01  8.7909021380e-03 
1183.000  4.1387982200e-01  8.2885227200e-03 
1184.000  4.3253342700e-01  8.7256221770e-03 
1185.000  4.3825660500e-01  9.0079374310e-03 
1186.000  4.3564819600e-01  8.8964004520e-03 
1187.000  4.3580270800e-01  8.7189588550e-03 
1188.000  4.3356671600e-01  8.6157932280e-03 
1189.000  4.0820143200e-01  8.1854915620e-03 
1190.000  4.2827531100e-01  8.8224315640e-03 
1191.000  4.3495311400e-01  9.0049209590e-03 
1192.000  4.3258484300e-01  9.0394344330e-03 
1193.000  4.3275139100e-01  8.9760456090e-03 
1194.000  4.3193799300e-01  8.9344120030e-03 
1195.000  4.2709618800e-01  8.7234592440e-03 
1196.000  4.2682641700e-01  8.7363586430e-03 
1197.000  4.2671352700e-01  8.6818914410e-03 
1198.000  4.1238193200e-01  8.3807210920e-03 
1199.000  3.9705689500e-01  8.0088872910e-03 
1200.000  4.2208747900e-01  8.5509815220e-03 
1201.000  4.2511570300e-01  8.6316270830e-03 
1202.000  4.2593137100e-01  8.6737327580e-03 
1203.000  4.0514364000e-01  8.2268838880e-03 
1204.000  4.1185767600e-01  8.3972492220e-03 
1205.000  4.2141122000e-01  8.7898883820e-03 
1206.000  4.1884747600e-01  8.8296098710e-03 
1207.000  4.2166055700e-01  8.9282531740e-03 
1208.000  4.1552232000e-01  8.7683973310e-03 
1209.000  3.8956125000e-01  8.1737165450e-03 
1210.000  4.1684061800e-01  8.6654233930e-03 
1211.000  4.0291627200e-01  8.3694667820e-03 
1212.000  4.1553166000e-01  8.6645660400e-03 
1213.000  4.1706741500e-01  8.7891759870e-03 
1214.000  4.1528236300e-01  8.7533044820e-03 
1215.000  4.1670890900e-01  8.8274250030e-03 
1216.000  4.1547696800e-01  8.9471464160e-03 
1217.000  4.1461289000e-01  9.0482330320e-03 
1218.000  4.1316226000e-01  9.0670175550e-03 
1219.000  4.0929599300e-01  9.0083513260e-03 
1220.000  4.1204705000e-01  9.0587635040e-03 
1221.000  4.1119383000e-01  9.0408096310e-03 
1222.000  4.0891619300e-01  8.9830827710e-03 
1223.000  4.0691461000e-01  8.9662065510e-03 
1224.000  4.0985587700e-01  9.1258974080e-03 
1225.000  4.0753189400e-01  9.1065731050e-03 
1226.000  4.0886027000e-01  9.1777887340e-03 
1227.000  3.9483085300e-01  8.9211425780e-03 
1228.000  4.0692985500e-01  9.2654027940e-03 
1229.000  4.0625418600e-01  9.2989740370e-03 
1230.000  4.0462515600e-01  9.3190841670e-03 
1231.000  4.0449269800e-01  9.3505687710e-03 
1232.000  3.9989352100e-01  9.2594366070e-03 
1233.000  4.0301314900e-01  9.3421354290e-03 
1234.000  4.0154611600e-01  9.3824844360e-03 
1235.000  3.9867380900e-01  9.3381776810e-03 
1236.000  4.0093278000e-01  9.3995704650e-03 
1237.000  4.0082688300e-01  9.4209661480e-03 
1238.000  4.0054258800e-01  9.4207420350e-03 
1239.000  3.9595901600e-01  9.3147125240e-03 
1240.000  3.9418169600e-01  9.3130779270e-03 
1241.000  3.9778982900e-01  9.4340372090e-03 
1242.000  3.9557097600e-01  9.4142236710e-03 
1243.000  3.9124072300e-01  9.3449192050e-03 
1244.000  3.8789195000e-01  9.2873926160e-03 
1245.000  3.9467169800e-01  9.4663515090e-03 
1246.000  3.9173792500e-01  9.3495149610e-03 
1247.000  3.8995055300e-01  9.2589826580e-03 
1248.000  3.9311832300e-01  9.2851018910e-03 
1249.000  3.9178745200e-01  9.2148094180e-03 
1250.000  3.9039301100e-01  9.1353712080e-03 
1251.000  3.8786152300e-01  9.0416221620e-03 
1252.000  3.8686443700e-01  8.9806661610e-03 
1253.000  3.8384050700e-01  8.8708715440e-03 
1254.000  3.8516702800e-01  8.8328657150e-03 
1255.000  3.8475562900e-01  8.7751159670e-03 
1256.000  3.8416139300e-01  8.7206678390e-03 
1257.000  3.8004666000e-01  8.5409317020e-03 
1258.000  3.8203882700e-01  8.4431123730e-03 
1259.000  3.7814276420e-01  8.2373380660e-03 
1260.000  3.7895896320e-01  8.1291790010e-03 
1261.000  3.7851158290e-01  7.9916057590e-03 
1262.000  3.7041221640e-01  7.6644458770e-03 
1263.000  3.7490474310e-01  7.7406911850e-03 
1264.000  3.6906760290e-01  7.6192102430e-03 
1265.000  3.6973997060e-01  7.6463522910e-03 
1266.000  3.7212775780e-01  7.6719536780e-03 
1267.000  3.6515842300e-01  7.5026235580e-03 
1268.000  3.6156223000e-01  7.3921203610e-03 
1269.000  3.6494669680e-01  7.4445409770e-03 
1270.000  3.6895780850e-01  7.6536035540e-03 
1271.000  3.7100650260e-01  7.7588896750e-03 
1272.000  3.6990939030e-01  7.7980175020e-03 
1273.000  3.6959119160e-01  7.8582849500e-03 
1274.000  3.6738398970e-01  7.8811111450e-03 
1275.000  3.6954614310e-01  7.9532799720e-03 
1276.000  3.7013958400e-01  7.9737725260e-03 
1277.000  3.6986316660e-01  7.9621944430e-03 
1278.000  3.6880294400e-01  7.9300160410e-03 
1279.000  3.6633421190e-01  7.8984923360e-03 
1280.000  3.6417065420e-01  7.9428892140e-03 
1281.000  3.5378432340e-01  7.8030176160e-03 
1282.000  3.1416748110e-01  7.0060567860e-03 
1283.000  3.4479314420e-01  7.7498002050e-03 
1284.000  3.5902086690e-01  8.1102581020e-03 
1285.000  3.6165388550e-01  8.1889534000e-03 
1286.000  3.6153533960e-01  8.1534919740e-03 
1287.000  3.6374640350e-01  8.1469097140e-03 
1288.000  3.6146605800e-01  7.9158024790e-03 
1289.000  3.6362084370e-01  7.9093708990e-03 
1290.000  3.5528918470e-01  7.7105116840e-03 
1291.000  3.6015262450e-01  7.7971849440e-03 
1292.000  3.6165554850e-01  7.8493452070e-03 
1293.000  3.6197878640e-01  7.8176536560e-03 
1294.000  3.5623358190e-01  7.5777201650e-03 
1295.000  3.6006874910e-01  7.5151586530e-03 
1296.000  3.6033367590e-01  7.4145016670e-03 
1297.000  3.5811215810e-01  7.3073606490e-03 
1298.000  3.5491242240e-01  7.2474541660e-03 
1299.000  3.5847583200e-01  7.3236150740e-03 
1300.000  3.5703649930e-01  7.2982902530e-03 
1301.000  3.5646794860e-01  7.2669191360e-03 
1302.000  3.5189467130e-01  7.0880484580e-03 
1303.000  3.5000489160e-01  6.8731555940e-03 
1304.000  3.5023313220e-01  6.7855319980e-03 
1305.000  3.5238987240e-01  6.7754025460e-03 
1306.000  3.5272568360e-01  6.7251496320e-03 
1307.000  3.5168409300e-01  6.6662464140e-03 
1308.000  3.5138460520e-01  6.5744814870e-03 
1309.000  3.5107148950e-01  6.4470930100e-03 
1310.000  3.4961367500e-01  6.4160575870e-03 
1311.000  3.4854269870e-01  6.4021501540e-03 
1312.000  3.4745705840e-01  6.2382154460e-03 
1313.000  3.3462409800e-01  5.8366456030e-03 
1314.000  3.4506943580e-01  5.8696737290e-03 
1315.000  3.3345055540e-01  5.7420964240e-03 
1316.000  3.4120749820e-01  5.9847769740e-03 
1317.000  3.4487824610e-01  6.0489931110e-03 
1318.000  3.3999816420e-01  5.7829747200e-03 
1319.000  3.4465565060e-01  5.6307053570e-03 
1320.000  3.4211140520e-01  5.3550314900e-03 
1321.000  3.4060860380e-01  5.2477598190e-03 
1322.000  3.3992843190e-01  5.3651680950e-03 
1323.000  3.4068077240e-01  5.5263590810e-03 
1324.000  3.4086196840e-01  5.6176033020e-03 
1325.000  3.3977231420e-01  5.5361137390e-03 
1326.000  3.3818301670e-01  5.3533620830e-03 
1327.000  3.3548268490e-01  5.0077719690e-03 
1328.000  3.3636754970e-01  4.7508754730e-03 
1329.000  3.2409144940e-01  4.1809167860e-03 
1330.000  3.2916459830e-01  4.1112499240e-03 
1331.000  3.3063088750e-01  4.0497817990e-03 
1332.000  3.2308492100e-01  3.9809327130e-03 
1333.000  3.3162376750e-01  4.1572875980e-03 
1334.000  3.3203869840e-01  4.2615094180e-03 
1335.000  3.3232373730e-01  4.3389725690e-03 
1336.000  3.2872615600e-01  4.3169660570e-03 
1337.000  3.2979045640e-01  4.3369264600e-03 
1338.000  3.2954702570e-01  4.3879141810e-03 
1339.000  3.2600608340e-01  4.3474302290e-03 
1340.000  3.2366603630e-01  4.3618483540e-03 
1341.000  3.2855144720e-01  4.3724789620e-03 
1342.000  3.2774744590e-01  4.3682713510e-03 
1343.000  3.2771865480e-01  4.1862692830e-03 
1344.000  3.2622064920e-01  4.0124907490e-03 
1345.000  3.2371986700e-01  3.6915628910e-03 
1346.000  3.1854815950e-01  3.4983539580e-03 
1347.000  3.1915340540e-01  3.4270150660e-03 
1348.000  3.1557581450e-01  3.3078472610e-03 
1349.000  3.1343337420e-01  3.2462947370e-03 
1350.000  3.0703439310e-01  3.1033010480e-03 
1351.000  3.0486614170e-01  3.0286417010e-03 
1352.000  3.0542319740e-01  2.9551649090e-03 
1353.000  2.9957017320e-01  2.8019387720e-03 
1354.000  2.9595169450e-01  2.7117743490e-03 
1355.000  2.9031064960e-01  2.5985841750e-03 
1356.000  2.8603665380e-01  2.4927158360e-03 
1357.000  2.7933670460e-01  2.3507747650e-03 
1358.000  2.7973393560e-01  2.2640056610e-03 
1359.000  2.7201630760e-01  2.0494871140e-03 
1360.000  2.6204732810e-01  1.8792634010e-03 
1361.000  2.6424468810e-01  1.8329380750e-03 
1362.000  2.6198097730e-01  1.7997109890e-03 
1363.000  2.6224424080e-01  1.8964116570e-03 
1364.000  2.6751505440e-01  1.9665862320e-03 
1365.000  2.6737850220e-01  1.9830548760e-03 
1366.000  2.6925632220e-01  2.0338370800e-03 
1367.000  2.6430616820e-01  1.9490212200e-03 
1368.000  2.6432984130e-01  1.9052854780e-03 
1369.000  2.5956743390e-01  1.8813023570e-03 
1370.000  2.6507950370e-01  2.0316374300e-03 
1371.000  2.7286031470e-01  2.2443368430e-03 
1372.000  2.8369991350e-01  2.4921774860e-03 
1373.000  2.8780340370e-01  2.6241719720e-03 
1374.000  2.9109140230e-01  2.7043304440e-03 
1375.000  2.8700150140e-01  2.6885085110e-03 
1376.000  2.8271213300e-01  2.6315183640e-03 
1377.000  2.8529083310e-01  2.6193499570e-03 
1378.000  2.8039222730e-01  2.5054957870e-03 
1379.000  2.7853751010e-01  2.3844583030e-03 
1380.000  2.6854812530e-01  2.1543898580e-03 
1381.000  2.6249352460e-01  1.9660923480e-03 
1382.000  2.5434872060e-01  1.8289635180e-03 
1383.000  2.5657378090e-01  1.8362158540e-03 
1384.000  2.6227078510e-01  2.0048727990e-03 
1385.000  2.6435461220e-01  2.0974445340e-03 
1386.000  2.7233370900e-01  2.2673804760e-03 
1387.000  2.7623767160e-01  2.4583678250e-03 
1388.000  2.8202814070e-01  2.5813176630e-03 
1389.000  2.8427341970e-01  2.6325066090e-03 
1390.000  2.7926175080e-01  2.5952024460e-03 
1391.000  2.8199721810e-01  2.5955941680e-03 
1392.000  2.7755597290e-01  2.4813916680e-03 
1393.000  2.7301176810e-01  2.3690264230e-03 
1394.000  2.6696006170e-01  2.2489631180e-03 
1395.000  2.6826076490e-01  2.2902755740e-03 
1396.000  2.7419060670e-01  2.4218175410e-03 
1397.000  2.7725853730e-01  2.5128498080e-03 
1398.000  2.7746998340e-01  2.5219500060e-03 
1399.000  2.7565673520e-01  2.4837808610e-03 
1400.000  2.6765304860e-01  2.4009246830e-03 
1401.000  2.6886499010e-01  2.4177341460e-03 
1402.000  2.7542957420e-01  2.5254724030e-03 
1403.000  2.7473030520e-01  2.5476644040e-03 
1404.000  2.7264736690e-01  2.5103130340e-03 
1405.000  2.7281370080e-01  2.5134005550e-03 
1406.000  2.7242901540e-01  2.4865939620e-03 
1407.000  2.7269949870e-01  2.4866733550e-03 
1408.000  2.7354175100e-01  2.5398294930e-03 
1409.000  2.7645725660e-01  2.5987350940e-03 
1410.000  2.7764874900e-01  2.6654570100e-03 
1411.000  2.7972065560e-01  2.7232601640e-03 
1412.000  2.6879009290e-01  2.6115903850e-03 
1413.000  2.7398065970e-01  2.6727330680e-03 
1414.000  2.7756399550e-01  2.6916477680e-03 
1415.000  2.7740293260e-01  2.7094278340e-03 
1416.000  2.7689424790e-01  2.7223248480e-03 
1417.000  2.7891534660e-01  2.7363529210e-03 
1418.000  2.7902436440e-01  2.7329835890e-03 
1419.000  2.7505027120e-01  2.6877696510e-03 
1420.000  2.7444669710e-01  2.6837568280e-03 
1421.000  2.7900171690e-01  2.7541081910e-03 
1422.000  2.7276778970e-01  2.7010023590e-03 
1423.000  2.7110687570e-01  2.6802961830e-03 
1424.000  2.7135199990e-01  2.6708192830e-03 
1425.000  2.7658804330e-01  2.6983265880e-03 
1426.000  2.6539605960e-01  2.5812535290e-03 
1427.000  2.6953721230e-01  2.6282086370e-03 
1428.000  2.7538719690e-01  2.6889064310e-03 
1429.000  2.6892867440e-01  2.6312534810e-03 
1430.000  2.6308696430e-01  2.5592539310e-03 
1431.000  2.6248368490e-01  2.5083606240e-03 
1432.000  2.6725506870e-01  2.5248973370e-03 
1433.000  2.6739082620e-01  2.5153305530e-03 
1434.000  2.6200168790e-01  2.4462468620e-03 
1435.000  2.6519830800e-01  2.4902064800e-03 
1436.000  2.6523408040e-01  2.4909083840e-03 
1437.000  2.6628174680e-01  2.4957330230e-03 
1438.000  2.6563385290e-01  2.5077033040e-03 
1439.000  2.6877436990e-01  2.5316729550e-03 
1440.000  2.5213712730e-01  2.3773536680e-03 
1441.000  2.6484281470e-01  2.4925057890e-03 
1442.000  2.5867653320e-01  2.4150376320e-03 
1443.000  2.6297190160e-01  2.4441630840e-03 
1444.000  2.6425065150e-01  2.4540824890e-03 
1445.000  2.6345305470e-01  2.4383251670e-03 
1446.000  2.6628116020e-01  2.4726862910e-03 
1447.000  2.6506385590e-01  2.4693157670e-03 
1448.000  2.6709027070e-01  2.4797921180e-03 
1449.000  2.6698390090e-01  2.4553513530e-03 
1450.000  2.6518751150e-01  2.4064657690e-03 
1451.000  2.6347748300e-01  2.3859586720e-03 
1452.000  2.6023364760e-01  2.3768684860e-03 
1453.000  2.6518679940e-01  2.4776346680e-03 
1454.000  2.6621725170e-01  2.5627772810e-03 
1455.000  2.6285015190e-01  2.5831823350e-03 
1456.000  2.6273011860e-01  2.6407558920e-03 
1457.000  2.6524917020e-01  2.6610507970e-03 
1458.000  2.6887600010e-01  2.6980061530e-03 
1459.000  2.6987486010e-01  2.6360719200e-03 
1460.000  2.6528321750e-01  2.5303277970e-03 
1461.000  2.6470365650e-01  2.4844546320e-03 
1462.000  2.6181280410e-01  2.3828179840e-03 
1463.000  2.6006654320e-01  2.3521666530e-03 
1464.000  2.5989514490e-01  2.3200588230e-03 
1465.000  2.6290084690e-01  2.2953448300e-03 
1466.000  2.5663902810e-01  2.1862452030e-03 
1467.000  2.6279039380e-01  2.1992597580e-03 
1468.000  2.5632292570e-01  2.1057634350e-03 
1469.000  2.5914923290e-01  2.0789673330e-03 
1470.000  2.5765445730e-01  2.0413272380e-03 
1471.000  2.5358024320e-01  2.0354330540e-03 
1472.000  2.5511262450e-01  2.0963940620e-03 
1473.000  2.5735744970e-01  2.2081110480e-03 
1474.000  2.5027174150e-01  2.2318463330e-03 
1475.000  2.5559306540e-01  2.2665574550e-03 
1476.000  2.5599719780e-01  2.2572054860e-03 
1477.000  2.5674839360e-01  2.2193343640e-03 
1478.000  2.5303462340e-01  2.1448144910e-03 
1479.000  2.5593337740e-01  2.1172156330e-03 
1480.000  2.5733568100e-01  2.1411557200e-03 
1481.000  2.5349934260e-01  2.1477589610e-03 
1482.000  2.5665557230e-01  2.2242436410e-03 
1483.000  2.5136925850e-01  2.1873934270e-03 
1484.000  2.5369275730e-01  2.2048995490e-03 
1485.000  2.5852180360e-01  2.2317397590e-03 
1486.000  2.5426196420e-01  2.2443373200e-03 
1487.000  2.5455275710e-01  2.3609914780e-03 
1488.000  2.2253020900e-01  2.0709660050e-03 
1489.000  2.5551175460e-01  2.5493075850e-03 
1490.000  2.5610662420e-01  2.7204153540e-03 
1491.000  2.5865215070e-01  2.8693878650e-03 
1492.000  2.5264195350e-01  2.8245980740e-03 
1493.000  2.5831945490e-01  2.9757730960e-03 
1494.000  2.5733810070e-01  2.9723029140e-03 
1495.000  2.5553755020e-01  3.0306336880e-03 
1496.000  2.4798078230e-01  3.0781526570e-03 
1497.000  2.5380502510e-01  3.1427896020e-03 
1498.000  2.5637556910e-01  3.3037436010e-03 
1499.000  2.5206350070e-01  3.3667371270e-03 
1500.000  2.5636197570e-01  3.5107061860e-03 
1501.000  2.5599599090e-01  3.4602985380e-03 
1502.000  2.5401881050e-01  3.3722701070e-03 
1503.000  2.2809398490e-01  2.9832873340e-03 
1504.000  2.3763833900e-01  3.1300404070e-03 
1505.000  2.3690007460e-01  3.2302265170e-03 
1506.000  2.4009393420e-01  3.3013525010e-03 
1507.000  2.5110573220e-01  3.5613551140e-03 
1508.000  2.4718482370e-01  3.5722713470e-03 
1509.000  2.4825262700e-01  3.6618344780e-03 
1510.000  2.5208889350e-01  3.7571687700e-03 
1511.000  2.5323529300e-01  3.8350181580e-03 
1512.000  2.4848149150e-01  3.8061940670e-03 
1513.000  2.4806548550e-01  3.8372206690e-03 
1514.000  2.4466988800e-01  3.8059918880e-03 
1515.000  2.4947792250e-01  3.9007141590e-03 
1516.000  2.4716290640e-01  3.8389532570e-03 
1517.000  2.4569912460e-01  3.8033344750e-03 
1518.000  2.5022752740e-01  3.8865323070e-03 
1519.000  2.4651408380e-01  3.8477723600e-03 
1520.000  2.4803069200e-01  3.9430930610e-03 
1521.000  2.4330635090e-01  3.9573657510e-03 
1522.000  2.4188237570e-01  3.9804461000e-03 
1523.000  2.4776989690e-01  4.1395297050e-03 
1524.000  2.4601122890e-01  4.1398892400e-03 
1525.000  2.4052889690e-01  4.0604529380e-03 
1526.000  2.4730416800e-01  4.1561107640e-03 
1527.000  2.4463144670e-01  4.1104412080e-03 
1528.000  2.4611476630e-01  4.1425166130e-03 
1529.000  2.4533596170e-01  4.1051883700e-03 
1530.000  2.2950431680e-01  3.8410062790e-03 
1531.000  2.4522919710e-01  4.0792660710e-03 
1532.000  2.4365610570e-01  4.0307364460e-03 
1533.000  2.4242531350e-01  3.9770188330e-03 
1534.000  2.3857260440e-01  3.8796756270e-03 
1535.000  2.3918684370e-01  3.8563501830e-03 
1536.000  2.4238547370e-01  3.9425635340e-03 
1537.000  2.4294815540e-01  4.0015082360e-03 
1538.000  2.3610352710e-01  3.9396278860e-03 
1539.000  2.4093140800e-01  4.0695586200e-03 
1540.000  2.3210313810e-01  3.9606566430e-03 
1541.000  2.3686549600e-01  4.0466494560e-03 
1542.000  2.3827395000e-01  4.0650091170e-03 
1543.000  2.3738742370e-01  4.0521721840e-03 
1544.000  2.4007272490e-01  4.1051554680e-03 
1545.000  2.4047407760e-01  4.1276426320e-03 
1546.000  2.4026724470e-01  4.1540684700e-03 
1547.000  2.3761522670e-01  4.1359224320e-03 
1548.000  2.3041014090e-01  4.0363001820e-03 
1549.000  2.3631559690e-01  4.1564164160e-03 
1550.000  2.3500350780e-01  4.1475739480e-03 
1551.000  2.3377334140e-01  4.1158666610e-03 
1552.000  2.3774701020e-01  4.1639933590e-03 
1553.000  2.3640563980e-01  4.1241803170e-03 
1554.000  2.2774376430e-01  3.9514350890e-03 
1555.000  2.3139637450e-01  4.0017070770e-03 
1556.000  2.2689122550e-01  3.9468061920e-03 
1557.000  2.3425628510e-01  4.1280050280e-03 
1558.000  2.3246195360e-01  4.1412339210e-03 
1559.000  2.3257310300e-01  4.1858372690e-03 
1560.000  2.2855686330e-01  4.1613507270e-03 
1561.000  2.3399466870e-01  4.2724723820e-03 
1562.000  2.3406974550e-01  4.2470359800e-03 
1563.000  2.3073046780e-01  4.1675486560e-03 
1564.000  2.2638713420e-01  4.0610160830e-03 
1565.000  2.3030069700e-01  4.0964989660e-03 
1566.000  2.2593669300e-01  4.0239944460e-03 
1567.000  2.2658933570e-01  4.0387411120e-03 
1568.000  2.2278028020e-01  3.9616229530e-03 
1569.000  2.2460876280e-01  3.9809308050e-03 
1570.000  2.1957139820e-01  3.8910589220e-03 
1571.000  2.2545482010e-01  4.0230836870e-03 
1572.000  2.2565754840e-01  4.0379266740e-03 
1573.000  2.2188105840e-01  4.0006585120e-03 
1574.000  2.2210266190e-01  4.0436854360e-03 
1575.000  2.0598278660e-01  3.7797794340e-03 
1576.000  2.2129373930e-01  4.0636043550e-03 
1577.000  1.9973236820e-01  3.6350903510e-03 
1578.000  2.1844925370e-01  3.9404225350e-03 
1579.000  2.1938314440e-01  3.9277765750e-03 
1580.000  2.2328896480e-01  3.9773585800e-03 
1581.000  2.2180830280e-01  3.9188830850e-03 
1582.000  2.1671060610e-01  3.8617038730e-03 
1583.000  2.1879952920e-01  3.9305603500e-03 
1584.000  2.1633715240e-01  3.9180541040e-03 
1585.000  2.2236097590e-01  4.0534276960e-03 
1586.000  2.1956802170e-01  4.0130181310e-03 
1587.000  2.1689238870e-01  3.9911270140e-03 
1588.000  2.1342306110e-01  3.9516904350e-03 
1589.000  1.9520977180e-01  3.6233706470e-03 
1590.000  2.1036272260e-01  3.9161155220e-03 
1591.000  2.0564923020e-01  3.8418786530e-03 
1592.000  2.1655658350e-01  4.0535340310e-03 
1593.000  2.2147443950e-01  4.1492872240e-03 
1594.000  2.1992004440e-01  4.1229872700e-03 
1595.000  2.2138494630e-01  4.1523904800e-03 
1596.000  2.0737899600e-01  3.9056537150e-03 
1597.000  2.1583704140e-01  4.0592160220e-03 
1598.000  2.1991013290e-01  4.1213994030e-03 
1599.000  2.1254831910e-01  3.9640691280e-03 
1600.000  2.1609060640e-01  4.0185761450e-03 
1601.000  2.0699400070e-01  3.8652360440e-03 
1602.000  2.1228727810e-01  3.9982428550e-03 
1603.000  2.1067701230e-01  4.0192794800e-03 
1604.000  2.1326421820e-01  4.1270160680e-03 
1605.000  2.1011116560e-01  4.1052269940e-03 
1606.000  2.0925564330e-01  4.1300148960e-03 
1607.000  2.1013523890e-01  4.1141772270e-03 
1608.000  2.1252952290e-01  4.1287479400e-03 
1609.000  2.1171246750e-01  4.0868673320e-03 
1610.000  1.9850183630e-01  3.8111932280e-03 
1611.000  2.0420832190e-01  3.9155685900e-03 
1612.000  2.0595447750e-01  3.9457378390e-03 
1613.000  2.1035025320e-01  4.0250101090e-03 
1614.000  2.0828584150e-01  3.9562878610e-03 
1615.000  2.1154998680e-01  4.0077295300e-03 
1616.000  1.9820869300e-01  3.7422833440e-03 
1617.000  2.0392146530e-01  3.8945209980e-03 
1618.000  2.1027528420e-01  4.0418281560e-03 
1619.000  2.0953123170e-01  4.0734653470e-03 
1620.000  2.0418064550e-01  4.0137667660e-03 
1621.000  2.0111988870e-01  3.9905242920e-03 
1622.000  2.0618218740e-01  4.0968527790e-03 
1623.000  2.1031035790e-01  4.1939058300e-03 
1624.000  2.1176380790e-01  4.2329635620e-03 
1625.000  2.0644578040e-01  4.1523938180e-03 
1626.000  2.0897722080e-01  4.1934413910e-03 
1627.000  2.0870762990e-01  4.2074460980e-03 
1628.000  2.1038477070e-01  4.2516870500e-03 
1629.000  2.1035423750e-01  4.2597494130e-03 
1630.000  2.0464325380e-01  4.1456260680e-03 
1631.000  2.0784394480e-01  4.2223672870e-03 
1632.000  2.0789644740e-01  4.1693487170e-03 
1633.000  2.0522085300e-01  4.0763106350e-03 
1634.000  2.0041877400e-01  3.9392502310e-03 
1635.000  2.0579208930e-01  4.0083818440e-03 
1636.000  2.0524775240e-01  3.9544625280e-03 
1637.000  1.9610982180e-01  3.7392091750e-03 
1638.000  1.9467682080e-01  3.6817157270e-03 
1639.000  1.9273683410e-01  3.6010215280e-03 
1640.000  1.9389290870e-01  3.5871608260e-03 
1641.000  1.9269302990e-01  3.5417406560e-03 
1642.000  1.9245281920e-01  3.6027772430e-03 
1643.000  1.9739911200e-01  3.7577505110e-03 
1644.000  1.9434444180e-01  3.7592668530e-03 
1645.000  1.9477752000e-01  3.8237752910e-03 
1646.000  1.9711847530e-01  3.9239373210e-03 
1647.000  1.9896933550e-01  3.9578540330e-03 
1648.000  1.9820077150e-01  3.9327342510e-03 
1649.000  1.9367292110e-01  3.8387742040e-03 
1650.000  1.9858059760e-01  3.9341328140e-03 
1651.000  1.9410632790e-01  3.8434453010e-03 
1652.000  1.9798033320e-01  3.9163982870e-03 
1653.000  1.9575720120e-01  3.8801162240e-03 
1654.000  1.9795369130e-01  3.9258165360e-03 
1655.000  1.9398595110e-01  3.8574113850e-03 
1656.000  1.9771204480e-01  3.9384014610e-03 
1657.000  1.9627884530e-01  3.9102201460e-03 
1658.000  1.9733927850e-01  3.9396827220e-03 
1659.000  1.9370437600e-01  3.8682715890e-03 
1660.000  1.9606814540e-01  3.9088819030e-03 
1661.000  1.9683760980e-01  3.9064354900e-03 
1662.000  1.9551517010e-01  3.8204002380e-03 
1663.000  1.9428459370e-01  3.7438933850e-03 
1664.000  1.9346206660e-01  3.6748316290e-03 
1665.000  1.9148670180e-01  3.5840997700e-03 
1666.000  1.9055453570e-01  3.5586102010e-03 
1667.000  1.9207719210e-01  3.6431808470e-03 
1668.000  1.8882284650e-01  3.6197001930e-03 
1669.000  1.8912525170e-01  3.6714720730e-03 
1670.000  1.9319748680e-01  3.7977292540e-03 
1671.000  1.9172227700e-01  3.8170692920e-03 
1672.000  1.8264129060e-01  3.6923427580e-03 
1673.000  1.8802196110e-01  3.8482208250e-03 
1674.000  1.8889561720e-01  3.9168744090e-03 
1675.000  1.8714522390e-01  3.9376220700e-03 
1676.000  1.8416418330e-01  3.8936216830e-03 
1677.000  1.8504939870e-01  3.9101777080e-03 
1678.000  1.8591800040e-01  3.9329030510e-03 
1679.000  1.8344548470e-01  3.8742399220e-03 
1680.000  1.7703669540e-01  3.7416772840e-03 
1681.000  1.7083107550e-01  3.6117825510e-03 
1682.000  1.7576436870e-01  3.7139937880e-03 
1683.000  1.8015760590e-01  3.8008456230e-03 
1684.000  1.8351871130e-01  3.8666114810e-03 
1685.000  1.8423758600e-01  3.8656303880e-03 
1686.000  1.8201479620e-01  3.8062572480e-03 
1687.000  1.8303094570e-01  3.7888789180e-03 
1688.000  1.8337286050e-01  3.7624552250e-03 
1689.000  1.8116283230e-01  3.7002351280e-03 
1690.000  1.8132615340e-01  3.6676607130e-03 
1691.000  1.8369902150e-01  3.7247676850e-03 
1692.000  1.8403333140e-01  3.7486057280e-03 
1693.000  1.8333358420e-01  3.7547478680e-03 
1694.000  1.8305629920e-01  3.7663948540e-03 
1695.000  1.8326549930e-01  3.7762384410e-03 
1696.000  1.8219375140e-01  3.7189323900e-03 
1697.000  1.8115302510e-01  3.6512134080e-03 
1698.000  1.8224625340e-01  3.6302948000e-03 
1699.000  1.8106869020e-01  3.5674374100e-03 
1700.000  1.7874753770e-01  3.4848802090e-03 
