 lambda   Irr_dw            Rad_up 
 550.000  1.5536297600e+00  4.7676856990e-02 
 551.000  1.5433649200e+00  4.7204315190e-02 
 552.000  1.6092489600e+00  4.9183921810e-02 
 553.000  1.5456810700e+00  4.7057567600e-02 
 554.000  1.5956446500e+00  4.8518344880e-02 
 555.000  1.5996343000e+00  4.8418399810e-02 
 556.000  1.5550912100e+00  4.6859813690e-02 
 557.000  1.5085863000e+00  4.5410850520e-02 
 558.000  1.5655312500e+00  4.6915443420e-02 
 559.000  1.4794571900e+00  4.4204742430e-02 
 560.000  1.4857204800e+00  4.4337989810e-02 
 561.000  1.6326723600e+00  4.8490337370e-02 
 562.000  1.4988504000e+00  4.4431785580e-02 
 563.000  1.5680587700e+00  4.6270881650e-02 
 564.000  1.5460721200e+00  4.5345737460e-02 
 565.000  1.5648222300e+00  4.5821781160e-02 
 566.000  1.4428333100e+00  4.2054508210e-02 
 567.000  1.5490136700e+00  4.4827487950e-02 
 568.000  1.5495890900e+00  4.4246627810e-02 
 569.000  1.5282051600e+00  4.2452194210e-02 
 570.000  1.5347413500e+00  4.2625129700e-02 
 571.000  1.4738317400e+00  4.1494621280e-02 
 572.000  1.5646064300e+00  4.3302227020e-02 
 573.000  1.5794568400e+00  4.3796878810e-02 
 574.000  1.5704055900e+00  4.3441837310e-02 
 575.000  1.5326131200e+00  4.2200477600e-02 
 576.000  1.5050248500e+00  4.1307582860e-02 
 577.000  1.5656408800e+00  4.2975547790e-02 
 578.000  1.5172302500e+00  4.1897285460e-02 
 579.000  1.5034233600e+00  4.1501110080e-02 
 580.000  1.5532417100e+00  4.3074657440e-02 
 581.000  1.5221464300e+00  4.2335762020e-02 
 582.000  1.5430924300e+00  4.2785732270e-02 
 583.000  1.5529949800e+00  4.3108291630e-02 
 584.000  1.5473420700e+00  4.2751731870e-02 
 585.000  1.5367389700e+00  4.2299591060e-02 
 586.000  1.4703913600e+00  4.0422782900e-02 
 587.000  1.5309600000e+00  4.1524147030e-02 
 588.000  1.5290835200e+00  4.0112445830e-02 
 589.000  1.3746990900e+00  3.4431072240e-02 
 590.000  1.4365793400e+00  3.5869701390e-02 
 591.000  1.5118626600e+00  3.8727142330e-02 
 592.000  1.4904932800e+00  3.7408229830e-02 
 593.000  1.4897651600e+00  3.8519477840e-02 
 594.000  1.5070481200e+00  3.8627811430e-02 
 595.000  1.4897092400e+00  3.7199817660e-02 
 596.000  1.5099476500e+00  3.8926059720e-02 
 597.000  1.5180008800e+00  3.8642623900e-02 
 598.000  1.4801079900e+00  3.8175807950e-02 
 599.000  1.4776385400e+00  3.8265045170e-02 
 600.000  1.4717570700e+00  3.8572040560e-02 
 601.000  1.4593521200e+00  3.8598354340e-02 
 602.000  1.4419017800e+00  3.8131401060e-02 
 603.000  1.4491431400e+00  3.8436645510e-02 
 604.000  1.4937853600e+00  3.9771003720e-02 
 605.000  1.4893668400e+00  3.9497806550e-02 
 606.000  1.4718857900e+00  3.9081302640e-02 
 607.000  1.4634326400e+00  3.8751640320e-02 
 608.000  1.4579409000e+00  3.8470611570e-02 
 609.000  1.4428942300e+00  3.8041492460e-02 
 610.000  1.4196903500e+00  3.7302429200e-02 
 611.000  1.4426634400e+00  3.7852172850e-02 
 612.000  1.4238391100e+00  3.7315639500e-02 
 613.000  1.4030078300e+00  3.6655067440e-02 
 614.000  1.3518658700e+00  3.5300693510e-02 
 615.000  1.4171561600e+00  3.6845481870e-02 
 616.000  1.3474619600e+00  3.5025981900e-02 
 617.000  1.3551480300e+00  3.5175376890e-02 
 618.000  1.4191933200e+00  3.6649299620e-02 
 619.000  1.4063802700e+00  3.6340675350e-02 
 620.000  1.4273794500e+00  3.6692237850e-02 
 621.000  1.4522372000e+00  3.7288677220e-02 
 622.000  1.3759654500e+00  3.5224403380e-02 
 623.000  1.3871803600e+00  3.5291564940e-02 
 624.000  1.3891256200e+00  3.5389362340e-02 
 625.000  1.3519367100e+00  3.4406059270e-02 
 626.000  1.3598582200e+00  3.4360424040e-02 
 627.000  1.3883025900e+00  3.4546997070e-02 
 628.000  1.3948817700e+00  3.3247230530e-02 
 629.000  1.4157494000e+00  3.4298339840e-02 
 630.000  1.3649468800e+00  3.3457462310e-02 
 631.000  1.4107063100e+00  3.4670139310e-02 
 632.000  1.3162070100e+00  3.2104454040e-02 
 633.000  1.4062850400e+00  3.4667312620e-02 
 634.000  1.3617357700e+00  3.3727252960e-02 
 635.000  1.3862180900e+00  3.4351428990e-02 
 636.000  1.3360283200e+00  3.3176563260e-02 
 637.000  1.3793019500e+00  3.4302509310e-02 
 638.000  1.3980283300e+00  3.4904071810e-02 
 639.000  1.3861953500e+00  3.4435588840e-02 
 640.000  1.3412845100e+00  3.3569194790e-02 
 641.000  1.3605102600e+00  3.3989292140e-02 
 642.000  1.3431795700e+00  3.3568061830e-02 
 643.000  1.3683455700e+00  3.4007926940e-02 
 644.000  1.3525755100e+00  3.3470626830e-02 
 645.000  1.3667908400e+00  3.3653766630e-02 
 646.000  1.3246083100e+00  3.1614063260e-02 
 647.000  1.3498521100e+00  3.1531740190e-02 
 648.000  1.3554175000e+00  3.1152423860e-02 
 649.000  1.3754065500e+00  3.1916809080e-02 
 650.000  1.2622165200e+00  3.0224931720e-02 
 651.000  1.3597603000e+00  3.2525875090e-02 
 652.000  1.3452052500e+00  3.1267646790e-02 
 653.000  1.3588728500e+00  3.2563854220e-02 
 654.000  1.3426510900e+00  3.1885021210e-02 
 655.000  1.3120571900e+00  3.0745550160e-02 
 656.000  1.1126098600e+00  2.6123086930e-02 
 657.000  1.1852553100e+00  2.7988962170e-02 
 658.000  1.3158485400e+00  3.1489835740e-02 
 659.000  1.3165098600e+00  3.1636646270e-02 
 660.000  1.3257939400e+00  3.1945152280e-02 
 661.000  1.3284064300e+00  3.2309894560e-02 
 662.000  1.3460756300e+00  3.2832347870e-02 
 663.000  1.3315185500e+00  3.2349006650e-02 
 664.000  1.3098593200e+00  3.1821346280e-02 
 665.000  1.3152016800e+00  3.1924900050e-02 
 666.000  1.3304761000e+00  3.2419094090e-02 
 667.000  1.3036691200e+00  3.1656850810e-02 
 668.000  1.3105308400e+00  3.1940437320e-02 
 669.000  1.3291361200e+00  3.2432899480e-02 
 670.000  1.3131214200e+00  3.1870981220e-02 
 671.000  1.2990476500e+00  3.1550407410e-02 
 672.000  1.2947455200e+00  3.1402420040e-02 
 673.000  1.3039596000e+00  3.1564920430e-02 
 674.000  1.3064360600e+00  3.1616485600e-02 
 675.000  1.2864087600e+00  3.1049667360e-02 
 676.000  1.3106431000e+00  3.1628345490e-02 
 677.000  1.2845154700e+00  3.0997856140e-02 
 678.000  1.3056964400e+00  3.1444885250e-02 
 679.000  1.2873003000e+00  3.0900106430e-02 
 680.000  1.2778698000e+00  3.0635265350e-02 
 681.000  1.2798483300e+00  3.0583803180e-02 
 682.000  1.2774104200e+00  3.0387140270e-02 
 683.000  1.2860982400e+00  3.0463481900e-02 
 684.000  1.2639041400e+00  2.9902963640e-02 
 685.000  1.2775719200e+00  3.0154666900e-02 
 686.000  1.2244056900e+00  2.8484004970e-02 
 687.000  1.2254663300e+00  2.4642919540e-02 
 688.000  1.2263588600e+00  2.5612812040e-02 
 689.000  1.2299082500e+00  2.5475263600e-02 
 690.000  1.2358456000e+00  2.6109731670e-02 
 691.000  1.2407966800e+00  2.6888294220e-02 
 692.000  1.2333133200e+00  2.7044582370e-02 
 693.000  1.2414551600e+00  2.6264213560e-02 
 694.000  1.2550873600e+00  2.5831649780e-02 
 695.000  1.2321032000e+00  2.5737728120e-02 
 696.000  1.2459029500e+00  2.6274047850e-02 
 697.000  1.2448364000e+00  2.7890792850e-02 
 698.000  1.2225746700e+00  2.6936141970e-02 
 699.000  1.2484051400e+00  2.6129774090e-02 
 700.000  1.2334715900e+00  2.5975257870e-02 
 701.000  1.2065767100e+00  2.5057596210e-02 
 702.000  1.2003672500e+00  2.5121086120e-02 
 703.000  1.2149852500e+00  2.6452997210e-02 
 704.000  1.2185078800e+00  2.6593366620e-02 
 705.000  1.2289702400e+00  2.6320966720e-02 
 706.000  1.2158525700e+00  2.6120836260e-02 
 707.000  1.1972586600e+00  2.5882802960e-02 
 708.000  1.2316586600e+00  2.6810380940e-02 
 709.000  1.1872295000e+00  2.6181358340e-02 
 710.000  1.2154573500e+00  2.6307409290e-02 
 711.000  1.2024676300e+00  2.6397077560e-02 
 712.000  1.1850634200e+00  2.6395040510e-02 
 713.000  1.1806743900e+00  2.5950107570e-02 
 714.000  1.2009715100e+00  2.6192863460e-02 
 715.000  1.1598618000e+00  2.4771402360e-02 
 716.000  1.1910506300e+00  2.4899913790e-02 
 717.000  1.1613232300e+00  2.1796590810e-02 
 718.000  1.1551732700e+00  2.0228742600e-02 
 719.000  1.1418759300e+00  1.9383619310e-02 
 720.000  1.1502056900e+00  1.8857498170e-02 
 721.000  1.1485509800e+00  2.2067914960e-02 
 722.000  1.1646004000e+00  2.3483728410e-02 
 723.000  1.1622689300e+00  2.2683404920e-02 
 724.000  1.1693202000e+00  2.0885086060e-02 
 725.000  1.1565614000e+00  2.0921834950e-02 
 726.000  1.1544465000e+00  2.0796476360e-02 
 727.000  1.1715285200e+00  2.1297536850e-02 
 728.000  1.1514050200e+00  2.0694002150e-02 
 729.000  1.1056448200e+00  2.0504793170e-02 
 730.000  1.1465024800e+00  2.1137279510e-02 
 731.000  1.1275998900e+00  2.0724393840e-02 
 732.000  1.1487193600e+00  2.2237924580e-02 
 733.000  1.1308677500e+00  2.3168840410e-02 
 734.000  1.1540668400e+00  2.4229532240e-02 
 735.000  1.1448664200e+00  2.3747137070e-02 
 736.000  1.1238516100e+00  2.2918323520e-02 
 737.000  1.1384389800e+00  2.3456138610e-02 
 738.000  1.1349857100e+00  2.3808391570e-02 
 739.000  1.0981336600e+00  2.3256172180e-02 
 740.000  1.1081125600e+00  2.3889371870e-02 
 741.000  1.0990520900e+00  2.4042119980e-02 
 742.000  1.0808783400e+00  2.3772052760e-02 
 743.000  1.1123304800e+00  2.4754879000e-02 
 744.000  1.1227620500e+00  2.5137331010e-02 
 745.000  1.0934443800e+00  2.4608781810e-02 
 746.000  1.1085707800e+00  2.4975412370e-02 
 747.000  1.1251731800e+00  2.5313575740e-02 
 748.000  1.1049565000e+00  2.4846729280e-02 
 749.000  1.1051555100e+00  2.4865591050e-02 
 750.000  1.0890156400e+00  2.4405710220e-02 
 751.000  1.0862142800e+00  2.4327911380e-02 
 752.000  1.1026703800e+00  2.4741434100e-02 
 753.000  1.0922348500e+00  2.4508499150e-02 
 754.000  1.1093355600e+00  2.4886188510e-02 
 755.000  1.1029723600e+00  2.4728092190e-02 
 756.000  1.0813788100e+00  2.4230207440e-02 
 757.000  1.0893719100e+00  2.4392984390e-02 
 758.000  1.0882369600e+00  2.4289596560e-02 
 759.000  1.0470718200e+00  2.1431606290e-02 
 760.000  8.2383731900e-01  8.7021732330e-03 
 761.000  7.9393885400e-01  7.7155942920e-03 
 762.000  9.2602858400e-01  1.3895314220e-02 
 763.000  9.1117727200e-01  1.2023690220e-02 
 764.000  9.3454969900e-01  1.3120766640e-02 
 765.000  9.8083343000e-01  1.5919483180e-02 
 766.000  9.7252455400e-01  1.8252132420e-02 
 767.000  1.0023857650e+00  2.0004337310e-02 
 768.000  1.0512892100e+00  2.1939876560e-02 
 769.000  1.0527387900e+00  2.2702857970e-02 
 770.000  1.0500562400e+00  2.3020275120e-02 
 771.000  1.0514964600e+00  2.3262308120e-02 
 772.000  1.0476222100e+00  2.3214807510e-02 
 773.000  1.0433098400e+00  2.3126396180e-02 
 774.000  1.0543184400e+00  2.3379430770e-02 
 775.000  1.0146074000e+00  2.2499145510e-02 
 776.000  1.0563213600e+00  2.3464939120e-02 
 777.000  1.0490072800e+00  2.3272474290e-02 
 778.000  1.0434637500e+00  2.3094163890e-02 
 779.000  1.0469376200e+00  2.3101955410e-02 
 780.000  1.0340653400e+00  2.2833656310e-02 
 781.000  1.0322078900e+00  2.2776933670e-02 
 782.000  1.0447431700e+00  2.2961013790e-02 
 783.000  1.0204071740e+00  2.2514120100e-02 
 784.000  1.0263182370e+00  2.2584270480e-02 
 785.000  1.0296925400e+00  2.2444404600e-02 
 786.000  1.0128318320e+00  2.1931474690e-02 
 787.000  1.0297166370e+00  2.1811630250e-02 
 788.000  1.0152489250e+00  2.1334997180e-02 
 789.000  1.0243863050e+00  2.0873958590e-02 
 790.000  1.0143449080e+00  2.0563993450e-02 
 791.000  1.0086119500e+00  2.0573371890e-02 
 792.000  9.9215753900e-01  2.0274057390e-02 
 793.000  9.8999356000e-01  2.0457185750e-02 
 794.000  9.7734489700e-01  2.0765232090e-02 
 795.000  9.7363994000e-01  2.0213214870e-02 
 796.000  9.9435192800e-01  1.9924509050e-02 
 797.000  9.9949274600e-01  2.0273208620e-02 
 798.000  9.9746963000e-01  2.0729024890e-02 
 799.000  9.9728836200e-01  2.0539281850e-02 
 800.000  9.7313308100e-01  1.9643096920e-02 
 801.000  9.9115092400e-01  2.0042276380e-02 
 802.000  9.8938130100e-01  1.9916124340e-02 
 803.000  9.7507845200e-01  1.9695728300e-02 
 804.000  9.8306561400e-01  2.0084699630e-02 
 805.000  9.5461455200e-01  1.9865812300e-02 
 806.000  9.7954418400e-01  2.0541671750e-02 
 807.000  9.7348499300e-01  2.0456287380e-02 
 808.000  9.6833950400e-01  2.0170547490e-02 
 809.000  9.5254577900e-01  1.9664455410e-02 
 810.000  9.4891304900e-01  1.9387987140e-02 
 811.000  9.6532871800e-01  1.9393882750e-02 
 812.000  9.6356949300e-01  1.9003671650e-02 
 813.000  9.6104172100e-01  1.8425413130e-02 
 814.000  9.6167836900e-01  1.7957853320e-02 
 815.000  9.5346463600e-01  1.7215190890e-02 
 816.000  9.4738398500e-01  1.6401006700e-02 
 817.000  9.5297655900e-01  1.6512640000e-02 
 818.000  9.4697186900e-01  1.6370290760e-02 
 819.000  9.2083458900e-01  1.6207212450e-02 
 820.000  9.0120291100e-01  1.6614349370e-02 
 821.000  9.2899726600e-01  1.8036554340e-02 
 822.000  9.0438601500e-01  1.6736564640e-02 
 823.000  9.2061344200e-01  1.5297969820e-02 
 824.000  9.3118680600e-01  1.6953495030e-02 
 825.000  9.2727445900e-01  1.8157823560e-02 
 826.000  9.3357614500e-01  1.7993379590e-02 
 827.000  9.3092687700e-01  1.7746829990e-02 
 828.000  9.3080321400e-01  1.6967947010e-02 
 829.000  9.2973340700e-01  1.7162260060e-02 
 830.000  9.1426599000e-01  1.7167974470e-02 
 831.000  8.9804368500e-01  1.6916086200e-02 
 832.000  9.1633499000e-01  1.7254913330e-02 
 833.000  8.8738995200e-01  1.6980901720e-02 
 834.000  8.9986919600e-01  1.7440116880e-02 
 835.000  8.9981564600e-01  1.7736444470e-02 
 836.000  9.1094250500e-01  1.7961902620e-02 
 837.000  9.0350813900e-01  1.7753482820e-02 
 838.000  9.0573599400e-01  1.8041969300e-02 
 839.000  8.7681511200e-01  1.7561664580e-02 
 840.000  9.0002909900e-01  1.8008575440e-02 
 841.000  9.0334769300e-01  1.7900295260e-02 
 842.000  8.9686573200e-01  1.7866333010e-02 
 843.000  8.8863802000e-01  1.8135581970e-02 
 844.000  8.7295183000e-01  1.7979099270e-02 
 845.000  8.8572392100e-01  1.8310823440e-02 
 846.000  8.9307662500e-01  1.8604673390e-02 
 847.000  8.6169662300e-01  1.8102373120e-02 
 848.000  8.8819071100e-01  1.8456623080e-02 
 849.000  8.8970926400e-01  1.8595441820e-02 
 850.000  7.6973819200e-01  1.5933210370e-02 
 851.000  8.8255617200e-01  1.8123086930e-02 
 852.000  8.4904625400e-01  1.7505487440e-02 
 853.000  8.5774401300e-01  1.7726848600e-02 
 854.000  6.8965948700e-01  1.4283524510e-02 
 855.000  7.5865415300e-01  1.5821075440e-02 
 856.000  8.5953362800e-01  1.7965452190e-02 
 857.000  8.7264118300e-01  1.8393138890e-02 
 858.000  8.5835747500e-01  1.8086542130e-02 
 859.000  8.5748647300e-01  1.8120796200e-02 
 860.000  8.4944566200e-01  1.8039411540e-02 
 861.000  8.4929398900e-01  1.8013612750e-02 
 862.000  8.4628717300e-01  1.7885738370e-02 
 863.000  8.6246082000e-01  1.8330297470e-02 
 864.000  8.6058664400e-01  1.8136806490e-02 
 865.000  8.4444146700e-01  1.7932847980e-02 
 866.000  7.0830191800e-01  1.5086941720e-02 
 867.000  7.5431312900e-01  1.5850085260e-02 
 868.000  8.1809397700e-01  1.7280454640e-02 
 869.000  8.0659396800e-01  1.7025482180e-02 
 870.000  8.3992245800e-01  1.7848527910e-02 
 871.000  8.3872050500e-01  1.7749780650e-02 
 872.000  8.3525842200e-01  1.7440029140e-02 
 873.000  8.3874380800e-01  1.7643602370e-02 
 874.000  8.2043979600e-01  1.7172210690e-02 
 875.000  8.1293383700e-01  1.7165464400e-02 
 876.000  8.1989668100e-01  1.7224262240e-02 
 877.000  8.3635851800e-01  1.7412826540e-02 
 878.000  8.2259576700e-01  1.7201391220e-02 
 879.000  8.2455277200e-01  1.7299705510e-02 
 880.000  8.2030050900e-01  1.7014492030e-02 
 881.000  7.7794006600e-01  1.6179962160e-02 
 882.000  8.2119261600e-01  1.6873825070e-02 
 883.000  8.0221688700e-01  1.6674612050e-02 
 884.000  8.0894551500e-01  1.7034708020e-02 
 885.000  8.1829088600e-01  1.6744287490e-02 
 886.000  7.9280213400e-01  1.6250946040e-02 
 887.000  7.8372280300e-01  1.6051496510e-02 
 888.000  8.0729884200e-01  1.6340141300e-02 
 889.000  8.1239644800e-01  1.6738573070e-02 
 890.000  8.1057113100e-01  1.6599306110e-02 
 891.000  8.0753474500e-01  1.6300048830e-02 
 892.000  8.0688652500e-01  1.6047676090e-02 
 893.000  7.8130076500e-01  1.4663681030e-02 
 894.000  8.0971651300e-01  1.4925501820e-02 
 895.000  7.7473484100e-01  1.3602855680e-02 
 896.000  8.0548222700e-01  1.3255065920e-02 
 897.000  7.8694494700e-01  1.2439441680e-02 
 898.000  7.8829800600e-01  1.2064286230e-02 
 899.000  7.8758951700e-01  1.1135789870e-02 
 900.000  7.6792266200e-01  1.0861606600e-02 
 901.000  7.5147176100e-01  1.0445529940e-02 
 902.000  7.3764116800e-01  1.0291668890e-02 
 903.000  7.7372787200e-01  1.2135078430e-02 
 904.000  7.8809553200e-01  1.3179773330e-02 
 905.000  7.8600403200e-01  1.3399151800e-02 
 906.000  7.6518675100e-01  1.2506036760e-02 
 907.000  7.7815819900e-01  1.1693123820e-02 
 908.000  7.5912547000e-01  1.0720847130e-02 
 909.000  7.4423341400e-01  1.0513944630e-02 
 910.000  7.5303696000e-01  1.0717573170e-02 
 911.000  7.5104042000e-01  1.1263923650e-02 
 912.000  7.5266753800e-01  1.0844657900e-02 
 913.000  7.7028500700e-01  1.0320884700e-02 
 914.000  7.6532717500e-01  1.0602549550e-02 
 915.000  7.5269482800e-01  1.0953387260e-02 
 916.000  7.6105179300e-01  1.1090973850e-02 
 917.000  7.4914110300e-01  1.1071263310e-02 
 918.000  7.4533706400e-01  1.1247887610e-02 
 919.000  7.5516716700e-01  1.2589148520e-02 
 920.000  7.4796522500e-01  1.2809247020e-02 
 921.000  7.3159499600e-01  1.2371112820e-02 
 922.000  7.2503383000e-01  1.2354837420e-02 
 923.000  6.9464384800e-01  1.1300231930e-02 
 924.000  7.2404096900e-01  1.1695073130e-02 
 925.000  7.3365213500e-01  1.1740043640e-02 
 926.000  7.0745915800e-01  1.1152870180e-02 
 927.000  7.3381439900e-01  1.1366534230e-02 
 928.000  7.3833331900e-01  1.0561182020e-02 
 929.000  7.2801961300e-01  9.3136129380e-03 
 930.000  7.2619246400e-01  8.1122770310e-03 
 931.000  7.2589657300e-01  7.2185840610e-03 
 932.000  7.1878604100e-01  6.1939945220e-03 
 933.000  7.2074950900e-01  5.6580705640e-03 
 934.000  7.1444087100e-01  5.1470780370e-03 
 935.000  7.0385419200e-01  5.0230555530e-03 
 936.000  6.9878697000e-01  5.1387286190e-03 
 937.000  7.1438466100e-01  5.2150039670e-03 
 938.000  7.0688877600e-01  5.6964597700e-03 
 939.000  7.1315107600e-01  7.6031455990e-03 
 940.000  7.0951131400e-01  7.9560627940e-03 
 941.000  6.9338169000e-01  7.4626955990e-03 
 942.000  6.6684909600e-01  6.5294036870e-03 
 943.000  7.0262652800e-01  5.9589624400e-03 
 944.000  6.8331252400e-01  5.7281761170e-03 
 945.000  6.8985978800e-01  6.0672388080e-03 
 946.000  6.9921603800e-01  6.1720695500e-03 
 947.000  6.9498648800e-01  6.4343137740e-03 
 948.000  6.9918964900e-01  6.6570420270e-03 
 949.000  7.0140464900e-01  6.6642017360e-03 
 950.000  6.9678117700e-01  6.6691999440e-03 
 951.000  6.9264454000e-01  7.0710077290e-03 
 952.000  6.9257257800e-01  6.6203188900e-03 
 953.000  6.9066079900e-01  6.9358153340e-03 
 954.000  6.8398899300e-01  7.2655386920e-03 
 955.000  6.3888449500e-01  6.5116510390e-03 
 956.000  6.8153979600e-01  6.9095325470e-03 
 957.000  6.8118718400e-01  7.9993395810e-03 
 958.000  6.8643867600e-01  8.2509689330e-03 
 959.000  6.8909198900e-01  8.0818033220e-03 
 960.000  6.8258107400e-01  7.9562096600e-03 
 961.000  6.7525991300e-01  7.7753334050e-03 
 962.000  6.7862153700e-01  7.9116978650e-03 
 963.000  6.7722041300e-01  8.6449699400e-03 
 964.000  6.6947052000e-01  8.6671209340e-03 
 965.000  6.7765453400e-01  8.6992425920e-03 
 966.000  6.5809447500e-01  8.4978933330e-03 
 967.000  6.7766597400e-01  9.3807353970e-03 
 968.000  6.7019749900e-01  1.0300845150e-02 
 969.000  6.7428634800e-01  1.0813784600e-02 
 970.000  6.7611702800e-01  1.0867438320e-02 
 971.000  6.7013266100e-01  1.0752951620e-02 
 972.000  6.7488414900e-01  1.0686678890e-02 
 973.000  6.6865010500e-01  1.0289256100e-02 
 974.000  6.5839992300e-01  9.7789230350e-03 
 975.000  6.6169103300e-01  9.5887594220e-03 
 976.000  6.6969934300e-01  9.9795932770e-03 
 977.000  6.5272245500e-01  1.0157296180e-02 
 978.000  6.6886914000e-01  1.0371809960e-02 
 979.000  6.4943114100e-01  1.0184572220e-02 
 980.000  6.5859240500e-01  1.0802706720e-02 
 981.000  6.6307828000e-01  1.0992528920e-02 
 982.000  6.6164974500e-01  1.0852807040e-02 
 983.000  6.5985766400e-01  1.1097459790e-02 
 984.000  6.5543743500e-01  1.1332148550e-02 
 985.000  6.5512530600e-01  1.1516558650e-02 
 986.000  6.4978133800e-01  1.1689249040e-02 
 987.000  6.5716976200e-01  1.1944160460e-02 
 988.000  6.4906735000e-01  1.1819506650e-02 
 989.000  6.4082681900e-01  1.1680050850e-02 
 990.000  6.4629089400e-01  1.1802610400e-02 
 991.000  6.5153436500e-01  1.2000827790e-02 
 992.000  6.4550179000e-01  1.1908263210e-02 
 993.000  6.4545564500e-01  1.1904273030e-02 
 994.000  6.4869169500e-01  1.2049661640e-02 
 995.000  6.4388070100e-01  1.2029047970e-02 
 996.000  6.4376095900e-01  1.2009758950e-02 
 997.000  6.4448364500e-01  1.1952977180e-02 
 998.000  6.4212200700e-01  1.1843949320e-02 
 999.000  6.4055312600e-01  1.1778156280e-02 
1000.000  6.3544175200e-01  1.1684604640e-02 
1001.000  6.3909643500e-01  1.1627860070e-02 
1002.000  6.3844894100e-01  1.1433636670e-02 
1003.000  6.3092228700e-01  1.1328080180e-02 
1004.000  6.2549176800e-01  1.1317446710e-02 
1005.000  5.8434076200e-01  1.0605967520e-02 
1006.000  6.1483216000e-01  1.1164657590e-02 
1007.000  6.2608834100e-01  1.1325856210e-02 
1008.000  6.2898283900e-01  1.1231436730e-02 
1009.000  6.2547897400e-01  1.0988407140e-02 
1010.000  6.2767123900e-01  1.1092466350e-02 
1011.000  6.2395925500e-01  1.1205098150e-02 
1012.000  6.2399636900e-01  1.1272119520e-02 
1013.000  6.1938359800e-01  1.1240478520e-02 
1014.000  6.2328440800e-01  1.1370007510e-02 
1015.000  6.1177011000e-01  1.1201149940e-02 
1016.000  6.1563554500e-01  1.1337029460e-02 
1017.000  6.0950576400e-01  1.1267274860e-02 
1018.000  6.1756755700e-01  1.1426475520e-02 
1019.000  6.0369603700e-01  1.1134006500e-02 
1020.000  6.0234660400e-01  1.1087944030e-02 
1021.000  6.0817468100e-01  1.1160880090e-02 
1022.000  5.9933789200e-01  1.0830525400e-02 
1023.000  6.1110092700e-01  1.0890022280e-02 
1024.000  6.0816036800e-01  1.0714879990e-02 
1025.000  6.0744110600e-01  1.0738741870e-02 
1026.000  6.0790346800e-01  1.0779560090e-02 
1027.000  6.0434213000e-01  1.0743315700e-02 
1028.000  6.0567327800e-01  1.0837845800e-02 
1029.000  5.9622220600e-01  1.0768897060e-02 
1030.000  6.0197079700e-01  1.0981900220e-02 
1031.000  5.9994177700e-01  1.1026107790e-02 
1032.000  5.9773182600e-01  1.1038084030e-02 
1033.000  5.8669949100e-01  1.0807184220e-02 
1034.000  5.9285021300e-01  1.0901479720e-02 
1035.000  5.8645446900e-01  1.0773699760e-02 
1036.000  5.9415019600e-01  1.0863537790e-02 
1037.000  5.8162883100e-01  1.0604553220e-02 
1038.000  5.8734291500e-01  1.0678725240e-02 
1039.000  5.8985551600e-01  1.0685150150e-02 
1040.000  5.8296569300e-01  1.0523532870e-02 
1041.000  5.8609642900e-01  1.0545650480e-02 
1042.000  5.8786500400e-01  1.0546159740e-02 
1043.000  5.7773150000e-01  1.0335100170e-02 
1044.000  5.8355000600e-01  1.0406329150e-02 
1045.000  5.8121743300e-01  1.0402693750e-02 
1046.000  5.6442452200e-01  1.0151474950e-02 
1047.000  5.7493644700e-01  1.0389361380e-02 
1048.000  5.8082690500e-01  1.0547340390e-02 
1049.000  5.7726232000e-01  1.0535206790e-02 
1050.000  5.7399938400e-01  1.0508755680e-02 
1051.000  5.7432859600e-01  1.0491842270e-02 
1052.000  5.7182703500e-01  1.0400156970e-02 
1053.000  5.7210852900e-01  1.0379744530e-02 
1054.000  5.6651225900e-01  1.0217332840e-02 
1055.000  5.7095915200e-01  1.0244021420e-02 
1056.000  5.6967784400e-01  1.0173252110e-02 
1057.000  5.6925657000e-01  1.0119783400e-02 
1058.000  5.6429970900e-01  9.9678316120e-03 
1059.000  5.4649846900e-01  9.6765279770e-03 
1060.000  5.6569380400e-01  1.0077610970e-02 
1061.000  5.4599193700e-01  9.7337684630e-03 
1062.000  5.6175657700e-01  9.9824838640e-03 
1063.000  5.5249231300e-01  9.7863531110e-03 
1064.000  5.5991810200e-01  9.8236198430e-03 
1065.000  5.5982934800e-01  9.7152204510e-03 
1066.000  5.4262749300e-01  9.3677597050e-03 
1067.000  5.5580845100e-01  9.5257558820e-03 
1068.000  5.5446607000e-01  9.3590745930e-03 
1069.000  5.1311113800e-01  8.5984325410e-03 
1070.000  5.4342083300e-01  9.1523942950e-03 
1071.000  5.4483297800e-01  9.1605978010e-03 
1072.000  5.4719522900e-01  9.1860914230e-03 
1073.000  5.2928911300e-01  8.9122552870e-03 
1074.000  5.4776147700e-01  9.2694616320e-03 
1075.000  5.3001653500e-01  9.0743227010e-03 
1076.000  5.4215844200e-01  9.2467947010e-03 
1077.000  5.4157117300e-01  9.1867027280e-03 
1078.000  5.4369528900e-01  9.1644306180e-03 
1079.000  5.2286589200e-01  8.8169898990e-03 
1080.000  5.4026758000e-01  8.9433898930e-03 
1081.000  5.2048649400e-01  8.6024656300e-03 
1082.000  5.2632310600e-01  8.7242174150e-03 
1083.000  5.1304813100e-01  8.3679008480e-03 
1084.000  5.3366565500e-01  8.5615997310e-03 
1085.000  5.2906122600e-01  8.2383918760e-03 
1086.000  5.3540863600e-01  8.3348817830e-03 
1087.000  5.0013165400e-01  7.9707551000e-03 
1088.000  5.3034081000e-01  8.5214309690e-03 
1089.000  5.1312604600e-01  8.0313234330e-03 
1090.000  5.2485571000e-01  8.2196855550e-03 
1091.000  5.2765737900e-01  8.3686265950e-03 
1092.000  5.1690099100e-01  8.1264801030e-03 
1093.000  5.1377557900e-01  7.8549613950e-03 
1094.000  4.6876635300e-01  7.0307221410e-03 
1095.000  5.0716816800e-01  7.5794248580e-03 
1096.000  5.0790429600e-01  7.5643410680e-03 
1097.000  4.9869984500e-01  7.3279542920e-03 
1098.000  4.9774911100e-01  6.7126894000e-03 
1099.000  5.0223935700e-01  6.2252225880e-03 
1100.000  5.1065395200e-01  6.3637599950e-03 
1101.000  5.0907212800e-01  6.4127197270e-03 
1102.000  4.8816039100e-01  6.1100850110e-03 
1103.000  5.0719459700e-01  6.3894319530e-03 
1104.000  5.0394848300e-01  6.2573022840e-03 
1105.000  5.0430938000e-01  6.0463290210e-03 
1106.000  5.0119862800e-01  5.8125171660e-03 
1107.000  5.0030149100e-01  5.8378500940e-03 
1108.000  4.9846081200e-01  5.8349213600e-03 
1109.000  4.9977579400e-01  5.9966163640e-03 
1110.000  5.0233968300e-01  5.9748520850e-03 
1111.000  4.9630575300e-01  5.7949032780e-03 
1112.000  4.9189269100e-01  5.3494601250e-03 
1113.000  4.9017032000e-01  4.8604068760e-03 
1114.000  4.9547789900e-01  4.7581281660e-03 
1115.000  4.9048823200e-01  4.2622761730e-03 
1116.000  4.8428292600e-01  3.9797387120e-03 
1117.000  4.9002758300e-01  3.5934059620e-03 
1118.000  4.8489553400e-01  3.2224566940e-03 
1119.000  4.7133776600e-01  2.9919347760e-03 
1120.000  4.7228701400e-01  2.8629941940e-03 
1121.000  4.7529408700e-01  2.8548367020e-03 
1122.000  4.7309010900e-01  2.7387671470e-03 
1123.000  4.7531214500e-01  2.8036913870e-03 
1124.000  4.7622621500e-01  2.8466498850e-03 
1125.000  4.6630346800e-01  2.7671442030e-03 
1126.000  4.5738577000e-01  2.7067530160e-03 
1127.000  4.7287100400e-01  2.8076906200e-03 
1128.000  4.6422589800e-01  2.7747278210e-03 
1129.000  4.6712044100e-01  2.9122173790e-03 
1130.000  4.6803676100e-01  3.2906556130e-03 
1131.000  4.7316595200e-01  3.4539871220e-03 
1132.000  4.7416579500e-01  3.2839756010e-03 
1133.000  4.6192035200e-01  2.9334230420e-03 
1134.000  4.5652383300e-01  2.5790224080e-03 
1135.000  4.6250601000e-01  2.6313834190e-03 
1136.000  4.6442108200e-01  2.9894454480e-03 
1137.000  4.7121743500e-01  3.3279533390e-03 
1138.000  4.5515749300e-01  3.5573656560e-03 
1139.000  4.6537024200e-01  3.7935276030e-03 
1140.000  4.6659782800e-01  3.7291646000e-03 
1141.000  4.5311020300e-01  3.4929866790e-03 
1142.000  4.6537491800e-01  3.5341684820e-03 
1143.000  4.5699865500e-01  3.3164896970e-03 
1144.000  4.5372405300e-01  3.1364254950e-03 
1145.000  4.5634241000e-01  2.9542126660e-03 
1146.000  4.6102054400e-01  3.0272874830e-03 
1147.000  4.6335777300e-01  3.2062673570e-03 
1148.000  4.5895107100e-01  3.3375158310e-03 
1149.000  4.6042372700e-01  3.4224503040e-03 
1150.000  4.5846845900e-01  3.4279177190e-03 
1151.000  4.5712362900e-01  3.5477640630e-03 
1152.000  4.5626916700e-01  3.6083936690e-03 
1153.000  4.5547163300e-01  3.6997747420e-03 
1154.000  4.5895112700e-01  3.7230432030e-03 
1155.000  4.6052986200e-01  3.9425706860e-03 
1156.000  4.5428725800e-01  4.1202473640e-03 
1157.000  4.5854569200e-01  4.7146573070e-03 
1158.000  4.5861710500e-01  5.0312938690e-03 
1159.000  4.5213426800e-01  5.2697949410e-03 
1160.000  4.4639039200e-01  5.3468317990e-03 
1161.000  4.3676286200e-01  5.5600814820e-03 
1162.000  4.5257385000e-01  6.0383052830e-03 
1163.000  4.5445363900e-01  6.3806953430e-03 
1164.000  4.4522245000e-01  6.3155117030e-03 
1165.000  4.5381608500e-01  6.4923620220e-03 
1166.000  4.4204527000e-01  6.4054822920e-03 
1167.000  4.4921467300e-01  6.5619893070e-03 
1168.000  4.5314103700e-01  6.6083030700e-03 
1169.000  4.3747201000e-01  6.4299120900e-03 
1170.000  4.4923595400e-01  6.6473460200e-03 
1171.000  4.5131491700e-01  6.7803397180e-03 
1172.000  4.4990329400e-01  6.7031569480e-03 
1173.000  4.4676930800e-01  6.6044535640e-03 
1174.000  4.4699595000e-01  6.6128449440e-03 
1175.000  4.4176299400e-01  6.6868290900e-03 
1176.000  4.3109797200e-01  6.6658248900e-03 
1177.000  4.4440954700e-01  6.8028907780e-03 
1178.000  4.3690313800e-01  6.5531396870e-03 
1179.000  4.3494336400e-01  6.5249686240e-03 
1180.000  4.4104931500e-01  6.5684256550e-03 
1181.000  4.3879632600e-01  6.4125609400e-03 
1182.000  4.3935137800e-01  6.2948646550e-03 
1183.000  4.1384269500e-01  5.9371747970e-03 
1184.000  4.3249457200e-01  6.2675156590e-03 
1185.000  4.3821698400e-01  6.5158171650e-03 
1186.000  4.3560971000e-01  6.4193730350e-03 
1187.000  4.3576370800e-01  6.2424321170e-03 
1188.000  4.3352823500e-01  6.1511535640e-03 
1189.000  4.0816490900e-01  5.8620319370e-03 
1190.000  4.2823711000e-01  6.3803653720e-03 
1191.000  4.3491386200e-01  6.5229997630e-03 
1192.000  4.3254623900e-01  6.5693678860e-03 
1193.000  4.3271260300e-01  6.5035576820e-03 
1194.000  4.3189987500e-01  6.4674773220e-03 
1195.000  4.2705834100e-01  6.2862939830e-03 
1196.000  4.2678910300e-01  6.3023271560e-03 
1197.000  4.2667591300e-01  6.2505493160e-03 
1198.000  4.1234571600e-01  6.0327663420e-03 
1199.000  3.9702213600e-01  5.7502193450e-03 
1200.000  4.2205104800e-01  6.1512408260e-03 
1201.000  4.2507936900e-01  6.2155199050e-03 
1202.000  4.2589491700e-01  6.2555618290e-03 
1203.000  4.0510922900e-01  5.9290428160e-03 
1204.000  4.1182272300e-01  6.0628027920e-03 
1205.000  4.2137562200e-01  6.4005246160e-03 
1206.000  4.1881235600e-01  6.4545407300e-03 
1207.000  4.2162477400e-01  6.5373640060e-03 
1208.000  4.1548723200e-01  6.4121503830e-03 
1209.000  3.8952863500e-01  5.9648265840e-03 
1210.000  4.1680540900e-01  6.3014974590e-03 
1211.000  4.0288236300e-01  6.0858659740e-03 
1212.000  4.1549690900e-01  6.3115530010e-03 
1213.000  4.1703217700e-01  6.4294552800e-03 
1214.000  4.1524765600e-01  6.4059472080e-03 
1215.000  4.1667387900e-01  6.4744057660e-03 
1216.000  4.1544256000e-01  6.6046948430e-03 
1217.000  4.1457854700e-01  6.7129197120e-03 
1218.000  4.1312844900e-01  6.7413759230e-03 
1219.000  4.0926260300e-01  6.7057890890e-03 
1220.000  4.1201336200e-01  6.7409787180e-03 
1221.000  4.1116033300e-01  6.7277674670e-03 
1222.000  4.0888288500e-01  6.6825909610e-03 
1223.000  4.0688149100e-01  6.6792435650e-03 
1224.000  4.0982224100e-01  6.8242912290e-03 
1225.000  4.0749878400e-01  6.8199706080e-03 
1226.000  4.0882715200e-01  6.8859186170e-03 
1227.000  3.9479883800e-01  6.7098054890e-03 
1228.000  4.0689723800e-01  6.9879736900e-03 
1229.000  4.0622118400e-01  7.0261564250e-03 
1230.000  4.0459283400e-01  7.0559821130e-03 
1231.000  4.0446055100e-01  7.0887560840e-03 
1232.000  3.9986172400e-01  7.0242004390e-03 
1233.000  4.0298117500e-01  7.0904488560e-03 
1234.000  4.0151414700e-01  7.1381583210e-03 
1235.000  3.9864261100e-01  7.1094641690e-03 
1236.000  4.0090109300e-01  7.1594462390e-03 
1237.000  4.0079548200e-01  7.1803293230e-03 
1238.000  4.0051115300e-01  7.1814031600e-03 
1239.000  3.9592810300e-01  7.1009812360e-03 
1240.000  3.9415097500e-01  7.1125011440e-03 
1241.000  3.9775896100e-01  7.2178163530e-03 
1242.000  3.9554041300e-01  7.2148966790e-03 
1243.000  3.9121059700e-01  7.1741499900e-03 
1244.000  3.8786213200e-01  7.1401548390e-03 
1245.000  3.9464157200e-01  7.2851967810e-03 
1246.000  3.9170807100e-01  7.1841821670e-03 
1247.000  3.8992083500e-01  7.1030240060e-03 
1248.000  3.9308853900e-01  7.1118083000e-03 
1249.000  3.9175787100e-01  7.0482192040e-03 
1250.000  3.9036355400e-01  6.9762229920e-03 
1251.000  3.8783240500e-01  6.8964109420e-03 
1252.000  3.8683549200e-01  6.8417530060e-03 
1253.000  3.8381191200e-01  6.7496280670e-03 
1254.000  3.8513831600e-01  6.7064027790e-03 
1255.000  3.8472714600e-01  6.6523375510e-03 
1256.000  3.8413312190e-01  6.6023507120e-03 
1257.000  3.8001869900e-01  6.4427466390e-03 
1258.000  3.8201112980e-01  6.3340220450e-03 
1259.000  3.7811562880e-01  6.1486392020e-03 
1260.000  3.7893218200e-01  6.0355057720e-03 
1261.000  3.7848494390e-01  5.9003510480e-03 
1262.000  3.7038686100e-01  5.6211509700e-03 
1263.000  3.7487919650e-01  5.6777610780e-03 
1264.000  3.6904257770e-01  5.5928926470e-03 
1265.000  3.6971502940e-01  5.6198139190e-03 
1266.000  3.7210289720e-01  5.6368336680e-03 
1267.000  3.6513406430e-01  5.5104017260e-03 
1268.000  3.6153849440e-01  5.4240217210e-03 
1269.000  3.6492288230e-01  5.4604601860e-03 
1270.000  3.6893313330e-01  5.6418194770e-03 
1271.000  3.7098136630e-01  5.7328996660e-03 
1272.000  3.6988436990e-01  5.7760000230e-03 
1273.000  3.6956604340e-01  5.8369278910e-03 
1274.000  3.6735883080e-01  5.8691501620e-03 
1275.000  3.6952062270e-01  5.9274611470e-03 
1276.000  3.7011382300e-01  5.9425492290e-03 
1277.000  3.6983751550e-01  5.9301342960e-03 
1278.000  3.6877715270e-01  5.9010849000e-03 
1279.000  3.6630850070e-01  5.8828549390e-03 
1280.000  3.6414519040e-01  5.9412813190e-03 
1281.000  3.5375961080e-01  5.8607263570e-03 
1282.000  3.1414541960e-01  5.2834768300e-03 
1283.000  3.4476881030e-01  5.8613581660e-03 
1284.000  3.5899576650e-01  6.1465883260e-03 
1285.000  3.6162812070e-01  6.2110209470e-03 
1286.000  3.6150996330e-01  6.1758632660e-03 
1287.000  3.6372107630e-01  6.1569299700e-03 
1288.000  3.6144088080e-01  5.9362854960e-03 
1289.000  3.6359539880e-01  5.9171004300e-03 
1290.000  3.5526447730e-01  5.7628889080e-03 
1291.000  3.6012736640e-01  5.8188352580e-03 
1292.000  3.6163035290e-01  5.8588476180e-03 
1293.000  3.6195364780e-01  5.8208065030e-03 
1294.000  3.5620880380e-01  5.6075139050e-03 
1295.000  3.6004390030e-01  5.5182409290e-03 
1296.000  3.6030884860e-01  5.4137401580e-03 
1297.000  3.5808748420e-01  5.3183288570e-03 
1298.000  3.5488825060e-01  5.2760896680e-03 
1299.000  3.5845143030e-01  5.3325376510e-03 
1300.000  3.5701208440e-01  5.3152704240e-03 
1301.000  3.5644320220e-01  5.2884893420e-03 
1302.000  3.5187099850e-01  5.1331725120e-03 
1303.000  3.4998178780e-01  4.9269609450e-03 
1304.000  3.5020932610e-01  4.8369250300e-03 
1305.000  3.5236676010e-01  4.8134660720e-03 
1306.000  3.5270169840e-01  4.7600841520e-03 
1307.000  3.5166062680e-01  4.7076382640e-03 
1308.000  3.5136148580e-01  4.6199007030e-03 
1309.000  3.5104805220e-01  4.4963278770e-03 
1310.000  3.4959084520e-01  4.4753465650e-03 
1311.000  3.4851944230e-01  4.4683847430e-03 
1312.000  3.4743409450e-01  4.3113746640e-03 
1313.000  3.3460198600e-01  3.9786894320e-03 
1314.000  3.4504680950e-01  3.9547874930e-03 
1315.000  3.3342872760e-01  3.8929464820e-03 
1316.000  3.4118507570e-01  4.0940403940e-03 
1317.000  3.4485573880e-01  4.1384325030e-03 
1318.000  3.3997597710e-01  3.8976383210e-03 
1319.000  3.4463344860e-01  3.7172520160e-03 
1320.000  3.4208946440e-01  3.4538619520e-03 
1321.000  3.4058694530e-01  3.3551115990e-03 
1322.000  3.3990670020e-01  3.4769563670e-03 
1323.000  3.4065887460e-01  3.6353545190e-03 
1324.000  3.4083944610e-01  3.7271387580e-03 
1325.000  3.3975031520e-01  3.6512629990e-03 
1326.000  3.3816163020e-01  3.4763720040e-03 
1327.000  3.3546141050e-01  3.1444940570e-03 
1328.000  3.3634724410e-01  2.8849234580e-03 
1329.000  3.2407165870e-01  2.3922603130e-03 
1330.000  3.2914616220e-01  2.2983584400e-03 
1331.000  3.3061200320e-01  2.2321686740e-03 
1332.000  3.2306617890e-01  2.2027163510e-03 
1333.000  3.3160414750e-01  2.3293879030e-03 
1334.000  3.3201859570e-01  2.4266660210e-03 
1335.000  3.3230399670e-01  2.4995965960e-03 
1336.000  3.2870639200e-01  2.4959359170e-03 
1337.000  3.2977076040e-01  2.5074319840e-03 
1338.000  3.2952713450e-01  2.5582871440e-03 
1339.000  3.2598645220e-01  2.5327794550e-03 
1340.000  3.2364649560e-01  2.5590360160e-03 
1341.000  3.2853141140e-01  2.5363101960e-03 
1342.000  3.2772772340e-01  2.5365421770e-03 
1343.000  3.2769902190e-01  2.3499960900e-03 
1344.000  3.2620141020e-01  2.1881973740e-03 
1345.000  3.2370219840e-01  1.9073188300e-03 
1346.000  3.1853096220e-01  1.7632354500e-03 
1347.000  3.1913688250e-01  1.7138214110e-03 
1348.000  3.1555967900e-01  1.6422817710e-03 
1349.000  3.1341768960e-01  1.6092797520e-03 
1350.000  3.0701972970e-01  1.5339379310e-03 
1351.000  3.0485179750e-01  1.4953842160e-03 
1352.000  3.0540945100e-01  1.4569029810e-03 
1353.000  2.9955696510e-01  1.3797974590e-03 
1354.000  2.9593950290e-01  1.3348730800e-03 
1355.000  2.9029969120e-01  1.2789473530e-03 
1356.000  2.8602570630e-01  1.2270126340e-03 
1357.000  2.7932698960e-01  1.1577913760e-03 
1358.000  2.7972470290e-01  1.1161652800e-03 
1359.000  2.7200835820e-01  1.0121790170e-03 
1360.000  2.6204057520e-01  9.2900735140e-04 
1361.000  2.6423831260e-01  9.0663450960e-04 
1362.000  2.6197473000e-01  8.9033067230e-04 
1363.000  2.6223756400e-01  9.3732696770e-04 
1364.000  2.6750774660e-01  9.7170209880e-04 
1365.000  2.6737111920e-01  9.7964978220e-04 
1366.000  2.6924899600e-01  1.0042833090e-03 
1367.000  2.6429908480e-01  9.6296757460e-04 
1368.000  2.6432311520e-01  9.4180762770e-04 
1369.000  2.5956065560e-01  9.2987841370e-04 
1370.000  2.6507208720e-01  1.0029116870e-03 
1371.000  2.7285180710e-01  1.1057075260e-03 
1372.000  2.8368956360e-01  1.2259764670e-03 
1373.000  2.8779262360e-01  1.2907117610e-03 
1374.000  2.9108020570e-01  1.3304040430e-03 
1375.000  2.8698954310e-01  1.3227517600e-03 
1376.000  2.8270082120e-01  1.2945512530e-03 
1377.000  2.8527997650e-01  1.2882844210e-03 
1378.000  2.8038174340e-01  1.2321327920e-03 
1379.000  2.7852778690e-01  1.1733337640e-03 
1380.000  2.6853992490e-01  1.0618855950e-03 
1381.000  2.6248614270e-01  9.7084444760e-04 
1382.000  2.5434224960e-01  9.0390849110e-04 
1383.000  2.5656750030e-01  9.0758210420e-04 
1384.000  2.6226358980e-01  9.8331153390e-04 
1385.000  2.6434663610e-01  1.0341613290e-03 
1386.000  2.7232497980e-01  1.1164093020e-03 
1387.000  2.7622740380e-01  1.2090775970e-03 
1388.000  2.8201780240e-01  1.2696912290e-03 
1389.000  2.8426281440e-01  1.2951134440e-03 
1390.000  2.7925055550e-01  1.2768596410e-03 
1391.000  2.8198671180e-01  1.2768590450e-03 
1392.000  2.7754596620e-01  1.2204283480e-03 
1393.000  2.7300260070e-01  1.1654417510e-03 
1394.000  2.6695108270e-01  1.1069463490e-03 
1395.000  2.6825191500e-01  1.1269528870e-03 
1396.000  2.7418106070e-01  1.1910585170e-03 
1397.000  2.7724851680e-01  1.2357925180e-03 
1398.000  2.7745997150e-01  1.2402714490e-03 
1399.000  2.7564664810e-01  1.2214189770e-03 
1400.000  2.6764322830e-01  1.1806263920e-03 
1401.000  2.6885543100e-01  1.1890338660e-03 
1402.000  2.7541970050e-01  1.2423251870e-03 
1403.000  2.7472011380e-01  1.2536593680e-03 
1404.000  2.7263770300e-01  1.2352191210e-03 
1405.000  2.7280309540e-01  1.2369230990e-03 
1406.000  2.7241912120e-01  1.2236540320e-03 
1407.000  2.7268950280e-01  1.2238441710e-03 
1408.000  2.7353139420e-01  1.2506064180e-03 
1409.000  2.7644649900e-01  1.2803384070e-03 
1410.000  2.7763787800e-01  1.3144618270e-03 
1411.000  2.7970907400e-01  1.3444771770e-03 
1412.000  2.6877937360e-01  1.2895400520e-03 
1413.000  2.7396984650e-01  1.3208091260e-03 
1414.000  2.7755270940e-01  1.3299930100e-03 
1415.000  2.7739178200e-01  1.3404164310e-03 
1416.000  2.7688286530e-01  1.3481415510e-03 
1417.000  2.7890410310e-01  1.3559887410e-03 
1418.000  2.7901283370e-01  1.3546456100e-03 
1419.000  2.7503917370e-01  1.3330104350e-03 
1420.000  2.7443552350e-01  1.3318073750e-03 
1421.000  2.7899022340e-01  1.3711329700e-03 
1422.000  2.7275634910e-01  1.3471480610e-03 
1423.000  2.7109589130e-01  1.3388364320e-03 
1424.000  2.7134091770e-01  1.3342397210e-03 
1425.000  2.7657671660e-01  1.3472001550e-03 
1426.000  2.6538541180e-01  1.2893567090e-03 
1427.000  2.6952621890e-01  1.3160539870e-03 
1428.000  2.7537621780e-01  1.3493255380e-03 
1429.000  2.6891788530e-01  1.3245596890e-03 
1430.000  2.6307659190e-01  1.2888153790e-03 
1431.000  2.6247364790e-01  1.2585623260e-03 
1432.000  2.6724502960e-01  1.2647476200e-03 
1433.000  2.6738081580e-01  1.2601970430e-03 
1434.000  2.6199197390e-01  1.2244399790e-03 
1435.000  2.6518840430e-01  1.2503849270e-03 
1436.000  2.6522418030e-01  1.2529165740e-03 
1437.000  2.6627188900e-01  1.2567789550e-03 
1438.000  2.6562393460e-01  1.2689883710e-03 
1439.000  2.6876438510e-01  1.2823299170e-03 
1440.000  2.5212775300e-01  1.2068619730e-03 
1441.000  2.6483293210e-01  1.2672444580e-03 
1442.000  2.5866696830e-01  1.2260007860e-03 
1443.000  2.6296226740e-01  1.2416207790e-03 
1444.000  2.6424101300e-01  1.2493733170e-03 
1445.000  2.6344345790e-01  1.2425732610e-03 
1446.000  2.6627143680e-01  1.2659647460e-03 
1447.000  2.6505415030e-01  1.2705167530e-03 
1448.000  2.6708058690e-01  1.2777140140e-03 
1449.000  2.6697435860e-01  1.2618799210e-03 
1450.000  2.6517803580e-01  1.2320429090e-03 
1451.000  2.6346824630e-01  1.2248877290e-03 
1452.000  2.6022430740e-01  1.2329161170e-03 
1453.000  2.6517716960e-01  1.3117219210e-03 
1454.000  2.6620771590e-01  1.3962570430e-03 
1455.000  2.6284066730e-01  1.4375059600e-03 
1456.000  2.6272051820e-01  1.5039099450e-03 
1457.000  2.6523960640e-01  1.5216203930e-03 
1458.000  2.6886643780e-01  1.5525168180e-03 
1459.000  2.6986537370e-01  1.4949852230e-03 
1460.000  2.6527401330e-01  1.4174380300e-03 
1461.000  2.6469441240e-01  1.3825562000e-03 
1462.000  2.6180364230e-01  1.3017462490e-03 
1463.000  2.6005798320e-01  1.2861696480e-03 
1464.000  2.5988691820e-01  1.2626783850e-03 
1465.000  2.6289211390e-01  1.2347766160e-03 
1466.000  2.5663088040e-01  1.1612484460e-03 
1467.000  2.6278193940e-01  1.1591472630e-03 
1468.000  2.5631495770e-01  1.1016387940e-03 
1469.000  2.5914149740e-01  1.0765967370e-03 
1470.000  2.5764675710e-01  1.0542905330e-03 
1471.000  2.5357243040e-01  1.0645267960e-03 
1472.000  2.5510476840e-01  1.1203442810e-03 
1473.000  2.5734939690e-01  1.2266682390e-03 
1474.000  2.5026394600e-01  1.2841159110e-03 
1475.000  2.5558505770e-01  1.3064450030e-03 
1476.000  2.5598928360e-01  1.3024625780e-03 
1477.000  2.5674053710e-01  1.2689273360e-03 
1478.000  2.5302704300e-01  1.2153948550e-03 
1479.000  2.5592580040e-01  1.1836489440e-03 
1480.000  2.5732817600e-01  1.2105562690e-03 
1481.000  2.5349190070e-01  1.2353315350e-03 
1482.000  2.5664786040e-01  1.3067684170e-03 
1483.000  2.5136192720e-01  1.2929023500e-03 
1484.000  2.5368522490e-01  1.3072251080e-03 
1485.000  2.5851449690e-01  1.3203656670e-03 
1486.000  2.5425455350e-01  1.3553233150e-03 
1487.000  2.5454545400e-01  1.4801549910e-03 
1488.000  2.2252371600e-01  1.3056831360e-03 
1489.000  2.5550434470e-01  1.6847224240e-03 
1490.000  2.5609902710e-01  1.8688374760e-03 
1491.000  2.5864468190e-01  2.0192911620e-03 
1492.000  2.5263475650e-01  1.9961974620e-03 
1493.000  2.5831190480e-01  2.1363720890e-03 
1494.000  2.5733092110e-01  2.1368231770e-03 
1495.000  2.5553040400e-01  2.2067592140e-03 
1496.000  2.4797380250e-01  2.2885863780e-03 
1497.000  2.5379783420e-01  2.3332362170e-03 
1498.000  2.5636848410e-01  2.4949271680e-03 
1499.000  2.5205648020e-01  2.5789222720e-03 
1500.000  2.5635502320e-01  2.7145428660e-03 
1501.000  2.5598891990e-01  2.6588361260e-03 
1502.000  2.5401163730e-01  2.5696506500e-03 
1503.000  2.2808778400e-01  2.2566022870e-03 
1504.000  2.3763169870e-01  2.3714382650e-03 
1505.000  2.3689353580e-01  2.4797806740e-03 
1506.000  2.4008740940e-01  2.5416188240e-03 
1507.000  2.5109870170e-01  2.7726101880e-03 
1508.000  2.4717807000e-01  2.7990424630e-03 
1509.000  2.4824583230e-01  2.8890481000e-03 
1510.000  2.5208188910e-01  2.9738392830e-03 
1511.000  2.5322815800e-01  3.0513741970e-03 
1512.000  2.4847459720e-01  3.0393700600e-03 
1513.000  2.4805877440e-01  3.0734038350e-03 
1514.000  2.4466332410e-01  3.0532019140e-03 
1515.000  2.4947116940e-01  3.1320083140e-03 
1516.000  2.4715620620e-01  3.0718300340e-03 
1517.000  2.4569245100e-01  3.0360646250e-03 
1518.000  2.5022077750e-01  3.1021380420e-03 
1519.000  2.4650752090e-01  3.0725708010e-03 
1520.000  2.4802391990e-01  3.1657328610e-03 
1521.000  2.4329993840e-01  3.2008318900e-03 
1522.000  2.4187601720e-01  3.2312638760e-03 
1523.000  2.4776370240e-01  3.3761594300e-03 
1524.000  2.4600481260e-01  3.3838937280e-03 
1525.000  2.4052257030e-01  3.3210649490e-03 
1526.000  2.4729769690e-01  3.3911848070e-03 
1527.000  2.4462491500e-01  3.3502655030e-03 
1528.000  2.4610817350e-01  3.3747582440e-03 
1529.000  2.4532949160e-01  3.3345880510e-03 
1530.000  2.2949835780e-01  3.1167848110e-03 
1531.000  2.4522276390e-01  3.2986330990e-03 
1532.000  2.4364980360e-01  3.2482752800e-03 
1533.000  2.4241892550e-01  3.1908798220e-03 
1534.000  2.3856648510e-01  3.0983586310e-03 
1535.000  2.3918071320e-01  3.0651166440e-03 
1536.000  2.4237917160e-01  3.1414425370e-03 
1537.000  2.4294182270e-01  3.1998462680e-03 
1538.000  2.3609743980e-01  3.1619627480e-03 
1539.000  2.4092515100e-01  3.2773902420e-03 
1540.000  2.3209712320e-01  3.1984386440e-03 
1541.000  2.3685934890e-01  3.2657918930e-03 
1542.000  2.3826778920e-01  3.2757127290e-03 
1543.000  2.3738134610e-01  3.2621979710e-03 
1544.000  2.4006643590e-01  3.3026707170e-03 
1545.000  2.4046758240e-01  3.3205101490e-03 
1546.000  2.4026078590e-01  3.3461267950e-03 
1547.000  2.3760893980e-01  3.3362660410e-03 
1548.000  2.3040403040e-01  3.2598717210e-03 
1549.000  2.3630936240e-01  3.3584887980e-03 
1550.000  2.3499729250e-01  3.3527481560e-03 
1551.000  2.3376711070e-01  3.3210191730e-03 
1552.000  2.3774064060e-01  3.3502180580e-03 
1553.000  2.3639935320e-01  3.3096890450e-03 
1554.000  2.2773769390e-01  3.1616408820e-03 
1555.000  2.3139012760e-01  3.1940791610e-03 
1556.000  2.2688510110e-01  3.1539034840e-03 
1557.000  2.3425002690e-01  3.3115320210e-03 
1558.000  2.3245580630e-01  3.3330159190e-03 
1559.000  2.3256690460e-01  3.3792352680e-03 
1560.000  2.2855077200e-01  3.3706135750e-03 
1561.000  2.3398843210e-01  3.4610469340e-03 
1562.000  2.3406350520e-01  3.4298641680e-03 
1563.000  2.3072429210e-01  3.3562765120e-03 
1564.000  2.2638120830e-01  3.2598288060e-03 
1565.000  2.3029462500e-01  3.2762091160e-03 
1566.000  2.2593073210e-01  3.2163212300e-03 
1567.000  2.2658350760e-01  3.2288105490e-03 
1568.000  2.2277456140e-01  3.1652557850e-03 
1569.000  2.2460308190e-01  3.1778895850e-03 
1570.000  2.1956590100e-01  3.1058280470e-03 
1571.000  2.2544912550e-01  3.2164089680e-03 
1572.000  2.2565189840e-01  3.2294847970e-03 
1573.000  2.2187553170e-01  3.2046887870e-03 
1574.000  2.2209704310e-01  3.2458612920e-03 
1575.000  2.0597759600e-01  3.0387728210e-03 
1576.000  2.2128816460e-01  3.2646002770e-03 
1577.000  1.9972733710e-01  2.9072911740e-03 
1578.000  2.1844365920e-01  3.1371011730e-03 
1579.000  2.1937750770e-01  3.1136336330e-03 
1580.000  2.2328317900e-01  3.1411473750e-03 
1581.000  2.2180251710e-01  3.0823538300e-03 
1582.000  2.1670485130e-01  3.0423879620e-03 
1583.000  2.1879371220e-01  3.1012797360e-03 
1584.000  2.1633139810e-01  3.0961654190e-03 
1585.000  2.2235500530e-01  3.2065885070e-03 
1586.000  2.1956203070e-01  3.1751437190e-03 
1587.000  2.1688643220e-01  3.1618638040e-03 
1588.000  2.1341735870e-01  3.1342883110e-03 
1589.000  1.9520444460e-01  2.8748023510e-03 
1590.000  2.1035707590e-01  3.1073992250e-03 
1591.000  2.0564361850e-01  3.0499393940e-03 
1592.000  2.1655058010e-01  3.2182526590e-03 
1593.000  2.2146843760e-01  3.2936141490e-03 
1594.000  2.1991398900e-01  3.2720479970e-03 
1595.000  2.2137901270e-01  3.2947289940e-03 
1596.000  2.0737341140e-01  3.1010882850e-03 
1597.000  2.1583110550e-01  3.2210175990e-03 
1598.000  2.1990433700e-01  3.2667410370e-03 
1599.000  2.1254275640e-01  3.1374170780e-03 
1600.000  2.1608504130e-01  3.1773109440e-03 
1601.000  2.0698869970e-01  3.0592272280e-03 
1602.000  2.1228184920e-01  3.1739723680e-03 
1603.000  2.1067165150e-01  3.2034437660e-03 
1604.000  2.1325874900e-01  3.3032383920e-03 
1605.000  2.1010579290e-01  3.2955951690e-03 
1606.000  2.0925033210e-01  3.3252489570e-03 
1607.000  2.1012988790e-01  3.3017249110e-03 
1608.000  2.1252410650e-01  3.3026378150e-03 
1609.000  2.1170705900e-01  3.2597489360e-03 
1610.000  1.9849671460e-01  3.0316519740e-03 
1611.000  2.0420304640e-01  3.1098651890e-03 
1612.000  2.0594911780e-01  3.1290733810e-03 
1613.000  2.1034473870e-01  3.1866550450e-03 
1614.000  2.0828035770e-01  3.1221838000e-03 
1615.000  2.1154438920e-01  3.1562511920e-03 
1616.000  1.9820337890e-01  2.9406669140e-03 
1617.000  2.0391591330e-01  3.0707135200e-03 
1618.000  2.1026962730e-01  3.1934719090e-03 
1619.000  2.0952570050e-01  3.2290861610e-03 
1620.000  2.0417514740e-01  3.1918678280e-03 
1621.000  2.0111448010e-01  3.1823501590e-03 
1622.000  2.0617665680e-01  3.2680876260e-03 
1623.000  2.1030479140e-01  3.3480122090e-03 
1624.000  2.1175811660e-01  3.3808434010e-03 
1625.000  2.0644030370e-01  3.3212130070e-03 
1626.000  2.0897163350e-01  3.3519639970e-03 
1627.000  2.0870207850e-01  3.3677046300e-03 
1628.000  2.1037917430e-01  3.4059190750e-03 
1629.000  2.1034869970e-01  3.4147994520e-03 
1630.000  2.0463782400e-01  3.3243081570e-03 
1631.000  2.0783844440e-01  3.3886361120e-03 
1632.000  2.0789088800e-01  3.3315107820e-03 
1633.000  2.0521543490e-01  3.2454607490e-03 
1634.000  2.0041335200e-01  3.1235914230e-03 
1635.000  2.0578680780e-01  3.1669819360e-03 
1636.000  2.0524249160e-01  3.1117117400e-03 
1637.000  1.9610480070e-01  2.9309501650e-03 
1638.000  1.9467169990e-01  2.8760869500e-03 
1639.000  1.9273170120e-01  2.8003821370e-03 
1640.000  1.9388780270e-01  2.7787082200e-03 
1641.000  1.9268794120e-01  2.7356185910e-03 
1642.000  1.9244774100e-01  2.8022167680e-03 
1643.000  1.9739403220e-01  2.9411561490e-03 
1644.000  1.9433931450e-01  2.9596765040e-03 
1645.000  1.9477247610e-01  3.0266757010e-03 
1646.000  1.9711346580e-01  3.1207416060e-03 
1647.000  1.9896419440e-01  3.1455426220e-03 
1648.000  1.9819556630e-01  3.1218435760e-03 
1649.000  1.9366791080e-01  3.0448477270e-03 
1650.000  1.9857550550e-01  3.1185562610e-03 
1651.000  1.9410133860e-01  3.0450327400e-03 
1652.000  1.9797511140e-01  3.1009812360e-03 
1653.000  1.9575221950e-01  3.0730323790e-03 
1654.000  1.9794859710e-01  3.1089539530e-03 
1655.000  1.9398092040e-01  3.0561747550e-03 
1656.000  1.9770669570e-01  3.1209418770e-03 
1657.000  1.9627363490e-01  3.0978250500e-03 
1658.000  1.9733424500e-01  3.1220209600e-03 
1659.000  1.9369929510e-01  3.0647428040e-03 
1660.000  1.9606305980e-01  3.0945844650e-03 
1661.000  1.9683274010e-01  3.0863904950e-03 
1662.000  1.9551018220e-01  3.0002272130e-03 
1663.000  1.9427958570e-01  2.9235117440e-03 
1664.000  1.9345725710e-01  2.8525779250e-03 
1665.000  1.9148170050e-01  2.7646300790e-03 
1666.000  1.9054959600e-01  2.7409169670e-03 
1667.000  1.9207222050e-01  2.8213565350e-03 
1668.000  1.8881795220e-01  2.8141543870e-03 
1669.000  1.8912034730e-01  2.8668501380e-03 
1670.000  1.9319259870e-01  2.9773259160e-03 
1671.000  1.9171759360e-01  3.0068671700e-03 
1672.000  1.8263660810e-01  2.9244768620e-03 
1673.000  1.8801698360e-01  3.0616409780e-03 
1674.000  1.8889075130e-01  3.1306755540e-03 
1675.000  1.8714072190e-01  3.1627233030e-03 
1676.000  1.8415958390e-01  3.1319975850e-03 
1677.000  1.8504470120e-01  3.1435105800e-03 
1678.000  1.8591341040e-01  3.1613438130e-03 
1679.000  1.8344089440e-01  3.1114623550e-03 
1680.000  1.7703209590e-01  3.0042822360e-03 
1681.000  1.7082675590e-01  2.8990998270e-03 
1682.000  1.7575981190e-01  2.9796164040e-03 
1683.000  1.8015304760e-01  3.0469806190e-03 
1684.000  1.8351400630e-01  3.0975143910e-03 
1685.000  1.8423295680e-01  3.0921633240e-03 
1686.000  1.8201024520e-01  3.0401291850e-03 
1687.000  1.8302633870e-01  3.0157434940e-03 
1688.000  1.8336811640e-01  2.9851753710e-03 
1689.000  1.8115815710e-01  2.9299955370e-03 
1690.000  1.8132141670e-01  2.8940238950e-03 
1691.000  1.8369424380e-01  2.9415113930e-03 
1692.000  1.8402858500e-01  2.9650657180e-03 
1693.000  1.8332899900e-01  2.9753634930e-03 
1694.000  1.8305158490e-01  2.9892568590e-03 
1695.000  1.8326086540e-01  2.9990718360e-03 
1696.000  1.8218909380e-01  2.9429070950e-03 
1697.000  1.8114850140e-01  2.8757019040e-03 
1698.000  1.8224170040e-01  2.8461928370e-03 
1699.000  1.8106393550e-01  2.7847127910e-03 
1700.000  1.7874291130e-01  2.7086305620e-03 
