 lambda   Irr_dw            Rad_up 
 630.512  1.3817822607e+00  3.3541354623e-02 
 631.338  1.3747041312e+00  3.3451898752e-02 
 632.164  1.3711526207e+00  3.3439417243e-02 
 632.991  1.3715963167e+00  3.3541238917e-02 
 633.817  1.3722683741e+00  3.3655886134e-02 
 634.643  1.3704623859e+00  3.3694938715e-02 
 635.470  1.3682353468e+00  3.3704583654e-02 
 636.296  1.3695551767e+00  3.3790469082e-02 
 637.122  1.3745525190e+00  3.3959115561e-02 
 637.948  1.3779866460e+00  3.4079410773e-02 
 638.775  1.3750736153e+00  3.4037172316e-02 
 639.601  1.3671184034e+00  3.3869812613e-02 
 640.427  1.3594373338e+00  3.3699781495e-02 
 641.253  1.3555647974e+00  3.3594681578e-02 
 642.079  1.3552893683e+00  3.3534611899e-02 
 642.905  1.3563725410e+00  3.3455659737e-02 
 643.732  1.3563194381e+00  3.3277642502e-02 
 644.558  1.3537940028e+00  3.2933734629e-02 
 645.384  1.3498196425e+00  3.2432324800e-02 
 646.210  1.3473379571e+00  3.1899476618e-02 
 647.036  1.3476236963e+00  3.1492021427e-02 
 647.862  1.3473402659e+00  3.1261270852e-02 
 648.688  1.3422584274e+00  3.1156412081e-02 
 649.514  1.3345330226e+00  3.1144707759e-02 
 650.340  1.3317441488e+00  3.1241942887e-02 
 651.166  1.3364359992e+00  3.1414741605e-02 
 651.992  1.3422978913e+00  3.1555742481e-02 
 652.818  1.3408158009e+00  3.1524450548e-02 
 653.644  1.3253722455e+00  3.1147540345e-02 
 654.470  1.2932437386e+00  3.0338497071e-02 
 655.296  1.2530890101e+00  2.9347686532e-02 
 656.122  1.2265814257e+00  2.8749444073e-02 
 656.948  1.2305837596e+00  2.8954439943e-02 
 657.774  1.2588826070e+00  2.9781475488e-02 
 658.599  1.2905774468e+00  3.0694594489e-02 
 659.425  1.3123047557e+00  3.1358997774e-02 
 660.251  1.3240243425e+00  3.1771834257e-02 
 661.077  1.3299668768e+00  3.2023162521e-02 
 661.903  1.3316921388e+00  3.2130031527e-02 
 662.728  1.3291906447e+00  3.2088512705e-02 
 663.554  1.3242911006e+00  3.1964339133e-02 
 664.380  1.3202412455e+00  3.1861480796e-02 
 665.206  1.3182551326e+00  3.1819360718e-02 
 666.031  1.3169290101e+00  3.1800196152e-02 
 666.857  1.3155051108e+00  3.1780728924e-02 
 667.683  1.3150198982e+00  3.1782519312e-02 
 668.508  1.3153319264e+00  3.1792890958e-02 
 669.334  1.3141226310e+00  3.1746817217e-02 
1182.792  4.3028496167e-01  6.1641089748e-03 
1188.701  4.2565441131e-01  6.1040390683e-03 
1194.595  4.2922767785e-01  6.3153889645e-03 
1200.475  4.1799924036e-01  6.0412781924e-03 
1206.341  4.1769871537e-01  6.3458849468e-03 
1212.193  4.1301160134e-01  6.2479421739e-03 
1218.030  4.1269051844e-01  6.6467432457e-03 
1223.854  4.0819809035e-01  6.7133437398e-03 
1229.663  4.0460984587e-01  6.9700280493e-03 
1235.458  4.0038839468e-01  7.0833857139e-03 
1241.240  3.9521481262e-01  7.1235915295e-03 
1247.008  3.9163641278e-01  7.0778398798e-03 
1252.762  3.8568668412e-01  6.7287433353e-03 
1258.503  3.7995275960e-01  6.1859899401e-03 
1264.230  3.7082601932e-01  5.5744875857e-03 
1269.944  3.6768763904e-01  5.5606204844e-03 
1275.644  3.6935249487e-01  5.8661783887e-03 
1281.331  3.4531544557e-01  5.6925049496e-03 
1287.004  3.6208484136e-01  6.0309682101e-03 
1292.665  3.6015863780e-01  5.7145400370e-03 
1298.312  3.5717094841e-01  5.2673032407e-03 
1503.952  2.3805862052e-01  2.4265579727e-03 
1509.148  2.4958793690e-01  2.9024776393e-03 
1514.333  2.4734517996e-01  3.0836866205e-03 
1519.509  2.4673693376e-01  3.1383173999e-03 
1524.675  2.4461831271e-01  3.3612553782e-03 
1529.831  2.4049973035e-01  3.2624707002e-03 
1534.978  2.4049876235e-01  3.1263775853e-03 
1540.114  2.3655896653e-01  3.2418248826e-03 
1545.242  2.3932335489e-01  3.3208720830e-03 
1550.360  2.3504556162e-01  3.3373114411e-03 
1555.468  2.3039776551e-01  3.2134451903e-03 
1560.567  2.3195370716e-01  3.4035059435e-03 
1565.657  2.2729584899e-01  3.2432569636e-03 
1570.738  2.2343867185e-01  3.1816573829e-03 
1575.809  2.1304765491e-01  3.1175951992e-03 
1580.872  2.2026371685e-01  3.0912814387e-03 
1585.926  2.1816633838e-01  3.1544431472e-03 
1590.971  2.1020657052e-01  3.1100629237e-03 
1596.007  2.1540610138e-01  3.2064987100e-03 
1601.035  2.1160643128e-01  3.1418800948e-03 
1606.054  2.1041142603e-01  3.2987336401e-03 
1611.064  2.0503009786e-01  3.1193128342e-03 
1616.066  2.0523045391e-01  3.0699335980e-03 
1621.060  2.0520105040e-01  3.2261568632e-03 
1626.045  2.0879482198e-01  3.3525494524e-03 
1631.023  2.0698168723e-01  3.3364183101e-03 
1635.992  2.0148551991e-01  3.0508326999e-03 
1640.954  1.9346553499e-01  2.7892579855e-03 
1645.907  1.9666878915e-01  3.0718937422e-03 
1650.852  1.9629846356e-01  3.0742941550e-03 
1655.790  1.9635336899e-01  3.0890530754e-03 
1660.720  1.9575298895e-01  3.0479715833e-03 
1665.643  1.9155189557e-01  2.7853453406e-03 
1670.558  1.8982903661e-01  2.9492836004e-03 
1675.466  1.8618447153e-01  3.1297652698e-03 
1680.366  1.7718785609e-01  2.9987844143e-03 
1685.259  1.8287251938e-01  3.0518278214e-03 
1690.145  1.8244690049e-01  2.9257680740e-03 
1695.024  1.8274805323e-01  2.9551011900e-03 
1699.896  1.7976376984e-01  2.7384794550e-03 
