 lambda   Irr_dw            Rad_up 
 630.512  1.3817699541e+00  3.3439447749e-02 
 631.338  1.3746916843e+00  3.3350274424e-02 
 632.164  1.3711400487e+00  3.3337742456e-02 
 632.991  1.3715837097e+00  3.3439194842e-02 
 633.817  1.3722557837e+00  3.3553490699e-02 
 634.643  1.3704498091e+00  3.3592443955e-02 
 635.470  1.3682227864e+00  3.3602074378e-02 
 636.296  1.3695426548e+00  3.3687682108e-02 
 637.122  1.3745400543e+00  3.3855721227e-02 
 637.948  1.3779743202e+00  3.3975471125e-02 
 638.775  1.3750616575e+00  3.3933180269e-02 
 639.601  1.3671070793e+00  3.3766233735e-02 
 640.427  1.3594266658e+00  3.3596679642e-02 
 641.253  1.3555544743e+00  3.3491802097e-02 
 642.079  1.3552790625e+00  3.3431675160e-02 
 642.905  1.3563622108e+00  3.3352557091e-02 
 643.732  1.3563091741e+00  3.3174486394e-02 
 644.558  1.3537836806e+00  3.2830768376e-02 
 645.384  1.3498089006e+00  3.2329713343e-02 
 646.210  1.3473265471e+00  3.1797129801e-02 
 647.036  1.3476117290e+00  3.1389706244e-02 
 647.862  1.3473280805e+00  3.1158965898e-02 
 648.688  1.3422464078e+00  3.1054407917e-02 
 649.514  1.3345215345e+00  3.1043175875e-02 
 650.340  1.3317334142e+00  3.1140552507e-02 
 651.166  1.3364259636e+00  3.1313011985e-02 
 651.992  1.3422882017e+00  3.1453650363e-02 
 652.818  1.3408058865e+00  3.1422565643e-02 
 653.644  1.3253616294e+00  3.1046912960e-02 
 654.470  1.2932324744e+00  3.0240400656e-02 
 655.296  1.2530776907e+00  2.9252744805e-02 
 656.122  1.2265705843e+00  2.8656613977e-02 
 656.948  1.2305733301e+00  2.8861373849e-02 
 657.774  1.2588720904e+00  2.9686298838e-02 
 658.599  1.2905664573e+00  3.0597045363e-02 
 659.425  1.3122932077e+00  3.1259854963e-02 
 660.251  1.3240122938e+00  3.1671892458e-02 
 661.077  1.3299545016e+00  3.1922896316e-02 
 661.903  1.3316797781e+00  3.2029770743e-02 
 662.728  1.3291785969e+00  3.1988522960e-02 
 663.554  1.3242793072e+00  3.1864691013e-02 
 664.380  1.3202292703e+00  3.1762018193e-02 
 665.206  1.3182425240e+00  3.1719927806e-02 
 666.031  1.3169157293e+00  3.1700850405e-02 
 666.857  1.3154916456e+00  3.1681706171e-02 
 667.683  1.3150069853e+00  3.1684116241e-02 
 668.508  1.3153201578e+00  3.1695373193e-02 
 669.334  1.3141122241e+00  3.1650192580e-02 
1182.792  4.3028414731e-01  6.1255742397e-03 
1188.701  4.2565359992e-01  6.0648453837e-03 
1194.595  4.2922680502e-01  6.2759338061e-03 
1200.475  4.1799842391e-01  6.0034330451e-03 
1206.341  4.1769802809e-01  6.3065992390e-03 
1212.193  4.1301085205e-01  6.2083733194e-03 
1218.030  4.1268961231e-01  6.6077190068e-03 
1223.854  4.0819722434e-01  6.6748090318e-03 
1229.663  4.0460897542e-01  6.9315138174e-03 
1235.458  4.0038755114e-01  7.0451676479e-03 
1241.240  3.9521395229e-01  7.0859179061e-03 
1247.008  3.9163559242e-01  7.0406463174e-03 
1252.762  3.8568594736e-01  6.6921465593e-03 
1258.503  3.7995209344e-01  6.1501600030e-03 
1264.230  3.7082544394e-01  5.5395051322e-03 
1269.944  3.6768705827e-01  5.5254576553e-03 
1275.644  3.6935188981e-01  5.8305522405e-03 
1281.331  3.4531482263e-01  5.6593836799e-03 
1287.004  3.6208419819e-01  5.9967013377e-03 
1292.665  3.6015798918e-01  5.6800336546e-03 
1298.312  3.5717031388e-01  5.2318025457e-03 
1503.952  2.3805812451e-01  2.3707754303e-03 
1509.148  2.4958738868e-01  2.8420027703e-03 
1514.333  2.4734462568e-01  3.0231145990e-03 
1519.509  2.4673632391e-01  3.0776612270e-03 
1524.675  2.4461774620e-01  3.3007671387e-03 
1529.831  2.4049920145e-01  3.2035431712e-03 
1534.978  2.4049823570e-01  3.0679282435e-03 
1540.114  2.3655848594e-01  3.1840147565e-03 
1545.242  2.3932275240e-01  3.2627430729e-03 
1550.360  2.3504504696e-01  3.2805994547e-03 
1555.468  2.3039727676e-01  3.1585961086e-03 
1560.567  2.3195322018e-01  3.3485512030e-03 
1565.657  2.2729536545e-01  3.1906586888e-03 
1570.738  2.2343826348e-01  3.1314705446e-03 
1575.809  2.1304726638e-01  3.0702544610e-03 
1580.872  2.2026332844e-01  3.0431375833e-03 
1585.926  2.1816596374e-01  3.1069919928e-03 
1590.971  2.1020611326e-01  3.0646752309e-03 
1596.007  2.1540572598e-01  3.1597693889e-03 
1601.035  2.1160606409e-01  3.0963052718e-03 
1606.054  2.1041107051e-01  3.2536756346e-03 
1611.064  2.0502975396e-01  3.0759921459e-03 
1616.066  2.0523012345e-01  3.0267360575e-03 
1621.060  2.0520069080e-01  3.1828894472e-03 
1626.045  2.0879443051e-01  3.3085968543e-03 
1631.023  2.0698131895e-01  3.2933187802e-03 
1635.992  2.0148517215e-01  3.0096956878e-03 
1640.954  1.9346522577e-01  2.7503977759e-03 
1645.907  1.9666844189e-01  3.0320517438e-03 
1650.852  1.9629813254e-01  3.0345447538e-03 
1655.790  1.9635311196e-01  3.0497040722e-03 
1660.720  1.9575269028e-01  3.0092889699e-03 
1665.643  1.9155158041e-01  2.7482087560e-03 
1670.558  1.8982870312e-01  2.9126808709e-03 
1675.466  1.8618410906e-01  3.0940445313e-03 
1680.366  1.7718753966e-01  2.9650369060e-03 
1685.259  1.8287228918e-01  3.0173660558e-03 
1690.145  1.8244662750e-01  2.8918864668e-03 
1695.024  1.8274779236e-01  2.9214896074e-03 
1699.896  1.7976351583e-01  2.7058165482e-03 
