 lambda   Irr_dw            Rad_up 
 630.512  1.3839720795e+00  5.9784210440e-02 
 631.338  1.3768807067e+00  5.9579817027e-02 
 632.164  1.3733209496e+00  5.9519139001e-02 
 632.991  1.3737612642e+00  5.9646181404e-02 
 633.817  1.3744287921e+00  5.9785554592e-02 
 634.643  1.3726132845e+00  5.9797618970e-02 
 635.470  1.3703752797e+00  5.9771057714e-02 
 636.296  1.3716891527e+00  5.9890921675e-02 
 637.122  1.3766860929e+00  6.0167878149e-02 
 637.948  1.3801175776e+00  6.0368948300e-02 
 638.775  1.3771922747e+00  6.0284322213e-02 
 639.601  1.3692169825e+00  5.9973466105e-02 
 640.427  1.3615162166e+00  5.9661323711e-02 
 641.253  1.3576301886e+00  5.9485134608e-02 
 642.079  1.3573476049e+00  5.9421424849e-02 
 642.905  1.3584267102e+00  5.9363135781e-02 
 643.732  1.3583687555e+00  5.9182397954e-02 
 644.558  1.3558357402e+00  5.8787218536e-02 
 645.384  1.3518527060e+00  5.8206773695e-02 
 646.210  1.3493651591e+00  5.7625102750e-02 
 647.036  1.3496485376e+00  5.7224262270e-02 
 647.862  1.3493599743e+00  5.6991746990e-02 
 648.688  1.3442633870e+00  5.6795098903e-02 
 649.514  1.3365175558e+00  5.6640407670e-02 
 650.340  1.3337153883e+00  5.6685722864e-02 
 651.166  1.3384058031e+00  5.6946420369e-02 
 651.992  1.3442684637e+00  5.7197552310e-02 
 652.818  1.3427763228e+00  5.7138324021e-02 
 653.644  1.3273025834e+00  5.6468159578e-02 
 654.470  1.2951203335e+00  5.5046151062e-02 
 655.296  1.2549006537e+00  5.3287113404e-02 
 656.122  1.2283474910e+00  5.2180103685e-02 
 656.948  1.2323472457e+00  5.2459046874e-02 
 657.774  1.2606773578e+00  5.3825174330e-02 
 658.599  1.2924076827e+00  5.5344021567e-02 
 659.425  1.3141561274e+00  5.6425560266e-02 
 660.251  1.3258829165e+00  5.7066142907e-02 
 661.077  1.3318251152e+00  5.7436746523e-02 
 661.903  1.3335450199e+00  5.7583562748e-02 
 662.728  1.3310331151e+00  5.7501103003e-02 
 663.554  1.3261201298e+00  5.7289002801e-02 
 664.380  1.3220575681e+00  5.7112931523e-02 
 665.206  1.3200607160e+00  5.7035788093e-02 
 666.031  1.3187242488e+00  5.6993598474e-02 
 666.857  1.3172903449e+00  5.6948817700e-02 
 667.683  1.3167977722e+00  5.6942718007e-02 
 668.508  1.3171048105e+00  5.6960629842e-02 
 669.334  1.3158885962e+00  5.6893502842e-02 
1182.792  4.3038780910e-01  1.4084205592e-02 
1188.701  4.2575487299e-01  1.3947599347e-02 
1194.595  4.2932805982e-01  1.4242393881e-02 
1200.475  4.1809464537e-01  1.3732813479e-02 
1206.341  4.1779203690e-01  1.4009724077e-02 
1212.193  4.1310334292e-01  1.3813377039e-02 
1218.030  4.1278036838e-01  1.4164960060e-02 
1223.854  4.0828577226e-01  1.4132027589e-02 
1229.663  4.0469592104e-01  1.4295239674e-02 
1235.458  4.0047198240e-01  1.4323583942e-02 
1241.240  3.9529601893e-01  1.4245614985e-02 
1247.008  3.9171541155e-01  1.4094820414e-02 
1252.762  3.8576296103e-01  1.3638655457e-02 
1258.503  3.8002522719e-01  1.2990687915e-02 
1264.230  3.7089247928e-01  1.2182679743e-02 
1269.944  3.6775254498e-01  1.2076790441e-02 
1275.644  3.6942003406e-01  1.2448703438e-02 
1281.331  3.4537936826e-01  1.1847570676e-02 
1287.004  3.6215173768e-01  1.2471553380e-02 
1292.665  3.6022478983e-01  1.2162384114e-02 
1298.312  3.5723535954e-01  1.1701834218e-02 
1503.952  2.3807527672e-01  4.8170978746e-03 
1509.148  2.4960543723e-01  5.3687529284e-03 
1514.333  2.4736219267e-01  5.5109825758e-03 
1519.509  2.4675382364e-01  5.5927909519e-03 
1524.675  2.4463459414e-01  5.7666729284e-03 
1529.831  2.4051594141e-01  5.6816288586e-03 
1534.978  2.4051476673e-01  5.6374219891e-03 
1540.114  2.3657462536e-01  5.7199177577e-03 
1545.242  2.3933947125e-01  5.8736209790e-03 
1550.360  2.3506160829e-01  5.8768569012e-03 
1555.468  2.3041362238e-01  5.7663902901e-03 
1560.567  2.3196955885e-01  5.9752850694e-03 
1565.657  2.2731127170e-01  5.8269822822e-03 
1570.738  2.2345319726e-01  5.7385232797e-03 
1575.809  2.1306160652e-01  5.5860130242e-03 
1580.872  2.2027860302e-01  5.7377534608e-03 
1585.926  2.1818158910e-01  5.8158605040e-03 
1590.971  2.1022128685e-01  5.7020422924e-03 
1596.007  2.1542104292e-01  5.8869323151e-03 
1601.035  2.1162052459e-01  5.7862245885e-03 
1606.054  2.1042535743e-01  5.9169002913e-03 
1611.064  2.0504386880e-01  5.7247354709e-03 
1616.066  2.0524465241e-01  5.7297179541e-03 
1621.060  2.0521526649e-01  5.8815802118e-03 
1626.045  2.0880923621e-01  6.0576760487e-03 
1631.023  2.0699597601e-01  6.0208752976e-03 
1635.992  2.0149919444e-01  5.7135672043e-03 
1640.954  1.9347881156e-01  5.3815667927e-03 
1645.907  1.9668199839e-01  5.6684040696e-03 
1650.852  1.9631161701e-01  5.6815072503e-03 
1655.790  1.9636682441e-01  5.7124716440e-03 
1660.720  1.9576587500e-01  5.6863694782e-03 
1665.643  1.9156478252e-01  5.4257131395e-03 
1670.558  1.8984155822e-01  5.5454201354e-03 
1675.466  1.8619669109e-01  5.6345710485e-03 
1680.366  1.7719972155e-01  5.3947709461e-03 
1685.259  1.8288470242e-01  5.5463084714e-03 
1690.145  1.8245920563e-01  5.4462294268e-03 
1695.024  1.8276008843e-01  5.4794515589e-03 
1699.896  1.7977586477e-01  5.2631540535e-03 
