 lambda   Irr_dw            Rad_up 
 630.512  1.3817952514e+00  3.3671929216e-02 
 631.338  1.3747167830e+00  3.3582007579e-02 
 632.164  1.3711650266e+00  3.3569376496e-02 
 632.991  1.3716086351e+00  3.3671415676e-02 
 633.817  1.3722807352e+00  3.3786288961e-02 
 634.643  1.3704748726e+00  3.3825330091e-02 
 635.470  1.3682479752e+00  3.3834947255e-02 
 636.296  1.3695678603e+00  3.3921172015e-02 
 637.122  1.3745651558e+00  3.4090509764e-02 
 637.948  1.3779992852e+00  3.4211315172e-02 
 638.775  1.3750864194e+00  3.4168928097e-02 
 639.601  1.3671314119e+00  3.4000862002e-02 
 640.427  1.3594503418e+00  3.3830048317e-02 
 641.253  1.3555774815e+00  3.3724414462e-02 
 642.079  1.3553016004e+00  3.3664059203e-02 
 642.905  1.3563845315e+00  3.3584917270e-02 
 643.732  1.3563314391e+00  3.3406621300e-02 
 644.558  1.3538060167e+00  3.3062207877e-02 
 645.384  1.3498315446e+00  3.2560123799e-02 
 646.210  1.3473497671e+00  3.2026724073e-02 
 647.036  1.3476356199e+00  3.1619022070e-02 
 647.862  1.3473525019e+00  3.1388061405e-02 
 648.688  1.3422710025e+00  3.1282634334e-02 
 649.514  1.3345458176e+00  3.1270190685e-02 
 650.340  1.3317570309e+00  3.1367222959e-02 
 651.166  1.3364488980e+00  3.1540601812e-02 
 651.992  1.3423107320e+00  3.1682371942e-02 
 652.818  1.3408284094e+00  3.1651205056e-02 
 653.644  1.3253844346e+00  3.1273097329e-02 
 654.470  1.2932555094e+00  3.0461247198e-02 
 655.296  1.2531005713e+00  2.9466859306e-02 
 656.122  1.2265929431e+00  2.8866363068e-02 
 656.948  1.2305951086e+00  2.9072050077e-02 
 657.774  1.2588934505e+00  2.9902121666e-02 
 658.599  1.2905875630e+00  3.0818600147e-02 
 659.425  1.3123142023e+00  3.1485368970e-02 
 660.251  1.3240333567e+00  3.1899551010e-02 
 661.077  1.3299757454e+00  3.2151640111e-02 
 661.903  1.3317011272e+00  3.2258856508e-02 
 662.728  1.3291998972e+00  3.2217210432e-02 
 663.554  1.3243005796e+00  3.2092542229e-02 
 664.380  1.3202507565e+00  3.1989178186e-02 
 665.206  1.3182643314e+00  3.1946777818e-02 
 666.031  1.3169375603e+00  3.1927486830e-02 
 666.857  1.3155131399e+00  3.1907983968e-02 
 667.683  1.3150282313e+00  3.1909984807e-02 
 668.508  1.3153414818e+00  3.1920799941e-02 
 669.334  1.3141334821e+00  3.1874928722e-02 
1182.792  4.3028552167e-01  6.2007499786e-03 
1188.701  4.2565495475e-01  6.1404904715e-03 
1194.595  4.2922805408e-01  6.3525915966e-03 
1200.475  4.1799975683e-01  6.0775725615e-03 
1206.341  4.1769922534e-01  6.3819988928e-03 
1212.193  4.1301206412e-01  6.2834178498e-03 
1218.030  4.1269094577e-01  6.6820728252e-03 
1223.854  4.0819854896e-01  6.7484184163e-03 
1229.663  4.0461027251e-01  7.0048955649e-03 
1235.458  4.0038878538e-01  7.1181739447e-03 
1241.240  3.9521517038e-01  7.1579790182e-03 
1247.008  3.9163679239e-01  7.1116193772e-03 
1252.762  3.8568707194e-01  6.7617287506e-03 
1258.503  3.7995316243e-01  6.2178441548e-03 
1264.230  3.7082640276e-01  5.6057655626e-03 
1269.944  3.6768800544e-01  5.5918643786e-03 
1275.644  3.6935285320e-01  5.8975312792e-03 
1281.331  3.4531577648e-01  5.7215692838e-03 
1287.004  3.6208518322e-01  6.0612238911e-03 
1292.665  3.6015897666e-01  5.7443561772e-03 
1298.312  3.5717127101e-01  5.2962950741e-03 
1503.952  2.3805905271e-01  2.4683281124e-03 
1509.148  2.4958840051e-01  2.9470521871e-03 
1514.333  2.4734563122e-01  3.1280147065e-03 
1519.509  2.4673733037e-01  3.1825409648e-03 
1524.675  2.4461873286e-01  3.4051114883e-03 
1529.831  2.4050013152e-01  3.3051471903e-03 
1534.978  2.4049913606e-01  3.1684759552e-03 
1540.114  2.3655938096e-01  3.2830083753e-03 
1545.242  2.3932369156e-01  3.3619998335e-03 
1550.360  2.3504594206e-01  3.3771937586e-03 
1555.468  2.3039814461e-01  3.2521746056e-03 
1560.567  2.3195403889e-01  3.4421960049e-03 
1565.657  2.2729613174e-01  3.2799618473e-03 
1570.738  2.2343896095e-01  3.2161854049e-03 
1575.809  2.1304790451e-01  3.1500494058e-03 
1580.872  2.2026396968e-01  3.1242933140e-03 
1585.926  2.1816657976e-01  3.1869341605e-03 
1590.971  2.1020680841e-01  3.1408283054e-03 
1596.007  2.1540634447e-01  3.2369273436e-03 
1601.035  2.1160663683e-01  3.1706298816e-03 
1606.054  2.1041164485e-01  3.3270884798e-03 
1611.064  2.0503027822e-01  3.1466384219e-03 
1616.066  2.0523066523e-01  3.0972277602e-03 
1621.060  2.0520123708e-01  3.2534938432e-03 
1626.045  2.0879500583e-01  3.3802987839e-03 
1631.023  2.0698184449e-01  3.3636122230e-03 
1635.992  2.0148567963e-01  3.0768575522e-03 
1640.954  1.9346566830e-01  2.8138395162e-03 
1645.907  1.9666895647e-01  3.0967680263e-03 
1650.852  1.9629858558e-01  3.0989125266e-03 
1655.790  1.9635356470e-01  3.1133651141e-03 
1660.720  1.9575307974e-01  3.0718778532e-03 
1665.643  1.9155197509e-01  2.8083814449e-03 
1670.558  1.8982917137e-01  2.9719637248e-03 
1675.466  1.8618457976e-01  3.1517012532e-03 
1680.366  1.7718795802e-01  3.0193967356e-03 
1685.259  1.8287269861e-01  3.0727574638e-03 
1690.145  1.8244699629e-01  2.9462231229e-03 
1695.024  1.8274817303e-01  2.9753518214e-03 
1699.896  1.7976380632e-01  2.7581556360e-03 
