 lambda   Irr_dw            Rad_up 
 630.512  1.3825955876e+00  4.1895269456e-02 
 631.338  1.3755123879e+00  4.1770023051e-02 
 632.164  1.3719575863e+00  4.1742959147e-02 
 632.991  1.3723998422e+00  4.1853684514e-02 
 633.817  1.3730702289e+00  4.1976954529e-02 
 634.643  1.3712609458e+00  4.2007856056e-02 
 635.470  1.3690301774e+00  4.2006314636e-02 
 636.296  1.3703480396e+00  4.2103601146e-02 
 637.122  1.3753452115e+00  4.2307673881e-02 
 637.948  1.3787780675e+00  4.2454787550e-02 
 638.775  1.3758601063e+00  4.2399991673e-02 
 639.601  1.3678971630e+00  4.2187544636e-02 
 640.427  1.3602085998e+00  4.1972529220e-02 
 641.253  1.3563308739e+00  4.1844685004e-02 
 642.079  1.3560526813e+00  4.1782829063e-02 
 642.905  1.3571345437e+00  4.1709199110e-02 
 643.732  1.3570802028e+00  4.1528326128e-02 
 644.558  1.3545526548e+00  4.1165178754e-02 
 645.384  1.3505757013e+00  4.0634772956e-02 
 646.210  1.3480923488e+00  4.0082256623e-02 
 647.036  1.3483776002e+00  3.9673555117e-02 
 647.862  1.3480924935e+00  3.9440610894e-02 
 648.688  1.3430052536e+00  3.9306865051e-02 
 649.514  1.3352722761e+00  3.9251066673e-02 
 650.340  1.3324785002e+00  3.9332797778e-02 
 651.166  1.3371698349e+00  3.9533486381e-02 
 651.992  1.3430318891e+00  3.9708933995e-02 
 652.818  1.3415457811e+00  3.9668339055e-02 
 653.644  1.3260907143e+00  3.9197742171e-02 
 654.470  1.2939420930e+00  3.8193003147e-02 
 655.296  1.2537632815e+00  3.6957084780e-02 
 656.122  1.2272388800e+00  3.6196732545e-02 
 656.948  1.2312401831e+00  3.6425561706e-02 
 657.774  1.2595503118e+00  3.7424814074e-02 
 658.599  1.2912580377e+00  3.8531604845e-02 
 659.425  1.3129931698e+00  3.9329893450e-02 
 660.251  1.3247154751e+00  3.9816571403e-02 
 661.077  1.3306577838e+00  4.0107298994e-02 
 661.903  1.3323810114e+00  4.0228072114e-02 
 662.728  1.3298759495e+00  4.0174231972e-02 
 663.554  1.3249719783e+00  4.0022374545e-02 
 664.380  1.3209179116e+00  3.9896349305e-02 
 665.206  1.3189280024e+00  3.9843243985e-02 
 666.031  1.3175978353e+00  3.9816991312e-02 
 666.857  1.3161696353e+00  3.9789747231e-02 
 667.683  1.3156807654e+00  3.9789362677e-02 
 668.508  1.3159899804e+00  3.9802606992e-02 
 669.334  1.3147776037e+00  3.9750323274e-02 
1182.792  4.3032418643e-01  8.6217318414e-03 
1188.701  4.2569277340e-01  8.5372677591e-03 
1194.595  4.2926593470e-01  8.7757350684e-03 
1200.475  4.1803566941e-01  8.4275559070e-03 
1206.341  4.1773428176e-01  8.7218810719e-03 
1212.193  4.1304665208e-01  8.5921233624e-03 
1218.030  4.1272472859e-01  8.9760938424e-03 
1223.854  4.0823144669e-01  9.0111253052e-03 
1229.663  4.0464246345e-01  9.2373549413e-03 
1235.458  4.0042012264e-01  9.3245543774e-03 
1241.240  3.9524563350e-01  9.3268510664e-03 
1247.008  3.9166637744e-01  9.2451515203e-03 
1252.762  3.8571565207e-01  8.8622241400e-03 
1258.503  3.7998033234e-01  8.2870314190e-03 
1264.230  3.7085131562e-01  7.6122237833e-03 
1269.944  3.6771233189e-01  7.5656534785e-03 
1275.644  3.6937821471e-01  7.8931471430e-03 
1281.331  3.4533977972e-01  7.5888867161e-03 
1287.004  3.6211034331e-01  8.0150489329e-03 
1292.665  3.6018385483e-01  7.7028937750e-03 
1298.312  3.5719556226e-01  7.2532575231e-03 
1503.952  2.3806428379e-01  3.0571786649e-03 
1509.148  2.4959382837e-01  3.5427319216e-03 
1514.333  2.4735086759e-01  3.7090599820e-03 
1519.509  2.4674253738e-01  3.7730416361e-03 
1524.675  2.4462368296e-01  3.9773003869e-03 
1529.831  2.4050511574e-01  3.8887138321e-03 
1534.978  2.4050407944e-01  3.7876474905e-03 
1540.114  2.3656418950e-01  3.8930367133e-03 
1545.242  2.3932870258e-01  3.9961262941e-03 
1550.360  2.3505097397e-01  4.0117201288e-03 
1555.468  2.3040312413e-01  3.8978424970e-03 
1560.567  2.3195906187e-01  4.0911534573e-03 
1565.657  2.2730105887e-01  3.9423371865e-03 
1570.738  2.2344365537e-01  3.8772547578e-03 
1575.809  2.1305242823e-01  3.7911451536e-03 
1580.872  2.2026887531e-01  3.8227727691e-03 
1585.926  2.1817160141e-01  3.8925216819e-03 
1590.971  2.1021166863e-01  3.8304400490e-03 
1596.007  2.1541132262e-01  3.9521853207e-03 
1601.035  2.1161137049e-01  3.8785178202e-03 
1606.054  2.1041631311e-01  4.0260158511e-03 
1611.064  2.0503494123e-01  3.8483391755e-03 
1616.066  2.0523546018e-01  3.8184873462e-03 
1621.060  2.0520604380e-01  3.9721916533e-03 
1626.045  2.0879988721e-01  4.1123938191e-03 
1631.023  2.0698673449e-01  4.0904799857e-03 
1635.992  2.0149037604e-01  3.8045971756e-03 
1640.954  1.9347024607e-01  3.5271211278e-03 
1645.907  1.9667348202e-01  3.8057768259e-03 
1650.852  1.9630313231e-01  3.8118651192e-03 
1655.790  1.9635818176e-01  3.8326139277e-03 
1660.720  1.9575760017e-01  3.7982255149e-03 
1665.643  1.9155650802e-01  3.5425782545e-03 
1670.558  1.8983358496e-01  3.6917313770e-03 
1675.466  1.8618879577e-01  3.8418507180e-03 
1680.366  1.7719209201e-01  3.6810425513e-03 
1685.259  1.8287692909e-01  3.7641182029e-03 
1690.145  1.8245129845e-01  3.6484578436e-03 
1695.024  1.8275244470e-01  3.6791655803e-03 
1699.896  1.7976813473e-01  3.4668881345e-03 
