 lambda   Irr_dw            Rad_up 
 630.512  1.3840255267e+00  6.0524279815e-02 
 631.338  1.3769339038e+00  6.0317346887e-02 
 632.164  1.3733739398e+00  6.0256064571e-02 
 632.991  1.3738142351e+00  6.0384584678e-02 
 633.817  1.3744819903e+00  6.0525435578e-02 
 634.643  1.3726668428e+00  6.0537533320e-02 
 635.470  1.3704290993e+00  6.0510718030e-02 
 636.296  1.3717430138e+00  6.0632245732e-02 
 637.122  1.3767398149e+00  6.0912911112e-02 
 637.948  1.3801710163e+00  6.1116889449e-02 
 638.775  1.3772453326e+00  6.1031682238e-02 
 639.601  1.3692697175e+00  6.0717306421e-02 
 640.427  1.3615688191e+00  6.0401471005e-02 
 641.253  1.3576827733e+00  6.0223346975e-02 
 642.079  1.3574001095e+00  6.0159479640e-02 
 642.905  1.3584790163e+00  6.0101755027e-02 
 643.732  1.3584208083e+00  5.9921034483e-02 
 644.558  1.3558875518e+00  5.9524586193e-02 
 645.384  1.3519042909e+00  5.8942107784e-02 
 646.210  1.3494165204e+00  5.8359209008e-02 
 647.036  1.3496997208e+00  5.7958608128e-02 
 647.862  1.3494110339e+00  5.7726013518e-02 
 648.688  1.3443143117e+00  5.7526766033e-02 
 649.514  1.3365683758e+00  5.7368228776e-02 
 650.340  1.3337663099e+00  5.7412626738e-02 
 651.166  1.3384570422e+00  5.7676693991e-02 
 651.992  1.3443198882e+00  5.7931971045e-02 
 652.818  1.3428273132e+00  5.7872960358e-02 
 653.644  1.3273523210e+00  5.7195409306e-02 
 654.470  1.2951682452e+00  5.5756846166e-02 
 655.296  1.2549467057e+00  5.3976818772e-02 
 656.122  1.2283923566e+00  5.2856326777e-02 
 656.948  1.2323921121e+00  5.3138582925e-02 
 657.774  1.2607232213e+00  5.4521381165e-02 
 658.599  1.2924548126e+00  5.6058693659e-02 
 659.425  1.3142041752e+00  5.7152980640e-02 
 660.251  1.3259312296e+00  5.7800351258e-02 
 661.077  1.3318730074e+00  5.8174009259e-02 
 661.903  1.3335920798e+00  5.8321130151e-02 
 662.728  1.3310792730e+00  5.8236477309e-02 
 663.554  1.3261654769e+00  5.8020914709e-02 
 664.380  1.3221024607e+00  5.7841978745e-02 
 665.206  1.3201058893e+00  5.7763172222e-02 
 666.031  1.3187703579e+00  5.7719639027e-02 
 666.857  1.3173373230e+00  5.7673319185e-02 
 667.683  1.3168446948e+00  5.7666006717e-02 
 668.508  1.3171505584e+00  5.7683030631e-02 
 669.334  1.3159328427e+00  5.7614254710e-02 
1182.792  4.3039123236e-01  1.4365364388e-02 
1188.701  4.2575838112e-01  1.4230541958e-02 
1194.595  4.2933148862e-01  1.4529766612e-02 
1200.475  4.1809799548e-01  1.4011727396e-02 
1206.341  4.1779545552e-01  1.4293203334e-02 
1212.193  4.1310662546e-01  1.4097110566e-02 
1218.030  4.1278365563e-01  1.4449692086e-02 
1223.854  4.0828905099e-01  1.4415003523e-02 
1229.663  4.0469917042e-01  1.4577042935e-02 
1235.458  4.0047527668e-01  1.4604126207e-02 
1241.240  3.9529930869e-01  1.4523078287e-02 
1247.008  3.9171852961e-01  1.4368192368e-02 
1252.762  3.8576593712e-01  1.3908036112e-02 
1258.503  3.8002797452e-01  1.3256377999e-02 
1264.230  3.7089493126e-01  1.2441089726e-02 
1269.944  3.6775491200e-01  1.2333851880e-02 
1275.644  3.6942258757e-01  1.2708571775e-02 
1281.331  3.4538185176e-01  1.2090120268e-02 
1287.004  3.6215436275e-01  1.2725822733e-02 
1292.665  3.6022739693e-01  1.2417125252e-02 
1298.312  3.5723785988e-01  1.1956677915e-02 
1503.952  2.3807719816e-01  5.2103312389e-03 
1509.148  2.4960756880e-01  5.7912929388e-03 
1514.333  2.4736429081e-01  5.9331552829e-03 
1519.509  2.4675592342e-01  6.0160970596e-03 
1524.675  2.4463661938e-01  6.1884714431e-03 
1529.831  2.4051794023e-01  6.0935899299e-03 
1534.978  2.4051671505e-01  6.0461457133e-03 
1540.114  2.3657661198e-01  6.1227126716e-03 
1545.242  2.3934151278e-01  6.2785618502e-03 
1550.360  2.3506351595e-01  6.2718532583e-03 
1555.468  2.3041548214e-01  6.1502678558e-03 
1560.567  2.3197141792e-01  6.3602419677e-03 
1565.657  2.2731305960e-01  6.1958206780e-03 
1570.738  2.2345479060e-01  6.0905000908e-03 
1575.809  2.1306312613e-01  5.9186287624e-03 
1580.872  2.2028018207e-01  6.0772149831e-03 
1585.926  2.1818319815e-01  6.1509153937e-03 
1590.971  2.1022278629e-01  6.0224603818e-03 
1596.007  2.1542263908e-01  6.2144259715e-03 
1601.035  2.1162193526e-01  6.1041408897e-03 
1606.054  2.1042677116e-01  6.2318753976e-03 
1611.064  2.0504522681e-01  6.0287475027e-03 
1616.066  2.0524602515e-01  6.0332940205e-03 
1621.060  2.0521666177e-01  6.1855954810e-03 
1626.045  2.0881067751e-01  6.3665340347e-03 
1631.023  2.0699737889e-01  6.3244717281e-03 
1635.992  2.0150051000e-01  6.0043372750e-03 
1640.954  1.9348004834e-01  5.6568189781e-03 
1645.907  1.9668321808e-01  5.9492816810e-03 
1650.852  1.9631284317e-01  5.9610774966e-03 
1655.790  1.9636807559e-01  5.9895478660e-03 
1660.720  1.9576707267e-01  5.9594000075e-03 
1665.643  1.9156592137e-01  5.6888165522e-03 
1670.558  1.8984270724e-01  5.8050503147e-03 
1675.466  1.8619775148e-01  5.8871715223e-03 
1680.366  1.7720078868e-01  5.6327612685e-03 
1685.259  1.8288584657e-01  5.7896554081e-03 
1690.145  1.8246023846e-01  5.6859457300e-03 
1695.024  1.8276113116e-01  5.7169289656e-03 
1699.896  1.7977683759e-01  5.4936248531e-03 
