 lambda   Irr_dw            Rad_up 
 630.512  1.3826416353e+00  4.2422086936e-02 
 631.338  1.3755583158e+00  4.2295207040e-02 
 632.164  1.3720034964e+00  4.2267969609e-02 
 632.991  1.3724457806e+00  4.2380022309e-02 
 633.817  1.3731160902e+00  4.2504554087e-02 
 634.643  1.3713065873e+00  4.2535615535e-02 
 635.470  1.3690755645e+00  4.2534056856e-02 
 636.296  1.3703932277e+00  4.2632818991e-02 
 637.122  1.3753902762e+00  4.2839930827e-02 
 637.948  1.3788230598e+00  4.2989470632e-02 
 638.775  1.3759049841e+00  4.2934417909e-02 
 639.601  1.3679418399e+00  4.2719412807e-02 
 640.427  1.3602531557e+00  4.2501616133e-02 
 641.253  1.3563755512e+00  4.2372214655e-02 
 642.079  1.3560975821e+00  4.2310018419e-02 
 642.905  1.3571794930e+00  4.2236454515e-02 
 643.732  1.3571249706e+00  4.2055104615e-02 
 644.558  1.3545971376e+00  4.1690407786e-02 
 645.384  1.3506198372e+00  4.1157798420e-02 
 646.210  1.3481361322e+00  4.0603655640e-02 
 647.036  1.3484212092e+00  4.0194527746e-02 
 647.862  1.3481361189e+00  3.9961193145e-02 
 648.688  1.3430488308e+00  3.9825514871e-02 
 649.514  1.3353155901e+00  3.9767012212e-02 
 650.340  1.3325214753e+00  3.9848089554e-02 
 651.166  1.3372125621e+00  4.0051131939e-02 
 651.992  1.3430744308e+00  4.0229552999e-02 
 652.818  1.3415880136e+00  4.0189249303e-02 
 653.644  1.3261322448e+00  3.9713564143e-02 
 654.470  1.2939823280e+00  3.8697163141e-02 
 655.296  1.2538018522e+00  3.7446365069e-02 
 656.122  1.2272761708e+00  3.6676458753e-02 
 656.948  1.2312772670e+00  3.6907746039e-02 
 657.774  1.2595881906e+00  3.7919048161e-02 
 658.599  1.2912970143e+00  3.9039175595e-02 
 659.425  1.3130329806e+00  3.9846671422e-02 
 660.251  1.3247557388e+00  4.0338302148e-02 
 661.077  1.3306981588e+00  4.0631428168e-02 
 661.903  1.3324211424e+00  4.0752786931e-02 
 662.728  1.3299154931e+00  4.0697829894e-02 
 663.554  1.3250106276e+00  4.0543929913e-02 
 664.380  1.3209554741e+00  4.0416203996e-02 
 665.206  1.3189645905e+00  4.0362168936e-02 
 666.031  1.3176338359e+00  4.0335189945e-02 
 666.857  1.3162055509e+00  4.0307107343e-02 
 667.683  1.3157171836e+00  4.0306082457e-02 
 668.508  1.3160271651e+00  4.0318796023e-02 
 669.334  1.3148150162e+00  4.0265380212e-02 
1182.792  4.3032671003e-01  8.8064179271e-03 
1188.701  4.2569528095e-01  8.7235432361e-03 
1194.595  4.2926838419e-01  8.9651978734e-03 
1200.475  4.1803801495e-01  8.6113762543e-03 
1206.341  4.1773668821e-01  8.9092963121e-03 
1212.193  4.1304906713e-01  8.7793202133e-03 
1218.030  4.1272713928e-01  9.1626785597e-03 
1223.854  4.0823374159e-01  9.1965297471e-03 
1229.663  4.0464484559e-01  9.4227727750e-03 
1235.458  4.0042246175e-01  9.5095404850e-03 
1241.240  3.9524785058e-01  9.5100966593e-03 
1247.008  3.9166853885e-01  9.4259492234e-03 
1252.762  3.8571775534e-01  9.0395807214e-03 
1258.503  3.7998232341e-01  8.4597933083e-03 
1264.230  3.7085312400e-01  7.7812275389e-03 
1269.944  3.6771410594e-01  7.7354281792e-03 
1275.644  3.6938006659e-01  8.0640191090e-03 
1281.331  3.4534153536e-01  7.7473680029e-03 
1287.004  3.6211216557e-01  8.1795695340e-03 
1292.665  3.6018567553e-01  7.8666360539e-03 
1298.312  3.5719728265e-01  7.4160874202e-03 
1503.952  2.3806667367e-01  3.3793885539e-03 
1509.148  2.4959640256e-01  3.8899237916e-03 
1514.333  2.4735340933e-01  4.0558538384e-03 
1519.509  2.4674510595e-01  4.1197521083e-03 
1524.675  2.4462614781e-01  4.3228039328e-03 
1529.831  2.4050749639e-01  4.2247690990e-03 
1534.978  2.4050637849e-01  4.1190427948e-03 
1540.114  2.3656641270e-01  4.2190176655e-03 
1545.242  2.3933100758e-01  4.3224935844e-03 
1550.360  2.3505315032e-01  4.3289511304e-03 
1555.468  2.3040520101e-01  4.2047034609e-03 
1560.567  2.3196112926e-01  4.3982358859e-03 
1565.657  2.2730307378e-01  4.2340768363e-03 
1570.738  2.2344535673e-01  4.1537700650e-03 
1575.809  2.1305404971e-01  4.0512638505e-03 
1580.872  2.2027052786e-01  4.0861637119e-03 
1585.926  2.1817330308e-01  4.1515211950e-03 
1590.971  2.1021327563e-01  4.0767458937e-03 
1596.007  2.1541285399e-01  4.2010767618e-03 
1601.035  2.1161276104e-01  4.1177199748e-03 
1606.054  2.1041767937e-01  4.2625190344e-03 
1611.064  2.0503624847e-01  4.0752461458e-03 
1616.066  2.0523680824e-01  4.0443398756e-03 
1621.060  2.0520742872e-01  4.1984836028e-03 
1626.045  2.0880124076e-01  4.3420968427e-03 
1631.023  2.0698803497e-01  4.3156003257e-03 
1635.992  2.0149153957e-01  4.0189208829e-03 
1640.954  1.9347139009e-01  3.7289359685e-03 
1645.907  1.9667460940e-01  4.0119648349e-03 
1650.852  1.9630425805e-01  4.0165362844e-03 
1655.790  1.9635933233e-01  4.0347620497e-03 
1660.720  1.9575867399e-01  3.9965723249e-03 
1665.643  1.9155755908e-01  3.7322969286e-03 
1670.558  1.8983460101e-01  3.8788518134e-03 
1675.466  1.8618978771e-01  4.0242146134e-03 
1680.366  1.7719298803e-01  3.8525897486e-03 
1685.259  1.8287784201e-01  3.9385476650e-03 
1690.145  1.8245223286e-01  3.8190257236e-03 
1695.024  1.8275329209e-01  3.8478208294e-03 
1699.896  1.7976895891e-01  3.6297854476e-03 
