 lambda   Irr_dw            Rad_up 
 630.512  1.3818329847e+00  3.4019856351e-02 
 631.338  1.3747542779e+00  3.3928492815e-02 
 632.164  1.3712022809e+00  3.3915335984e-02 
 632.991  1.3716457346e+00  3.4017834253e-02 
 633.817  1.3723177138e+00  3.4133119188e-02 
 634.643  1.3705116195e+00  3.4171822450e-02 
 635.470  1.3682843757e+00  3.4180956740e-02 
 636.296  1.3696039583e+00  3.4267682993e-02 
 637.122  1.3746010281e+00  3.4438595358e-02 
 637.948  1.3780348459e+00  3.4560637541e-02 
 638.775  1.3751215602e+00  3.4517795534e-02 
 639.601  1.3671662917e+00  3.4347865817e-02 
 640.427  1.3594853213e+00  3.4175190442e-02 
 641.253  1.3556127940e+00  3.4068650295e-02 
 642.079  1.3553372441e+00  3.4008273651e-02 
 642.905  1.3564204330e+00  3.3929363300e-02 
 643.732  1.3563675539e+00  3.3750870410e-02 
 644.558  1.3538422474e+00  3.3405511480e-02 
 645.384  1.3498676832e+00  3.2902071506e-02 
 646.210  1.3473855846e+00  3.2367731357e-02 
 647.036  1.3476709371e+00  3.1959877216e-02 
 647.862  1.3473871866e+00  3.1728753919e-02 
 648.688  1.3423050669e+00  3.1622114292e-02 
 649.514  1.3345795928e+00  3.1607890557e-02 
 650.340  1.3317911092e+00  3.1704344737e-02 
 651.166  1.3364836304e+00  3.1878912992e-02 
 651.992  1.3423457523e+00  3.2022119773e-02 
 652.818  1.3408628625e+00  3.1990576256e-02 
 653.644  1.3254176061e+00  3.1608579739e-02 
 654.470  1.2932870856e+00  3.0788573638e-02 
 655.296  1.2531306458e+00  2.9783960082e-02 
 656.122  1.2266221431e+00  2.9176703735e-02 
 656.948  1.2306244343e+00  2.9383397117e-02 
 657.774  1.2589236463e+00  3.0220685482e-02 
 658.599  1.2906187316e+00  3.1145303719e-02 
 659.425  1.3123460605e+00  3.1817734458e-02 
 660.251  1.3240656563e+00  3.2235058578e-02 
 661.077  1.3300084150e+00  3.2488802673e-02 
 661.903  1.3317341220e+00  3.2596555445e-02 
 662.728  1.3292329809e+00  3.2554342495e-02 
 663.554  1.3243333131e+00  3.2428508280e-02 
 664.380  1.3202827886e+00  3.2324209607e-02 
 665.206  1.3182956743e+00  3.2281393704e-02 
 666.031  1.3169684371e+00  3.2261849688e-02 
 666.857  1.3155435672e+00  3.2242086065e-02 
 667.683  1.3150579959e+00  3.2244080961e-02 
 668.508  1.3153705194e+00  3.2255084767e-02 
 669.334  1.3141619057e+00  3.2208986637e-02 
1182.792  4.3028744541e-01  6.3028594863e-03 
1188.701  4.2565676768e-01  6.2417752779e-03 
1194.595  4.2922989014e-01  6.4550831053e-03 
1200.475  4.1800145944e-01  6.1769744702e-03 
1206.341  4.1770093781e-01  6.4811430237e-03 
1212.193  4.1301377201e-01  6.3814003861e-03 
1218.030  4.1269250977e-01  6.7794156128e-03 
1223.854  4.0820019042e-01  6.8444521820e-03 
1229.663  4.0461184389e-01  7.0997853429e-03 
1235.458  4.0039037750e-01  7.2120253388e-03 
1241.240  3.9521668255e-01  7.2502731167e-03 
1247.008  3.9163822972e-01  7.2023258203e-03 
1252.762  3.8568847472e-01  6.8509701787e-03 
1258.503  3.7995448624e-01  6.3057813848e-03 
1264.230  3.7082762840e-01  5.6908960954e-03 
1269.944  3.6768920089e-01  5.6756774434e-03 
1275.644  3.6935411550e-01  5.9822602875e-03 
1281.331  3.4531695497e-01  5.8008147027e-03 
1287.004  3.6208642115e-01  6.1439896792e-03 
1292.665  3.6016019048e-01  5.8274262468e-03 
1298.312  3.5717247121e-01  5.3793228047e-03 
1503.952  2.3805941767e-01  2.5049442332e-03 
1509.148  2.4958878210e-01  2.9849088458e-03 
1514.333  2.4734598824e-01  3.1652030431e-03 
1519.509  2.4673768924e-01  3.2201541807e-03 
1524.675  2.4461905241e-01  3.4418760509e-03 
1529.831  2.4050047629e-01  3.3419914054e-03 
1534.978  2.4049947061e-01  3.2066117733e-03 
1540.114  2.3655969764e-01  3.3205233639e-03 
1545.242  2.3932406567e-01  3.4004897944e-03 
1550.360  2.3504627295e-01  3.4152976904e-03 
1555.468  2.3039848727e-01  3.2903108571e-03 
1560.567  2.3195437885e-01  3.4803966667e-03 
1565.657  2.2729641098e-01  3.3180640656e-03 
1570.738  2.2343924948e-01  3.2535315331e-03 
1575.809  2.1304818832e-01  3.1859059172e-03 
1580.872  2.2026428759e-01  3.1625784283e-03 
1585.926  2.1816690004e-01  3.2253141797e-03 
1590.971  2.1020708550e-01  3.1780265642e-03 
1596.007  2.1540663698e-01  3.2751874872e-03 
1601.035  2.1160693570e-01  3.2081488122e-03 
1606.054  2.1041191720e-01  3.3641001569e-03 
1611.064  2.0503056092e-01  3.1833773246e-03 
1616.066  2.0523094228e-01  3.1347434196e-03 
1621.060  2.0520150659e-01  3.2909084122e-03 
1626.045  2.0879526696e-01  3.4183662356e-03 
1631.023  2.0698214495e-01  3.4012434007e-03 
1635.992  2.0148593837e-01  3.1141082448e-03 
1640.954  1.9346596220e-01  2.8500278440e-03 
1645.907  1.9666919285e-01  3.1328948848e-03 
1650.852  1.9629891104e-01  3.1351237857e-03 
1655.790  1.9635387184e-01  3.1497078709e-03 
1660.720  1.9575334658e-01  3.1083310069e-03 
1665.643  1.9155228364e-01  2.8448415526e-03 
1670.558  1.8982942325e-01  3.0077125131e-03 
1675.466  1.8618482736e-01  3.1860128018e-03 
1680.366  1.7718822112e-01  3.0521547200e-03 
1685.259  1.8287293363e-01  3.1067827509e-03 
1690.145  1.8244720943e-01  2.9805177111e-03 
1695.024  1.8274841465e-01  3.0096089681e-03 
1699.896  1.7976405670e-01  2.7924142625e-03 
