 lambda   Irr_dw            Rad_up 
 630.512  1.3817191096e+00  3.2976095925e-02 
 631.338  1.3746412490e+00  3.2888850888e-02 
 632.164  1.3710899501e+00  3.2877085421e-02 
 632.991  1.3715337462e+00  3.2978000206e-02 
 633.817  1.3722059189e+00  3.3091771818e-02 
 634.643  1.3704001924e+00  3.3131129416e-02 
 635.470  1.3681734894e+00  3.3141317582e-02 
 636.296  1.3694935555e+00  3.3226205865e-02 
 637.122  1.3744910317e+00  3.3392177609e-02 
 637.948  1.3779254336e+00  3.3510336790e-02 
 638.775  1.3750129978e+00  3.3468646915e-02 
 639.601  1.3670585530e+00  3.3304123333e-02 
 640.427  1.3593781492e+00  3.3137016516e-02 
 641.253  1.3555060733e+00  3.3033386308e-02 
 642.079  1.3552309735e+00  3.2973371005e-02 
 642.905  1.3563143956e+00  3.2893992024e-02 
 643.732  1.3562613994e+00  3.2716144299e-02 
 644.558  1.3537358651e+00  3.2373613091e-02 
 645.384  1.3497612169e+00  3.1874362648e-02 
 646.210  1.3472791574e+00  3.1343119162e-02 
 647.036  1.3475646604e+00  3.0935987324e-02 
 647.862  1.3472814021e+00  3.0705478996e-02 
 648.688  1.3422002286e+00  3.0602495957e-02 
 649.514  1.3344756712e+00  3.0593608176e-02 
 650.340  1.3316872977e+00  3.0691776292e-02 
 651.166  1.3363791174e+00  3.0862706193e-02 
 651.992  1.3422407673e+00  3.1001493210e-02 
 652.818  1.3407586390e+00  3.0970958289e-02 
 653.644  1.3253155724e+00  3.0600504022e-02 
 654.470  1.2931883292e+00  2.9804852685e-02 
 655.296  1.2530354965e+00  2.8830815235e-02 
 656.122  1.2265296047e+00  2.8243696194e-02 
 656.948  1.2305324554e+00  2.8447133262e-02 
 657.774  1.2588305402e+00  2.9262478019e-02 
 658.599  1.2905241754e+00  3.0162423922e-02 
 659.425  1.3122506540e+00  3.0817715237e-02 
 660.251  1.3239699127e+00  3.1225540133e-02 
 661.077  1.3299122875e+00  3.1474248421e-02 
 661.903  1.3316373409e+00  3.1580278691e-02 
 662.728  1.3291356729e+00  3.1539687327e-02 
 663.554  1.3242361263e+00  3.1417417986e-02 
 664.380  1.3201864410e+00  3.1316117353e-02 
 665.206  1.3182005874e+00  3.1274731855e-02 
 666.031  1.3168747499e+00  3.1256030281e-02 
 666.857  1.3154512204e+00  3.1237078401e-02 
 667.683  1.3149666783e+00  3.1239171261e-02 
 668.508  1.3152797221e+00  3.1249833238e-02 
 669.334  1.3140712812e+00  3.1204807310e-02 
1182.792  4.3028154899e-01  5.9905454379e-03 
1188.701  4.2565089960e-01  5.9310254039e-03 
1194.595  4.2922418550e-01  6.1405424242e-03 
1200.475  4.1799605433e-01  5.8722446077e-03 
1206.341  4.1769572464e-01  6.1757199095e-03 
1212.193  4.1300851450e-01  6.0791470344e-03 
1218.030  4.1268734170e-01  6.4793128064e-03 
1223.854  4.0819494211e-01  6.5480850781e-03 
1229.663  4.0460680560e-01  6.8064867116e-03 
1235.458  4.0038545870e-01  6.9215502122e-03 
1241.240  3.9521193627e-01  6.9644088136e-03 
1247.008  3.9163361536e-01  6.9212350127e-03 
1252.762  3.8568401955e-01  6.5746447406e-03 
1258.503  3.7995025190e-01  6.0344422522e-03 
1264.230  3.7082377157e-01  5.4274404947e-03 
1269.944  3.6768543385e-01  5.4152614554e-03 
1275.644  3.6935017757e-01  5.7190533105e-03 
1281.331  3.4531321178e-01  5.5550703462e-03 
1287.004  3.6208249590e-01  5.8877153725e-03 
1292.665  3.6015630271e-01  5.5706293305e-03 
1298.312  3.5716869713e-01  5.1223418789e-03 
1503.952  2.3805770045e-01  2.3312638651e-03 
1509.148  2.4958695231e-01  2.8016238203e-03 
1514.333  2.4734420309e-01  2.9836556928e-03 
1519.509  2.4673590524e-01  3.0375910414e-03 
1524.675  2.4461733184e-01  3.2618276667e-03 
1529.831  2.4049881899e-01  3.1641294217e-03 
1534.978  2.4049784122e-01  3.0265176135e-03 
1540.114  2.3655809061e-01  3.1432639708e-03 
1545.242  2.3932233880e-01  3.2206410408e-03 
1550.360  2.3504465911e-01  3.2386952915e-03 
1555.468  2.3039689693e-01  3.1162406779e-03 
1560.567  2.3195281932e-01  3.3061534973e-03 
1565.657  2.2729498011e-01  3.1477962667e-03 
1570.738  2.2343788886e-01  3.0891187353e-03 
1575.809  2.1304690781e-01  3.0294183317e-03 
1580.872  2.2026294551e-01  2.9990207766e-03 
1585.926  2.1816548427e-01  3.0625822579e-03 
1590.971  2.1020581216e-01  3.0214546466e-03 
1596.007  2.1540530412e-01  3.1151073433e-03 
1601.035  2.1160569880e-01  3.0523111770e-03 
1606.054  2.1041073128e-01  3.2103227597e-03 
1611.064  2.0502939652e-01  3.0326772542e-03 
1616.066  2.0522975744e-01  2.9822924664e-03 
1621.060  2.0520031648e-01  3.1386023936e-03 
1626.045  2.0879404362e-01  3.2635148266e-03 
1631.023  2.0698095924e-01  3.2486903409e-03 
1635.992  2.0148480804e-01  2.9652229325e-03 
1640.954  1.9346487639e-01  2.7069697033e-03 
1645.907  1.9666811648e-01  2.9888736748e-03 
1650.852  1.9629778652e-01  2.9911856852e-03 
1655.790  1.9635271361e-01  3.0060834706e-03 
1660.720  1.9575231804e-01  2.9653596996e-03 
1665.643  1.9155126237e-01  2.7039729822e-03 
1670.558  1.8982842803e-01  2.8693571559e-03 
1675.466  1.8618379233e-01  3.0525611878e-03 
1680.366  1.7718730475e-01  2.9253388639e-03 
1685.259  1.8287194999e-01  2.9759884894e-03 
1690.145  1.8244631293e-01  2.8499966682e-03 
1695.024  1.8274748480e-01  2.8795922849e-03 
1699.896  1.7976315808e-01  2.6637255852e-03 
