 lambda   Irr_dw            Rad_up 
 630.512  1.3826657641e+00  4.2702434260e-02 
 631.338  1.3755820843e+00  4.2573754634e-02 
 632.164  1.3720270322e+00  4.2545320860e-02 
 632.991  1.3724692168e+00  4.2656924518e-02 
 633.817  1.3731395448e+00  4.2781045094e-02 
 634.643  1.3713301477e+00  4.2811209662e-02 
 635.470  1.3690992951e+00  4.2808672775e-02 
 636.296  1.3704171673e+00  4.2907146514e-02 
 637.122  1.3754143844e+00  4.3114684796e-02 
 637.948  1.3788471176e+00  4.3264360215e-02 
 638.775  1.3759286109e+00  4.3208245692e-02 
 639.601  1.3679647162e+00  4.2991295060e-02 
 640.427  1.3602752233e+00  4.2771802317e-02 
 641.253  1.3563970495e+00  4.2641698019e-02 
 642.079  1.3561189185e+00  4.2579697754e-02 
 642.905  1.3572009519e+00  4.2506680506e-02 
 643.732  1.3571465426e+00  4.2325660405e-02 
 644.558  1.3546187402e+00  4.1960808976e-02 
 645.384  1.3506415699e+00  4.1427808011e-02 
 646.210  1.3481580927e+00  4.0873627048e-02 
 647.036  1.3484432172e+00  4.0464995067e-02 
 647.862  1.3481578655e+00  4.0231917400e-02 
 648.688  1.3430702147e+00  4.0095329015e-02 
 649.514  1.3353368061e+00  4.0035152478e-02 
 650.340  1.3325428498e+00  4.0115330490e-02 
 651.166  1.3372342755e+00  4.0318792599e-02 
 651.992  1.3430962866e+00  4.0497718377e-02 
 652.818  1.3416095072e+00  4.0456346963e-02 
 653.644  1.3261529502e+00  3.9976782076e-02 
 654.470  1.2940022150e+00  3.8953220557e-02 
 655.296  1.2538212607e+00  3.7693705557e-02 
 656.122  1.2272955939e+00  3.6917757478e-02 
 656.948  1.2312970910e+00  3.7148948318e-02 
 657.774  1.2596083984e+00  3.8164888649e-02 
 658.599  1.2913171370e+00  3.9290391285e-02 
 659.425  1.3130525076e+00  4.0101538941e-02 
 660.251  1.3247745273e+00  4.0595224170e-02 
 661.077  1.3307163902e+00  4.0889642629e-02 
 661.903  1.3324391060e+00  4.1011704324e-02 
 662.728  1.3299335751e+00  4.0956710082e-02 
 663.554  1.3250293322e+00  4.0802332127e-02 
 664.380  1.3209751540e+00  4.0674321857e-02 
 665.206  1.3189851304e+00  4.0620413728e-02 
 666.031  1.3176547768e+00  4.0593650333e-02 
 666.857  1.3162264335e+00  4.0565719554e-02 
 667.683  1.3157377001e+00  4.0565067081e-02 
 668.508  1.3160473143e+00  4.0578423064e-02 
 669.334  1.3148350758e+00  4.0525382635e-02 
1182.792  4.3032751268e-01  8.8639877561e-03 
1188.701  4.2569599097e-01  8.7773967281e-03 
1194.595  4.2926908548e-01  9.0185807559e-03 
1200.475  4.1803868934e-01  8.6631839989e-03 
1206.341  4.1773727034e-01  8.9569322882e-03 
1212.193  4.1304957895e-01  8.8242353010e-03 
1218.030  4.1272756063e-01  9.2068007259e-03 
1223.854  4.0823419290e-01  9.2388333431e-03 
1229.663  4.0464525523e-01  9.4623498548e-03 
1235.458  4.0042280204e-01  9.5470409887e-03 
1241.240  3.9524819567e-01  9.5458090320e-03 
1247.008  3.9166889018e-01  9.4608524738e-03 
1252.762  3.8571810836e-01  9.0745491142e-03 
1258.503  3.7998266427e-01  8.4958749394e-03 
1264.230  3.7085345417e-01  7.8150482579e-03 
1269.944  3.6771441614e-01  7.7658158065e-03 
1275.644  3.6938037207e-01  8.0952946861e-03 
1281.331  3.4534182660e-01  7.7777894788e-03 
1287.004  3.6211247281e-01  8.2124323344e-03 
1292.665  3.6018597479e-01  7.9003893407e-03 
1298.312  3.5719759988e-01  7.4501767220e-03 
1503.952  2.3806501875e-01  3.1506588291e-03 
1509.148  2.4959458306e-01  3.6401217360e-03 
1514.333  2.4735160895e-01  3.8051763404e-03 
1519.509  2.4674325899e-01  3.8699028301e-03 
1524.675  2.4462442596e-01  4.0725573350e-03 
1529.831  2.4050583313e-01  3.9836974664e-03 
1534.978  2.4050478807e-01  3.8849789484e-03 
1540.114  2.3656492391e-01  3.9889201630e-03 
1545.242  2.3932946938e-01  4.0941609558e-03 
1550.360  2.3505163989e-01  4.1086057568e-03 
1555.468  2.3040382208e-01  3.9943751842e-03 
1560.567  2.3195969321e-01  4.1881714784e-03 
1565.657  2.2730171883e-01  4.0386236218e-03 
1570.738  2.2344423290e-01  3.9714635780e-03 
1575.809  2.1305298598e-01  3.8815320172e-03 
1580.872  2.2026945206e-01  3.9185569626e-03 
1585.926  2.1817224317e-01  3.9883609577e-03 
1590.971  2.1021226206e-01  3.9232438260e-03 
1596.007  2.1541190208e-01  4.0474435706e-03 
1601.035  2.1161190354e-01  3.9717993518e-03 
1606.054  2.1041684863e-01  4.1182541537e-03 
1611.064  2.0503545923e-01  3.9395136244e-03 
1616.066  2.0523599241e-01  3.9111825282e-03 
1621.060  2.0520661097e-01  4.0647628213e-03 
1626.045  2.0880042695e-01  4.2066063547e-03 
1631.023  2.0698725997e-01  4.1837146789e-03 
1635.992  2.0149085499e-01  3.8964548979e-03 
1640.954  1.9347073490e-01  3.6160591068e-03 
1645.907  1.9667394182e-01  3.8950178955e-03 
1650.852  1.9630365859e-01  3.9012514766e-03 
1655.790  1.9635867631e-01  3.9222667723e-03 
1660.720  1.9575802753e-01  3.8880288555e-03 
1665.643  1.9155697851e-01  3.6318498159e-03 
1670.558  1.8983401211e-01  3.7794806406e-03 
1675.466  1.8618924508e-01  3.9265616847e-03 
1680.366  1.7719254084e-01  3.7618586617e-03 
1685.259  1.8287736815e-01  3.8479298268e-03 
1690.145  1.8245171335e-01  3.7327135340e-03 
1695.024  1.8275280103e-01  3.7633550747e-03 
1699.896  1.7976854419e-01  3.5506887988e-03 
