 lambda   Irr_dw       Irr_up       Rad_dw       Rad_up       Act_dw       Act_up       Irr_dw_dir   Irr_up_diff  Act_dw_dir   Act_up_diff
 894.195  7.93859e-01  8.86181e-02  1.46227e-03  1.91429e-02  7.39848e-02  1.84144e-02  7.88344e-01  5.51561e-03  7.24396e-02  1.54524e-03
 900.842  7.60907e-01  7.39486e-02  1.36518e-03  1.54280e-02  7.08112e-02  1.56249e-02  7.56123e-01  4.78367e-03  6.94789e-02  1.33231e-03
 907.472  7.64675e-01  7.61233e-02  1.34573e-03  1.60203e-02  7.11698e-02  1.60251e-02  7.59110e-01  5.56563e-03  6.97534e-02  1.41643e-03
 914.084  7.61116e-01  7.33201e-02  1.31442e-03  1.52928e-02  7.07986e-02  1.55018e-02  7.56045e-01  5.07088e-03  6.94717e-02  1.32689e-03
 920.678  7.36184e-01  7.83437e-02  1.25276e-03  1.67805e-02  6.85099e-02  1.63493e-02  7.31509e-01  4.67426e-03  6.72172e-02  1.29271e-03
 927.255  7.28741e-01  7.18325e-02  1.21223e-03  1.50980e-02  6.77662e-02  1.51364e-02  7.24283e-01  4.45719e-03  6.65532e-02  1.21303e-03
 933.815  7.13703e-01  5.16132e-02  1.15194e-03  9.69806e-03  6.62361e-02  1.13473e-02  7.09573e-01  4.12994e-03  6.52015e-02  1.03459e-03
 940.358  6.99394e-01  5.80644e-02  1.11192e-03  1.14883e-02  6.49525e-02  1.25912e-02  6.95343e-01  4.05078e-03  6.38939e-02  1.05861e-03
 946.883  6.96700e-01  5.45557e-02  1.08442e-03  1.05633e-02  6.46646e-02  1.19043e-02  6.92789e-01  3.91069e-03  6.36592e-02  1.00534e-03
 953.391  6.81542e-01  5.58791e-02  1.04204e-03  1.10179e-02  6.32621e-02  1.21189e-02  6.77771e-01  3.77093e-03  6.22792e-02  9.82846e-04
 959.883  6.82609e-01  5.97727e-02  1.02581e-03  1.20891e-02  6.33691e-02  1.28369e-02  6.78881e-01  3.72835e-03  6.23812e-02  9.87841e-04
 966.357  6.70418e-01  6.35271e-02  9.90742e-04  1.31663e-02  6.22521e-02  1.34882e-02  6.66780e-01  3.63763e-03  6.12693e-02  9.82787e-04
 972.814  6.68128e-01  6.78544e-02  9.70578e-04  1.43019e-02  6.20528e-02  1.42870e-02  6.64536e-01  3.59226e-03  6.10631e-02  9.89660e-04
 979.255  6.58437e-01  6.82805e-02  9.38900e-04  1.44477e-02  6.11497e-02  1.43532e-02  6.54942e-01  3.49551e-03  6.01814e-02  9.68268e-04
 985.679  6.53729e-01  7.23789e-02  9.16582e-04  1.55428e-02  6.07287e-02  1.51207e-02  6.50324e-01  3.40502e-03  5.97571e-02  9.71562e-04
 992.086  6.47162e-01  7.33515e-02  8.91218e-04  1.58112e-02  6.01164e-02  1.52926e-02  6.43839e-01  3.32279e-03  5.91612e-02  9.55133e-04
 998.476  6.41047e-01  7.24946e-02  8.64151e-04  1.56184e-02  5.95370e-02  1.51257e-02  6.37821e-01  3.22629e-03  5.86082e-02  9.28765e-04
1004.850  6.12412e-01  6.83939e-02  8.09175e-04  1.47053e-02  5.68642e-02  1.42923e-02  6.09346e-01  3.06631e-03  5.59918e-02  8.72453e-04
1011.208  6.24354e-01  6.93787e-02  8.07565e-04  1.48976e-02  5.79577e-02  1.45086e-02  6.21353e-01  3.00037e-03  5.70951e-02  8.62628e-04
1017.548  6.11654e-01  6.91092e-02  7.75319e-04  1.49208e-02  5.67720e-02  1.44070e-02  6.08774e-01  2.87958e-03  5.59392e-02  8.32791e-04
1023.873  6.07685e-01  6.73383e-02  7.53560e-04  1.44234e-02  5.63885e-02  1.40979e-02  6.04887e-01  2.79824e-03  5.55820e-02  8.06475e-04
1030.181  5.99691e-01  6.75186e-02  7.28234e-04  1.45114e-02  5.56396e-02  1.41016e-02  5.96974e-01  2.71585e-03  5.48549e-02  7.84653e-04
1036.473  5.87994e-01  6.64580e-02  6.99669e-04  1.42568e-02  5.45442e-02  1.38788e-02  5.85396e-01  2.59812e-03  5.37909e-02  7.53238e-04
1042.749  5.82882e-01  6.52777e-02  6.78610e-04  1.39440e-02  5.40585e-02  1.36638e-02  5.80347e-01  2.53417e-03  5.33271e-02  7.31389e-04
1049.009  5.76439e-01  6.48908e-02  6.57661e-04  1.39539e-02  5.34475e-02  1.35389e-02  5.74000e-01  2.43932e-03  5.27439e-02  7.03687e-04
1055.253  5.69348e-01  6.33995e-02  6.34122e-04  1.36130e-02  5.27765e-02  1.32404e-02  5.66993e-01  2.35517e-03  5.21000e-02  6.76540e-04
1061.481  5.55694e-01  6.13717e-02  6.07311e-04  1.31923e-02  5.14967e-02  1.28115e-02  5.53444e-01  2.24958e-03  5.08551e-02  6.41640e-04
1067.693  5.44995e-01  5.87446e-02  5.87245e-04  1.25310e-02  5.04931e-02  1.23154e-02  5.42834e-01  2.16133e-03  4.98800e-02  6.13092e-04
1073.889  5.38863e-01  5.77910e-02  5.73372e-04  1.23535e-02  4.99215e-02  1.21152e-02  5.36749e-01  2.11393e-03  4.93209e-02  6.00620e-04
1080.069  5.30036e-01  5.61591e-02  5.56721e-04  1.19976e-02  4.90967e-02  1.17806e-02  5.27986e-01  2.04955e-03  4.85157e-02  5.81016e-04
1086.234  5.23319e-01  5.39925e-02  5.43412e-04  1.13937e-02  4.84650e-02  1.13816e-02  5.21326e-01  1.99246e-03  4.79037e-02  5.61223e-04
1092.383  5.11032e-01  5.19189e-02  5.22858e-04  1.09577e-02  4.73170e-02  1.09310e-02  5.09072e-01  1.96054e-03  4.67777e-02  5.39283e-04
1098.516  5.02387e-01  4.68186e-02  5.06984e-04  9.63979e-03  4.64944e-02  9.96368e-03  5.00378e-01  2.00859e-03  4.59788e-02  5.15561e-04
1104.634  5.03141e-01  4.47658e-02  5.00494e-04  9.09681e-03  4.65550e-02  9.58674e-03  5.01315e-01  1.82667e-03  4.60649e-02  4.90134e-04
1110.737  4.97153e-01  4.30093e-02  4.88319e-04  8.66179e-03  4.59918e-02  9.25685e-03  4.95392e-01  1.76116e-03  4.55207e-02  4.71169e-04
1116.824  4.86013e-01  3.49254e-02  4.68248e-04  6.54398e-03  4.49290e-02  7.69174e-03  4.84195e-01  1.81817e-03  4.44918e-02  4.37198e-04
1122.896  4.73767e-01  3.05535e-02  4.51143e-04  5.52410e-03  4.37712e-02  6.75001e-03  4.72203e-01  1.56399e-03  4.33899e-02  3.81324e-04
1128.953  4.67732e-01  3.14169e-02  4.40616e-04  5.74084e-03  4.32198e-02  6.95118e-03  4.66210e-01  1.52240e-03  4.28392e-02  3.80615e-04
1134.995  4.62571e-01  3.02178e-02  4.29810e-04  5.50710e-03  4.27330e-02  6.67239e-03  4.61081e-01  1.48961e-03  4.23679e-02  3.65117e-04
1141.021  4.60656e-01  3.34669e-02  4.24708e-04  6.29093e-03  4.25736e-02  7.38053e-03  4.59173e-01  1.48346e-03  4.21926e-02  3.81026e-04
1147.033  4.60525e-01  3.19453e-02  4.18586e-04  5.90767e-03  4.25512e-02  7.05881e-03  4.59106e-01  1.41896e-03  4.21864e-02  3.64774e-04
1153.030  4.57224e-01  3.37601e-02  4.10907e-04  6.40704e-03  4.22503e-02  7.41248e-03  4.55516e-01  1.70804e-03  4.18565e-02  3.93734e-04
1159.012  4.51523e-01  3.89710e-02  4.03986e-04  7.87439e-03  4.17437e-02  8.37756e-03  4.50105e-01  1.41749e-03  4.13594e-02  3.84370e-04
1164.979  4.48738e-01  4.33158e-02  3.98261e-04  9.07077e-03  4.14977e-02  9.16064e-03  4.47301e-01  1.43708e-03  4.11016e-02  3.96038e-04
1170.931  4.48611e-01  4.42386e-02  3.94101e-04  9.32415e-03  4.14858e-02  9.32728e-03  4.47188e-01  1.42301e-03  4.10913e-02  3.94437e-04
1176.869  4.38589e-01  4.37848e-02  3.80734e-04  9.25975e-03  4.05583e-02  9.21934e-03  4.37214e-01  1.37454e-03  4.01749e-02  3.83452e-04
1182.792  4.30326e-01  4.17226e-02  3.68901e-04  8.76529e-03  3.97861e-02  8.80582e-03  4.28991e-01  1.33506e-03  3.94192e-02  3.66872e-04
1188.701  4.25695e-01  4.13766e-02  3.60663e-04  8.68419e-03  3.93556e-02  8.73910e-03  4.24401e-01  1.29446e-03  3.89974e-02  3.58171e-04
1194.595  4.29267e-01  4.25290e-02  3.59816e-04  8.92550e-03  3.96879e-02  8.98861e-03  4.27974e-01  1.29322e-03  3.93258e-02  3.62076e-04
1200.475  4.18039e-01  4.09328e-02  3.46102e-04  8.57262e-03  3.86438e-02  8.65221e-03  4.16810e-01  1.22882e-03  3.83000e-02  3.43806e-04
1206.341  4.17736e-01  4.19652e-02  3.42176e-04  8.87198e-03  3.86128e-02  8.83528e-03  4.16507e-01  1.22935e-03  3.82721e-02  3.40666e-04
1212.193  4.13048e-01  4.13484e-02  3.34265e-04  8.74328e-03  3.81797e-02  8.71142e-03  4.11841e-01  1.20787e-03  3.78433e-02  3.36351e-04
1218.030  4.12727e-01  4.27029e-02  3.30476e-04  9.12690e-03  3.81490e-02  8.95099e-03  4.11530e-01  1.19666e-03  3.78148e-02  3.34297e-04
1223.854  4.08234e-01  4.27290e-02  3.23258e-04  9.16143e-03  3.77336e-02  8.94547e-03  4.07058e-01  1.17557e-03  3.74039e-02  3.29756e-04
1229.663  4.04645e-01  4.34462e-02  3.17463e-04  9.38854e-03  3.74041e-02  9.06321e-03  4.03494e-01  1.15048e-03  3.70764e-02  3.27722e-04
1235.458  4.00422e-01  4.37175e-02  3.10884e-04  9.47582e-03  3.70130e-02  9.10063e-03  3.99296e-01  1.12657e-03  3.66906e-02  3.22472e-04
1241.240  3.95248e-01  4.35524e-02  3.02873e-04  9.47694e-03  3.65316e-02  9.04325e-03  3.94150e-01  1.09714e-03  3.62178e-02  3.13830e-04
1247.008  3.91669e-01  4.30113e-02  2.95755e-04  9.39302e-03  3.61969e-02  8.91137e-03  3.90563e-01  1.10566e-03  3.58881e-02  3.08804e-04
1252.762  3.85717e-01  4.14449e-02  2.88063e-04  9.00721e-03  3.56358e-02  8.60409e-03  3.84677e-01  1.04019e-03  3.53473e-02  2.88500e-04
1258.503  3.79982e-01  3.91061e-02  2.79899e-04  8.42850e-03  3.50905e-02  8.13673e-03  3.78982e-01  9.99950e-04  3.48240e-02  2.66503e-04
1264.230  3.70853e-01  3.62554e-02  2.69619e-04  7.75107e-03  3.42304e-02  7.53947e-03  3.69902e-01  9.50599e-04  3.39896e-02  2.40726e-04
1269.944  3.67714e-01  3.59039e-02  2.64000e-04  7.70633e-03  3.39374e-02  7.44875e-03  3.66793e-01  9.20322e-04  3.37039e-02  2.33450e-04
1275.644  3.69380e-01  3.73417e-02  2.62384e-04  8.03481e-03  3.41027e-02  7.77546e-03  3.68447e-01  9.32760e-04  3.38559e-02  2.46716e-04
1281.331  3.45343e-01  3.57175e-02  2.42589e-04  7.72000e-03  3.18912e-02  7.44096e-03  3.44470e-01  8.72703e-04  3.16528e-02  2.38477e-04
1287.004  3.62112e-01  3.76300e-02  2.51413e-04  8.15094e-03  3.34428e-02  7.83983e-03  3.61204e-01  9.08617e-04  3.31904e-02  2.52401e-04
1292.665  3.60186e-01  3.65806e-02  2.47003e-04  7.83886e-03  3.32632e-02  7.66692e-03  3.59291e-01  8.94213e-04  3.30146e-02  2.48505e-04
1298.312  3.57197e-01  3.49214e-02  2.41854e-04  7.38994e-03  3.29835e-02  7.36374e-03  3.56320e-01  8.76980e-04  3.27416e-02  2.41814e-04
1303.947  3.51283e-01  3.31544e-02  2.34807e-04  6.92819e-03  3.24340e-02  7.02622e-03  3.50416e-01  8.66438e-04  3.21991e-02  2.34903e-04
1309.568  3.49929e-01  3.16794e-02  2.30694e-04  6.52817e-03  3.23037e-02  6.75064e-03  3.49080e-01  8.48449e-04  3.20763e-02  2.27387e-04
1315.177  3.39717e-01  2.93143e-02  2.20788e-04  5.96332e-03  3.13566e-02  6.28324e-03  3.38841e-01  8.75575e-04  3.11355e-02  2.21178e-04
1320.772  3.41368e-01  2.75837e-02  2.18754e-04  5.47608e-03  3.15011e-02  5.96953e-03  3.40601e-01  7.67220e-04  3.12972e-02  2.03888e-04
1326.355  3.37034e-01  2.66702e-02  2.12891e-04  5.24839e-03  3.10993e-02  5.79276e-03  3.36282e-01  7.52521e-04  3.09004e-02  1.98906e-04
1331.926  3.28448e-01  2.24701e-02  2.04263e-04  4.16435e-03  3.02951e-02  4.96674e-03  3.27728e-01  7.20368e-04  3.01143e-02  1.80819e-04
1337.483  3.28792e-01  2.35093e-02  2.02658e-04  4.42484e-03  3.03289e-02  5.18328e-03  3.28086e-01  7.06366e-04  3.01472e-02  1.81691e-04
1343.029  3.26694e-01  2.27873e-02  1.98287e-04  4.21316e-03  3.01336e-02  5.05633e-03  3.26001e-01  6.92204e-04  2.99557e-02  1.77940e-04
1348.562  3.13565e-01  1.85536e-02  1.88028e-04  3.32640e-03  2.89060e-02  4.07136e-03  3.12928e-01  6.36679e-04  2.87544e-02  1.51616e-04
1354.082  2.94873e-01  1.49093e-02  1.74209e-04  2.73959e-03  2.71680e-02  3.13366e-03  2.94299e-01  5.73381e-04  2.70426e-02  1.25332e-04
1359.590  2.68740e-01  1.01927e-02  1.56749e-04  2.01035e-03  2.47468e-02  1.97446e-03  2.68242e-01  4.97709e-04  2.46483e-02  9.85583e-05
1365.086  2.66827e-01  1.00358e-02  1.53632e-04  1.98665e-03  2.45696e-02  1.93412e-03  2.66338e-01  4.88993e-04  2.44733e-02  9.62744e-05
1370.570  2.71176e-01  1.15172e-02  1.54149e-04  2.20663e-03  2.49743e-02  2.30156e-03  2.70672e-01  5.04881e-04  2.48716e-02  1.02807e-04
1376.042  2.84744e-01  1.45487e-02  1.59774e-04  2.66882e-03  2.62321e-02  3.05682e-03  2.84214e-01  5.30158e-04  2.61159e-02  1.16202e-04
1381.502  2.61294e-01  1.01093e-02  1.44784e-04  1.98419e-03  2.40596e-02  1.97048e-03  2.60836e-01  4.57332e-04  2.39677e-02  9.18380e-05
1386.950  2.75755e-01  1.31309e-02  1.50441e-04  2.44337e-03  2.53988e-02  2.71121e-03  2.75261e-01  4.94280e-04  2.52932e-02  1.05645e-04
1392.386  2.75338e-01  1.33824e-02  1.48570e-04  2.47458e-03  2.53603e-02  2.78124e-03  2.74849e-01  4.88468e-04  2.52554e-02  1.04875e-04
1397.810  2.75381e-01  1.37146e-02  1.46616e-04  2.51980e-03  2.53652e-02  2.87202e-03  2.74895e-01  4.86181e-04  2.52596e-02  1.05678e-04
1403.223  2.73461e-01  1.40471e-02  1.43660e-04  2.56005e-03  2.51896e-02  2.97608e-03  2.72977e-01  4.83595e-04  2.50834e-02  1.06174e-04
1408.624  2.75248e-01  1.45623e-02  1.42744e-04  2.63327e-03  2.53562e-02  3.12348e-03  2.74772e-01  4.76003e-04  2.52483e-02  1.07902e-04
1414.014  2.75905e-01  1.53993e-02  1.41163e-04  2.75452e-03  2.54207e-02  3.36400e-03  2.75425e-01  4.80042e-04  2.53083e-02  1.12415e-04
1419.392  2.76274e-01  1.56433e-02  1.39440e-04  2.78549e-03  2.54557e-02  3.44432e-03  2.75800e-01  4.74114e-04  2.53428e-02  1.12956e-04
1424.759  2.71723e-01  1.54883e-02  1.35977e-04  2.75022e-03  2.50371e-02  3.42905e-03  2.71262e-01  4.60726e-04  2.49258e-02  1.11307e-04
1430.115  2.65946e-01  1.50303e-02  1.30743e-04  2.66729e-03  2.45025e-02  3.33247e-03  2.65502e-01  4.44013e-04  2.43965e-02  1.05964e-04
1435.459  2.65030e-01  1.46216e-02  1.28528e-04  2.59447e-03  2.44156e-02  3.23982e-03  2.64595e-01  4.34628e-04  2.43132e-02  1.02464e-04
1440.792  2.60798e-01  1.44792e-02  1.24642e-04  2.56863e-03  2.40270e-02  3.22444e-03  2.60374e-01  4.24000e-04  2.39253e-02  1.01777e-04
1446.114  2.65239e-01  1.46406e-02  1.24654e-04  2.59603e-03  2.44370e-02  3.27110e-03  2.64811e-01  4.28117e-04  2.43330e-02  1.04049e-04
1451.426  2.63509e-01  1.44228e-02  1.22215e-04  2.56135e-03  2.42779e-02  3.23021e-03  2.63090e-01  4.18468e-04  2.41749e-02  1.02992e-04
1456.726  2.65336e-01  1.53790e-02  1.21504e-04  2.81353e-03  2.44503e-02  3.44311e-03  2.64910e-01  4.26043e-04  2.43421e-02  1.08149e-04
1462.016  2.62428e-01  1.43628e-02  1.18373e-04  2.58651e-03  2.41794e-02  3.22805e-03  2.62022e-01  4.06105e-04  2.40767e-02  1.02661e-04
1467.294  2.59182e-01  1.32203e-02  1.15162e-04  2.33522e-03  2.38766e-02  2.97920e-03  2.58787e-01  3.94281e-04  2.37795e-02  9.70211e-05
1472.562  2.54902e-01  1.30864e-02  1.11529e-04  2.33765e-03  2.34830e-02  2.95200e-03  2.54524e-01  3.77904e-04  2.33877e-02  9.52236e-05
1477.820  2.55318e-01  1.31434e-02  1.10084e-04  2.37441e-03  2.35214e-02  2.96601e-03  2.54941e-01  3.77164e-04  2.34260e-02  9.54227e-05
1483.067  2.54230e-01  1.31372e-02  1.07987e-04  2.40723e-03  2.34210e-02  2.95713e-03  2.53854e-01  3.75952e-04  2.33262e-02  9.47699e-05
1488.304  2.45894e-01  1.35651e-02  1.03010e-04  2.59831e-03  2.26545e-02  3.01475e-03  2.45533e-01  3.60984e-04  2.25616e-02  9.29154e-05
1493.530  2.56094e-01  1.57582e-02  1.05913e-04  3.19550e-03  2.35967e-02  3.43156e-03  2.55717e-01  3.76796e-04  2.34973e-02  9.94272e-05
1498.746  2.54357e-01  1.71426e-02  1.03749e-04  3.58981e-03  2.34390e-02  3.67866e-03  2.53978e-01  3.79413e-04  2.33375e-02  1.01441e-04
1503.952  2.38067e-01  1.63196e-02  9.56943e-05  3.41221e-03  2.19378e-02  3.50124e-03  2.37720e-01  3.46619e-04  2.18437e-02  9.41032e-05
1509.148  2.49596e-01  1.83284e-02  9.89947e-05  3.92670e-03  2.30012e-02  3.88692e-03  2.49246e-01  3.50435e-04  2.29027e-02  9.84150e-05
1514.333  2.47354e-01  1.88514e-02  9.66759e-05  4.09313e-03  2.27946e-02  3.97174e-03  2.47009e-01  3.44127e-04  2.26972e-02  9.73757e-05
1519.509  2.46745e-01  1.92019e-02  9.49659e-05  4.15708e-03  2.27390e-02  4.05491e-03  2.46406e-01  3.39474e-04  2.26418e-02  9.72305e-05
1524.675  2.44627e-01  1.98132e-02  9.28394e-05  4.36038e-03  2.25432e-02  4.14760e-03  2.44285e-01  3.41681e-04  2.24469e-02  9.63114e-05
1529.831  2.40508e-01  1.95128e-02  8.98867e-05  4.26054e-03  2.21624e-02  4.09620e-03  2.40185e-01  3.22768e-04  2.20701e-02  9.22554e-05
1534.978  2.40506e-01  1.93449e-02  8.85138e-05  4.15345e-03  2.21607e-02  4.09069e-03  2.40186e-01  3.20264e-04  2.20703e-02  9.03678e-05
1540.114  2.36567e-01  1.96098e-02  8.62679e-05  4.25311e-03  2.17980e-02  4.12544e-03  2.36253e-01  3.13329e-04  2.17089e-02  8.91426e-05
1545.242  2.39332e-01  2.01146e-02  8.63333e-05  4.35616e-03  2.20540e-02  4.23688e-03  2.39014e-01  3.17247e-04  2.19626e-02  9.14360e-05
1550.360  2.35053e-01  2.00872e-02  8.44527e-05  4.36132e-03  2.16605e-02  4.22630e-03  2.34747e-01  3.05841e-04  2.15705e-02  8.99684e-05
1555.468  2.30406e-01  1.96610e-02  8.21245e-05  4.23528e-03  2.12317e-02  4.15189e-03  2.30107e-01  2.98986e-04  2.11441e-02  8.76544e-05
1560.567  2.31961e-01  2.03046e-02  8.20641e-05  4.42882e-03  2.13750e-02  4.25898e-03  2.31667e-01  2.94273e-04  2.12875e-02  8.74823e-05
1565.657  2.27303e-01  1.96443e-02  7.98117e-05  4.26212e-03  2.09429e-02  4.12600e-03  2.27013e-01  2.90646e-04  2.08598e-02  8.31222e-05
1570.738  2.23446e-01  1.91102e-02  7.76726e-05  4.17941e-03  2.05826e-02  3.97900e-03  2.23166e-01  2.79685e-04  2.05063e-02  7.62693e-05
1575.809  2.13054e-01  1.85587e-02  7.36137e-05  4.07506e-03  1.96255e-02  3.85670e-03  2.12788e-01  2.65080e-04  1.95528e-02  7.27461e-05
1580.872  2.20271e-01  1.90377e-02  7.55117e-05  4.10924e-03  2.02913e-02  3.99610e-03  2.19997e-01  2.73476e-04  2.02152e-02  7.61236e-05
1585.926  2.18174e-01  1.93333e-02  7.42595e-05  4.17388e-03  2.01010e-02  4.06821e-03  2.17905e-01  2.68327e-04  2.00229e-02  7.80975e-05
1590.971  2.10212e-01  1.89164e-02  7.10829e-05  4.09794e-03  1.93681e-02  3.97633e-03  2.09959e-01  2.52936e-04  1.92928e-02  7.53357e-05
1596.007  2.15413e-01  1.94200e-02  7.21624e-05  4.22344e-03  1.98453e-02  4.06660e-03  2.15148e-01  2.65691e-04  1.97695e-02  7.58618e-05
1601.035  2.11613e-01  1.89305e-02  7.03687e-05  4.13977e-03  1.94913e-02  3.93493e-03  2.11359e-01  2.53921e-04  1.94214e-02  6.98723e-05
1606.054  2.10418e-01  1.93483e-02  6.93307e-05  4.28448e-03  1.93812e-02  3.99547e-03  2.10167e-01  2.51134e-04  1.93118e-02  6.93700e-05
1611.064  2.05036e-01  1.86999e-02  6.70704e-05  4.09570e-03  1.88859e-02  3.88614e-03  2.04793e-01  2.43726e-04  1.88180e-02  6.78144e-05
1616.066  2.05237e-01  1.87604e-02  6.66896e-05  4.06418e-03  1.89060e-02  3.92822e-03  2.04993e-01  2.43767e-04  1.88364e-02  6.96194e-05
1621.060  2.05208e-01  1.93103e-02  6.61831e-05  4.21843e-03  1.89047e-02  4.02940e-03  2.04964e-01  2.43294e-04  1.88338e-02  7.09197e-05
1626.045  2.08802e-01  1.98985e-02  6.68422e-05  4.36236e-03  1.92361e-02  4.14527e-03  2.08555e-01  2.46281e-04  1.91638e-02  7.23817e-05
1631.023  2.06988e-01  1.97203e-02  6.57594e-05  4.33532e-03  1.90686e-02  4.10391e-03  2.06746e-01  2.42096e-04  1.89975e-02  7.10366e-05
1635.992  2.01491e-01  1.86514e-02  6.33904e-05  4.03690e-03  1.85609e-02  3.91108e-03  2.01258e-01  2.32889e-04  1.84933e-02  6.76595e-05
1640.954  1.93472e-01  1.74975e-02  6.03472e-05  3.74532e-03  1.78206e-02  3.68632e-03  1.93252e-01  2.19759e-04  1.77575e-02  6.30014e-05
1645.907  1.96675e-01  1.83972e-02  6.09247e-05  4.02946e-03  1.81155e-02  3.83223e-03  1.96451e-01  2.23465e-04  1.80516e-02  6.39469e-05
1650.852  1.96305e-01  1.83991e-02  6.03092e-05  4.03394e-03  1.80813e-02  3.83228e-03  1.96083e-01  2.21878e-04  1.80177e-02  6.35849e-05
1655.790  1.96360e-01  1.84906e-02  5.98350e-05  4.05156e-03  1.80867e-02  3.85537e-03  1.96141e-01  2.18737e-04  1.80230e-02  6.37186e-05
1660.720  1.95759e-01  1.83839e-02  5.91883e-05  4.01252e-03  1.80315e-02  3.84127e-03  1.95535e-01  2.24012e-04  1.79674e-02  6.41729e-05
1665.643  1.91558e-01  1.74977e-02  5.73527e-05  3.74684e-03  1.76435e-02  3.68880e-03  1.91346e-01  2.11953e-04  1.75824e-02  6.11541e-05
1670.558  1.89834e-01  1.79078e-02  5.60219e-05  3.89339e-03  1.74900e-02  3.74875e-03  1.89588e-01  2.46360e-04  1.74209e-02  6.90829e-05
1675.466  1.86190e-01  1.81821e-02  5.49836e-05  4.03846e-03  1.71498e-02  3.76371e-03  1.85990e-01  2.00561e-04  1.70902e-02  5.95404e-05
1680.366  1.77193e-01  1.74024e-02  5.19084e-05  3.86557e-03  1.63210e-02  3.60090e-03  1.77007e-01  1.85858e-04  1.62649e-02  5.60988e-05
1685.259  1.82878e-01  1.78534e-02  5.31055e-05  3.95141e-03  1.68441e-02  3.70143e-03  1.82684e-01  1.93866e-04  1.67865e-02  5.75814e-05
1690.145  1.82453e-01  1.74608e-02  5.26098e-05  3.83113e-03  1.68045e-02  3.63794e-03  1.82259e-01  1.93841e-04  1.67474e-02  5.70662e-05
1695.024  1.82753e-01  1.75389e-02  5.22357e-05  3.85970e-03  1.68318e-02  3.64959e-03  1.82565e-01  1.88155e-04  1.67756e-02  5.62167e-05
1699.896  1.79677e-01  1.68169e-02  5.08759e-05  3.64453e-03  1.65484e-02  3.52857e-03  1.79494e-01  1.83785e-04  1.64934e-02  5.50048e-05
1704.761  1.77852e-01  1.65791e-02  4.99735e-05  3.59092e-03  1.63799e-02  3.48050e-03  1.77667e-01  1.85358e-04  1.63255e-02  5.44156e-05
1709.619  1.73542e-01  1.63310e-02  4.83424e-05  3.56377e-03  1.59826e-02  3.41562e-03  1.73367e-01  1.75388e-04  1.59304e-02  5.22110e-05
1714.471  1.75817e-01  1.62153e-02  4.85255e-05  3.49177e-03  1.61917e-02  3.41461e-03  1.75639e-01  1.78758e-04  1.61391e-02  5.26143e-05
1719.315  1.72500e-01  1.57432e-02  4.72424e-05  3.37392e-03  1.58857e-02  3.32317e-03  1.72333e-01  1.66978e-04  1.58354e-02  5.03078e-05
1724.153  1.68265e-01  1.60713e-02  4.54047e-05  3.57354e-03  1.54962e-02  3.32879e-03  1.68031e-01  2.33958e-04  1.54401e-02  5.60738e-05
1728.985  1.68427e-01  1.69443e-02  4.54520e-05  3.87930e-03  1.55103e-02  3.45627e-03  1.68254e-01  1.73017e-04  1.54606e-02  4.97146e-05
1733.811  1.59549e-01  1.51744e-02  4.26355e-05  3.37701e-03  1.46921e-02  3.14116e-03  1.59390e-01  1.59132e-04  1.46460e-02  4.61172e-05
1738.630  1.59442e-01  1.46933e-02  4.21918e-05  3.21982e-03  1.46817e-02  3.06424e-03  1.59288e-01  1.53855e-04  1.46367e-02  4.49356e-05
1743.442  1.62622e-01  1.42895e-02  4.25132e-05  3.04151e-03  1.49738e-02  3.02171e-03  1.62467e-01  1.54918e-04  1.49288e-02  4.49712e-05
1748.249  1.60995e-01  1.40927e-02  4.18202e-05  2.99586e-03  1.48237e-02  2.98215e-03  1.60838e-01  1.56205e-04  1.47791e-02  4.45629e-05
1753.050  1.60417e-01  1.37816e-02  4.12868e-05  2.89765e-03  1.47700e-02  2.93194e-03  1.60265e-01  1.51716e-04  1.47264e-02  4.35727e-05
1757.844  1.60038e-01  1.37005e-02  4.09099e-05  2.88349e-03  1.47349e-02  2.91446e-03  1.59889e-01  1.49259e-04  1.46919e-02  4.29646e-05
1762.633  1.56129e-01  1.33614e-02  3.94793e-05  2.84736e-03  1.43744e-02  2.82439e-03  1.55984e-01  1.45212e-04  1.43331e-02  4.12672e-05
1767.416  1.56651e-01  1.24333e-02  3.91883e-05  2.52846e-03  1.44216e-02  2.68373e-03  1.56507e-01  1.44752e-04  1.43811e-02  4.05440e-05
1772.193  1.55344e-01  1.19882e-02  3.84872e-05  2.40562e-03  1.43008e-02  2.60307e-03  1.55201e-01  1.43207e-04  1.42611e-02  3.97111e-05
1776.965  1.51470e-01  1.09012e-02  3.71518e-05  2.12173e-03  1.39429e-02  2.39448e-03  1.51337e-01  1.33490e-04  1.39061e-02  3.68879e-05
1781.731  1.50685e-01  1.04390e-02  3.65913e-05  1.99292e-03  1.38701e-02  2.30853e-03  1.50552e-01  1.32282e-04  1.38340e-02  3.61120e-05
1786.492  1.50244e-01  1.02150e-02  3.61467e-05  1.92890e-03  1.38294e-02  2.26996e-03  1.50114e-01  1.31053e-04  1.37937e-02  3.57121e-05
1791.247  1.48370e-01  9.58089e-03  3.53231e-05  1.75868e-03  1.36558e-02  2.14651e-03  1.48242e-01  1.27037e-04  1.36217e-02  3.40590e-05
1795.997  1.45645e-01  8.78109e-03  3.43566e-05  1.55635e-03  1.34038e-02  1.98002e-03  1.45521e-01  1.23049e-04  1.33717e-02  3.20672e-05
1800.742  1.42294e-01  8.05636e-03  3.32040e-05  1.39591e-03  1.30943e-02  1.81526e-03  1.42174e-01  1.19289e-04  1.30642e-02  3.00974e-05
1805.481  1.41026e-01  7.76470e-03  3.24145e-05  1.33989e-03  1.29770e-02  1.74301e-03  1.40902e-01  1.23812e-04  1.29472e-02  2.97129e-05
1810.216  1.38215e-01  7.32268e-03  3.15760e-05  1.26773e-03  1.27171e-02  1.62986e-03  1.38106e-01  1.08880e-04  1.26904e-02  2.67136e-05
1814.946  1.31947e-01  6.70453e-03  2.99302e-05  1.16729e-03  1.21397e-02  1.47621e-03  1.31842e-01  1.04812e-04  1.21148e-02  2.49207e-05
1819.671  1.25980e-01  6.15965e-03  2.83186e-05  1.07852e-03  1.15899e-02  1.34135e-03  1.25881e-01  9.87115e-05  1.15670e-02  2.28781e-05
1824.391  1.28600e-01  6.08910e-03  2.86722e-05  1.07313e-03  1.18301e-02  1.31078e-03  1.28503e-01  9.66614e-05  1.18079e-02  2.22177e-05
1829.106  1.23749e-01  5.26046e-03  2.73557e-05  9.49356e-04  1.13824e-02  1.09561e-03  1.23660e-01  8.91164e-05  1.13630e-02  1.94799e-05
1833.817  1.17467e-01  4.27460e-03  2.57563e-05  8.02831e-04  1.08036e-02  8.52731e-04  1.17383e-01  8.41259e-05  1.07861e-02  1.74795e-05
1838.524  1.12916e-01  3.66090e-03  2.45170e-05  7.08471e-04  1.03844e-02  7.08128e-04  1.12837e-01  7.87974e-05  1.03684e-02  1.59929e-05
1843.226  1.14972e-01  4.20563e-03  2.47121e-05  7.88240e-04  1.05740e-02  8.38715e-04  1.14890e-01  8.20990e-05  1.05570e-02  1.70231e-05
1847.924  1.12612e-01  3.98400e-03  2.39871e-05  7.52276e-04  1.03567e-02  7.87853e-04  1.12534e-01  7.89252e-05  1.03405e-02  1.62336e-05
1852.617  1.12746e-01  3.91172e-03  2.38045e-05  7.41391e-04  1.03689e-02  7.70754e-04  1.12668e-01  7.75397e-05  1.03528e-02  1.60423e-05
1857.307  1.12613e-01  4.05115e-03  2.35281e-05  7.59555e-04  1.03568e-02  8.07249e-04  1.12534e-01  7.86638e-05  1.03405e-02  1.62511e-05
1861.992  1.14733e-01  4.66107e-03  2.37208e-05  8.45414e-04  1.05523e-02  9.60000e-04  1.14653e-01  7.90975e-05  1.05353e-02  1.70401e-05
1866.673  1.09455e-01  3.99351e-03  2.24537e-05  7.42655e-04  1.00662e-02  8.01747e-04  1.09381e-01  7.34379e-05  1.00508e-02  1.53599e-05
1871.351  9.89006e-02  2.61004e-03  2.01183e-05  5.24252e-04  9.09422e-03  4.84001e-04  9.88357e-02  6.48336e-05  9.08184e-03  1.23731e-05
1876.025  9.53937e-02  3.23617e-03  1.92580e-05  6.08255e-04  8.77272e-03  6.42688e-04  9.53306e-02  6.30581e-05  8.75976e-03  1.29634e-05
1880.695  1.11376e-01  4.62025e-03  2.21743e-05  8.22175e-04  1.02436e-02  9.70986e-04  1.11300e-01  7.54081e-05  1.02272e-02  1.64276e-05
1885.361  1.11866e-01  4.75885e-03  2.20209e-05  8.38657e-04  1.02890e-02  1.01338e-03  1.11790e-01  7.56282e-05  1.02722e-02  1.67983e-05
1890.024  1.10197e-01  4.54146e-03  2.14868e-05  8.02687e-04  1.01353e-02  9.63198e-04  1.10124e-01  7.29109e-05  1.01191e-02  1.61928e-05
1894.684  1.06699e-01  4.16554e-03  2.05914e-05  7.41746e-04  9.81310e-03  8.74640e-04  1.06628e-01  7.02726e-05  9.79788e-03  1.52213e-05
1899.340  1.03643e-01  3.52883e-03  1.98176e-05  6.47207e-04  9.53137e-03  7.17778e-04  1.03578e-01  6.51082e-05  9.51762e-03  1.37447e-05
1903.993  1.03480e-01  3.40163e-03  1.95845e-05  6.24127e-04  9.51622e-03  6.90925e-04  1.03417e-01  6.29249e-05  9.50281e-03  1.34137e-05
1908.643  1.05339e-01  3.66500e-03  1.97381e-05  6.55622e-04  9.68742e-03  7.63123e-04  1.05275e-01  6.42716e-05  9.67351e-03  1.39038e-05
1913.290  1.05683e-01  3.73098e-03  1.95711e-05  6.57181e-04  9.71926e-03  7.89428e-04  1.05617e-01  6.60932e-05  9.70494e-03  1.43268e-05
1917.934  1.07411e-01  3.97854e-03  1.97029e-05  6.85178e-04  9.87888e-03  8.65312e-04  1.07344e-01  6.65259e-05  9.86370e-03  1.51865e-05
1922.575  1.08271e-01  4.05226e-03  1.96167e-05  6.89726e-04  9.95811e-03  8.95982e-04  1.08205e-01  6.57651e-05  9.94274e-03  1.53544e-05
1927.213  1.07075e-01  3.94276e-03  1.92743e-05  6.66723e-04  9.84819e-03  8.79997e-04  1.07011e-01  6.47840e-05  9.83300e-03  1.51904e-05
1931.849  1.06102e-01  3.88598e-03  1.88273e-05  6.51468e-04  9.75900e-03  8.78193e-04  1.06035e-01  6.61662e-05  9.74340e-03  1.56093e-05
1936.481  1.07254e-01  3.88328e-03  1.88538e-05  6.45511e-04  9.86501e-03  8.87407e-04  1.07188e-01  6.57093e-05  9.84931e-03  1.57013e-05
1941.112  1.04058e-01  3.71576e-03  1.80885e-05  6.13759e-04  9.57101e-03  8.56404e-04  1.03994e-01  6.32359e-05  9.55586e-03  1.51462e-05
1945.740  9.48476e-02  3.35841e-03  1.63261e-05  5.54319e-04  8.72364e-03  7.78244e-04  9.47909e-02  5.67052e-05  8.71016e-03  1.34765e-05
1950.366  9.68365e-02  3.36455e-03  1.65016e-05  5.59649e-04  8.90605e-03  7.78461e-04  9.67796e-02  5.68957e-05  8.89289e-03  1.31518e-05
1954.989  9.62994e-02  3.22939e-03  1.62334e-05  5.40875e-04  8.85614e-03  7.42261e-04  9.62438e-02  5.56116e-05  8.84367e-03  1.24742e-05
1959.610  9.68079e-02  3.26211e-03  1.61598e-05  5.55364e-04  8.90306e-03  7.52765e-04  9.67526e-02  5.53083e-05  8.89042e-03  1.26426e-05
1964.229  9.61913e-02  3.48417e-03  1.58851e-05  6.32241e-04  8.84667e-03  7.95218e-04  9.61360e-02  5.53908e-05  8.83376e-03  1.29133e-05
1968.847  1.00047e-01  3.93077e-03  1.63038e-05  7.54126e-04  9.20178e-03  8.84331e-04  9.99891e-02  5.78166e-05  9.18781e-03  1.39752e-05
1973.462  1.00384e-01  4.16539e-03  1.62108e-05  8.21367e-04  9.23344e-03  9.30234e-04  1.00326e-01  5.84133e-05  9.21873e-03  1.47095e-05
1978.076  1.01443e-01  4.41457e-03  1.61788e-05  8.93278e-04  9.33132e-03  9.77405e-04  1.01385e-01  5.84526e-05  9.31605e-03  1.52809e-05
1982.688  1.02601e-01  4.66900e-03  1.61950e-05  9.67604e-04  9.43807e-03  1.02385e-03  1.02542e-01  5.91504e-05  9.42234e-03  1.57333e-05
1987.298  1.01484e-01  4.71276e-03  1.58526e-05  9.87721e-04  9.33527e-03  1.02774e-03  1.01425e-01  5.78775e-05  9.31981e-03  1.54617e-05
1991.907  1.00090e-01  4.62523e-03  1.54606e-05  9.73793e-04  9.20674e-03  1.00482e-03  1.00035e-01  5.59301e-05  9.19198e-03  1.47649e-05
