   630.512         4.187000e-02         1.577787e-06         4.171760e-02         2.945209e-02        -8.375893e-06        -9.294320e-07        -7.905388e-07
   631.338         4.204620e-02         1.591095e-06         4.159317e-02         2.932311e-02        -8.338424e-06        -9.457706e-07        -9.168111e-07
   632.164         4.101850e-02         1.514266e-06         4.156647e-02         2.926884e-02        -8.251263e-06        -9.931775e-07        -1.105060e-06
   632.991         4.269300e-02         1.640423e-06         4.167705e-02         2.929682e-02        -8.201699e-06        -1.054551e-06        -1.231134e-06
   633.817         4.196570e-02         1.585008e-06         4.180012e-02         2.932547e-02        -8.280045e-06        -1.094347e-06        -1.093141e-06
   634.643         4.208100e-02         1.593730e-06         4.183111e-02         2.929787e-02        -8.449867e-06        -1.104309e-06        -6.775556e-07
   635.470         4.143200e-02         1.544950e-06         4.182970e-02         2.926042e-02        -8.534803e-06        -1.117699e-06        -3.222380e-07
   636.296         4.211390e-02         1.596223e-06         4.192673e-02         2.930095e-02        -8.403590e-06        -1.160618e-06        -3.988979e-07
   637.122         4.287750e-02         1.654632e-06         4.213013e-02         2.942429e-02        -8.131909e-06        -1.218986e-06        -8.823274e-07
   637.948         4.154950e-02         1.553725e-06         4.227678e-02         2.951638e-02        -7.913694e-06        -1.264571e-06        -1.412126e-06
   638.775         4.113790e-02         1.523094e-06         4.222230e-02         2.946887e-02        -7.842024e-06        -1.291566e-06        -1.690696e-06
   639.601         4.125260e-02         1.531599e-06         4.201079e-02         2.930563e-02        -7.835348e-06        -1.323605e-06        -1.726443e-06
   640.427         4.163460e-02         1.560096e-06         4.179670e-02         2.914312e-02        -7.781625e-06        -1.380337e-06        -1.736605e-06
   641.253         4.107280e-02         1.518277e-06         4.166929e-02         2.906196e-02        -7.687497e-06        -1.440113e-06        -1.858922e-06
   642.079         4.173620e-02         1.567719e-06         4.160740e-02         2.905864e-02        -7.659941e-06        -1.466707e-06        -2.019053e-06
   642.905         4.230810e-02         1.610978e-06         4.153354e-02         2.908336e-02        -7.758129e-06        -1.460144e-06        -2.075676e-06
   643.732         4.123070e-02         1.529974e-06         4.135259e-02         2.908086e-02        -7.889316e-06        -1.448569e-06        -2.013331e-06
   644.558         4.121920e-02         1.529120e-06         4.098972e-02         2.902124e-02        -7.905824e-06        -1.451203e-06        -1.927260e-06
   645.384         3.981530e-02         1.426732e-06         4.045984e-02         2.892747e-02        -7.778356e-06        -1.467283e-06        -1.880310e-06
   646.210         4.043470e-02         1.471468e-06         3.990769e-02         2.886623e-02        -7.583189e-06        -1.488683e-06        -1.915264e-06
   647.036         3.952760e-02         1.406188e-06         3.949903e-02         2.886767e-02        -7.366894e-06        -1.517117e-06        -2.100559e-06
   647.862         3.940130e-02         1.397216e-06         3.926619e-02         2.886142e-02        -7.133417e-06        -1.561040e-06        -2.399560e-06
   648.688         3.981820e-02         1.426940e-06         3.913312e-02         2.875711e-02        -6.925513e-06        -1.610256e-06        -2.613307e-06
   649.514         3.987090e-02         1.430720e-06         3.907829e-02         2.859858e-02        -6.827095e-06        -1.631755e-06        -2.570172e-06
   650.340         3.936980e-02         1.394983e-06         3.916034e-02         2.854342e-02        -6.869972e-06        -1.607246e-06        -2.333463e-06
   651.166         3.977050e-02         1.423523e-06         3.936044e-02         2.864349e-02        -6.969940e-06        -1.561031e-06        -2.157206e-06
   651.992         4.003560e-02         1.442564e-06         3.953522e-02         2.876626e-02        -7.020032e-06        -1.531254e-06        -2.198666e-06
   652.818         3.983770e-02         1.428338e-06         3.949494e-02         2.873337e-02        -7.004996e-06        -1.523744e-06        -2.342235e-06
   653.644         3.913210e-02         1.378189e-06         3.902642e-02         2.840315e-02        -6.961546e-06        -1.507471e-06        -2.347333e-06
   654.470         3.825060e-02         1.316798e-06         3.802586e-02         2.771469e-02        -6.927290e-06        -1.450414e-06        -2.083765e-06
   655.296         3.705190e-02         1.235559e-06         3.679513e-02         2.685264e-02        -6.977290e-06        -1.359520e-06        -1.622920e-06
   656.122         3.667280e-02         1.210405e-06         3.603818e-02         2.628253e-02        -7.207336e-06        -1.280304e-06        -1.189006e-06
   656.948         3.680750e-02         1.219313e-06         3.626651e-02         2.636691e-02        -7.607810e-06        -1.250973e-06        -1.029635e-06
   657.774         3.776390e-02         1.283501e-06         3.726215e-02         2.697360e-02        -8.031330e-06        -1.267197e-06        -1.232441e-06
   658.599         3.888090e-02         1.360552e-06         3.836491e-02         2.765539e-02        -8.374304e-06        -1.295532e-06        -1.590116e-06
   659.425         3.969360e-02         1.418024e-06         3.916040e-02         2.812576e-02        -8.702953e-06        -1.308910e-06        -1.732234e-06
   660.251         4.019940e-02         1.454393e-06         3.964550e-02         2.838352e-02        -9.102783e-06        -1.301554e-06        -1.457604e-06
   661.077         4.000580e-02         1.440418e-06         3.993531e-02         2.851930e-02        -9.498349e-06        -1.280187e-06        -9.257672e-07
   661.903         4.059310e-02         1.483020e-06         4.005569e-02         2.856603e-02        -9.716826e-06        -1.252532e-06        -5.253880e-07
   662.728         4.034070e-02         1.464635e-06         4.000207e-02         2.852224e-02        -9.708745e-06        -1.228919e-06        -5.065897e-07
   663.554         4.024010e-02         1.457339e-06         3.985087e-02         2.842517e-02        -9.602257e-06        -1.229542e-06        -7.935113e-07
   664.380         4.025520e-02         1.458433e-06         3.972551e-02         2.834190e-02        -9.507345e-06        -1.273284e-06        -1.228539e-06
   665.206         4.001320e-02         1.440951e-06         3.967283e-02         2.829752e-02        -9.369106e-06        -1.355406e-06        -1.779144e-06
   666.031         4.011220e-02         1.448090e-06         3.964687e-02         2.826416e-02        -9.011412e-06        -1.458648e-06        -2.475043e-06
   666.857         4.005820e-02         1.444193e-06         3.961989e-02         2.822828e-02        -8.215184e-06        -1.580069e-06        -3.255638e-06
   667.683         4.002400e-02         1.441729e-06         3.961962e-02         2.821320e-02        -6.831231e-06        -1.706549e-06        -3.686866e-06
   668.508         4.005550e-02         1.443999e-06         3.963283e-02         2.821730e-02        -5.170145e-06        -1.774216e-06        -3.054473e-06
   669.334         4.000920e-02         1.440662e-06         3.958062e-02         2.819194e-02        -4.142889e-06        -1.733482e-06        -1.416846e-06
  1182.792         8.464070e-03         6.447643e-08         8.567261e-03         8.803244e-03         1.497522e-06        -2.326221e-06        -3.049195e-06
  1188.701         8.678660e-03         6.778723e-08         8.483219e-03         8.716084e-03         1.651990e-06        -2.582502e-06        -3.506154e-06
  1194.595         8.841430e-03         7.035380e-08         8.721158e-03         8.809289e-03         1.401388e-06        -2.612581e-06        -3.445018e-06
  1200.475         8.284290e-03         6.176651e-08         8.374642e-03         8.544682e-03         1.081281e-06        -2.503738e-06        -3.234349e-06
  1206.341         8.401350e-03         6.352441e-08         8.668989e-03         8.510990e-03         1.446032e-06        -2.930853e-06        -3.954224e-06
  1212.193         8.366580e-03         6.299969e-08         8.539790e-03         8.398848e-03         1.642742e-06        -3.146977e-06        -4.174653e-06
  1218.030         8.930900e-03         7.178488e-08         8.924111e-03         8.344318e-03         1.500829e-06        -3.149800e-06        -4.073703e-06
  1223.854         9.105060e-03         7.461191e-08         8.959828e-03         8.230740e-03         1.397717e-06        -3.170029e-06        -4.193161e-06
  1229.663         9.579670e-03         8.259307e-08         9.186693e-03         8.124747e-03         1.296830e-06        -3.313449e-06        -4.438858e-06
  1235.458         9.017760e-03         7.318800e-08         9.274463e-03         8.028507e-03         1.061832e-06        -3.331743e-06        -4.360383e-06
  1241.240         9.865920e-03         8.760274e-08         9.277607e-03         7.895432e-03         7.649897e-07        -3.350029e-06        -4.446950e-06
  1247.008         9.522260e-03         8.160609e-08         9.196649e-03         7.774006e-03         8.653761e-07        -3.393596e-06        -4.527313e-06
  1252.762         9.019140e-03         7.321040e-08         8.814430e-03         7.654322e-03         1.047414e-06        -3.343100e-06        -4.483989e-06
  1258.503         8.235290e-03         6.103800e-08         8.239902e-03         7.541909e-03         1.371135e-06        -3.164761e-06        -4.601150e-06
  1264.230         7.368480e-03         4.886505e-08         7.566502e-03         7.319187e-03         1.239748e-06        -3.112332e-06        -4.098681e-06
  1269.944         7.451700e-03         4.997505e-08         7.520594e-03         7.211661e-03         1.005033e-06        -3.235261e-06        -4.284272e-06
  1275.644         7.963190e-03         5.707116e-08         7.847562e-03         7.287567e-03         1.239426e-06        -3.273325e-06        -4.343873e-06
  1281.331         7.779030e-03         5.446198e-08         7.546260e-03         6.815032e-03         1.377836e-06        -3.002356e-06        -3.978542e-06
  1287.004         8.174020e-03         6.013314e-08         7.970452e-03         7.129349e-03         1.438979e-06        -3.005474e-06        -4.047119e-06
  1292.665         7.590510e-03         5.185426e-08         7.658162e-03         7.141831e-03         2.082990e-06        -2.979153e-06        -3.909205e-06
  1298.312         7.522680e-03         5.093164e-08         7.208356e-03         7.132178e-03         3.163274e-06        -3.111120e-06        -4.031886e-06
  1503.952         2.985020e-03         8.019310e-09         3.039245e-03         2.411752e-03        -1.901312e-05        -1.680243e-05        -2.222609e-05
  1509.148         3.458950e-03         1.076790e-08         3.524063e-03         2.470147e-03        -2.027933e-05        -1.835092e-05        -2.423638e-05
  1514.333         3.681050e-03         1.219512e-08         3.690610e-03         2.422108e-03        -2.002210e-05        -1.846919e-05        -2.453811e-05
  1519.509         3.698960e-03         1.231407e-08         3.754353e-03         2.453467e-03        -1.979123e-05        -1.847237e-05        -2.440110e-05
  1524.675         3.829070e-03         1.319560e-08         3.958926e-03         2.393955e-03        -1.964935e-05        -1.855254e-05        -2.451468e-05
  1529.831         3.832430e-03         1.321877e-08         3.870258e-03         2.419535e-03        -1.884006e-05        -1.802334e-05        -2.380288e-05
  1534.978         3.708860e-03         1.238008e-08         3.768505e-03         2.531569e-03        -1.803683e-05        -1.770607e-05        -2.340505e-05
  1540.114         3.805190e-03         1.303152e-08         3.874075e-03         2.496789e-03        -1.742187e-05        -1.751175e-05        -2.313422e-05
  1545.242         3.929740e-03         1.389857e-08         3.976583e-03         2.580652e-03        -1.700147e-05        -1.755535e-05        -2.321930e-05
  1550.360         3.951700e-03         1.405434e-08         3.992267e-03         2.572885e-03        -1.622662e-05        -1.709284e-05        -2.258701e-05
  1555.468         3.785460e-03         1.289674e-08         3.878369e-03         2.598785e-03        -1.546576e-05        -1.642590e-05        -2.174155e-05
  1560.567         4.001320e-03         1.440951e-08         4.071535e-03         2.616229e-03        -1.532102e-05        -1.646323e-05        -2.171155e-05
  1565.657         3.889620e-03         1.361623e-08         3.922622e-03         2.646850e-03        -1.420732e-05        -1.557856e-05        -2.063089e-05
  1570.738         3.803820e-03         1.302214e-08         3.857769e-03         2.625656e-03        -1.267070e-05        -1.482114e-05        -1.978639e-05
  1575.809         3.687460e-03         1.223763e-08         3.772368e-03         2.539615e-03        -1.162241e-05        -1.392190e-05        -1.846216e-05
  1580.872         3.749080e-03         1.265004e-08         3.802711e-03         2.741060e-03        -1.132710e-05        -1.394753e-05        -1.844634e-05
  1585.926         3.872470e-03         1.349642e-08         3.872356e-03         2.761184e-03        -1.083778e-05        -1.370217e-05        -1.815203e-05
  1590.971         3.753770e-03         1.268171e-08         3.810807e-03         2.693182e-03        -9.860009e-06        -1.303212e-05        -1.733988e-05
  1596.007         3.893170e-03         1.364110e-08         3.931723e-03         2.789619e-03        -8.935471e-06        -1.321691e-05        -1.747167e-05
  1601.035         3.814520e-03         1.309551e-08         3.858257e-03         2.756285e-03        -7.716553e-06        -1.272377e-05        -1.688041e-05
  1606.054         4.009360e-03         1.446747e-08         4.005957e-03         2.726128e-03        -7.538769e-06        -1.259879e-05        -1.671544e-05
  1611.064         3.771790e-03         1.280376e-08         3.828424e-03         2.721887e-03        -6.963748e-06        -1.198707e-05        -1.588634e-05
  1616.066         3.781100e-03         1.286705e-08         3.798198e-03         2.787062e-03        -6.717415e-06        -1.186360e-05        -1.569244e-05
  1621.060         3.926240e-03         1.387382e-08         3.951930e-03         2.779990e-03        -6.720566e-06        -1.192120e-05        -1.578458e-05
  1626.045         4.010030e-03         1.447231e-08         4.091759e-03         2.831860e-03        -6.750679e-06        -1.209477e-05        -1.600981e-05
  1631.023         4.022570e-03         1.456296e-08         4.070032e-03         2.811488e-03        -6.493925e-06        -1.182265e-05        -1.567084e-05
  1635.992         3.798030e-03         1.298253e-08         3.784390e-03         2.799759e-03        -5.922896e-06        -1.112508e-05        -1.474856e-05
  1640.954         3.543920e-03         1.130343e-08         3.507497e-03         2.733633e-03        -5.326009e-06        -1.038152e-05        -1.376032e-05
  1645.907         3.800050e-03         1.299634e-08         3.786057e-03         2.730343e-03        -5.374780e-06        -1.070138e-05        -1.416318e-05
  1650.852         3.797610e-03         1.297966e-08         3.792057e-03         2.743518e-03        -5.081470e-06        -1.061919e-05        -1.406659e-05
  1655.790         3.866390e-03         1.345407e-08         3.812697e-03         2.763708e-03        -4.847720e-06        -1.046402e-05        -1.385647e-05
  1660.720         3.764500e-03         1.275431e-08         3.778232e-03         2.784330e-03        -4.538384e-06        -1.021940e-05        -1.355553e-05
  1665.643         3.458300e-03         1.076386e-08         3.522639e-03         2.797964e-03        -4.017470e-06        -9.627380e-06        -1.274852e-05
  1670.558         3.646930e-03         1.197009e-08         3.672128e-03         2.748009e-03        -3.956413e-06        -9.519742e-06        -1.260934e-05
  1675.466         3.821460e-03         1.314320e-08         3.822911e-03         2.645004e-03        -3.830141e-06        -9.370066e-06        -1.240523e-05
  1680.366         3.621680e-03         1.180491e-08         3.662928e-03         2.532622e-03        -3.416210e-06        -8.814181e-06        -1.167083e-05
  1685.259         3.743490e-03         1.261235e-08         3.745271e-03         2.640840e-03        -3.227306e-06        -8.924888e-06        -1.183237e-05
  1690.145         3.600650e-03         1.166821e-08         3.629447e-03         2.674323e-03        -2.817336e-06        -8.658781e-06        -1.148302e-05
  1695.024         3.672210e-03         1.213661e-08         3.660142e-03         2.680156e-03        -2.673002e-06        -8.523247e-06        -1.129875e-05
  1699.896         3.442630e-03         1.066653e-08         3.447911e-03         2.688209e-03        -2.300861e-06        -8.128579e-06        -1.080004e-05
