   630.512         3.350180e-02         1.010134e-06         3.343910e-02         2.754414e-02        -2.863647e-06        -1.011563e-06         2.532047e-06
   631.338         3.321220e-02         9.927452e-07         3.334994e-02         2.744022e-02        -2.759136e-06        -9.847335e-07         1.405853e-06
   632.164         3.305270e-02         9.832329e-07         3.333745e-02         2.739710e-02        -2.848621e-06        -8.716516e-07         6.170554e-07
   632.991         3.368260e-02         1.021066e-06         3.343895e-02         2.742474e-02        -3.121448e-06        -7.198670e-07         3.442921e-07
   633.817         3.341490e-02         1.004900e-06         3.355328e-02         2.744512e-02        -3.334587e-06        -6.186114e-07         3.713630e-07
   634.643         3.399030e-02         1.039806e-06         3.359222e-02         2.740532e-02        -3.223125e-06        -6.470734e-07         3.499900e-07
   635.470         3.276730e-02         9.663264e-07         3.360180e-02         2.735804e-02        -2.665107e-06        -8.122934e-07         5.357937e-08
   636.296         3.437570e-02         1.063520e-06         3.368734e-02         2.739595e-02        -1.805063e-06        -1.015017e-06        -4.743401e-07
   637.122         3.347700e-02         1.008639e-06         3.385534e-02         2.752305e-02        -1.107669e-06        -1.123887e-06        -9.328827e-07
   637.948         3.405250e-02         1.043615e-06         3.397509e-02         2.762247e-02        -9.822434e-07        -1.120171e-06        -9.382137e-07
   638.775         3.428530e-02         1.057934e-06         3.393280e-02         2.758423e-02        -1.345692e-06        -1.109830e-06        -4.980852e-07
   639.601         3.433510e-02         1.061009e-06         3.376584e-02         2.742805e-02        -1.880707e-06        -1.165758e-06        -2.970709e-07
   640.427         3.342000e-02         1.005207e-06         3.359625e-02         2.726480e-02        -2.455364e-06        -1.257345e-06        -8.196593e-07
   641.253         3.345430e-02         1.007271e-06         3.349135e-02         2.717773e-02        -2.915346e-06        -1.346591e-06        -1.475132e-06
   642.079         3.395310e-02         1.037532e-06         3.343120e-02         2.716917e-02        -2.964493e-06        -1.412781e-06        -1.611441e-06
   642.905         3.327720e-02         9.966348e-07         3.335208e-02         2.718591e-02        -2.611465e-06        -1.400651e-06        -1.523112e-06
   643.732         3.313110e-02         9.879028e-07         3.317405e-02         2.716804e-02        -2.300107e-06        -1.274092e-06        -1.508097e-06
   644.558         3.308020e-02         9.848697e-07         3.283040e-02         2.709119e-02        -2.423418e-06        -1.088945e-06        -1.227484e-06
   645.384         3.240090e-02         9.448365e-07         3.232939e-02         2.698708e-02        -2.937959e-06        -9.497704e-07        -4.974739e-07
   646.210         3.249760e-02         9.504846e-07         3.179682e-02         2.692475e-02        -3.452292e-06        -9.160068e-07         3.557856e-07
   647.036         3.105460e-02         8.679494e-07         3.138939e-02         2.693226e-02        -3.660971e-06        -9.427802e-07         8.625766e-07
   647.862         3.077820e-02         8.525678e-07         3.115865e-02         2.693642e-02        -3.672894e-06        -9.220835e-07         5.314898e-07
   648.688         3.139750e-02         8.872227e-07         3.105413e-02         2.684203e-02        -3.710948e-06        -8.169850e-07        -6.861143e-07
   649.514         3.120040e-02         8.761185e-07         3.104294e-02         2.668630e-02        -3.656353e-06        -7.096586e-07        -1.847302e-06
   650.340         3.123090e-02         8.778322e-07         3.114032e-02         2.662469e-02        -3.293259e-06        -6.838076e-07        -1.989015e-06
   651.166         3.157340e-02         8.971916e-07         3.131276e-02         2.671723e-02        -2.804312e-06        -7.366619e-07        -1.354450e-06
   651.992         3.186560e-02         9.138748e-07         3.145337e-02         2.684208e-02        -2.588645e-06        -8.163367e-07        -7.361478e-07
   652.818         3.170230e-02         9.045322e-07         3.142227e-02         2.682257e-02        -2.705213e-06        -8.846685e-07        -2.714917e-07
   653.644         3.112340e-02         8.717994e-07         3.104659e-02         2.651488e-02        -2.821451e-06        -9.434609e-07         2.690462e-07
   654.470         3.049290e-02         8.368353e-07         3.024006e-02         2.586026e-02        -2.707241e-06        -1.009659e-06         6.362276e-07
   655.296         2.953510e-02         7.850899e-07         2.925238e-02         2.504009e-02        -2.558727e-06        -1.070473e-06         3.830766e-07
   656.122         2.881840e-02         7.474502e-07         2.865624e-02         2.449951e-02        -2.732419e-06        -1.087684e-06        -4.098785e-07
   656.948         2.912880e-02         7.636383e-07         2.886102e-02         2.457796e-02        -3.306147e-06        -1.041513e-06        -1.284022e-06
   657.774         2.994360e-02         8.069573e-07         2.968598e-02         2.514317e-02        -4.017469e-06        -9.441446e-07        -2.012613e-06
   658.599         3.082370e-02         8.550904e-07         3.059676e-02         2.576872e-02        -4.524337e-06        -8.268928e-07        -2.772702e-06
   659.425         3.138700e-02         8.866294e-07         3.125960e-02         2.618501e-02        -4.672033e-06        -7.376137e-07        -3.779730e-06
   660.251         3.190860e-02         9.163429e-07         3.167165e-02         2.639758e-02        -4.571957e-06        -7.185025e-07        -4.799793e-06
   661.077         3.215840e-02         9.307464e-07         3.192264e-02         2.650542e-02        -4.443319e-06        -7.588615e-07        -5.256110e-06
   661.903         3.205500e-02         9.247707e-07         3.202950e-02         2.655075e-02        -4.390715e-06        -8.037825e-07        -4.836425e-06
   662.728         3.214520e-02         9.299825e-07         3.198825e-02         2.652837e-02        -4.465968e-06        -8.130331e-07        -3.757917e-06
   663.554         3.200190e-02         9.217094e-07         3.186443e-02         2.645906e-02        -4.815795e-06        -7.755533e-07        -2.489130e-06
   664.380         3.190590e-02         9.161878e-07         3.176178e-02         2.639487e-02        -5.511834e-06        -6.876269e-07        -1.423020e-06
   665.206         3.179250e-02         9.096868e-07         3.171973e-02         2.635563e-02        -6.276687e-06        -5.765696e-07        -6.131672e-07
   666.031         3.188380e-02         9.149190e-07         3.170068e-02         2.631510e-02        -6.643703e-06        -5.027033e-07         3.661053e-07
   666.857         3.191080e-02         9.164692e-07         3.168157e-02         2.625698e-02        -6.683088e-06        -4.092071e-07         1.674313e-06
   667.683         3.190690e-02         9.162452e-07         3.168411e-02         2.619182e-02        -6.941281e-06        -3.217523e-08         2.260653e-06
   668.508         3.182210e-02         9.113814e-07         3.169562e-02         2.612110e-02        -6.848987e-06         7.401835e-07         1.438084e-06
   669.334         3.168430e-02         9.035054e-07         3.165068e-02         2.604484e-02        -4.983953e-06         1.436310e-06         8.130566e-07
  1182.792         6.001670e-03         3.241804e-08         6.125161e-03         8.005410e-03         1.681037e-06        -1.216678e-06        -1.514093e-06
  1188.701         6.177830e-03         3.434903e-08         6.064400e-03         7.934858e-03         1.548375e-06        -1.313401e-06        -1.300022e-06
  1194.595         6.201610e-03         3.461397e-08         6.275452e-03         8.025242e-03         1.604242e-06        -1.419420e-06        -1.518155e-06
  1200.475         5.960620e-03         3.197609e-08         6.003019e-03         7.784929e-03         1.282414e-06        -1.218897e-06        -1.293992e-06
  1206.341         6.273890e-03         3.542553e-08         6.306085e-03         7.760945e-03         1.548515e-06        -1.516377e-06        -1.616992e-06
  1212.193         6.401910e-03         3.688601e-08         6.207820e-03         7.662097e-03         1.855778e-06        -1.630303e-06        -1.531866e-06
  1218.030         6.523750e-03         3.830338e-08         6.607191e-03         7.611043e-03         1.530286e-06        -1.555673e-06        -1.607795e-06
  1223.854         6.472350e-03         3.770218e-08         6.674227e-03         7.512186e-03         2.016191e-06        -1.714123e-06        -1.748925e-06
  1229.663         6.927170e-03         4.318712e-08         6.930955e-03         7.406433e-03         1.331515e-06        -1.647328e-06        -1.894333e-06
  1235.458         7.116970e-03         4.558614e-08         7.044631e-03         7.330533e-03         1.011422e-06        -1.581877e-06        -1.907893e-06
  1241.240         7.173400e-03         4.631190e-08         7.085372e-03         7.207179e-03         1.138753e-06        -1.609965e-06        -2.167099e-06
  1247.008         7.048110e-03         4.470827e-08         7.040074e-03         7.084787e-03         1.548828e-06        -1.685186e-06        -1.582428e-06
  1252.762         6.689040e-03         4.026893e-08         6.691614e-03         6.970154e-03         1.441877e-06        -1.570728e-06        -1.994630e-06
  1258.503         6.274770e-03         3.543546e-08         6.149658e-03         6.820044e-03         1.631249e-06        -1.480718e-06        -3.743645e-06
  1264.230         5.593860e-03         2.816214e-08         5.539004e-03         6.645932e-03         1.418373e-06        -1.476821e-06        -1.791177e-06
  1269.944         5.471990e-03         2.694841e-08         5.524921e-03         6.536204e-03         1.179977e-06        -1.580451e-06        -1.677783e-06
  1275.644         5.707260e-03         2.931554e-08         5.830005e-03         6.612795e-03         1.370936e-06        -1.613129e-06        -1.462443e-06
  1281.331         5.837050e-03         3.066404e-08         5.658890e-03         6.187176e-03         1.427447e-06        -1.455403e-06        -1.542660e-06
  1287.004         5.816430e-03         3.044777e-08         5.996366e-03         6.468913e-03         8.098963e-07        -9.885976e-07        -1.537745e-06
  1292.665         5.817600e-03         3.046002e-08         5.679565e-03         6.484633e-03         1.703993e-06        -1.381359e-06        -1.520710e-06
  1298.312         5.107970e-03         2.348222e-08         5.231315e-03         6.481756e-03         2.268461e-06        -1.437582e-06        -2.045194e-06
  1503.952         2.285400e-03         4.700748e-09         2.367705e-03         2.370688e-03        -8.366310e-06        -9.048936e-06        -1.089846e-05
  1509.148         2.764020e-03         6.875826e-09         2.838648e-03         2.421488e-03        -8.907725e-06        -9.885663e-06        -1.217997e-05
  1514.333         2.924880e-03         7.699431e-09         3.019812e-03         2.364280e-03        -9.471226e-06        -9.731993e-06        -1.196103e-05
  1519.509         3.066050e-03         8.460596e-09         3.074295e-03         2.403681e-03        -8.790601e-06        -9.921198e-06        -1.202913e-05
  1524.675         3.294580e-03         9.768832e-09         3.297387e-03         2.337874e-03        -8.753022e-06        -9.961028e-06        -1.198558e-05
  1529.831         3.115970e-03         8.738342e-09         3.200281e-03         2.363334e-03        -8.308145e-06        -9.612885e-06        -1.164132e-05
  1534.978         3.041120e-03         8.323570e-09         3.064735e-03         2.480327e-03        -7.905769e-06        -9.409639e-06        -1.140667e-05
  1540.114         3.104820e-03         8.675917e-09         3.180873e-03         2.438975e-03        -7.707029e-06        -9.259683e-06        -1.110879e-05
  1545.242         3.214290e-03         9.298494e-09         3.259598e-03         2.520994e-03        -7.435435e-06        -9.267030e-06        -1.124826e-05
  1550.360         3.212440e-03         9.287794e-09         3.277560e-03         2.506314e-03        -7.017063e-06        -8.958290e-06        -1.102886e-05
  1555.468         3.169460e-03         9.040929e-09         3.155660e-03         2.521914e-03        -6.563614e-06        -8.653766e-06        -1.163051e-05
  1560.567         3.297120e-03         9.783900e-09         3.345611e-03         2.533713e-03        -6.661020e-06        -8.664968e-06        -1.045304e-05
  1565.657         3.110930e-03         8.710097e-09         3.187853e-03         2.573138e-03        -6.110437e-06        -8.267975e-06        -1.082685e-05
  1570.738         3.038600e-03         8.309781e-09         3.128868e-03         2.530851e-03        -5.275709e-06        -7.669209e-06        -9.278092e-06
  1575.809         3.046850e-03         8.354965e-09         3.067814e-03         2.436252e-03        -4.647407e-06        -7.191487e-06        -8.468847e-06
  1580.872         3.023540e-03         8.227615e-09         3.040722e-03         2.625153e-03        -4.785183e-06        -7.119197e-06        -8.815886e-06
  1585.926         3.063860e-03         8.448514e-09         3.104617e-03         2.644311e-03        -4.474050e-06        -6.999424e-06        -8.484598e-06
  1590.971         3.029580e-03         8.260519e-09         3.062426e-03         2.573225e-03        -3.992690e-06        -6.627176e-06        -7.959362e-06
  1596.007         3.146170e-03         8.908547e-09         3.157492e-03         2.653895e-03        -3.426759e-06        -6.712779e-06        -8.122885e-06
  1601.035         3.095310e-03         8.622850e-09         3.094123e-03         2.612130e-03        -2.804825e-06        -6.432082e-06        -7.798081e-06
  1606.054         3.274390e-03         9.649467e-09         3.251519e-03         2.573723e-03        -2.735919e-06        -6.354333e-06        -7.803497e-06
  1611.064         3.068760e-03         8.475559e-09         3.073960e-03         2.572015e-03        -2.559749e-06        -5.988266e-06        -7.155157e-06
  1616.066         2.990070e-03         8.046467e-09         3.024713e-03         2.637329e-03        -2.333804e-06        -5.961684e-06        -7.261592e-06
  1621.060         3.136140e-03         8.851837e-09         3.180856e-03         2.628612e-03        -2.351524e-06        -5.991982e-06        -7.156175e-06
  1626.045         3.316890e-03         9.901583e-09         3.306535e-03         2.674222e-03        -2.350763e-06        -6.076133e-06        -7.433078e-06
  1631.023         3.250630e-03         9.509936e-09         3.291313e-03         2.648508e-03        -2.288320e-06        -5.912090e-06        -7.285012e-06
  1635.992         3.016030e-03         8.186793e-09         3.007812e-03         2.639552e-03        -1.991188e-06        -5.550349e-06        -6.770386e-06
  1640.954         2.752860e-03         6.820414e-09         2.748647e-03         2.574741e-03        -1.811048e-06        -5.158547e-06        -6.456792e-06
  1645.907         3.028630e-03         8.255340e-09         3.030241e-03         2.561547e-03        -1.770884e-06        -5.337461e-06        -6.421409e-06
  1650.852         3.008780e-03         8.147481e-09         3.032743e-03         2.570385e-03        -1.613666e-06        -5.308503e-06        -6.572473e-06
  1655.790         3.045790e-03         8.349153e-09         3.047942e-03         2.585527e-03        -1.552234e-06        -5.192755e-06        -6.368712e-06
  1660.720         2.995250e-03         8.074370e-09         3.007568e-03         2.603478e-03        -1.352792e-06        -5.072008e-06        -6.156664e-06
  1665.643         2.737580e-03         6.744910e-09         2.746599e-03         2.621707e-03        -1.121407e-06        -4.744553e-06        -5.831532e-06
  1670.558         2.889140e-03         7.512417e-09         2.911087e-03         2.567313e-03        -1.107970e-06        -4.698144e-06        -5.719235e-06
  1675.466         3.064880e-03         8.454140e-09         3.092477e-03         2.459431e-03        -1.033943e-06        -4.620330e-06        -5.622332e-06
  1680.366         2.913450e-03         7.639372e-09         2.963569e-03         2.353264e-03        -8.970930e-07        -4.325789e-06        -5.309907e-06
  1685.259         3.017870e-03         8.196785e-09         3.015880e-03         2.451821e-03        -7.912970e-07        -4.380526e-06        -5.361554e-06
  1690.145         2.904470e-03         7.592351e-09         2.890452e-03         2.480018e-03        -6.381479e-07        -4.227120e-06        -5.151981e-06
  1695.024         2.929550e-03         7.724037e-09         2.920076e-03         2.481278e-03        -5.106117e-07        -4.164666e-06        -5.112702e-06
  1699.896         2.709640e-03         6.607934e-09         2.704461e-03         2.497147e-03        -2.244143e-07        -3.993955e-06        -4.780432e-06
