   630.512         3.431320e-02         1.059656e-06         3.359151e-02         2.752336e-02        -3.377910e-08        -1.739810e-06        -4.260664e-07
   631.338         3.373540e-02         1.024269e-06         3.350176e-02         2.741635e-02         3.982612e-08        -1.752963e-06        -1.473215e-06
   632.164         3.329960e-02         9.979770e-07         3.348915e-02         2.737388e-02        -3.736642e-07        -1.704250e-06        -2.989871e-06
   632.991         3.417330e-02         1.051033e-06         3.359102e-02         2.739952e-02        -9.858639e-07        -1.638776e-06        -3.960524e-06
   633.817         3.384760e-02         1.031094e-06         3.370572e-02         2.741561e-02        -1.351028e-06        -1.542964e-06        -3.643385e-06
   634.643         3.365050e-02         1.019121e-06         3.374473e-02         2.737247e-02        -1.366145e-06        -1.399837e-06        -2.315431e-06
   635.470         3.272280e-02         9.637035e-07         3.375431e-02         2.732278e-02        -1.303915e-06        -1.250241e-06        -1.225960e-06
   636.296         3.398620e-02         1.039556e-06         3.384026e-02         2.735911e-02        -1.388363e-06        -1.160460e-06        -1.412376e-06
   637.122         3.393480e-02         1.036414e-06         3.400911e-02         2.749012e-02        -1.579799e-06        -1.176107e-06        -2.704269e-06
   637.948         3.300590e-02         9.804505e-07         3.412953e-02         2.759996e-02        -1.691545e-06        -1.329263e-06        -4.166375e-06
   638.775         3.450310e-02         1.071418e-06         3.408717e-02         2.757270e-02        -1.550877e-06        -1.611057e-06        -4.948052e-06
   639.601         3.345130e-02         1.007091e-06         3.391954e-02         2.742913e-02        -1.173148e-06        -1.897600e-06        -4.597586e-06
   640.427         3.395220e-02         1.037477e-06         3.374931e-02         2.728671e-02        -7.667211e-07        -2.001967e-06        -3.357261e-06
   641.253         3.378100e-02         1.027040e-06         3.364423e-02         2.722345e-02        -4.306401e-07        -1.873708e-06        -2.013651e-06
   642.079         3.293000e-02         9.759464e-07         3.358435e-02         2.723338e-02        -7.092867e-08        -1.666852e-06        -1.001495e-06
   642.905         3.320220e-02         9.921475e-07         3.350565e-02         2.726440e-02         2.222159e-07        -1.546335e-06        -2.615447e-07
   643.732         3.312740e-02         9.876822e-07         3.332786e-02         2.725287e-02         1.133322e-07        -1.522944e-06        -1.650187e-08
   644.558         3.171220e-02         9.050973e-07         3.298413e-02         2.716371e-02        -4.220404e-07        -1.508847e-06        -6.178510e-07
   645.384         3.230260e-02         9.391122e-07         3.248285e-02         2.702954e-02        -9.212548e-07        -1.421839e-06        -1.789061e-06
   646.210         3.179880e-02         9.100473e-07         3.195021e-02         2.693175e-02        -1.024203e-06        -1.223540e-06        -2.963105e-06
   647.036         3.122820e-02         8.776804e-07         3.154308e-02         2.691043e-02        -8.164108e-07        -9.738939e-07        -3.805769e-06
   647.862         3.116940e-02         8.743783e-07         3.131261e-02         2.690566e-02        -5.100693e-07        -8.605137e-07        -3.998622e-06
   648.688         3.109040e-02         8.699517e-07         3.120773e-02         2.683158e-02        -1.636291e-07        -1.040872e-06        -3.400703e-06
   649.514         3.093100e-02         8.610541e-07         3.119575e-02         2.671408e-02         2.053511e-07        -1.440570e-06        -2.427788e-06
   650.340         3.160790e-02         8.991534e-07         3.129272e-02         2.668222e-02         4.301073e-07        -1.815047e-06        -1.581670e-06
   651.166         3.159220e-02         8.982604e-07         3.146539e-02         2.677949e-02         3.425493e-07        -1.997975e-06        -8.874478e-07
   651.992         3.144930e-02         8.901526e-07         3.160620e-02         2.688858e-02         7.945399e-08        -2.029988e-06        -1.686223e-07
   652.818         3.160400e-02         8.989315e-07         3.157440e-02         2.684955e-02        -1.107424e-07        -2.045750e-06         4.930928e-07
   653.644         3.123900e-02         8.782876e-07         3.119643e-02         2.653145e-02        -2.882499e-07        -2.075677e-06         8.120214e-07
   654.470         3.028890e-02         8.256757e-07         3.038571e-02         2.587563e-02        -6.676638e-07        -2.030499e-06         5.059911e-07
   655.296         2.946750e-02         7.815002e-07         2.939296e-02         2.505576e-02        -1.171599e-06        -1.872545e-06        -5.319369e-07
   656.122         2.869780e-02         7.412074e-07         2.879329e-02         2.451430e-02        -1.436355e-06        -1.700812e-06        -1.884892e-06
   656.948         2.899530e-02         7.566547e-07         2.899795e-02         2.459639e-02        -1.299826e-06        -1.630305e-06        -2.670172e-06
   657.774         2.983270e-02         8.009910e-07         2.982554e-02         2.517367e-02        -1.153049e-06        -1.655788e-06        -2.385341e-06
   658.599         3.079290e-02         8.533824e-07         3.073940e-02         2.581758e-02        -1.508188e-06        -1.687126e-06        -1.428630e-06
   659.425         3.158150e-02         8.976520e-07         3.140428e-02         2.625753e-02        -2.309816e-06        -1.675827e-06        -5.795786e-07
   660.251         3.179330e-02         9.097325e-07         3.181737e-02         2.649845e-02        -3.056959e-06        -1.656787e-06        -3.461168e-07
   661.077         3.218030e-02         9.320145e-07         3.206888e-02         2.663032e-02        -3.421862e-06        -1.677559e-06        -8.592157e-07
   661.903         3.209780e-02         9.272419e-07         3.217590e-02         2.668033e-02        -3.488107e-06        -1.710786e-06        -2.004431e-06
   662.728         3.209050e-02         9.268202e-07         3.213443e-02         2.663839e-02        -3.592815e-06        -1.663246e-06        -3.413005e-06
   663.554         3.216460e-02         9.311053e-07         3.201017e-02         2.653835e-02        -3.966479e-06        -1.502847e-06        -4.380228e-06
   664.380         3.184380e-02         9.126248e-07         3.190717e-02         2.645361e-02        -4.313972e-06        -1.332280e-06        -3.955330e-06
   665.206         3.179680e-02         9.099328e-07         3.186493e-02         2.641903e-02        -3.830507e-06        -1.288963e-06        -1.707894e-06
   666.031         3.187860e-02         9.146206e-07         3.184567e-02         2.641171e-02        -1.839412e-06        -1.450886e-06         1.299970e-06
   666.857         3.186280e-02         9.137142e-07         3.182612e-02         2.642075e-02         1.570778e-06        -1.826290e-06         3.258399e-06
   667.683         3.189220e-02         9.154012e-07         3.182797e-02         2.646914e-02         5.155922e-06        -2.273821e-06         3.977324e-06
   668.508         3.181010e-02         9.106942e-07         3.183871e-02         2.653161e-02         6.611186e-06        -2.427456e-06         4.922827e-06
   669.334         3.191630e-02         9.167852e-07         3.179315e-02         2.651609e-02         4.623102e-06        -1.992172e-06         6.216409e-06
  1182.792         6.258810e-03         3.525543e-08         6.178966e-03         8.042148e-03        -6.712548e-07        -1.538143e-06        -1.366365e-06
  1188.701         6.099390e-03         3.348230e-08         6.118889e-03         7.974922e-03        -6.236890e-07        -1.696101e-06        -1.296605e-06
  1194.595         6.359480e-03         3.639869e-08         6.329918e-03         8.069343e-03        -6.419813e-07        -1.724536e-06        -1.740473e-06
  1200.475         6.070160e-03         3.316216e-08         6.054772e-03         7.812870e-03        -6.366591e-07        -1.750720e-06        -8.456936e-07
  1206.341         6.465020e-03         3.761684e-08         6.360174e-03         7.808458e-03        -6.697121e-07        -1.948969e-06        -1.460505e-06
  1212.193         6.067490e-03         3.313299e-08         6.262537e-03         7.711177e-03        -5.019789e-07        -2.007735e-06        -1.453544e-06
  1218.030         6.979510e-03         4.384220e-08         6.660995e-03         7.662200e-03        -7.960256e-07        -1.870187e-06        -1.785035e-06
  1223.854         6.865680e-03         4.242381e-08         6.727232e-03         7.545757e-03        -5.158536e-07        -1.860205e-06        -1.217833e-06
  1229.663         6.891210e-03         4.273990e-08         6.983454e-03         7.452856e-03        -6.241500e-07        -1.926404e-06        -2.185382e-06
  1235.458         7.325640e-03         4.829850e-08         7.096378e-03         7.374749e-03        -6.631087e-07        -2.033879e-06        -2.277589e-06
  1241.240         6.865590e-03         4.242269e-08         7.136157e-03         7.246951e-03        -8.430016e-07        -2.064057e-06        -1.273515e-06
  1247.008         7.342920e-03         4.852663e-08         7.090286e-03         7.126128e-03        -5.233269e-07        -2.041182e-06        -1.585199e-06
  1252.762         6.821890e-03         4.188436e-08         6.741163e-03         7.016637e-03        -4.121248e-07        -1.967205e-06        -8.203642e-07
  1258.503         6.308810e-03         3.582098e-08         6.198268e-03         6.956384e-03        -5.040099e-08        -2.036624e-06        -1.546946e-06
  1264.230         5.396580e-03         2.621077e-08         5.586184e-03         6.687166e-03        -6.401511e-07        -1.894469e-06        -1.564032e-06
  1269.944         5.603520e-03         2.825949e-08         5.571755e-03         6.584105e-03        -4.386722e-07        -2.101599e-06        -1.246761e-06
  1275.644         5.824250e-03         3.052970e-08         5.877892e-03         6.653615e-03        -4.409126e-07        -2.038165e-06        -1.452801e-06
  1281.331         5.910670e-03         3.144242e-08         5.703765e-03         6.227217e-03        -4.121855e-07        -1.826906e-06        -1.356943e-06
  1287.004         5.948390e-03         3.184501e-08         6.042672e-03         6.523593e-03        -5.708258e-07        -2.082044e-06        -1.543447e-07
  1292.665         5.714450e-03         2.938944e-08         5.726655e-03         6.531475e-03        -5.185141e-07        -1.841544e-06        -1.377206e-06
  1298.312         5.514490e-03         2.736864e-08         5.280272e-03         6.534493e-03        -3.681413e-07        -1.795375e-06        -1.425329e-06
  1503.952         2.396990e-03         5.171005e-09         2.406650e-03         2.452529e-03        -3.700118e-06        -1.221371e-05        -8.767355e-06
  1509.148         2.857610e-03         7.349341e-09         2.881071e-03         2.515618e-03        -3.924255e-06        -1.327830e-05        -9.654174e-06
  1514.333         3.032300e-03         8.275359e-09         3.062416e-03         2.450139e-03        -3.699516e-06        -1.318475e-05        -1.101208e-05
  1519.509         3.107570e-03         8.691292e-09         3.117351e-03         2.500449e-03        -3.839149e-06        -1.326218e-05        -9.614920e-06
  1524.675         3.333990e-03         1.000394e-08         3.340323e-03         2.435197e-03        -3.797551e-06        -1.324929e-05        -9.559157e-06
  1529.831         3.245100e-03         9.477607e-09         3.242631e-03         2.460725e-03        -3.633735e-06        -1.274781e-05        -9.133602e-06
  1534.978         3.093450e-03         8.612490e-09         3.107773e-03         2.575392e-03        -3.515151e-06        -1.244497e-05        -8.960497e-06
  1540.114         3.160800e-03         8.991591e-09         3.223953e-03         2.537134e-03        -3.289438e-06        -1.225242e-05        -8.965910e-06
  1545.242         3.289640e-03         9.739558e-09         3.303564e-03         2.618155e-03        -3.340774e-06        -1.220579e-05        -8.825065e-06
  1550.360         3.331160e-03         9.986964e-09         3.320929e-03         2.603216e-03        -3.199139e-06        -1.176346e-05        -8.459285e-06
  1555.468         3.247340e-03         9.490695e-09         3.197996e-03         2.623770e-03        -3.077968e-06        -1.129838e-05        -8.186450e-06
  1560.567         3.332880e-03         9.997280e-09         3.388146e-03         2.629623e-03        -3.051006e-06        -1.129761e-05        -8.135694e-06
  1565.657         3.232040e-03         9.401474e-09         3.229674e-03         2.700410e-03        -2.683570e-06        -1.073505e-05        -5.955757e-06
  1570.738         3.197750e-03         9.203045e-09         3.169689e-03         2.615825e-03        -2.573507e-06        -9.889171e-06        -7.104747e-06
  1575.809         3.073510e-03         8.501817e-09         3.106732e-03         2.521052e-03        -2.356122e-06        -9.244582e-06        -6.595127e-06
  1580.872         3.068490e-03         8.474068e-09         3.081056e-03         2.716043e-03        -2.398237e-06        -9.201642e-06        -6.660725e-06
  1585.926         3.132930e-03         8.833725e-09         3.144698e-03         2.731799e-03        -2.243249e-06        -8.983894e-06        -6.443270e-06
  1590.971         3.111060e-03         8.710825e-09         3.101248e-03         2.656305e-03        -2.216477e-06        -8.492639e-06        -6.071819e-06
  1596.007         3.249950e-03         9.505958e-09         3.198590e-03         2.746560e-03        -2.072520e-06        -8.539606e-06        -6.074565e-06
  1601.035         3.125980e-03         8.794576e-09         3.135082e-03         2.702471e-03        -1.935457e-06        -8.163551e-06        -5.931586e-06
  1606.054         3.287310e-03         9.725766e-09         3.292021e-03         2.663904e-03        -1.918839e-06        -8.061938e-06        -5.850662e-06
  1611.064         3.114840e-03         8.732005e-09         3.113277e-03         2.664812e-03        -1.914550e-06        -7.705024e-06        -5.775302e-06
  1616.066         3.056410e-03         8.407478e-09         3.064241e-03         2.723798e-03        -1.765835e-06        -7.538319e-06        -5.449686e-06
  1621.060         3.224320e-03         9.356616e-09         3.220392e-03         2.715559e-03        -1.787934e-06        -7.557505e-06        -5.409227e-06
  1626.045         3.315540e-03         9.893525e-09         3.346727e-03         2.764403e-03        -1.829212e-06        -7.678655e-06        -5.464520e-06
  1631.023         3.376730e-03         1.026207e-08         3.330845e-03         2.734540e-03        -1.791100e-06        -7.483151e-06        -5.361098e-06
  1635.992         3.054120e-03         8.394884e-09         3.046003e-03         2.720763e-03        -1.662188e-06        -7.028722e-06        -5.148361e-06
  1640.954         2.763730e-03         6.874383e-09         2.785117e-03         2.653275e-03        -1.580567e-06        -6.534805e-06        -4.733642e-06
  1645.907         3.073830e-03         8.503588e-09         3.067596e-03         2.642352e-03        -1.576785e-06        -6.759800e-06        -4.737792e-06
  1650.852         3.042130e-03         8.329099e-09         3.070308e-03         2.651732e-03        -1.493399e-06        -6.725086e-06        -4.930228e-06
  1655.790         3.109680e-03         8.703099e-09         3.085338e-03         2.667009e-03        -1.460106e-06        -6.566726e-06        -4.698588e-06
  1660.720         3.055120e-03         8.400382e-09         3.044607e-03         2.684756e-03        -1.419135e-06        -6.368635e-06        -4.491017e-06
  1665.643         2.779820e-03         6.954659e-09         2.782641e-03         2.703634e-03        -1.286499e-06        -6.025193e-06        -4.283058e-06
  1670.558         2.933570e-03         7.745250e-09         2.946610e-03         2.640609e-03        -1.399179e-06        -5.896337e-06        -4.229050e-06
  1675.466         3.149800e-03         8.929116e-09         3.127115e-03         2.534082e-03        -1.075408e-06        -5.796909e-06        -4.345932e-06
  1680.366         2.932880e-03         7.741607e-09         2.996596e-03         2.423308e-03        -1.041671e-06        -5.375174e-06        -3.831921e-06
  1685.259         3.038850e-03         8.311148e-09         3.049980e-03         2.524731e-03        -1.376633e-06        -5.399662e-06        -3.883994e-06
  1690.145         2.889000e-03         7.511689e-09         2.924427e-03         2.554765e-03        -1.082942e-06        -5.235187e-06        -3.617809e-06
  1695.024         2.957440e-03         7.871806e-09         2.953942e-03         2.555376e-03        -9.834290e-07        -5.166120e-06        -3.660930e-06
  1699.896         2.743720e-03         6.775199e-09         2.737764e-03         2.560651e-03        -9.140034e-07        -4.983609e-06        -3.434161e-06
